5.000000000000000000e-01 1.254990039801113233e-01 1.285005249600164046e+00
5.000000000000000000e-01 1.300443418798347961e-01 1.130238730462619579e+00
5.000000000000000000e-01 1.346030738806939520e-01 9.998768331407512644e-01
5.000000000000000000e-01 1.391701570113384745e-01 8.912008699635182163e-01
5.000000000000000000e-01 1.441903145510324558e-01 8.030778875010429196e-01
5.000000000000000000e-01 1.487816396108581074e-01 7.290252559913157349e-01
5.000000000000000000e-01 1.538618098496027653e-01 6.705152478796434501e-01
5.000000000000000000e-01 1.589777567187933283e-01 6.248713494239622745e-01
5.000000000000000000e-01 1.641262512627590098e-01 5.899621648064306001e-01
5.000000000000000000e-01 1.693040092736165236e-01 5.647157627118752909e-01
5.000000000000000000e-01 1.745076892142594371e-01 5.485672108251238299e-01
5.000000000000000000e-01 1.803504746523826585e-01 5.389216594004038186e-01
5.000000000000000000e-01 1.856225565065322269e-01 5.352433565529416404e-01
5.000000000000000000e-01 1.915796728866236698e-01 5.379101345516728028e-01
5.000000000000000000e-01 1.969092016906365539e-01 5.450933404413000893e-01
5.000000000000000000e-01 2.029723214628442463e-01 5.554255847515399136e-01
5.000000000000000000e-01 2.090988378027316685e-01 5.704010741713355648e-01
5.000000000000000000e-01 2.152872354314010195e-01 5.888648900704782641e-01
5.000000000000000000e-01 2.215359859410895027e-01 6.099576106815411958e-01
5.000000000000000000e-01 2.270074216049854654e-01 6.322900778660921484e-01
5.000000000000000000e-01 2.333425268083245963e-01 6.566683426759901687e-01
5.000000000000000000e-01 2.397326682217632288e-01 6.830175772793933842e-01
5.000000000000000000e-01 2.471034743647731180e-01 7.098279363394343067e-01
5.000000000000000000e-01 2.536305850405367601e-01 7.374801687927798888e-01
5.000000000000000000e-01 2.602085873560237017e-01 7.662605829421186288e-01
5.000000000000000000e-01 2.668358532873014166e-01 7.960986234234529446e-01
5.000000000000000000e-01 2.735107393767150508e-01 8.275477690317554202e-01
5.000000000000000000e-01 2.813198685052487047e-01 8.589136991375467822e-01
5.000000000000000000e-01 2.881199981735037552e-01 8.888622229150261456e-01
5.000000000000000000e-01 2.949634419392582196e-01 9.207967747934777680e-01
5.000000000000000000e-01 3.030392301074550931e-01 9.529938033191196478e-01
5.000000000000000000e-01 3.100011944106132455e-01 9.831659198504956176e-01
5.000000000000000000e-01 3.170020733477655894e-01 1.016168304255237409e+00
5.000000000000000000e-01 3.253388910953086133e-01 1.046072863365083094e+00
5.000000000000000000e-01 3.324514392877357949e-01 1.077926611861770301e+00
5.000000000000000000e-01 3.409705252334544467e-01 1.108213773759484599e+00
5.000000000000000000e-01 3.481905494665298306e-01 1.139336982529214115e+00
5.000000000000000000e-01 3.568900348737001349e-01 1.169068967300959327e+00
5.000000000000000000e-01 3.642132977368923719e-01 1.199959310784533217e+00
5.000000000000000000e-01 3.730913016820232020e-01 1.228465178701275695e+00
5.000000000000000000e-01 3.820762109839098142e-01 1.260170093434987093e+00
5.000000000000000000e-01 3.911680256425522084e-01 1.294782616887214077e+00
5.000000000000000000e-01 4.003667456579506623e-01 1.331983900417184730e+00
5.000000000000000000e-01 4.096723710301046206e-01 1.371486215093533856e+00
5.000000000000000000e-01 4.190849017590145276e-01 1.413020125065191479e+00
5.000000000000000000e-01 4.286043378446802166e-01 1.456268605530269156e+00
5.000000000000000000e-01 4.382306792871017431e-01 1.501112250527845582e+00
5.000000000000000000e-01 4.479639260862791073e-01 1.547282910851158100e+00
5.000000000000000000e-01 4.578040782422121424e-01 1.594704755240316407e+00
5.000000000000000000e-01 4.677511357549011262e-01 1.643003639177032404e+00
4.871794871794871140e-01 1.136950285679071554e-01 1.360519870426863509e+00
4.871794871794871140e-01 1.181441556358427958e-01 1.188045987638798984e+00
4.871794871794871140e-01 1.222642678746788253e-01 1.050174002524433714e+00
4.871794871794871140e-01 1.263902375339785999e-01 9.353426138145172208e-01
4.871794871794871140e-01 1.309337247267263193e-01 8.383425190369037105e-01
4.871794871794871140e-01 1.350784231693812620e-01 7.602244218614465643e-01
4.871794871794871140e-01 1.396736216869684244e-01 6.952419369462908838e-01
4.871794871794871140e-01 1.443000183722978058e-01 6.441280716317220323e-01
4.871794871794871140e-01 1.489546545828615565e-01 6.044981212835297546e-01
4.871794871794871140e-01 1.536345225808916637e-01 5.750508892056918064e-01
4.871794871794871140e-01 1.583365637146113281e-01 5.550097248078366130e-01
4.871794871794871140e-01 1.636275009617356724e-01 5.413239982887358970e-01
4.871794871794871140e-01 1.683891558587218285e-01 5.343458228751326589e-01
4.871794871794871140e-01 1.737820027887994612e-01 5.341703903364568573e-01
4.871794871794871140e-01 1.785932411457046842e-01 5.380218689820792655e-01
4.871794871794871140e-01 1.840803627381926433e-01 5.461853542166059672e-01
4.871794871794871140e-01 1.896242051419245178e-01 5.593580916109990309e-01
4.871794871794871140e-01 1.945044533718661983e-01 5.756408483419450661e-01
4.871794871794871140e-01 2.001313863110567581e-01 5.932766558729177797e-01
4.871794871794871140e-01 2.058102564173885096e-01 6.137855025516419927e-01
4.871794871794871140e-01 2.115396303609408668e-01 6.365231632921293237e-01
4.871794871794871140e-01 2.173180622764883385e-01 6.611969272699672606e-01
4.871794871794871140e-01 2.231440935106956680e-01 6.875279912049176989e-01
4.871794871794871140e-01 2.290162523618660684e-01 7.154225796902052847e-01
4.871794871794871140e-01 2.358475492714570687e-01 7.440891673154833574e-01
4.871794871794871140e-01 2.418378663346351931e-01 7.719873729535658979e-01
4.871794871794871140e-01 2.478704476341645480e-01 8.012219431760058130e-01
4.871794871794871140e-01 2.539437751763043427e-01 8.318803541923542877e-01
4.871794871794871140e-01 2.610921951330649748e-01 8.640967088498094917e-01
4.871794871794871140e-01 2.672752027560085786e-01 8.932091834948088227e-01
4.871794871794871140e-01 2.734949795179125176e-01 9.241872456426922788e-01
4.871794871794871140e-01 2.808818657805905450e-01 9.567416681849920668e-01
4.871794871794871140e-01 2.872051117477552040e-01 9.860835163172956275e-01
4.871794871794871140e-01 2.935610653219010713e-01 1.018390661657442520e+00
4.871794871794871140e-01 3.011812127372501258e-01 1.048216765134197592e+00
4.871794871794871140e-01 3.076343087757648087e-01 1.079397294004058372e+00
4.871794871794871140e-01 3.154177330308443050e-01 1.109511397072286076e+00
4.871794871794871140e-01 3.219640998195782422e-01 1.140056961745116615e+00
4.871794871794871140e-01 3.299090733432621381e-01 1.169438606663801616e+00
4.871794871794871140e-01 3.365447992640426822e-01 1.200026506538993676e+00
4.871794871794871140e-01 3.446495834918620327e-01 1.227998547535324336e+00
4.871794871794871140e-01 3.528508010636575709e-01 1.259156817778472437e+00
4.871794871794871140e-01 3.611484519794295744e-01 1.293157873691219706e+00
4.871794871794871140e-01 3.695425362391774327e-01 1.329700767223771951e+00
4.871794871794871140e-01 3.780330538429017562e-01 1.368500483458429784e+00
4.871794871794871140e-01 3.866200047906022674e-01 1.409227769689324061e+00
4.871794871794871140e-01 3.953033890822789109e-01 1.451747848251716766e+00
4.871794871794871140e-01 4.040832067179318532e-01 1.495777239733112607e+00
4.871794871794871140e-01 4.129594576975609277e-01 1.541233063619796617e+00
4.871794871794871140e-01 4.219321420211663010e-01 1.587725853518217711e+00
4.750000000000000333e-01 1.034520436323141945e-01 1.461226160662244755e+00
4.750000000000000333e-01 1.081489646137213656e-01 1.248623390835008617e+00
4.750000000000000333e-01 1.119085119977002024e-01 1.103044601699175509e+00
4.750000000000000333e-01 1.156726208462645761e-01 9.797463387861966577e-01
4.750000000000000333e-01 1.194369707080510656e-01 8.769418453615258624e-01
4.750000000000000333e-01 1.236020426001025047e-01 7.920856098987650862e-01
4.750000000000000333e-01 1.273738057566822512e-01 7.226600613540210549e-01
4.750000000000000333e-01 1.315778613818290310e-01 6.658597407721609240e-01
4.750000000000000333e-01 1.358065839488640791e-01 6.213194699623993955e-01
4.750000000000000333e-01 1.400572100012588417e-01 5.875130278760958280e-01
4.750000000000000333e-01 1.443269306951272812e-01 5.634556538066495257e-01
4.750000000000000333e-01 1.491410023594456624e-01 5.456843804017014188e-01
4.750000000000000333e-01 1.534630309065012910e-01 5.353442762010888201e-01
4.750000000000000333e-01 1.583684770988885715e-01 5.323186279029763490e-01
4.750000000000000333e-01 1.627335998907269710e-01 5.328446473062705691e-01
4.750000000000000333e-01 1.677233981115750505e-01 5.388744038561829042e-01
4.750000000000000333e-01 1.727642337186402199e-01 5.502964501740855718e-01
4.750000000000000333e-01 1.771891175816234232e-01 5.626551610842840390e-01
4.750000000000000333e-01 1.823040246338560877e-01 5.786251681356620047e-01
4.750000000000000333e-01 1.874655701252836149e-01 5.975842359363832124e-01
4.750000000000000333e-01 1.926724360305003547e-01 6.188156576061725200e-01
4.750000000000000333e-01 1.979232931580405530e-01 6.419662416724662979e-01
4.750000000000000333e-01 2.032168009286125232e-01 6.666935291005566810e-01
4.750000000000000333e-01 2.085516071468793142e-01 6.928483792548573161e-01
4.750000000000000333e-01 2.139263477665405144e-01 7.204684273339049261e-01
4.750000000000000333e-01 2.193396466484633933e-01 7.493854218081321683e-01
4.750000000000000333e-01 2.256928037253792541e-01 7.783753142559034499e-01
4.750000000000000333e-01 2.312081998127223093e-01 8.067422915222144386e-01
4.750000000000000333e-01 2.367585437594053321e-01 8.365684621706951374e-01
4.750000000000000333e-01 2.423424165518119622e-01 8.682924372248158607e-01
4.750000000000000333e-01 2.489774965040061627e-01 8.977478205103335274e-01
4.750000000000000333e-01 2.546555487302820664e-01 9.279604934859834175e-01
4.750000000000000333e-01 2.603634141674579516e-01 9.607448774137180569e-01
4.750000000000000333e-01 2.672106953512024541e-01 9.892948189084710409e-01
4.750000000000000333e-01 2.730069417344461735e-01 1.020877343364686496e+00
4.750000000000000333e-01 2.800027592451069802e-01 1.050600068843996926e+00
4.750000000000000333e-01 2.858838369099782062e-01 1.081244964351734783e+00
4.750000000000000333e-01 2.930265990301869627e-01 1.111043629916363296e+00
4.750000000000000333e-01 2.989889229577442076e-01 1.141116554550642981e+00
4.750000000000000333e-01 3.062770281808732120e-01 1.170189783029798702e+00
4.750000000000000333e-01 3.123169771986322174e-01 1.200341524976413332e+00
4.750000000000000333e-01 3.197488140673164780e-01 1.227906912967251074e+00
4.750000000000000333e-01 3.272680375801008679e-01 1.258573204881333174e+00
4.750000000000000333e-01 3.348746477369850538e-01 1.292026269485593737e+00
4.750000000000000333e-01 3.425686445379693135e-01 1.327965394704960334e+00
4.750000000000000333e-01 3.503500279830535358e-01 1.366049100870025068e+00
4.750000000000000333e-01 3.582187980722377207e-01 1.406127097535064374e+00
4.750000000000000333e-01 3.661749548055218684e-01 1.447900439128104066e+00
4.750000000000000333e-01 3.742184981829058676e-01 1.491279176857479571e+00
4.750000000000000333e-01 3.823494282043900516e-01 1.535858455725773286e+00
4.634146341463414309e-01 9.451471361121370485e-02 1.585850157790875903e+00
4.634146341463414309e-01 9.880586268691486651e-02 1.317016788915131187e+00
4.634146341463414309e-01 1.025447881984359183e-01 1.156872513155199123e+00
4.634146341463414309e-01 1.059779658387639545e-01 1.027008147025373352e+00
4.634146341463414309e-01 1.094101414697510460e-01 9.186810064262729281e-01
4.634146341463414309e-01 1.132139381780336573e-01 8.260022545780083547e-01
4.634146341463414309e-01 1.170449182301452895e-01 7.513805497744336925e-01
4.634146341463414309e-01 1.204881202258563933e-01 6.899432839309658227e-01
4.634146341463414309e-01 1.243473396517067869e-01 6.403200772973028920e-01
4.634146341463414309e-01 1.282256967109089707e-01 6.020105874384100719e-01
4.634146341463414309e-01 1.321206039614788996e-01 5.738255735033028770e-01
4.634146341463414309e-01 1.365201920391435619e-01 5.519309775304026555e-01
4.634146341463414309e-01 1.404612920893701933e-01 5.381750596075147719e-01
4.634146341463414309e-01 1.449432597576904569e-01 5.322959581512347604e-01
4.634146341463414309e-01 1.489220629643817628e-01 5.295072285025569370e-01
4.634146341463414309e-01 1.534799314235885392e-01 5.334404494372961825e-01
4.634146341463414309e-01 1.574877286776452112e-01 5.413371058068223718e-01
4.634146341463414309e-01 1.621148704639542026e-01 5.517064167860858959e-01
4.634146341463414309e-01 1.667853276000574869e-01 5.661081478609929496e-01
4.634146341463414309e-01 1.714978941642494314e-01 5.836319959663008872e-01
4.634146341463414309e-01 1.762513544421153155e-01 6.034889355646297915e-01
4.634146341463414309e-01 1.810444827366324005e-01 6.252653156268276335e-01
4.634146341463414309e-01 1.858760431728549156e-01 6.485547842191506929e-01
4.634146341463414309e-01 1.907447894969833690e-01 6.731525346313954605e-01
4.634146341463414309e-01 1.956494648696059657e-01 6.990539525521268782e-01
4.634146341463414309e-01 2.005888016528965812e-01 7.260319603280991352e-01
4.634146341463414309e-01 2.055615211915356733e-01 7.545183991410980839e-01
4.634146341463414309e-01 2.105663335871174047e-01 7.845123601578732897e-01
4.634146341463414309e-01 2.164936951859242620e-01 8.126904852465118845e-01
4.634146341463414309e-01 2.215868173481126135e-01 8.416933142724188910e-01
4.634146341463414309e-01 2.267086501707657464e-01 8.724379929763979025e-01
4.634146341463414309e-01 2.328318741382720547e-01 9.027223756686812983e-01
4.634146341463414309e-01 2.380367246851577412e-01 9.320112073499521310e-01
4.634146341463414309e-01 2.432668357081539390e-01 9.639791236105882399e-01
4.634146341463414309e-01 2.495814644799528859e-01 9.928039015686378477e-01
4.634146341463414309e-01 2.548892078126291372e-01 1.023545179031920327e+00
4.634146341463414309e-01 2.613381336503936003e-01 1.053387090866609865e+00
4.634146341463414309e-01 2.667202128846177245e-01 1.083246673685394290e+00
4.634146341463414309e-01 2.733019561000479825e-01 1.112937107653413360e+00
4.634146341463414309e-01 2.787550426857570152e-01 1.142474334693620142e+00
4.634146341463414309e-01 2.854681146997211649e-01 1.171207621452182046e+00
4.634146341463414309e-01 2.909888472232540768e-01 1.200951760252475742e+00
4.634146341463414309e-01 2.978317504201943855e-01 1.228152988628039122e+00
4.634146341463414309e-01 3.047541802258681432e-01 1.258389815442219506e+00
4.634146341463414309e-01 3.117561366402755163e-01 1.291345725977484760e+00
4.634146341463414309e-01 3.188376196634165605e-01 1.326667022099332183e+00
4.634146341463414309e-01 3.259986292952911091e-01 1.364187779053107175e+00
4.634146341463414309e-01 3.332391655358993288e-01 1.403593460900720569e+00
4.634146341463414309e-01 3.405592283852409419e-01 1.444787041092284063e+00
4.634146341463414309e-01 3.479588178433162815e-01 1.487348218049620696e+00
4.523809523809524391e-01 8.667650620794560556e-02 1.733190581262194163e+00
4.523809523809524391e-01 9.061178565056458856e-02 1.408385627259754358e+00
4.523809523809524391e-01 9.463442750260595004e-02 1.214290898743675795e+00
4.523809523809524391e-01 9.779475039347972076e-02 1.076890832267605180e+00
4.523809523809524391e-01 1.009536919288415296e-01 9.600221783150004740e-01
4.523809523809524391e-01 1.041075111668075259e-01 8.626549181003361211e-01
4.523809523809524391e-01 1.076200941466954053e-01 7.813123556326004859e-01
4.523809523809524391e-01 1.111546651652315920e-01 7.155085806689344130e-01
4.523809523809524391e-01 1.143069489392135180e-01 6.613996167649127678e-01
4.523809523809524391e-01 1.178606478092451559e-01 6.184567617519237670e-01
4.523809523809524391e-01 1.218670500401490553e-01 5.854323869617978904e-01
4.523809523809524391e-01 1.254661379847832881e-01 5.599953161629132037e-01
4.523809523809524391e-01 1.290753130189085385e-01 5.427772859107987680e-01
4.523809523809524391e-01 1.331873217992222136e-01 5.340458830505925292e-01
4.523809523809524391e-01 1.368296930015739932e-01 5.279571972992332940e-01
4.523809523809524391e-01 1.410103591384307409e-01 5.298330217350860627e-01
4.523809523809524391e-01 1.446778840272308908e-01 5.340783957019267225e-01
4.523809523809524391e-01 1.489210795875210713e-01 5.427447708476406119e-01
4.523809523809524391e-01 1.532036051214846484e-01 5.556746753661081506e-01
4.523809523809524391e-01 1.575243448029394200e-01 5.718760141209759951e-01
4.523809523809524391e-01 1.612410545370188131e-01 5.901097271906765585e-01
4.523809523809524391e-01 1.656126413717425860e-01 6.099127469636089760e-01
4.523809523809524391e-01 1.700185757825718735e-01 6.319249662131111167e-01
4.523809523809524391e-01 1.744577001020011786e-01 6.558755920871774947e-01
4.523809523809524391e-01 1.796615768368192978e-01 6.806450859653497831e-01
4.523809523809524391e-01 1.841876649229702845e-01 7.058937725773654082e-01
4.523809523809524391e-01 1.887439005751114229e-01 7.324211125376951514e-01
4.523809523809524391e-01 1.933290926864137949e-01 7.601798840925980683e-01
4.523809523809524391e-01 1.979420398761188304e-01 7.894343014911555656e-01
4.523809523809524391e-01 2.034366998325420062e-01 8.191462415490891047e-01
4.523809523809524391e-01 2.081279990697940396e-01 8.470603145610632323e-01
4.523809523809524391e-01 2.128439034973920452e-01 8.769973762547542684e-01
4.523809523809524391e-01 2.185160546267818360e-01 9.080171767906982661e-01
4.523809523809524391e-01 2.233053817001579011e-01 9.363527103601739787e-01
4.523809523809524391e-01 2.281161020032695108e-01 9.674696807306633062e-01
4.523809523809524391e-01 2.339615893404027314e-01 9.965243878331723204e-01
4.523809523809524391e-01 2.388407176797222031e-01 1.026564329179440405e+00
4.523809523809524391e-01 2.448081149605394191e-01 1.056359468029832271e+00
4.523809523809524391e-01 2.497525822403942608e-01 1.085551431654464993e+00
4.523809523809524391e-01 2.558405104522812890e-01 1.115152166241106801e+00
4.523809523809524391e-01 2.608472182641181636e-01 1.144030539839547833e+00
4.523809523809524391e-01 2.670542902945191588e-01 1.172541478726475184e+00
4.523809523809524391e-01 2.721201102628791335e-01 1.201821924452572077e+00
4.523809523809524391e-01 2.784449307675745944e-01 1.228719988560304843e+00
4.523809523809524391e-01 2.848424123955616283e-01 1.258573728237447176e+00
4.523809523809524391e-01 2.913125551468402352e-01 1.291017242469916670e+00
4.523809523809524391e-01 2.978553590214103042e-01 1.325868869204398504e+00
4.523809523809524391e-01 3.044708240192720572e-01 1.362798369103257246e+00
4.523809523809524391e-01 3.111589501404251612e-01 1.401701637404554557e+00
4.523809523809524391e-01 3.179197373848698938e-01 1.442142876274278507e+00
4.418604651162790775e-01 7.976914914635806209e-02 1.902113826398178276e+00
4.418604651162790775e-01 8.339082134479393338e-02 1.521627929668097234e+00
4.418604651162790775e-01 8.709289393512237298e-02 1.275526012275800758e+00
4.418604651162790775e-01 9.028233422943218733e-02 1.126921427610377391e+00
4.418604651162790775e-01 9.318656086616988743e-02 1.004268263252806381e+00
4.418604651162790775e-01 9.641275009440469779e-02 9.018087206634660680e-01
4.418604651162790775e-01 9.931838080195777574e-02 8.136384172390849212e-01
4.418604651162790775e-01 1.025712395170255697e-01 7.420185551175592087e-01
4.418604651162790775e-01 1.058416218325983482e-01 6.836967450531779011e-01
4.418604651162790775e-01 1.091273558419920964e-01 6.364999889958237178e-01
4.418604651162790775e-01 1.124262372131908244e-01 5.988372829465470337e-01
4.418604651162790775e-01 1.157360280423259669e-01 5.698120817388676596e-01
4.418604651162790775e-01 1.190544556476653137e-01 5.490926838852847602e-01
4.418604651162790775e-01 1.223792113000919390e-01 5.368195643848039378e-01
4.418604651162790775e-01 1.261894361039264112e-01 5.281440704080184734e-01
4.418604651162790775e-01 1.295394044327137506e-01 5.274662958519976685e-01
4.418604651162790775e-01 1.334087870737671322e-01 5.286784401090387497e-01
4.418604651162790775e-01 1.373150768927520471e-01 5.357218711263226352e-01
4.418604651162790775e-01 1.412572463482022200e-01 5.472752881376762302e-01
4.418604651162790775e-01 1.446564032975771186e-01 5.600797751641545252e-01
4.418604651162790775e-01 1.486469964784215003e-01 5.756948755865518574e-01
4.418604651162790775e-01 1.526699148199082146e-01 5.940229899301325833e-01
4.418604651162790775e-01 1.567240938552347806e-01 6.145253609748386747e-01
4.418604651162790775e-01 1.608084606345955014e-01 6.368754083008013600e-01
4.418604651162790775e-01 1.649219335597485458e-01 6.609522900999506012e-01
4.418604651162790775e-01 1.690634222138225617e-01 6.864312090102299146e-01
4.418604651162790775e-01 1.732318271861821579e-01 7.136445401098235886e-01
4.418604651162790775e-01 1.781778476267378286e-01 7.394401756274967541e-01
4.418604651162790775e-01 1.824205149232402401e-01 7.664005926244020772e-01
4.418604651162790775e-01 1.866872122956578506e-01 7.949019891114963432e-01
4.418604651162790775e-01 1.909768084726408688e-01 8.250722057736551429e-01
4.418604651162790775e-01 1.961349432416348848e-01 8.529099556317369935e-01
4.418604651162790775e-01 2.004924644611216777e-01 8.818789855545337009e-01
4.418604651162790775e-01 2.048699200736576187e-01 9.132870474859856591e-01
4.418604651162790775e-01 2.101878561910381638e-01 9.409948637215254097e-01
4.418604651162790775e-01 2.146286009718153531e-01 9.711440414431181667e-01
4.418604651162790775e-01 2.200588973041255891e-01 1.000631194835887250e+00
4.418604651162790775e-01 2.245600930342618040e-01 1.029715122806324379e+00
4.418604651162790775e-01 2.301014685933162884e-01 1.059662757550914769e+00
4.418604651162790775e-01 2.346602508175029134e-01 1.088117974710276048e+00
4.418604651162790775e-01 2.403114173304926882e-01 1.117588998755053353e+00
4.418604651162790775e-01 2.449248947807868559e-01 1.145843794893082190e+00
4.418604651162790775e-01 2.506845565736660064e-01 1.174162258458065988e+00
4.418604651162790775e-01 2.553498105748307490e-01 1.202946825460980529e+00
4.418604651162790775e-01 2.612166644527562642e-01 1.229583002795498148e+00
4.418604651162790775e-01 2.671501527061667658e-01 1.259036726681668217e+00
4.418604651162790775e-01 2.731502753350621981e-01 1.291110512352813045e+00
4.418604651162790775e-01 2.792170323394426168e-01 1.325458314664482717e+00
4.418604651162790775e-01 2.853504237193079107e-01 1.361968958722289846e+00
4.418604651162790775e-01 2.915504494746582465e-01 1.400191108634486037e+00
4.318181818181818232e-01 7.365460533780121555e-02 2.091549369245925938e+00
4.318181818181818232e-01 7.699866553266740410e-02 1.655701295958297958e+00
4.318181818181818232e-01 8.041696318897358087e-02 1.357797226549737335e+00
4.318181818181818232e-01 8.363115404886917181e-02 1.180046037069281795e+00
4.318181818181818232e-01 8.631112701491663874e-02 1.051269312155133528e+00
4.318181818181818232e-01 8.929212931404795217e-02 9.407335901068221151e-01
4.318181818181818232e-01 9.197202786810884656e-02 8.482352089997496902e-01
4.318181818181818232e-01 9.497655841142511879e-02 7.706386455437048699e-01
4.318181818181818232e-01 9.799677865078355865e-02 7.072220611778221588e-01
4.318181818181818232e-01 1.010306698886973692e-01 6.556032161807638925e-01
4.318181818181818232e-01 1.040761841282681205e-01 6.139966757180389534e-01
4.318181818181818232e-01 1.071312430506874275e-01 5.813189364602131537e-01
4.318181818181818232e-01 1.101937369402400807e-01 5.570654547600383255e-01
4.318181818181818232e-01 1.132615235532954401e-01 5.412110240020053809e-01
4.318181818181818232e-01 1.167829448242920093e-01 5.300192029396242344e-01
4.318181818181818232e-01 1.198730408275242576e-01 5.257637535533387085e-01
4.318181818181818232e-01 1.234484362438647009e-01 5.250907184018528406e-01
4.318181818181818232e-01 1.270576639683859144e-01 5.305908001808149477e-01
4.318181818181818232e-01 1.301778442028623806e-01 5.384622208759134443e-01
4.318181818181818232e-01 1.338333917633733328e-01 5.493224001796555012e-01
4.318181818181818232e-01 1.375194935177103395e-01 5.635673526054737481e-01
4.318181818181818232e-01 1.412351675454369404e-01 5.805692968389029041e-01
4.318181818181818232e-01 1.449794244155029332e-01 5.997256200273244353e-01
4.318181818181818232e-01 1.487512670431240802e-01 6.206537946306937004e-01
4.318181818181818232e-01 1.525496905426222960e-01 6.431904110998684088e-01
4.318181818181818232e-01 1.563736820760797674e-01 6.669512514781029688e-01
4.318181818181818232e-01 1.602222206976492147e-01 6.922431219993400164e-01
4.318181818181818232e-01 1.640942771933603661e-01 7.189294744182302965e-01
4.318181818181818232e-01 1.687134682133601682e-01 7.471162645972390104e-01
4.318181818181818232e-01 1.726520042599016536e-01 7.732563389282531841e-01
4.318181818181818232e-01 1.766113564430993321e-01 8.007208152246469979e-01
4.318181818181818232e-01 1.805904662713280207e-01 8.300906084138329755e-01
4.318181818181818232e-01 1.854030843467641687e-01 8.591380656643603508e-01
4.318181818181818232e-01 1.894427415378938939e-01 8.870946628536110490e-01
4.318181818181818232e-01 1.934993828354645840e-01 9.175674719954117764e-01
4.318181818181818232e-01 1.984578148890316918e-01 9.458603343803578811e-01
4.318181818181818232e-01 2.025706654558803999e-01 9.751798858149332005e-01
4.318181818181818232e-01 2.076318612601726343e-01 1.004908274236650856e+00
4.318181818181818232e-01 2.117982654778525486e-01 1.033163099289110987e+00
4.318181818181818232e-01 2.169610254544050432e-01 1.063256167421610998e+00
4.318181818181818232e-01 2.211783036347204634e-01 1.090859676480274265e+00
4.318181818181818232e-01 2.264414215293974741e-01 1.120307072126930814e+00
4.318181818181818232e-01 2.307068693888130462e-01 1.147885002898629603e+00
4.318181818181818232e-01 2.360691321656244457e-01 1.176058304553905920e+00
4.318181818181818232e-01 2.403800202828998145e-01 1.204308468831848833e+00
4.318181818181818232e-01 2.458402080151458058e-01 1.230663665440247634e+00
4.318181818181818232e-01 2.513617148541347768e-01 1.259853993835174046e+00
4.318181818181818232e-01 2.569445407998666719e-01 1.291517510762913323e+00
4.318181818181818232e-01 2.625886858523413525e-01 1.325535987339885313e+00
4.318181818181818232e-01 2.682941500115591515e-01 1.361442515279165821e+00
4.222222222222222765e-01 6.821891169326779747e-02 2.300485543015520662e+00
4.222222222222222765e-01 7.131618098259856486e-02 1.809619017280072573e+00
4.222222222222222765e-01 7.448220902507284025e-02 1.460145900634039151e+00
4.222222222222222765e-01 7.771699582069074852e-02 1.236081621160961763e+00
4.222222222222222765e-01 8.047327888647347327e-02 1.098295970460533511e+00
4.222222222222222765e-01 8.296238953204375377e-02 9.820816789718653794e-01
4.222222222222222765e-01 8.544278974513690172e-02 8.849862471365053107e-01
4.222222222222222765e-01 8.822742398911406769e-02 8.012672885661354938e-01
4.222222222222222765e-01 9.102618004125306861e-02 7.326268349392539569e-01
4.222222222222222765e-01 9.383717690830536973e-02 6.764775526164757968e-01
4.222222222222222765e-01 9.665850704419892692e-02 6.308432068978355733e-01
4.222222222222222765e-01 9.948823543521786994e-02 5.944563495812333898e-01
4.222222222222222765e-01 1.023243986386968285e-01 5.666421382001205487e-01
4.222222222222222765e-01 1.051650037721470893e-01 5.472115255863498895e-01
4.222222222222222765e-01 1.084305061383472601e-01 5.335357004542211623e-01
4.222222222222222765e-01 1.112909669410778041e-01 5.257623407424035777e-01
4.222222222222222765e-01 1.146059322446410650e-01 5.232701544559252849e-01
4.222222222222222765e-01 1.174797197182920611e-01 5.262576025930207901e-01
4.222222222222222765e-01 1.208391630122536281e-01 5.311663724173584233e-01
4.222222222222222765e-01 1.242275996574706276e-01 5.406690467483149520e-01
4.222222222222222765e-01 1.276441211227318795e-01 5.536747004482386325e-01
4.222222222222222765e-01 1.310878122026104542e-01 5.694958966874491546e-01
4.222222222222222765e-01 1.345577508931340704e-01 5.874661229988041855e-01
4.222222222222222765e-01 1.380530082640147593e-01 6.071467837751144403e-01
4.222222222222222765e-01 1.415726483273122005e-01 6.283318481511577236e-01
4.222222222222222765e-01 1.451157279024030133e-01 6.505774008955250709e-01
4.222222222222222765e-01 1.486812964771179746e-01 6.741644791446695928e-01
4.222222222222222765e-01 1.522683960649076906e-01 6.989094372618064321e-01
4.222222222222222765e-01 1.558760610578876216e-01 7.249691604197673334e-01
4.222222222222222765e-01 1.595033180756071367e-01 7.526079183610194789e-01
4.222222222222222765e-01 1.638703508184932989e-01 7.805393552416394209e-01
4.222222222222222765e-01 1.675557181762536985e-01 8.071205386023634354e-01
4.222222222222222765e-01 1.712581237875845097e-01 8.355236697110645094e-01
4.222222222222222765e-01 1.757620304993773586e-01 8.657564080621755753e-01
4.222222222222222765e-01 1.795185424921201256e-01 8.926549682047310030e-01
4.222222222222222765e-01 1.832894920418623452e-01 9.220720692564071674e-01
4.222222222222222765e-01 1.879268807770040628e-01 9.511298854130822988e-01
4.222222222222222765e-01 1.917478683218017954e-01 9.793573610546151276e-01
4.222222222222222765e-01 1.964795503257681653e-01 1.009516144713326735e+00
4.222222222222222765e-01 2.003480856133503241e-01 1.036863488335949768e+00
4.222222222222222765e-01 2.051729351070991081e-01 1.067052272403551383e+00
4.222222222222222765e-01 2.090865057435921937e-01 1.093843234843246970e+00
4.222222222222222765e-01 2.140033908140780705e-01 1.123282808475520422e+00
4.222222222222222765e-01 2.179594617831701053e-01 1.150152435620436453e+00
4.222222222222222765e-01 2.229672442863743775e-01 1.178218149910677415e+00
4.222222222222222765e-01 2.269632574531848523e-01 1.205837446684603131e+00
4.222222222222222765e-01 2.320607929147142368e-01 1.232041713709993713e+00
4.222222222222222765e-01 2.372149390678911229e-01 1.260921208863093224e+00
4.222222222222222765e-01 2.424256959127153999e-01 1.292350673030330910e+00
4.222222222222222765e-01 2.476930634491872341e-01 1.325847598267191563e+00
4.130434782608695676e-01 6.336740993562045565e-02 2.527965651055910090e+00
4.130434782608695676e-01 6.624441175031517415e-02 1.982446493101812868e+00
4.130434782608695676e-01 6.918528242467007761e-02 1.581662606300331397e+00
4.130434782608695676e-01 7.219002195868524929e-02 1.309547900678154519e+00
4.130434782608695676e-01 7.500074764294240026e-02 1.147355216015590429e+00
4.130434782608695676e-01 7.731271053399010884e-02 1.025722903018804644e+00
4.130434782608695676e-01 7.989975280097115495e-02 9.219003498884157377e-01
4.130434782608695676e-01 8.220511027324800546e-02 8.338084535314977952e-01
4.130434782608695676e-01 8.480696674884188879e-02 7.598273125689730678e-01
4.130434782608695676e-01 8.741984108644290652e-02 6.990498739390709204e-01
4.130434782608695676e-01 9.004195230451411680e-02 6.493127087255705643e-01
4.130434782608695676e-01 9.267149446935081525e-02 6.091674391968635582e-01
4.130434782608695676e-01 9.530663583280211959e-02 5.777714870475112452e-01
4.130434782608695676e-01 9.794551792598467366e-02 5.547738434375750760e-01
4.130434782608695676e-01 1.009832775677749067e-01 5.386483362457230584e-01
4.130434782608695676e-01 1.036399316008407012e-01 5.274181898963967718e-01
4.130434782608695676e-01 1.067232087409648450e-01 5.231730580533341390e-01
4.130434782608695676e-01 1.093915443043372709e-01 5.223485674615208074e-01
4.130434782608695676e-01 1.125156836505074448e-01 5.258117925594745223e-01
4.130434782608695676e-01 1.156665893653302246e-01 5.340713347811880674e-01
4.130434782608695676e-01 1.183497158698664231e-01 5.456530580626390847e-01
4.130434782608695676e-01 1.215346862145404855e-01 5.584023481299131841e-01
4.130434782608695676e-01 1.247435127948997441e-01 5.740399891265953736e-01
4.130434782608695676e-01 1.279753242972773708e-01 5.920626549713163822e-01
4.130434782608695676e-01 1.312292429211331934e-01 6.121908614152720141e-01
4.130434782608695676e-01 1.345043842556644942e-01 6.339434140287307784e-01
4.130434782608695676e-01 1.377998571529272243e-01 6.575260618422343883e-01
4.130434782608695676e-01 1.417342433523610945e-01 6.823590383288198336e-01
4.130434782608695676e-01 1.450870901156518789e-01 7.064470124105534099e-01
4.130434782608695676e-01 1.484579265350660648e-01 7.318285340663579497e-01
4.130434782608695676e-01 1.518458376097885365e-01 7.585310129132516455e-01
4.130434782608695676e-01 1.552499010137073643e-01 7.870645828576673386e-01
4.130434782608695676e-01 1.593872095619098261e-01 8.140033987175973040e-01
4.130434782608695676e-01 1.628420179953522229e-01 8.413766081222964210e-01
4.130434782608695676e-01 1.663105602432931873e-01 8.710412396361553178e-01
4.130434782608695676e-01 1.705722772610588356e-01 8.984874510826754701e-01
4.130434782608695676e-01 1.740877753053355625e-01 9.269815742404614589e-01
4.130434782608695676e-01 1.784373306369086698e-01 9.565864504791882217e-01
4.130434782608695676e-01 1.819974643824239235e-01 9.838547742710842536e-01
4.130434782608695676e-01 1.864338048917652257e-01 1.014409330355167338e+00
4.130434782608695676e-01 1.900362342508529756e-01 1.040740268675371949e+00
4.130434782608695676e-01 1.945583012379229204e-01 1.071117569384178347e+00
4.130434782608695676e-01 1.982006657026610108e-01 1.097043236775667507e+00
4.130434782608695676e-01 2.028073948167623819e-01 1.126506946053480451e+00
4.130434782608695676e-01 2.064873130178453142e-01 1.152640053056205316e+00
4.130434782608695676e-01 2.111776341688194614e-01 1.180571612400258763e+00
4.130434782608695676e-01 2.148927034204453357e-01 1.207617161223569990e+00
4.130434782608695676e-01 2.196655406876494021e-01 1.233615675394015287e+00
4.130434782608695676e-01 2.244908005309284860e-01 1.262361911732706954e+00
4.130434782608695676e-01 2.293684829502827816e-01 1.293357742078830031e+00
4.042553191489361430e-01 5.902102629896328195e-02 2.773084385102833060e+00
4.042553191489361430e-01 6.170069396945475348e-02 2.173297922551463035e+00
4.042553191489361430e-01 6.443984972143036727e-02 1.721484083409733135e+00
4.042553191489361430e-01 6.723849355489015800e-02 1.401505313871494796e+00
4.042553191489361430e-01 7.009662546983413955e-02 1.198843210204020071e+00
4.042553191489361430e-01 7.250577964699214673e-02 1.071184324658786879e+00
4.042553191489361430e-01 7.466360042058896307e-02 9.605340117803178313e-01
4.042553191489361430e-01 7.681060339196037201e-02 8.681712890753227052e-01
4.042553191489361430e-01 7.923669329639893011e-02 7.887440780831189713e-01
4.042553191489361430e-01 8.167275048960943862e-02 7.232506708224519798e-01
4.042553191489361430e-01 8.411710837452243683e-02 6.693440185703044554e-01
4.042553191489361430e-01 8.656807762618502766e-02 6.253978246349563008e-01
4.042553191489361430e-01 8.902394541604664868e-02 5.904043501591247356e-01
4.042553191489361430e-01 9.148297459705248547e-02 5.638525340562787758e-01
4.042553191489361430e-01 9.431725469131232997e-02 5.453134734914393267e-01
4.042553191489361430e-01 9.679227827059967704e-02 5.306888542205180359e-01
4.042553191489361430e-01 9.926549946159318738e-02 5.245201553607795608e-01
4.042553191489361430e-01 1.021539326201322401e-01 5.202363201555763039e-01
4.042553191489361430e-01 1.050679568346820913e-01 5.223534765549335823e-01
4.042553191489361430e-01 1.075577552242986124e-01 5.286778777321553546e-01
4.042553191489361430e-01 1.105050271380301902e-01 5.364681455622413164e-01
4.042553191489361430e-01 1.134751864680222239e-01 5.479614952637695824e-01
4.042553191489361430e-01 1.164674235478676406e-01 5.623613828390940927e-01
4.042553191489361430e-01 1.194809229182145077e-01 5.791086266905618452e-01
4.042553191489361430e-01 1.225148632190144332e-01 5.978812035577687478e-01
4.042553191489361430e-01 1.255684170787842446e-01 6.181382807161690529e-01
4.042553191489361430e-01 1.286407510007694655e-01 6.400594332842727274e-01
4.042553191489361430e-01 1.317310252458993303e-01 6.633714609843212040e-01
4.042553191489361430e-01 1.348383937124133236e-01 6.881541216685382878e-01
4.042553191489361430e-01 1.379620038120368541e-01 7.145973072736501175e-01
4.042553191489361430e-01 1.417392580735172269e-01 7.392922175971882170e-01
4.042553191489361430e-01 1.449120242940598602e-01 7.651804369840794484e-01
4.042553191489361430e-01 1.480987937861786286e-01 7.927907603942839776e-01
4.042553191489361430e-01 1.519936347232971607e-01 8.213728266391981947e-01
4.042553191489361430e-01 1.552260453716436395e-01 8.476561136623838033e-01
4.042553191489361430e-01 1.584701817637112486e-01 8.762131101546131173e-01
4.042553191489361430e-01 1.624796196620881539e-01 9.047744017214301993e-01
4.042553191489361430e-01 1.657658284369810386e-01 9.320728562075983881e-01
4.042553191489361430e-01 1.698563625021186074e-01 9.624018588619873693e-01
4.042553191489361430e-01 1.731824587741503663e-01 9.886205121197849666e-01
4.042553191489361430e-01 1.765165225355060374e-01 1.018615601423905392e+00
4.042553191489361430e-01 1.807168769698952737e-01 1.044865290927712520e+00
4.042553191489361430e-01 1.840871705686356330e-01 1.074685036480049760e+00
4.042553191489361430e-01 1.883658632016023682e-01 1.100458810068524418e+00
4.042553191489361430e-01 1.926937105280026874e-01 1.129979665404866385e+00
4.042553191489361430e-01 1.961261731440133715e-01 1.155285374688405309e+00
4.042553191489361430e-01 2.005311157490598239e-01 1.183198187584435512e+00
4.042553191489361430e-01 2.039945374690787239e-01 1.209548169049807553e+00
4.042553191489361430e-01 2.084755618792637211e-01 1.235519524797395352e+00
4.042553191489361430e-01 2.130052690237816404e-01 1.263925194627532056e+00
3.958333333333333703e-01 5.511334816415079663e-02 3.034984520855562806e+00
3.958333333333333703e-01 5.761559976072476441e-02 2.381333245620448125e+00
3.958333333333333703e-01 6.017340083774736642e-02 1.878790419489314356e+00
3.958333333333333703e-01 6.278675139521866511e-02 1.511156471578369853e+00
3.958333333333333703e-01 6.545565143313862577e-02 1.263824762470177943e+00
3.958333333333333703e-01 6.793963558217573639e-02 1.116586100651433711e+00
3.958333333333333703e-01 6.995550970619879294e-02 1.001097280020272429e+00
3.958333333333333703e-01 7.222484778172526265e-02 9.037491441094419597e-01
3.958333333333333703e-01 7.422946184092295285e-02 8.193017865584453219e-01
3.958333333333333703e-01 7.650711365079455872e-02 7.490138334966398581e-01
3.958333333333333703e-01 7.879226338870867763e-02 6.908788061233990252e-01
3.958333333333333703e-01 8.108332736918433259e-02 6.430954886363494660e-01
3.958333333333333703e-01 8.337870045215199644e-02 6.044935627360746855e-01
3.958333333333333703e-01 8.567675530816128149e-02 5.744038485573357278e-01
3.958333333333333703e-01 8.797584164629214387e-02 5.528335533908970145e-01
3.958333333333333703e-01 9.064107496855215718e-02 5.355332471868223809e-01
3.958333333333333703e-01 9.295163447037457782e-02 5.257175033338201686e-01
3.958333333333333703e-01 9.565352133352411634e-02 5.198785785363063683e-01
3.958333333333333703e-01 9.837920948347002315e-02 5.207476507121931997e-01
3.958333333333333703e-01 1.007045520428556939e-01 5.228510376035668816e-01
3.958333333333333703e-01 1.034609761278406509e-01 5.294351144265078135e-01
3.958333333333333703e-01 1.062386651788079089e-01 5.398167830028475223e-01
3.958333333333333703e-01 1.090368596355574260e-01 5.531361303889874570e-01
3.958333333333333703e-01 1.118547946533940546e-01 5.687781013063590851e-01
3.958333333333333703e-01 1.146917000061188074e-01 5.863781678832942212e-01
3.958333333333333703e-01 1.175467999863591684e-01 6.053356990719266362e-01
3.958333333333333703e-01 1.204193133031416507e-01 6.258039649053024345e-01
3.958333333333333703e-01 1.233084529766079462e-01 6.474622068766201499e-01
3.958333333333333703e-01 1.262134262297701925e-01 6.703585604747779314e-01
3.958333333333333703e-01 1.291334343771959881e-01 6.946516121493605533e-01
3.958333333333333703e-01 1.320676727105112580e-01 7.203039077042007188e-01
3.958333333333333703e-01 1.356347176303440150e-01 7.475794871553893550e-01
3.958333333333333703e-01 1.386134008262134565e-01 7.724602897353547437e-01
3.958333333333333703e-01 1.416042017160264177e-01 7.990617843144138810e-01
3.958333333333333703e-01 1.446062942917541172e-01 8.277677678908123005e-01
3.958333333333333703e-01 1.483118383315172317e-01 8.542908648631827306e-01
3.958333333333333703e-01 1.513537353511237860e-01 8.818641720969290221e-01
3.958333333333333703e-01 1.551352843162670525e-01 9.112947546487464301e-01
3.958333333333333703e-01 1.582149411055854271e-01 9.375335208797563880e-01
3.958333333333333703e-01 1.613023800368185989e-01 9.671390558126468084e-01
3.958333333333333703e-01 1.651869178115546455e-01 9.935868489875250287e-01
3.958333333333333703e-01 1.683086971127006615e-01 1.022609581482550212e+00
3.958333333333333703e-01 1.722666499089524628e-01 1.049214535878000287e+00
3.958333333333333703e-01 1.754206776314813920e-01 1.078117428867678251e+00
3.958333333333333703e-01 1.794510995868130454e-01 1.104094177891617790e+00
3.958333333333333703e-01 1.826352659807538303e-01 1.133436138778643576e+00
3.958333333333333703e-01 1.867372063358123113e-01 1.158170146946615464e+00
3.958333333333333703e-01 1.908847007988017652e-01 1.186006182825018795e+00
3.958333333333333703e-01 1.941218864871981642e-01 1.211774238771980539e+00
3.958333333333333703e-01 1.983397204059651198e-01 1.237503048757006674e+00
3.877551020408163129e-01 5.158831097752759193e-02 3.312853865863085723e+00
3.877551020408163129e-01 5.393051913232155270e-02 2.605755312239449228e+00
3.877551020408163129e-01 5.632472383545601702e-02 2.052802434254575203e+00
3.877551020408163129e-01 5.877092508693104733e-02 1.637742519925358353e+00
3.877551020408163129e-01 6.126912288674660201e-02 1.345889367533368519e+00
3.877551020408163129e-01 6.381931723490266717e-02 1.164030284052896436e+00
3.877551020408163129e-01 6.570771324199287111e-02 1.043493857615720444e+00
3.877551020408163129e-01 6.783564978529478540e-02 9.399023051613535351e-01
3.877551020408163129e-01 6.971287093299172177e-02 8.514289164003360222e-01
3.877551020408163129e-01 7.184810053295867527e-02 7.762764512401199024e-01
3.877551020408163129e-01 7.399013696812029028e-02 7.138614122823907504e-01
3.877551020408163129e-01 7.613749251382898042e-02 6.622106485769847506e-01
3.877551020408163129e-01 7.828865981326682544e-02 6.199938435892142774e-01
3.877551020408163129e-01 8.044211121312339063e-02 5.863856503776587736e-01
3.877551020408163129e-01 8.259629806588422718e-02 5.612566704647677929e-01
3.877551020408163129e-01 8.509627513611502103e-02 5.419115853243314795e-01
3.877551020408163129e-01 8.726080951023332255e-02 5.285431060273535486e-01
3.877551020408163129e-01 8.979486973690981033e-02 5.212342511178604809e-01
3.877551020408163129e-01 9.196467646928589701e-02 5.183520844470769218e-01
3.877551020408163129e-01 9.452893377580459666e-02 5.189989149454843353e-01
3.877551020408163129e-01 9.711372388918354526e-02 5.245053895727370685e-01
3.877551020408163129e-01 9.971833753566385072e-02 5.339163779770943474e-01
3.877551020408163129e-01 1.018986363947697593e-01 5.443343480500261178e-01
3.877551020408163129e-01 1.045260605343345806e-01 5.575992661136122130e-01
3.877551020408163129e-01 1.071708630136691542e-01 5.734500262715293006e-01
3.877551020408163129e-01 1.098323120159318961e-01 5.912501600041029093e-01
3.877551020408163129e-01 1.125096705561087485e-01 6.110773173951934423e-01
3.877551020408163129e-01 1.152021963840694635e-01 6.325691461456447451e-01
3.877551020408163129e-01 1.179091418849056022e-01 6.557280577215398587e-01
3.877551020408163129e-01 1.211821739341694959e-01 6.785250521220024256e-01
3.877551020408163129e-01 1.239324695044859564e-01 7.019777381360445823e-01
3.877551020408163129e-01 1.266952198979665600e-01 7.269254561768498935e-01
3.877551020408163129e-01 1.294696585223001906e-01 7.535338695978245349e-01
3.877551020408163129e-01 1.328745729934839026e-01 7.803612815112489498e-01
3.877551020408163129e-01 1.356880387044791247e-01 8.058763757272994210e-01
3.877551020408163129e-01 1.385111812702083667e-01 8.334563365580874850e-01
3.877551020408163129e-01 1.420156385337318639e-01 8.614607569200642967e-01
3.877551020408163129e-01 1.448746515842368743e-01 8.877652516804117599e-01
3.877551020408163129e-01 1.477412957012773087e-01 9.170921739875775858e-01
3.877551020408163129e-01 1.513426134297755632e-01 9.433020807003303920e-01
3.877551020408163129e-01 1.542419242425660253e-01 9.717751571891982687e-01
3.877551020408163129e-01 1.579122364669112988e-01 9.988280870095417319e-01
3.877551020408163129e-01 1.608422533335394367e-01 1.026814759862520576e+00
3.877551020408163129e-01 1.645806700970878500e-01 1.053785561723113551e+00
3.877551020408163129e-01 1.675394161885362110e-01 1.081751197056499247e+00
3.877551020408163129e-01 1.713450430616169917e-01 1.107892205199239033e+00
3.877551020408163129e-01 1.743305250173489973e-01 1.136428785271408559e+00
3.877551020408163129e-01 1.782024630281343891e-01 1.161203699099484510e+00
3.877551020408163129e-01 1.821169285657480985e-01 1.189130698223027860e+00
3.877551020408163129e-01 1.851500161645233677e-01 1.214045224209194584e+00
3.799999999999999489e-01 4.839835601137488369e-02 3.605922437282939708e+00
3.799999999999999489e-01 5.059573409917163950e-02 2.845807259449112614e+00
3.799999999999999489e-01 5.284189353705062708e-02 2.242779251723649558e+00
3.799999999999999489e-01 5.513683432501191584e-02 1.780540900644284275e+00
3.799999999999999489e-01 5.748055646305547106e-02 1.444334639403653142e+00
3.799999999999999489e-01 5.987305995118127888e-02 1.220869060396104544e+00
3.799999999999999489e-01 6.186278839037064048e-02 1.087632661068264728e+00
3.799999999999999489e-01 6.386309964081109125e-02 9.777018735084378465e-01
3.799999999999999489e-01 6.562559121132161000e-02 8.850575390675585741e-01
3.799999999999999489e-01 6.763233298761579804e-02 8.049786256620474756e-01
3.799999999999999489e-01 6.964528440424368194e-02 7.382386988221181223e-01
3.799999999999999489e-01 7.166304513146937172e-02 6.826956360503922960e-01
3.799999999999999489e-01 7.368419683304165690e-02 6.368616988325952466e-01
3.799999999999999489e-01 7.570730256405402980e-02 5.997573379032798968e-01
3.799999999999999489e-01 7.773090613883287814e-02 5.711183043109744339e-01
3.799999999999999489e-01 8.008167069969636398e-02 5.497853340498889407e-01
3.799999999999999489e-01 8.211465838423104291e-02 5.329579774094195255e-01
3.799999999999999489e-01 8.449722206637308441e-02 5.242633943041502542e-01
3.799999999999999489e-01 8.653482035929428717e-02 5.175586307434507649e-01
3.799999999999999489e-01 8.894552441442245272e-02 5.170769173044460487e-01
3.799999999999999489e-01 9.098285669731631664e-02 5.210818863339897744e-01
3.799999999999999489e-01 9.341797264440586390e-02 5.264544772997199473e-01
3.799999999999999489e-01 9.587068876695920006e-02 5.355798799474578153e-01
3.799999999999999489e-01 9.834032544939246001e-02 5.477242850963074394e-01
3.799999999999999489e-01 1.008261985110826264e-01 5.624082123339400052e-01
3.799999999999999489e-01 1.033276191233305358e-01 5.789356404262413491e-01
3.799999999999999489e-01 1.058438937240569616e-01 5.973576857156702724e-01
3.799999999999999489e-01 1.083743239301526301e-01 6.172643819728029779e-01
3.799999999999999489e-01 1.109182064473961116e-01 6.386263476765305924e-01
3.799999999999999489e-01 1.134748329778523385e-01 6.615266623499133081e-01
3.799999999999999489e-01 1.160434901246592682e-01 6.858630278083188703e-01
3.799999999999999489e-01 1.191777343604622091e-01 7.103275035907912205e-01
3.799999999999999489e-01 1.217846970723602401e-01 7.343638433576602509e-01
3.799999999999999489e-01 1.244018164541476346e-01 7.600202737980779055e-01
3.799999999999999489e-01 1.270283610821086595e-01 7.876297205688703729e-01
3.799999999999999489e-01 1.302834696414843230e-01 8.131609578168754737e-01
3.799999999999999489e-01 1.329441993533462263e-01 8.397270215498626733e-01
3.799999999999999489e-01 1.356124362065939393e-01 8.687815228967067371e-01
3.799999999999999489e-01 1.389588876145224083e-01 8.941100523765529440e-01
3.799999999999999489e-01 1.416583014176041044e-01 9.223082353932131605e-01
3.799999999999999489e-01 1.450697639318957177e-01 9.493169993294824360e-01
3.799999999999999489e-01 1.477985132361490372e-01 9.766943083637011913e-01
3.799999999999999489e-01 1.512741478811796825e-01 1.004319510551533678e+00
3.799999999999999489e-01 1.540303764818087007e-01 1.031234882627208638e+00
3.799999999999999489e-01 1.575693401863296761e-01 1.058591293646087728e+00
3.799999999999999489e-01 1.603511768128847714e-01 1.085535001445236736e+00
3.799999999999999489e-01 1.639526223476108491e-01 1.111930745546514165e+00
3.799999999999999489e-01 1.667581803448560107e-01 1.139546219418350548e+00
3.799999999999999489e-01 1.704212562585264712e-01 1.164529829615486678e+00
3.799999999999999489e-01 1.741241285524936511e-01 1.192322654973565932e+00
3.725490196078431460e-01 4.756887525053073162e-02 3.100770078848762878e+00
3.725490196078431460e-01 4.968065957376712610e-02 2.448016044247272927e+00
3.725490196078431460e-01 5.183830693265133877e-02 1.938863266145767650e+00
3.725490196078431460e-01 5.404181732718332104e-02 1.558490559867464542e+00
3.725490196078431460e-01 5.629119075736307293e-02 1.293535173874175159e+00
3.725490196078431460e-01 5.858642722319060830e-02 1.131741815801618811e+00
3.725490196078431460e-01 6.025660058402094316e-02 1.017071760420536819e+00
3.725490196078431460e-01 6.191542691918105329e-02 9.201231048569262772e-01
3.725490196078431460e-01 6.380587843127165371e-02 8.350632966945154001e-01
3.725490196078431460e-01 6.570202169080165133e-02 7.639599080276027188e-01
3.725490196078431460e-01 6.760253615945932548e-02 7.045047841863236737e-01
3.725490196078431460e-01 6.950608474664292380e-02 6.550553315382549036e-01
3.725490196078431460e-01 7.141131326235591881e-02 6.144797716704121227e-01
3.725490196078431460e-01 7.331684984312814013e-02 5.823807754423430127e-01
3.725490196078431460e-01 7.522130434922004449e-02 5.586016508046882656e-01
3.725490196078431460e-01 7.744655173974267226e-02 5.389242622511991598e-01
3.725490196078431460e-01 7.935703730788935817e-02 5.267819018695227840e-01
3.725490196078431460e-01 8.161007399992085964e-02 5.185398373763157043e-01
3.725490196078431460e-01 8.388175498269381802e-02 5.170416152792638442e-01
3.725490196078431460e-01 8.579937245392939282e-02 5.166871452932177977e-01
3.725490196078431460e-01 8.809384889490215476e-02 5.210343365805369942e-01
3.725490196078431460e-01 9.040482838420503542e-02 5.291973286479005889e-01
3.725490196078431460e-01 9.273166979160166190e-02 5.403868989849470728e-01
3.725490196078431460e-01 9.507372779443905297e-02 5.540814303316691225e-01
3.725490196078431460e-01 9.743035280234174644e-02 5.695252844690930072e-01
3.725490196078431460e-01 9.980089087987076280e-02 5.867429667725122533e-01
3.725490196078431460e-01 1.021846836670779329e-01 6.052767579442086543e-01
3.725490196078431460e-01 1.045810682978785267e-01 6.250653918849444768e-01
3.725490196078431460e-01 1.069893773161648409e-01 6.461599209209919481e-01
3.725490196078431460e-01 1.094089385895787164e-01 6.684213624277990373e-01
3.725490196078431460e-01 1.118390752208564543e-01 6.922002603102133111e-01
3.725490196078431460e-01 1.142791054566588693e-01 7.176141945239877806e-01
3.725490196078431460e-01 1.172845245205879489e-01 7.425931573322348545e-01
3.725490196078431460e-01 1.197583328860611085e-01 7.671996317382470121e-01
3.725490196078431460e-01 1.222402449505098354e-01 7.936959345768360707e-01
3.725490196078431460e-01 1.253330329145082578e-01 8.210894695085366735e-01
3.725490196078431460e-01 1.278459100323940112e-01 8.463421423333856719e-01
3.725490196078431460e-01 1.303650716937928555e-01 8.743330351305411696e-01
3.725490196078431460e-01 1.335428294198187094e-01 9.008244609402762393e-01
3.725490196078431460e-01 1.360901029258043682e-01 9.277933374281360779e-01
3.725490196078431460e-01 1.393284777764413618e-01 9.556525312435384389e-01
3.725490196078431460e-01 1.419021166775981113e-01 9.818657847384012483e-01
3.725490196078431460e-01 1.452003125233778669e-01 1.010054851940761722e+00
3.725490196078431460e-01 1.477985566074984380e-01 1.035884780777073688e+00
3.725490196078431460e-01 1.511557735038202566e-01 1.063578480547667571e+00
3.725490196078431460e-01 1.537768485084526904e-01 1.089546919622448318e+00
3.725490196078431460e-01 1.571922826377275817e-01 1.116127087933440620e+00
3.725490196078431460e-01 1.598343999538172633e-01 1.142940372021759021e+00
3.725490196078431460e-01 1.633072435662011601e-01 1.167898776058946986e+00
3.653846153846153633e-01 4.481367747920150801e-02 3.369960358253135890e+00
3.653846153846153633e-01 4.680314687633832516e-02 2.667841934278358806e+00
3.653846153846153633e-01 4.883582291388682828e-02 2.112053536893875094e+00
3.653846153846153633e-01 5.091170559184698269e-02 1.687717685514965593e+00
3.653846153846153633e-01 5.303079491021878145e-02 1.381407273945143066e+00
3.653846153846153633e-01 5.519309086900225231e-02 1.180796741662901939e+00
3.653846153846153633e-01 5.697289024116904826e-02 1.057939777817991089e+00
3.653846153846153633e-01 5.876062921834989544e-02 9.555477257459237261e-01
3.653846153846153633e-01 6.032263609472206245e-02 8.664760803102180553e-01
3.653846153846153633e-01 6.211275681450374730e-02 7.909765315341850123e-01
3.653846153846153633e-01 6.390687112885400090e-02 7.275943221340042122e-01
3.653846153846153633e-01 6.570371627458261587e-02 6.745345569243210715e-01
3.653846153846153633e-01 6.750201374234458818e-02 6.305152058231805468e-01
3.653846153846153633e-01 6.930046875405029838e-02 5.950076406122968287e-01
3.653846153846153633e-01 7.109776971438126758e-02 5.677254562107254543e-01
3.653846153846153633e-01 7.319958280464346212e-02 5.464051937589056163e-01
3.653846153846153633e-01 7.500234465785828031e-02 5.306701484954363668e-01
3.653846153846153633e-01 7.713023259406397159e-02 5.212555757046229976e-01
3.653846153846153633e-01 7.893415689655729206e-02 5.158627267531387117e-01
3.653846153846153633e-01 8.108482312665188374e-02 5.143215462968120377e-01
3.653846153846153633e-01 8.325160976278450642e-02 5.177825191907202695e-01
3.653846153846153633e-01 8.505560861780825377e-02 5.245931578457800892e-01
3.653846153846153633e-01 8.724036997672113269e-02 5.327494747067517133e-01
3.653846153846153633e-01 8.943919345237098806e-02 5.440601491781368315e-01
3.653846153846153633e-01 9.165146298954522652e-02 5.577353264716072845e-01
3.653846153846153633e-01 9.387655848598999708e-02 5.737239143269210473e-01
3.653846153846153633e-01 9.611385571876102096e-02 5.915274549257336645e-01
3.653846153846153633e-01 9.836272626855827039e-02 6.110391456376786934e-01
3.653846153846153633e-01 1.006225374419717211e-01 6.322662165945527324e-01
3.653846153846153633e-01 1.033774764675854940e-01 6.549070500534781569e-01
3.653846153846153633e-01 1.056717025432157980e-01 6.765782207305742757e-01
3.653846153846153633e-01 1.079752056334669225e-01 6.995766396438608536e-01
3.653846153846153633e-01 1.102873379354584321e-01 7.241285756487871872e-01
3.653846153846153633e-01 1.126074470125063565e-01 7.505152867590436649e-01
3.653846153846153633e-01 1.154930188761228438e-01 7.749930614059494793e-01
3.653846153846153633e-01 1.178428312662533756e-01 8.004737748939738662e-01
3.653846153846153633e-01 1.201989083672793390e-01 8.282008444311516060e-01
3.653846153846153633e-01 1.231650065909287717e-01 8.534985451631728059e-01
3.653846153846153633e-01 1.255480981209651792e-01 8.802869386051321854e-01
3.653846153846153633e-01 1.285715893402877841e-01 9.078512102316466104e-01
3.653846153846153633e-01 1.309800489693755121e-01 9.336228502674839280e-01
3.653846153846153633e-01 1.340601800616172956e-01 9.622813584659490882e-01
3.653846153846153633e-01 1.364923488583239253e-01 9.872882609511911545e-01
3.653846153846153633e-01 1.396283631925579749e-01 1.016054297394530348e+00
3.653846153846153633e-01 1.420825693644071075e-01 1.040715966444400120e+00
3.653846153846153633e-01 1.452737067490547929e-01 1.068818981067294116e+00
3.653846153846153633e-01 1.477482653750060715e-01 1.093703635350976588e+00
3.653846153846153633e-01 1.509937620040922301e-01 1.120623092835587808e+00
3.653846153846153633e-01 1.534869747587546962e-01 1.146360233048526078e+00
3.584905660377358250e-01 4.229897122414406907e-02 3.652728183034930076e+00
3.584905660377358250e-01 4.417680213458121535e-02 2.901618041038661389e+00
3.584905660377358250e-01 4.609541515758464048e-02 2.299486089769574360e+00
3.584905660377358250e-01 4.805481029315431668e-02 1.831405472795575973e+00
3.584905660377358250e-01 5.005498754129023703e-02 1.483891356722445209e+00
3.584905660377358250e-01 5.209594690199242234e-02 1.244554324051027061e+00
3.584905660377358250e-01 5.397482003955669794e-02 1.100237404468049629e+00
3.584905660377358250e-01 5.566642884351646892e-02 9.922781031652108119e-01
3.584905660377358250e-01 5.714303153623878639e-02 8.991651170658077064e-01
3.584905660377358250e-01 5.883664000562513485e-02 8.192421876841835537e-01
3.584905660377358250e-01 6.053391567916566879e-02 7.519222761856980686e-01
3.584905660377358250e-01 6.223366394813546060e-02 6.952607226827515197e-01
3.584905660377358250e-01 6.393467567416050157e-02 6.478272235354348707e-01
3.584905660377358250e-01 6.563572671243786405e-02 6.089636396443508515e-01
3.584905660377358250e-01 6.733557741155134224e-02 5.782554008595373052e-01
3.584905660377358250e-01 6.932493950265398996e-02 5.553650532167979659e-01
3.584905660377358250e-01 7.102976603984893778e-02 5.361558897222143960e-01
3.584905660377358250e-01 7.272985534418383025e-02 5.251813606955878511e-01
3.584905660377358250e-01 7.474940363630583340e-02 5.163785546984271946e-01
3.584905660377358250e-01 7.678472008619742495e-02 5.139399449031093470e-01
3.584905660377358250e-01 7.848722398099579334e-02 5.151604286575699465e-01
3.584905660377358250e-01 8.054078229764610741e-02 5.185841003863418397e-01
3.584905660377358250e-01 8.260817378007283274e-02 5.257809794160438477e-01
3.584905660377358250e-01 8.468881915120256287e-02 5.361160421807922294e-01
3.584905660377358250e-01 8.678213546898359831e-02 5.487402103777309081e-01
3.584905660377358250e-01 8.888753606108687477e-02 5.635756930750066562e-01
3.584905660377358250e-01 9.100443045785253093e-02 5.800763720091830500e-01
3.584905660377358250e-01 9.313222432341898560e-02 5.981035195852207886e-01
3.584905660377358250e-01 9.527031938497046437e-02 6.176320188214879936e-01
3.584905660377358250e-01 9.741811336003589061e-02 6.384581854666835365e-01
3.584905660377358250e-01 9.957499988176743422e-02 6.608577876536640971e-01
3.584905660377358250e-01 1.017403684221272614e-01 6.849000316301213642e-01
3.584905660377358250e-01 1.044160320231430628e-01 7.079461686015275923e-01
3.584905660377358250e-01 1.066109543594369324e-01 7.315152127004045379e-01
3.584905660377358250e-01 1.088127548586022147e-01 7.568308148703641880e-01
3.584905660377358250e-01 1.115658152659373542e-01 7.835653129849381449e-01
3.584905660377358250e-01 1.137946455010869079e-01 8.077148650304810662e-01
3.584905660377358250e-01 1.160287249752018635e-01 8.343479014630257318e-01
3.584905660377358250e-01 1.188570222517677522e-01 8.611069961173392073e-01
3.584905660377358250e-01 1.211155729873250320e-01 8.865919911112637442e-01
3.584905660377358250e-01 1.239976167006469343e-01 9.152621944288665823e-01
3.584905660377358250e-01 1.262790723558406825e-01 9.397621137518902268e-01
3.584905660377358250e-01 1.285630943262998926e-01 9.680530558267651520e-01
3.584905660377358250e-01 1.315169280761993298e-01 9.929826880302137226e-01
3.584905660377358250e-01 1.338212397431133016e-01 1.021139199340371340e+00
3.584905660377358250e-01 1.368268298229836089e-01 1.045799363680059102e+00
3.584905660377358250e-01 1.398657984903133866e-01 1.074237312206882899e+00
3.584905660377358250e-01 1.422064516515905708e-01 1.098154156734368891e+00
3.584905660377358250e-01 1.452962794195848117e-01 1.125168835488312036e+00
3.518518518518518601e-01 4.177353507738774258e-02 3.148735660437018247e+00
3.518518518518518601e-01 4.358777342293851387e-02 2.500564067140164326e+00
3.518518518518518601e-01 4.544057528887780056e-02 1.988970712053530931e+00
3.518518518518518601e-01 4.733194067520558879e-02 1.600419318809030100e+00
3.518518518518518601e-01 4.926186958192191323e-02 1.322462710201821823e+00
3.518518518518518601e-01 5.123036200902675308e-02 1.143899568318289317e+00
3.518518518518518601e-01 5.283418879146198344e-02 1.030319421435226701e+00
3.518518518518518601e-01 5.423295472676707002e-02 9.330809306488504484e-01
3.518518518518518601e-01 5.583846597324569616e-02 8.487125067677760981e-01
3.518518518518518601e-01 5.744736157100687607e-02 7.774483770595896903e-01
3.518518518518518601e-01 5.905850954318603990e-02 7.171966340849638133e-01
3.518518518518518601e-01 6.067076447958620611e-02 6.663806761269944756e-01
3.518518518518518601e-01 6.228296710076454412e-02 6.242146451303856036e-01
3.518518518518518601e-01 6.389394380091688308e-02 5.901573643579938189e-01
3.518518518518518601e-01 6.550250616820671445e-02 5.641653721204837879e-01
3.518518518518518601e-01 6.739612076383114103e-02 5.432027598416129255e-01
3.518518518518518601e-01 6.900708632478999571e-02 5.285028401896004757e-01
3.518518518518518601e-01 7.092216473685772349e-02 5.187117104692026137e-01
3.518518518518518601e-01 7.253163966739749335e-02 5.144617904147299470e-01
3.518518518518518601e-01 7.446519404080820248e-02 5.122812268369475452e-01
3.518518518518518601e-01 7.641236820272089003e-02 5.148703971732860873e-01
3.518518518518518601e-01 7.837261635504541579e-02 5.212688706144259498e-01
3.518518518518518601e-01 8.034538937218517474e-02 5.308000486586148536e-01
3.518518518518518601e-01 8.195254688943712229e-02 5.414519035275719983e-01
3.518518518518518601e-01 8.393679764758685269e-02 5.546509794051737163e-01
3.518518518518518601e-01 8.593168384905700008e-02 5.700276990350939821e-01
3.518518518518518601e-01 8.793664029642253577e-02 5.873981146959990074e-01
3.518518518518518601e-01 9.037766766201670021e-02 6.066441079059916586e-01
3.518518518518518601e-01 9.241386437640403129e-02 6.257558609054424403e-01
3.518518518518518601e-01 9.445864382884366917e-02 6.461860417534968093e-01
3.518518518518518601e-01 9.651142804763440664e-02 6.679682578257688519e-01
3.518518518518518601e-01 9.857163515104611085e-02 6.912692098341219893e-01
3.518518518518518601e-01 1.006386792733414554e-01 7.163178520873081379e-01
3.518518518518518601e-01 1.032175508223112798e-01 7.396871720877773448e-01
3.518518518518518601e-01 1.053106755732151345e-01 7.640121573990535930e-01
3.518518518518518601e-01 1.074090990429801551e-01 7.903710706884905512e-01
3.518518518518518601e-01 1.100595884875406605e-01 8.156164646286789832e-01
3.518518518518518601e-01 1.121816733454213816e-01 8.409961507523763258e-01
3.518518518518518601e-01 1.148832698602646196e-01 8.691127482067299015e-01
3.518518518518518601e-01 1.170275346067372879e-01 8.933198115316376420e-01
3.518518518518518601e-01 1.191745652250634502e-01 9.208740170045202067e-01
3.518518518518518601e-01 1.219445102065111058e-01 9.462027295887753819e-01
3.518518518518518601e-01 1.241112493403849354e-01 9.732927628238592366e-01
3.518518518518518601e-01 1.269304134301647569e-01 9.989021540093533380e-01
3.518518518518518601e-01 1.291153490426798223e-01 1.025927728658858396e+00
3.518518518518518601e-01 1.319830431982755015e-01 1.051058055144351799e+00
3.518518518518518601e-01 1.341846517691060170e-01 1.078614621011125374e+00
3.518518518518518601e-01 1.371001837879388952e-01 1.102646650306917442e+00
3.454545454545455141e-01 3.956901495936536450e-02 3.408614567661978789e+00
3.454545454545455141e-01 4.128751027229404791e-02 2.714717797273185074e+00
3.454545454545455141e-01 4.304253398800961250e-02 2.159856062287475620e+00
3.454545454545455141e-01 4.483408610651205828e-02 1.730447601981396355e+00
3.454545454545455141e-01 4.666216662780140606e-02 1.413993277810895677e+00
3.454545454545455141e-01 4.852677555187764891e-02 1.199222368942767680e+00
3.454545454545455141e-01 5.023525578279241371e-02 1.069616712245873513e+00
3.454545454545455141e-01 5.156289173625909494e-02 9.681762956759494276e-01
3.454545454545455141e-01 5.308777639880853799e-02 8.793450235681916638e-01
3.454545454545455141e-01 5.461579969178104177e-02 8.041339729000098746e-01
3.454545454545455141e-01 5.614588731671441013e-02 7.403064835322097359e-01
3.454545454545455141e-01 5.767695253218250995e-02 6.861416256256076540e-01
3.454545454545455141e-01 5.920789575443132641e-02 6.407276148127505344e-01
3.454545454545455141e-01 6.073760413876694297e-02 6.033982336496646059e-01
3.454545454545455141e-01 6.226495114047641416e-02 5.739913440390151944e-01
3.454545454545455141e-01 6.406407792910501220e-02 5.517753636108699844e-01
3.454545454545455141e-01 6.559358756114626321e-02 5.334908579630444070e-01
3.454545454545455141e-01 6.741301476328197262e-02 5.228219533974912681e-01
3.454545454545455141e-01 6.894099487468878518e-02 5.144684395081041695e-01
3.454545454545455141e-01 7.077788684158763111e-02 5.114993968287522286e-01
3.454545454545455141e-01 7.262768367236621669e-02 5.134010058111764252e-01
3.454545454545455141e-01 7.415204379421196090e-02 5.168439937820474839e-01
3.454545454545455141e-01 7.601517703362331568e-02 5.234089724690587087e-01
3.454545454545455141e-01 7.788944548619479435e-02 5.328326773997668075e-01
3.454545454545455141e-01 7.977431955898912908e-02 5.449352961106169735e-01
3.454545454545455141e-01 8.166926637562589575e-02 5.590832757653826368e-01
3.454545454545455141e-01 8.357374971770191452e-02 5.750607786921608788e-01
3.454545454545455141e-01 8.548722996463133106e-02 5.927664507028126417e-01
3.454545454545455141e-01 8.740916403184956218e-02 6.119323053058173256e-01
3.454545454545455141e-01 8.933900530732158396e-02 6.327587112684920356e-01
3.454545454545455141e-01 9.127620358629562336e-02 6.552663274101989677e-01
3.454545454545455141e-01 9.367667076920827007e-02 6.763039711681588795e-01
3.454545454545455141e-01 9.563997992718892283e-02 6.987175802109116818e-01
3.454545454545455141e-01 9.760919989912907047e-02 7.227643436277759736e-01
3.454545454545455141e-01 1.000788003056544695e-01 7.487970823984735347e-01
3.454545454545455141e-01 1.020718523651383269e-01 7.717983028106576437e-01
3.454545454545455141e-01 1.040693474023253323e-01 7.970561867150663948e-01
3.454545454545455141e-01 1.066061248416611262e-01 8.240719594461642927e-01
3.454545454545455141e-01 1.086251434412754541e-01 8.480956657437651591e-01
3.454545454545455141e-01 1.106471146508587605e-01 8.751082018210130098e-01
3.454545454545455141e-01 1.132490957982519586e-01 9.004301820612861107e-01
3.454545454545455141e-01 1.152902511716853845e-01 9.266919896841038229e-01
3.454545454545455141e-01 1.179391313711692091e-01 9.529705182346914771e-01
3.454545454545455141e-01 1.199980392124698342e-01 9.787774961510548044e-01
3.454545454545455141e-01 1.226931638201422120e-01 1.005108538847177435e+00
3.454545454545455141e-01 1.247683818633492092e-01 1.030896571169976239e+00
3.454545454545455141e-01 1.275090933141825311e-01 1.056636315677824900e+00
3.454545454545455141e-01 1.295991685061282372e-01 1.082934106024225906e+00
3.392857142857143016e-01 3.754209138230590187e-02 3.680701432831076758e+00
3.392857142857143016e-01 3.917255673870374127e-02 2.941403317563513919e+00
3.392857142857143016e-01 4.083767932973032116e-02 2.343528679092987677e+00
3.392857142857143016e-01 4.253745915538563460e-02 1.873455922078433922e+00
3.392857142857143016e-01 4.427189621566970934e-02 1.518639460420488252e+00
3.392857142857143016e-01 4.604099051058252456e-02 1.267744386179716631e+00
3.392857142857143016e-01 4.784474204012409415e-02 1.110117611322007480e+00
3.392857142857143016e-01 4.910721117549706610e-02 1.004406114053145949e+00
3.392857142857143016e-01 5.055812248388625446e-02 9.110990766792966822e-01
3.392857142857143016e-01 5.201195847444666648e-02 8.319419475889566762e-01
3.392857142857143016e-01 5.346769807316274076e-02 7.645557842439123508e-01
3.392857142857143016e-01 5.492430865977086796e-02 7.070772905450215529e-01
3.392857142857143016e-01 5.638074570116476114e-02 6.584705464790255869e-01
3.392857142857143016e-01 5.783595236729013184e-02 6.179458643575485022e-01
3.392857142857143016e-01 5.928885912842888489e-02 5.852236940142698796e-01
3.392857142857143016e-01 6.073838333268791884e-02 5.604401029810937018e-01
3.392857142857143016e-01 6.245611517577060595e-02 5.401084201773266313e-01
3.392857142857143016e-01 6.390563716396194249e-02 5.263553697379181884e-01
3.392857142857143016e-01 6.564107812564409783e-02 5.163924252862523989e-01
3.392857142857143016e-01 6.738926435835654316e-02 5.127686395560679955e-01
3.392857142857143016e-01 6.883747873852637256e-02 5.106521723291636006e-01
3.392857142857143016e-01 7.059947716874155621e-02 5.126235707929116536e-01
3.392857142857143016e-01 7.237254924500068076e-02 5.184051571057686214e-01
3.392857142857143016e-01 7.415619460320670153e-02 5.269974747432257800e-01
3.392857142857143016e-01 7.594990988877485527e-02 5.381940017225882444e-01
3.392857142857143016e-01 7.775318870437175622e-02 5.513136690141318130e-01
3.392857142857143016e-01 7.956552155626972489e-02 5.661087406660164634e-01
3.392857142857143016e-01 8.138639579926786050e-02 5.824450973390034036e-01
3.392857142857143016e-01 8.321529558013025796e-02 6.000180146399218817e-01
3.392857142857143016e-01 8.505170177948750965e-02 6.190129910436130700e-01
3.392857142857143016e-01 8.689509195214871473e-02 6.394148358431072099e-01
3.392857142857143016e-01 8.874494026576457140e-02 6.613303503986996956e-01
3.392857142857143016e-01 9.060071743778362607e-02 6.849356934007679865e-01
3.392857142857143016e-01 9.292236567684637738e-02 7.071476866363631819e-01
3.392857142857143016e-01 9.480125953160926933e-02 7.302537460350913001e-01
3.392857142857143016e-01 9.668469172821270163e-02 7.552093614476910188e-01
3.392857142857143016e-01 9.907053945582161569e-02 7.803844018168890617e-01
3.392857142857143016e-01 1.009748987458002067e-01 8.043596940372266246e-01
3.392857142857143016e-01 1.028823851084713220e-01 8.309084858765586334e-01
3.392857142857143016e-01 1.053305552644632770e-01 8.557122847495189921e-01
3.392857142857143016e-01 1.072567506653857861e-01 8.814084907704997640e-01
3.392857142857143016e-01 1.097496928269191402e-01 9.079057695969218189e-01
3.392857142857143016e-01 1.116932394626444780e-01 9.328655560702441285e-01
3.392857142857143016e-01 1.142303307532226420e-01 9.600189664447551507e-01
3.392857142857143016e-01 1.161898610721354558e-01 9.845665583422431588e-01
3.392857142857143016e-01 1.187704759100033647e-01 1.011530725300588518e+00
3.392857142857143016e-01 1.207446124146317190e-01 1.036195765200728980e+00
3.392857142857143016e-01 1.233681224730114184e-01 1.062281056748730412e+00
3.333333333333333148e-01 3.722366247460305588e-02 3.180100992788711611e+00
3.333333333333333148e-01 3.880594268471683483e-02 2.539478928891745646e+00
3.333333333333333148e-01 4.042115587933627768e-02 2.028946076005162524e+00
3.333333333333333148e-01 4.206930205846140525e-02 1.635915643338500480e+00
3.333333333333333148e-01 4.375038122209222446e-02 1.348993514792522053e+00
3.333333333333333148e-01 4.546439337022870758e-02 1.157455739168192332e+00
3.333333333333333148e-01 4.684357501243608529e-02 1.041727299266888451e+00
3.333333333333333148e-01 4.822645611338512855e-02 9.439357141070159329e-01
3.333333333333333148e-01 4.961207521956371991e-02 8.608366439949821647e-01
3.333333333333333148e-01 5.099946046703111163e-02 7.899113078009794009e-01
3.333333333333333148e-01 5.217115106661035506e-02 7.287291061969858319e-01
3.333333333333333148e-01 5.355058505910612748e-02 6.774006860666914598e-01
3.333333333333333148e-01 5.516233139088812243e-02 6.337690440050838259e-01
3.333333333333333148e-01 5.654684275944361210e-02 5.978301322016389419e-01
3.333333333333333148e-01 5.792809297317336181e-02 5.696193163500522516e-01
3.333333333333333148e-01 5.956572240081745712e-02 5.483194770455628309e-01
3.333333333333333148e-01 6.094690539637263871e-02 5.308595728744198716e-01
3.333333333333333148e-01 6.260136459507674445e-02 5.201916577923701990e-01
3.333333333333333148e-01 6.397910845274451530e-02 5.127750174800881355e-01
3.333333333333333148e-01 6.564780649721561889e-02 5.094490169238837796e-01
3.333333333333333148e-01 6.732751685973153988e-02 5.107825990067931254e-01
3.333333333333333148e-01 6.869897647893688508e-02 5.156678017563763872e-01
3.333333333333333148e-01 7.038915539964417378e-02 5.215414013459870324e-01
3.333333333333333148e-01 7.208873035437206311e-02 5.305886503502859064e-01
3.333333333333333148e-01 7.379721771605704528e-02 5.420896553911211946e-01
3.333333333333333148e-01 7.551413094889770916e-02 5.557519652413805966e-01
3.333333333333333148e-01 7.723898055682079655e-02 5.713980806070377838e-01
3.333333333333333148e-01 7.897127403056301842e-02 5.886962272305421573e-01
3.333333333333333148e-01 8.071051579331846304e-02 6.077709409082350245e-01
3.333333333333333148e-01 8.286139836870926034e-02 6.277885184588466450e-01
3.333333333333333148e-01 8.462471779172899000e-02 6.475558020364803324e-01
3.333333333333333148e-01 8.639368171666687857e-02 6.687060262854833681e-01
3.333333333333333148e-01 8.816778373358102883e-02 6.914040920450896799e-01
3.333333333333333148e-01 8.994651411392518003e-02 7.160933474487419792e-01
3.333333333333333148e-01 9.219381343942036067e-02 7.385107016335890062e-01
3.333333333333333148e-01 9.399292681925014437e-02 7.623803200154680715e-01
3.333333333333333148e-01 9.579533006791525473e-02 7.885756901396336893e-01
3.333333333333333148e-01 9.810230519256739334e-02 8.122314871983931095e-01
3.333333333333333148e-01 9.992298518794615059e-02 8.375110567141217377e-01
3.333333333333333148e-01 1.022727773580419941e-01 8.637987585609471219e-01
3.333333333333333148e-01 1.041104444000797991e-01 8.881153762801690110e-01
3.333333333333333148e-01 1.065024601336578142e-01 9.157761104854852396e-01
3.333333333333333148e-01 1.083558155152533065e-01 9.393505488315925245e-01
3.333333333333333148e-01 1.102094076373283799e-01 9.670825503635679388e-01
3.333333333333333148e-01 1.126571946472891828e-01 9.905860456773812883e-01
3.333333333333333148e-01 1.151318669863658217e-01 1.018306530277087285e+00
3.333333333333333148e-01 1.170126659907867461e-01 1.041569225993842274e+00
