-1.000000000000000056e-01 2.820502313446993092e-03 2.436654950745403614e+00
-1.000000000000000056e-01 3.079457552920651393e-03 1.598201057007572867e+00
-1.000000000000000056e-01 3.349784080355230464e-03 1.199055024116900903e+00
-1.000000000000000056e-01 3.511524959311681550e-03 9.975255956583399808e-01
-1.000000000000000056e-01 3.665676930132477640e-03 8.355927310259951835e-01
-1.000000000000000056e-01 3.811218985844952445e-03 7.128349399991456004e-01
-1.000000000000000056e-01 3.984267350662078037e-03 6.177117179465132502e-01
-1.000000000000000056e-01 4.191534238407842311e-03 5.463100667834408508e-01
-1.000000000000000056e-01 4.355442065953240433e-03 4.976039461700265676e-01
-1.000000000000000056e-01 4.557531177552604645e-03 4.660208502930293095e-01
-1.000000000000000056e-01 4.757549770869140895e-03 4.501073094857146462e-01
-1.000000000000000056e-01 4.954978937424397295e-03 4.463861324859212942e-01
-1.000000000000000056e-01 5.149302622292222659e-03 4.540222306575196209e-01
-1.000000000000000056e-01 5.397064532075009947e-03 4.701427267701571155e-01
-1.000000000000000056e-01 5.586804403701657942e-03 4.911567465935936516e-01
-1.000000000000000056e-01 5.835508568515093177e-03 5.195693206102687256e-01
-1.000000000000000056e-01 6.085856084640974516e-03 5.551593207590870271e-01
-1.000000000000000056e-01 6.267201575489282118e-03 5.898771811366019246e-01
-1.000000000000000056e-01 6.516491702841505605e-03 6.285921133309929631e-01
-1.000000000000000056e-01 6.766553945817660974e-03 6.702621604580407677e-01
-1.000000000000000056e-01 7.017127345356980600e-03 7.141366767193050302e-01
-1.000000000000000056e-01 7.267951673164106847e-03 7.600017424943666944e-01
-1.000000000000000056e-01 7.607746762113628582e-03 8.076227923246269702e-01
-1.000000000000000056e-01 7.862260250723720686e-03 8.512078647898465578e-01
-1.000000000000000056e-01 8.116329339202511817e-03 8.964609427836643940e-01
-1.000000000000000056e-01 8.369696409770853787e-03 9.444617283264045149e-01
-1.000000000000000056e-01 8.727544265515531710e-03 9.914646145853978076e-01
-1.000000000000000056e-01 8.983029377022975354e-03 1.035231034816085582e+00
-1.000000000000000056e-01 9.237123632803299206e-03 1.084311195846433984e+00
-1.000000000000000056e-01 9.608259008401320508e-03 1.125727075029578916e+00
-1.000000000000000056e-01 9.863342526622541351e-03 1.172514897995259986e+00
-1.000000000000000056e-01 1.024433231084181072e-02 1.213388557115398836e+00
-1.000000000000000056e-01 1.049971054452357097e-02 1.259290817252662231e+00
-1.000000000000000056e-01 1.089019917771650442e-02 1.297586448597050968e+00
-1.000000000000000056e-01 1.128781706396358130e-02 1.341875162196044080e+00
-1.000000000000000056e-01 1.154481244299563822e-02 1.378929315200609684e+00
-1.000000000000000056e-01 1.195148420607329218e-02 1.418173884240256921e+00
-1.000000000000000056e-01 1.220712793729370783e-02 1.459334139031192246e+00
-1.000000000000000056e-01 1.262249948311062325e-02 1.492862490450307167e+00
-1.000000000000000056e-01 1.304482021068265052e-02 1.529844303397800642e+00
-1.000000000000000056e-01 1.329982247696635811e-02 1.568526557523830300e+00
-1.000000000000000056e-01 1.373039971229609441e-02 1.599139061041166432e+00
-1.000000000000000056e-01 1.416783625188163150e-02 1.632352823207911419e+00
-1.000000000000000056e-01 1.461213209572296071e-02 1.667610092438997604e+00
-1.000000000000000056e-01 1.506328724382008377e-02 1.704790076536625065e+00
-1.000000000000000056e-01 1.552130169617300416e-02 1.743570143658570215e+00
-1.000000000000000056e-01 1.598617545278172361e-02 1.783536541938167241e+00
-1.000000000000000056e-01 1.645790851364623691e-02 1.824515112517643534e+00
-1.000000000000000056e-01 1.693650087876654234e-02 1.866325365373404432e+00
-1.000000000000000056e-01 1.742195254814264682e-02 1.908787194623181804e+00
-9.499999999999998723e-02 2.749477865675284665e-03 3.180212921361943668e+00
-9.499999999999998723e-02 3.001912226653817919e-03 2.063374643938980846e+00
-9.499999999999998723e-02 3.265431529631409972e-03 1.413975717870207927e+00
-9.499999999999998723e-02 3.481786786510736049e-03 1.131018658131166532e+00
-9.499999999999998723e-02 3.637150502261816357e-03 9.471306352731496681e-01
-9.499999999999998723e-02 3.818033783639890582e-03 7.999456467253407421e-01
-9.499999999999998723e-02 3.994581356725911483e-03 6.867442362488762608e-01
-9.499999999999998723e-02 4.166036336726809328e-03 5.994290279674523436e-01
-9.499999999999998723e-02 4.331647569366411758e-03 5.358124626227852572e-01
-9.499999999999998723e-02 4.534592787989322714e-03 4.916982521779950099e-01
-9.499999999999998723e-02 4.735718509704747031e-03 4.651634754774561786e-01
-9.499999999999998723e-02 4.934517553753729746e-03 4.512412297775105219e-01
-9.499999999999998723e-02 5.130485318806369925e-03 4.478084745833209590e-01
-9.499999999999998723e-02 5.323119867912917171e-03 4.547937374456532678e-01
-9.499999999999998723e-02 5.570546580461212954e-03 4.726248629818718405e-01
-9.499999999999998723e-02 5.758182346569136814e-03 4.920826932649311480e-01
-9.499999999999998723e-02 6.006156001130113706e-03 5.200987047488818682e-01
-9.499999999999998723e-02 6.255586098178473643e-03 5.544624062803569231e-01
-9.499999999999998723e-02 6.434288317536705076e-03 5.888221745077963920e-01
-9.499999999999998723e-02 6.682319966820216700e-03 6.264310669497188400e-01
-9.499999999999998723e-02 6.930960410436216163e-03 6.669880771857481516e-01
-9.499999999999998723e-02 7.179955712728471745e-03 7.099181099394176186e-01
-9.499999999999998723e-02 7.429052617662515109e-03 7.551194800314331435e-01
-9.499999999999998723e-02 7.768446826485646446e-03 7.980215281973174202e-01
-9.499999999999998723e-02 8.020933312488768424e-03 8.412513088753516000e-01
-9.499999999999998723e-02 8.272844675416602539e-03 8.865926489095374841e-01
-9.499999999999998723e-02 8.523930086570565695e-03 9.352203617799400570e-01
-9.499999999999998723e-02 8.880745202178018036e-03 9.774078872284673869e-01
-9.499999999999998723e-02 9.133691161165980940e-03 1.022419107719844567e+00
-9.499999999999998723e-02 9.500670757244736656e-03 1.068652645731468898e+00
-9.499999999999998723e-02 9.754797512770330484e-03 1.110304950992615725e+00
-9.499999999999998723e-02 1.013159454577022139e-02 1.156847206882982260e+00
-9.499999999999998723e-02 1.038622437480345682e-02 1.196208351521144797e+00
-9.499999999999998723e-02 1.077249240980823926e-02 1.240686308175290131e+00
-9.499999999999998723e-02 1.102694965801623642e-02 1.279645111259955392e+00
-9.499999999999998723e-02 1.142234287745006772e-02 1.320265141471341774e+00
-9.499999999999998723e-02 1.167595400107666707e-02 1.361287527363796990e+00
-9.499999999999998723e-02 1.208012721365479304e-02 1.397143765511605906e+00
-9.499999999999998723e-02 1.249117730997361710e-02 1.437417583935590937e+00
-9.499999999999998723e-02 1.274482947285529404e-02 1.473150294780838809e+00
-9.499999999999998723e-02 1.316422749474003423e-02 1.507370889887947429e+00
-9.499999999999998723e-02 1.359041488857581914e-02 1.544719713095044300e+00
-9.499999999999998723e-02 1.384283868781008113e-02 1.579038967450925535e+00
-9.499999999999998723e-02 1.427694278010880301e-02 1.609699910184190452e+00
-9.499999999999998723e-02 1.471774883032371008e-02 1.642748450680396877e+00
-9.499999999999998723e-02 1.516525683845481275e-02 1.677828513624085138e+00
-9.499999999999998723e-02 1.561946680450210755e-02 1.714488860385601221e+00
-9.499999999999998723e-02 1.608037872846559274e-02 1.752521952708883557e+00
-9.499999999999998723e-02 1.654799261034526486e-02 1.791719194931837400e+00
-9.499999999999998723e-02 1.702230845014112912e-02 1.831866467381622066e+00
-9.047619047619047394e-02 2.926534159361068345e-03 2.661262291430925409e+00
-9.047619047619047394e-02 3.183436488139209600e-03 1.763959052087335611e+00
-9.047619047619047394e-02 3.451145415833447617e-03 1.282417402627566538e+00
-9.047619047619047394e-02 3.638015957691291373e-03 1.066749503398179311e+00
-9.047619047619047394e-02 3.788877817880766542e-03 8.991817607320529149e-01
-9.047619047619047394e-02 3.966217833315785479e-03 7.658196329966773241e-01
-9.047619047619047394e-02 4.138790164789187334e-03 6.620744759210632768e-01
-9.047619047619047394e-02 4.305860218874036846e-03 5.832219577889892204e-01
-9.047619047619047394e-02 4.509442320423424563e-03 5.268603075936351132e-01
-9.047619047619047394e-02 4.665994144154667067e-03 4.870774273422535661e-01
-9.047619047619047394e-02 4.863134822644010063e-03 4.618775126431599598e-01
-9.047619047619047394e-02 5.057628332699378240e-03 4.507527264535770573e-01
-9.047619047619047394e-02 5.303006538343845930e-03 4.506203769468734022e-01
-9.047619047619047394e-02 5.493746540606735465e-03 4.563191487758060938e-01
-9.047619047619047394e-02 5.680450801694307376e-03 4.742503010721126899e-01
-9.047619047619047394e-02 5.925962182805437350e-03 4.935689036182642209e-01
-9.047619047619047394e-02 6.172999620843731654e-03 5.215548145947235259e-01
-9.047619047619047394e-02 6.421313210518259616e-03 5.550774873547812405e-01
-9.047619047619047394e-02 6.597210653147366974e-03 5.884651184224759524e-01
-9.047619047619047394e-02 6.843798250210165850e-03 6.252533450310727714e-01
-9.047619047619047394e-02 7.090837105206439922e-03 6.649384130909848922e-01
-9.047619047619047394e-02 7.338080062349535554e-03 7.071018940391260443e-01
-9.047619047619047394e-02 7.673318215209130183e-03 7.496797506753989371e-01
-9.047619047619047394e-02 7.924074140089139642e-03 7.909096187531176048e-01
-9.047619047619047394e-02 8.174373821631188836e-03 8.337347235516371358e-01
-9.047619047619047394e-02 8.423972327202494323e-03 8.791458275693539992e-01
-9.047619047619047394e-02 8.776603171106336573e-03 9.249777902467388735e-01
-9.047619047619047394e-02 9.028222996497605596e-03 9.663335379087201193e-01
-9.047619047619047394e-02 9.278486825205418606e-03 1.012434262108018679e+00
-9.047619047619047394e-02 9.643943044186474231e-03 1.054650044588226754e+00
-9.047619047619047394e-02 9.895155894045199949e-03 1.097922042811259491e+00
-9.047619047619047394e-02 1.027013307388774388e-02 1.140611035256593464e+00
-9.047619047619047394e-02 1.052163509561257655e-02 1.182336865735740927e+00
-9.047619047619047394e-02 1.090579614155019229e-02 1.223117469924977163e+00
-9.047619047619047394e-02 1.115692941117304472e-02 1.264979281518705756e+00
-9.047619047619047394e-02 1.154993780144164886e-02 1.302380580365652296e+00
-9.047619047619047394e-02 1.194974885464173547e-02 1.345111524472084596e+00
-9.047619047619047394e-02 1.220156615372751559e-02 1.379631308138009160e+00
-9.047619047619047394e-02 1.260980338934438588e-02 1.416906433957354716e+00
-9.047619047619047394e-02 1.285969189371651521e-02 1.456782537899539154e+00
-9.047619047619047394e-02 1.327602005090645215e-02 1.488360649379504519e+00
-9.047619047619047394e-02 1.369898051762439596e-02 1.523228513964750785e+00
-9.047619047619047394e-02 1.412857329387035010e-02 1.560744761540667103e+00
-9.047619047619047394e-02 1.437804446639831535e-02 1.590451440264841310e+00
-9.047619047619047394e-02 1.481522342047323498e-02 1.621414155836037985e+00
-9.047619047619047394e-02 1.525894964275078050e-02 1.654371137517154366e+00
-9.047619047619047394e-02 1.570922313323093802e-02 1.689080388728827042e+00
-9.047619047619047394e-02 1.616604389191371796e-02 1.725304495854918407e+00
-9.047619047619047394e-02 1.662941191879912031e-02 1.762793919448283342e+00
-8.636363636363636465e-02 2.853528277309210458e-03 3.377346097155683680e+00
-8.636363636363636465e-02 3.104021871354620179e-03 2.235167746732085625e+00
-8.636363636363636465e-02 3.365052480828324526e-03 1.532136492066252798e+00
-8.636363636363636465e-02 3.606925322254852986e-03 1.197405100951767221e+00
-8.636363636363636465e-02 3.790857681261915711e-03 1.008944033861619571e+00
-8.636363636363636465e-02 3.936902171544408822e-03 8.545062946163044515e-01
-8.636363636363636465e-02 4.110401581254535461e-03 7.334931141191453063e-01
-8.636363636363636465e-02 4.278723965438274365e-03 6.391850491868362738e-01
-8.636363636363636465e-02 4.441156032330559160e-03 5.698626265718447215e-01
-8.636363636363636465e-02 4.641201225527557747e-03 5.157410267078166299e-01
-8.636363636363636465e-02 4.839329259888182876e-03 4.803083053808167580e-01
-8.636363636363636465e-02 5.035058714586954087e-03 4.588809834585947378e-01
-8.636363636363636465e-02 5.227910387472246671e-03 4.490827556172106716e-01
-8.636363636363636465e-02 5.417407368303182175e-03 4.507176935810439100e-01
-8.636363636363636465e-02 5.661627972694816859e-03 4.590344570126156376e-01
-8.636363636363636465e-02 5.846075457998404015e-03 4.750266202135448590e-01
-8.636363636363636465e-02 6.090665356332642527e-03 4.957574228356848023e-01
-8.636363636363636465e-02 6.336601075199317125e-03 5.239459127358490065e-01
-8.636363636363636465e-02 6.512148129876263979e-03 5.560677944323265676e-01
-8.636363636363636465e-02 6.756605531091167301e-03 5.886808670298845358e-01
-8.636363636363636465e-02 7.001603764577664542e-03 6.248441444416842350e-01
-8.636363636363636465e-02 7.246901619798909282e-03 6.638184859128839488e-01
-8.636363636363636465e-02 7.492258468237187642e-03 7.052923431515968344e-01
-8.636363636363636465e-02 7.826897212179476440e-03 7.452607175939995887e-01
-8.636363636363636465e-02 8.075475344325228413e-03 7.857132606614734005e-01
-8.636363636363636465e-02 8.323469538132063222e-03 8.281576672545614137e-01
-8.636363636363636465e-02 8.570641243017769473e-03 8.735197472635580773e-01
-8.636363636363636465e-02 8.922057256457633506e-03 9.158557882608890921e-01
-8.636363636363636465e-02 9.170997961297873077e-03 9.576821809862443580e-01
-8.636363636363636465e-02 9.418478407318259943e-03 1.004654053108635203e+00
-8.636363636363636465e-02 9.782284495000259997e-03 1.043329951201694028e+00
-8.636363636363636465e-02 1.003048971070069108e-02 1.088021753120609114e+00
-8.636363636363636465e-02 1.040352782453995116e-02 1.127385403533961217e+00
-8.636363636363636465e-02 1.065181519020840656e-02 1.171005636765003022e+00
-8.636363636363636465e-02 1.103375721692373933e-02 1.208587522502922562e+00
-8.636363636363636465e-02 1.142242680535863336e-02 1.252905479431452695e+00
-8.636363636363636465e-02 1.167200426888374484e-02 1.287426733727901285e+00
-8.636363636363636465e-02 1.206916717901727540e-02 1.327285870159948145e+00
-8.636363636363636465e-02 1.231730295150625966e-02 1.364919968014091767e+00
-8.636363636363636465e-02 1.272263222670914386e-02 1.399631014785882810e+00
-8.636363636363636465e-02 1.313452312373282992e-02 1.438252478775826182e+00
-8.636363636363636465e-02 1.338185889003739096e-02 1.472308810488363040e+00
-8.636363636363636465e-02 1.380150689993905541e-02 1.504713886961267511e+00
-8.636363636363636465e-02 1.422763368613393434e-02 1.540084005565645953e+00
-8.636363636363636465e-02 1.447296594579806396e-02 1.574087600274118870e+00
-8.636363636363636465e-02 1.490644131920389713e-02 1.602960131259923982e+00
-8.636363636363636465e-02 1.534631270750907821e-02 1.633982179361987752e+00
-8.636363636363636465e-02 1.579258011071360893e-02 1.666886906936641655e+00
-8.636363636363636465e-02 1.624524352881748582e-02 1.701388052972300668e+00
-8.260869565217392185e-02 3.027307199353012745e-03 2.815261429134018112e+00
-8.260869565217392185e-02 3.281886540627561733e-03 1.892892542986094551e+00
-8.260869565217392185e-02 3.546742479164569865e-03 1.361832087279937653e+00
-8.260869565217392185e-02 3.759694364041147110e-03 1.123550098192283020e+00
-8.260869565217392185e-02 3.907065540318590581e-03 9.519566979569996645e-01
-8.260869565217392185e-02 4.081332519507843010e-03 8.129995375408824998e-01
-8.260869565217392185e-02 4.250732115871639662e-03 7.031067206295350536e-01
-8.260869565217392185e-02 4.414566657495043629e-03 6.183784308873003788e-01
-8.260869565217392185e-02 4.615200715159368215e-03 5.536679982400862787e-01
-8.260869565217392185e-02 4.814142763773438145e-03 5.091987023820574443e-01
-8.260869565217392185e-02 4.962503874564912730e-03 4.769662579872385733e-01
-8.260869565217392185e-02 5.153862298069106229e-03 4.593003777642280516e-01
-8.260869565217392185e-02 5.396121840961613965e-03 4.500593722131385199e-01
-8.260869565217392185e-02 5.583611212877991753e-03 4.507329813744619385e-01
-8.260869565217392185e-02 5.827134179951150642e-03 4.632461859009984195e-01
-8.260869565217392185e-02 6.009194930876331567e-03 4.766523358809086064e-01
-8.260869565217392185e-02 6.252722872118367595e-03 4.988360875971050712e-01
-8.260869565217392185e-02 6.497423427886424643e-03 5.272594848302318837e-01
-8.260869565217392185e-02 6.670089125637474088e-03 5.570335647622637332e-01
-8.260869565217392185e-02 6.912995691124026836e-03 5.894284839478090010e-01
-8.260869565217392185e-02 7.156291036505160394e-03 6.250830595692479230e-01
-8.260869565217392185e-02 7.399740260229530769e-03 6.634045635326939472e-01
-8.260869565217392185e-02 7.730246715216397037e-03 7.041370819739429798e-01
-8.260869565217392185e-02 7.977029096213656897e-03 7.423608282805757019e-01
-8.260869565217392185e-02 8.223337792978489130e-03 7.820824716812314614e-01
-8.260869565217392185e-02 8.468939816490349271e-03 8.240692062956380681e-01
-8.260869565217392185e-02 8.713602757591611819e-03 8.693106726852444233e-01
-8.260869565217392185e-02 9.063703758813058606e-03 9.088186578590685682e-01
-8.260869565217392185e-02 9.309892194870347457e-03 9.509469780067408839e-01
-8.260869565217392185e-02 9.669503939961278383e-03 9.954362991140048855e-01
-8.260869565217392185e-02 9.916588968394536921e-03 1.034238994677835199e+00
-8.260869565217392185e-02 1.028539106591752107e-02 1.080094569303007956e+00
-8.260869565217392185e-02 1.053274540483467060e-02 1.116486085951378326e+00
-8.260869565217392185e-02 1.091041794749173822e-02 1.160949846647326700e+00
-8.260869565217392185e-02 1.115741596812096920e-02 1.196659636041260244e+00
-8.260869565217392185e-02 1.154363953970151055e-02 1.238069243021083343e+00
-8.260869565217392185e-02 1.178965729998105935e-02 1.275014486247204815e+00
-8.260869565217392185e-02 1.218411298250376279e-02 1.312143752917324990e+00
-8.260869565217392185e-02 1.242852826188674265e-02 1.352713893346186635e+00
-8.260869565217392185e-02 1.283089764294342502e-02 1.384983770651733614e+00
-8.260869565217392185e-02 1.323967696345213461e-02 1.421281700826358962e+00
-8.260869565217392185e-02 1.348305515878873116e-02 1.458587178456129729e+00
-8.260869565217392185e-02 1.389934962609275411e-02 1.488930509434431837e+00
-8.260869565217392185e-02 1.432197338039103464e-02 1.522291684979534709e+00
-8.260869565217392185e-02 1.475092642168357449e-02 1.558126892394502860e+00
-8.260869565217392185e-02 1.499288282474278526e-02 1.587024852110180184e+00
-8.260869565217392185e-02 1.542887256457611128e-02 1.616277320475250967e+00
-8.260869565217392185e-02 1.587111101729304224e-02 1.647472157923040470e+00
-7.916666666666666297e-02 2.953338890096295077e-03 3.493210890473708474e+00
-7.916666666666666297e-02 3.201697916680022130e-03 2.354134939875748955e+00
-7.916666666666666297e-02 3.460082445254285006e-03 1.626066394943809446e+00
-7.916666666666666297e-02 3.728492475819081969e-03 1.247566388181649666e+00
-7.916666666666666297e-02 3.877034861519366819e-03 1.057405610687208286e+00
-7.916666666666666297e-02 4.051935178313255219e-03 8.999688974782005246e-01
-7.916666666666666297e-02 4.222262843882269683e-03 7.744391782258527313e-01
-7.916666666666666297e-02 4.387335493055817548e-03 6.748012387439443760e-01
-7.916666666666666297e-02 4.546475072515082823e-03 6.000067025357972428e-01
-7.916666666666666297e-02 4.743506017641252806e-03 5.396014230363606057e-01
-7.916666666666666297e-02 4.938526475468862573e-03 4.979050322489163016e-01
-7.916666666666666297e-02 5.131078963273654273e-03 4.703088429775295065e-01
-7.916666666666666297e-02 5.320707925205874628e-03 4.546317416211000384e-01
-7.916666666666666297e-02 5.506959795942195472e-03 4.506980199661475006e-01
-7.916666666666666297e-02 5.747879262652338256e-03 4.528923659429792137e-01
-7.916666666666666297e-02 5.929028045517805053e-03 4.638504351094002165e-01
-7.916666666666666297e-02 6.170141963670167616e-03 4.794232886365422663e-01
-7.916666666666666297e-02 6.412493286446254749e-03 5.029185473071364765e-01
-7.916666666666666297e-02 6.584762339487521508e-03 5.300878585962655043e-01
-7.916666666666666297e-02 6.825551565040379950e-03 5.584955186279828565e-01
-7.916666666666666297e-02 7.066812927100821033e-03 5.907184974190312632e-01
-7.916666666666666297e-02 7.308317073945492896e-03 6.258805495083591408e-01
-7.916666666666666297e-02 7.549835157079447072e-03 6.636395092991415057e-01
-7.916666666666666297e-02 7.879680202231278616e-03 7.035168842863726013e-01
-7.916666666666666297e-02 8.124250364532403790e-03 7.407537790622263918e-01
-7.916666666666666297e-02 8.368223048270891778e-03 7.796942346933802837e-01
-7.916666666666666297e-02 8.611371200841490617e-03 8.211696030428726756e-01
-7.916666666666666297e-02 8.957364673710962663e-03 8.656428729901515240e-01
-7.916666666666666297e-02 9.202184125180874752e-03 9.034602477281218347e-01
-7.916666666666666297e-02 9.445572089449806238e-03 9.456760165898846493e-01
-7.916666666666666297e-02 9.803512279784027880e-03 9.875604772632303741e-01
-7.916666666666666297e-02 1.004757829329469034e-02 1.027009770745640038e+00
-7.916666666666666297e-02 1.041443079779769305e-02 1.070088920656452336e+00
-7.916666666666666297e-02 1.065856357827422995e-02 1.107577764235222251e+00
-7.916666666666666297e-02 1.103401678408892118e-02 1.149494657873656234e+00
-7.916666666666666297e-02 1.127760659889642976e-02 1.186719990936976554e+00
-7.916666666666666297e-02 1.166134935232391624e-02 1.225660326029886171e+00
-7.916666666666666297e-02 1.190378805011576072e-02 1.264571477319601955e+00
-7.916666666666666297e-02 1.229550966332266376e-02 1.299438758586726861e+00
-7.916666666666666297e-02 1.269357261243137490e-02 1.339049969285288633e+00
-7.916666666666666297e-02 1.293558096475131043e-02 1.372602921417277466e+00
-7.916666666666666297e-02 1.334123393519333865e-02 1.406606896143461904e+00
-7.916666666666666297e-02 1.375314961816148651e-02 1.444193425499638916e+00
-7.916666666666666297e-02 1.399358196112562847e-02 1.475458548811124260e+00
-7.916666666666666297e-02 1.441269945152815098e-02 1.506828686682466056e+00
-7.916666666666666297e-02 1.483800110342554761e-02 1.540798776228286870e+00
-7.916666666666666297e-02 1.507571492033126306e-02 1.573291712664764308e+00
-7.916666666666666297e-02 1.550783079996306997e-02 1.600874161157489262e+00
-7.599999999999999811e-02 3.124481283477822946e-03 2.906369185548694389e+00
-7.599999999999999811e-02 3.376634248710616223e-03 1.983194263354334685e+00
-7.599999999999999811e-02 3.638570926880130632e-03 1.427286489979358031e+00
-7.599999999999999811e-02 3.878665238821896611e-03 1.168817828571673711e+00
-7.599999999999999811e-02 4.022477658926342306e-03 9.938304934707820060e-01
-7.599999999999999811e-02 4.193605864698342865e-03 8.526773065125100581e-01
-7.599999999999999811e-02 4.359774560232461404e-03 7.386359574162797426e-01
-7.599999999999999811e-02 4.520320273552197801e-03 6.487880801347167825e-01
-7.599999999999999811e-02 4.717958625375047281e-03 5.795980375118603423e-01
-7.599999999999999811e-02 4.867839947750994545e-03 5.291616361417493808e-01
-7.599999999999999811e-02 5.058782569995458334e-03 4.915250622204623276e-01
-7.599999999999999811e-02 5.246966489844696532e-03 4.682845273972325861e-01
-7.599999999999999811e-02 5.486085795871000099e-03 4.543069760805571455e-01
-7.599999999999999811e-02 5.670287852124073977e-03 4.494695609074403908e-01
-7.599999999999999811e-02 5.850475289625772964e-03 4.569890383293976344e-01
-7.599999999999999811e-02 6.089186775118766819e-03 4.654037015074882766e-01
-7.599999999999999811e-02 6.329195774189089706e-03 4.835226309535259337e-01
-7.599999999999999811e-02 6.500992633390928824e-03 5.076327192753395945e-01
-7.599999999999999811e-02 6.739658253172727508e-03 5.318595247049993091e-01
-7.599999999999999811e-02 6.978874069621875467e-03 5.605562051996064721e-01
-7.599999999999999811e-02 7.218416098322756255e-03 5.925614854788275876e-01
-7.599999999999999811e-02 7.458060820161153265e-03 6.272772031715028174e-01
-7.599999999999999811e-02 7.697585189700420147e-03 6.644007993975881154e-01
-7.599999999999999811e-02 8.026696810921302161e-03 7.040117377627636008e-01
-7.599999999999999811e-02 8.269002863365713246e-03 7.402243762250251269e-01
-7.599999999999999811e-02 8.510592631143036255e-03 7.783341279937403545e-01
-7.599999999999999811e-02 8.751244758837616045e-03 8.192951510884659561e-01
-7.599999999999999811e-02 9.095934241206070706e-03 8.619807532048312515e-01
-7.599999999999999811e-02 9.338022245810250269e-03 8.994085251304646533e-01
-7.599999999999999811e-02 9.578580872095412979e-03 9.416408918565170039e-01
-7.599999999999999811e-02 9.934812306934668116e-03 9.813951844802830671e-01
-7.599999999999999811e-02 1.017583855723372399e-02 1.021178918681256098e+00
-7.599999999999999811e-02 1.054071349476085918e-02 1.061943856638929207e+00
-7.599999999999999811e-02 1.078161143902437412e-02 1.100415009519965182e+00
-7.599999999999999811e-02 1.115482621288163209e-02 1.139936024531555736e+00
-7.599999999999999811e-02 1.139500137683819789e-02 1.178560044260864803e+00
-7.599999999999999811e-02 1.177625275090952474e-02 1.215149838342071575e+00
-7.599999999999999811e-02 1.201511214593802002e-02 1.255963792487158726e+00
-7.599999999999999811e-02 1.240409732066004994e-02 1.288680685068712028e+00
-7.599999999999999811e-02 1.279927921793377193e-02 1.326208407042372528e+00
-7.599999999999999811e-02 1.303746609360000551e-02 1.361970965484201601e+00
-7.599999999999999811e-02 1.344000282867311401e-02 1.394099314477911689e+00
-7.599999999999999811e-02 1.384865967996710273e-02 1.429813008959655463e+00
-7.599999999999999811e-02 1.408505697336491849e-02 1.463826765311375233e+00
-7.599999999999999811e-02 1.450069028466704872e-02 1.493422225852350405e+00
-7.599999999999999811e-02 1.492236717352942062e-02 1.525693529643888491e+00
-7.599999999999999811e-02 1.535008763995203418e-02 1.560284149927471331e+00
-7.307692307692308098e-02 3.050192699898923721e-03 3.541035520329471442e+00
-7.307692307692308098e-02 3.296350402259951452e-03 2.425004044914780277e+00
-7.307692307692308098e-02 3.552059197128812178e-03 1.693019801273946356e+00
-7.307692307692308098e-02 3.817319084505510236e-03 1.289594495931688289e+00
-7.307692307692308098e-02 3.993163318343187843e-03 1.094062158802044049e+00
-7.307692307692308098e-02 4.164982607583176712e-03 9.373546438057072105e-01
-7.307692307692308098e-02 4.332124081714239239e-03 8.094220989381061271e-01
-7.307692307692308098e-02 4.493938494777018240e-03 7.055301710987593733e-01
-7.307692307692308098e-02 4.649780391490745263e-03 6.251799834890872098e-01
-7.307692307692308098e-02 4.843802520438400191e-03 5.615823745987819082e-01
-7.307692307692308098e-02 5.035725884897846415e-03 5.155788393078795107e-01
-7.307692307692308098e-02 5.225115121253118451e-03 4.830651830880733355e-01
-7.307692307692308098e-02 5.411536553748173828e-03 4.620972735160928657e-01
-7.307692307692308098e-02 5.594558250219525131e-03 4.525541864563077388e-01
-7.307692307692308098e-02 5.832219962601705408e-03 4.516209800100354221e-01
-7.307692307692308098e-02 6.010084083283200387e-03 4.564928107237532506e-01
-7.307692307692308098e-02 6.247771486173539848e-03 4.688308390856102403e-01
-7.307692307692308098e-02 6.486592014142911027e-03 4.892038387817396750e-01
-7.307692307692308098e-02 6.655587840214564725e-03 5.093443064772388285e-01
-7.307692307692308098e-02 6.892761795409899257e-03 5.344355979535395651e-01
-7.307692307692308098e-02 7.130340364578015115e-03 5.632955846984504245e-01
-7.307692307692308098e-02 7.368105177628042277e-03 5.950679508346757851e-01
-7.307692307692308098e-02 7.605838303303333152e-03 6.292197278078247580e-01
-7.307692307692308098e-02 7.843322257123960806e-03 6.657254436500835704e-01
-7.307692307692308098e-02 8.080340009586156613e-03 7.047719173408291127e-01
-7.307692307692308098e-02 8.411652544190344194e-03 7.406262128917757703e-01
-7.307692307692308098e-02 8.650827964814441703e-03 7.779077601212659454e-01
-7.307692307692308098e-02 8.888957228376724931e-03 8.182501477723905792e-01
-7.307692307692308098e-02 9.232309584561523494e-03 8.595056604231091635e-01
-7.307692307692308098e-02 9.471648291852556925e-03 8.964989330605342976e-01
-7.307692307692308098e-02 9.709363700928419841e-03 9.386660026946330726e-01
-7.307692307692308098e-02 1.006386747157265657e-02 9.765330335964426123e-01
-7.307692307692308098e-02 1.030184803992877964e-02 1.016572711557882203e+00
-7.307692307692308098e-02 1.066473576340130035e-02 1.055461902935631580e+00
-7.307692307692308098e-02 1.090240028417107862e-02 1.094525069398178063e+00
-7.307692307692308098e-02 1.127337590451465629e-02 1.132095158904735888e+00
-7.307692307692308098e-02 1.151014454122009992e-02 1.171718756894864599e+00
-7.307692307692308098e-02 1.188891240645334642e-02 1.206442988349034184e+00
-7.307692307692308098e-02 1.227381190747403421e-02 1.246790203495272698e+00
-7.307692307692308098e-02 1.251047158931765414e-02 1.279627695348994898e+00
-7.307692307692308098e-02 1.290279335481594493e-02 1.315102132101807264e+00
-7.307692307692308098e-02 1.313718161716092778e-02 1.353016445057198203e+00
-7.307692307692308098e-02 1.353663088387483011e-02 1.383421226495105572e+00
-7.307692307692308098e-02 1.394206237241835122e-02 1.417296112142548914e+00
-7.307692307692308098e-02 1.417445496232043120e-02 1.453820404153128631e+00
-7.307692307692308098e-02 1.458664499965618352e-02 1.481817924008723919e+00
-7.307692307692308098e-02 1.500474264664756162e-02 1.512513877957518904e+00
-7.037037037037037479e-02 3.219155005592075867e-03 2.944047785380439208e+00
-7.037037037037037479e-02 3.468875498417005755e-03 2.037633432252275778e+00
-7.037037037037037479e-02 3.727923412026570588e-03 1.474951795124295195e+00
-7.037037037037037479e-02 3.964145471953342374e-03 1.200185327473645591e+00
-7.037037037037037479e-02 4.136561568762586912e-03 1.028039808174511682e+00
-7.037037037037037479e-02 4.268011375184025714e-03 8.861141143291366706e-01
-7.037037037037037479e-02 4.467530746800184999e-03 7.697622413043041512e-01
-7.037037037037037479e-02 4.624816513052383039e-03 6.749603994486211844e-01
-7.037037037037037479e-02 4.775797491470954240e-03 6.043243173871971630e-01
-7.037037037037037479e-02 4.966056972431238774e-03 5.464627225859399751e-01
-7.037037037037037479e-02 5.153929352562528453e-03 5.049582091934973205e-01
-7.037037037037037479e-02 5.338990690832714874e-03 4.770145577097253398e-01
-7.037037037037037479e-02 5.520818665485298198e-03 4.617520487513229188e-01
-7.037037037037037479e-02 5.756020973849709788e-03 4.512950726095246168e-01
-7.037037037037037479e-02 5.932984003660280066e-03 4.524239335900415715e-01
-7.037037037037037479e-02 6.168380849756213528e-03 4.586164845787635835e-01
-7.037037037037037479e-02 6.404967996467298558e-03 4.743905125070723705e-01
-7.037037037037037479e-02 6.573525485973768373e-03 4.907825867158306932e-01
-7.037037037037037479e-02 6.808672884664433711e-03 5.122036235792966075e-01
-7.037037037037037479e-02 7.044298683656522939e-03 5.379377013811676989e-01
-7.037037037037037479e-02 7.280189482168436532e-03 5.668688133970596343e-01
-7.037037037037037479e-02 7.516132286784244811e-03 5.982321380745159178e-01
-7.037037037037037479e-02 7.751914518763411074e-03 6.317931549230871857e-01
-7.037037037037037479e-02 7.987324021584737976e-03 6.675695458148089845e-01
-7.037037037037037479e-02 8.222149068735027863e-03 7.059042396525173624e-01
-7.037037037037037479e-02 8.552504112594262742e-03 7.419205503919881206e-01
-7.037037037037037479e-02 8.789245932551837184e-03 7.782743687679933853e-01
-7.037037037037037479e-02 9.024837495656998915e-03 8.178536819411263981e-01
-7.037037037037037479e-02 9.366833938047082475e-03 8.581076199033563778e-01
-7.037037037037037479e-02 9.603417248691814914e-03 8.946007385854694016e-01
-7.037037037037037479e-02 9.838287158977540581e-03 9.364581758763490527e-01
-7.037037037037037479e-02 1.019105851952100024e-02 9.728433102098946739e-01
-7.037037037037037479e-02 1.042599886958630630e-02 1.013094638216932575e+00
-7.037037037037037479e-02 1.078690380780960092e-02 1.050220105758183475e+00
-7.037037037037037479e-02 1.102134750691960950e-02 1.089846244820406485e+00
-7.037037037037037479e-02 1.139009725447748256e-02 1.125544159439554992e+00
-7.037037037037037479e-02 1.162347850438870747e-02 1.166196736856627947e+00
-7.037037037037037479e-02 1.199978467298622349e-02 1.199142255291425041e+00
-7.037037037037037479e-02 1.238208558141657561e-02 1.237721050537383460e+00
-7.037037037037037479e-02 1.261511358170996043e-02 1.271854415693354223e+00
-7.037037037037037479e-02 1.300461002199222726e-02 1.305699844473529270e+00
-7.037037037037037479e-02 1.340002831554762235e-02 1.343728285412544299e+00
-7.037037037037037479e-02 1.363163765732473658e-02 1.374188131290366321e+00
-7.037037037037037479e-02 1.403389110285205819e-02 1.406445088485191119e+00
-7.037037037037037479e-02 1.444199357402485388e-02 1.441810075720393103e+00
-7.037037037037037479e-02 1.467112141819226084e-02 1.471759391949063467e+00
-6.785714285714285199e-02 3.144953397504714719e-03 3.533559590645336534e+00
-6.785714285714285199e-02 3.388917826360127866e-03 2.454622320360245524e+00
-6.785714285714285199e-02 3.641994678704200440e-03 1.733854600358671227e+00
-6.785714285714285199e-02 3.904183954536928104e-03 1.321510267479732104e+00
-6.785714285714285199e-02 4.108470066430892388e-03 1.124333315679771239e+00
-6.785714285714285199e-02 4.241574499673896569e-03 9.658203774979863265e-01
-6.785714285714285199e-02 4.403321434292565423e-03 8.366944389369878055e-01
-6.785714285714285199e-02 4.599861995536111241e-03 7.331730032409581321e-01
-6.785714285714285199e-02 4.752462866241697129e-03 6.470678828506246649e-01
-6.785714285714285199e-02 4.943549419975623062e-03 5.823629764333996262e-01
-6.785714285714285199e-02 5.132454206659898231e-03 5.336208522170382551e-01
-6.785714285714285199e-02 5.318762251980286779e-03 4.971774449054059408e-01
-6.785714285714285199e-02 5.502060071453448650e-03 4.714103767326542349e-01
-6.785714285714285199e-02 5.681935719555389168e-03 4.562022023165408502e-01
-6.785714285714285199e-02 5.857978841710310622e-03 4.529468835392744253e-01
-6.785714285714285199e-02 6.091123766555866029e-03 4.526660732669444687e-01
-6.785714285714285199e-02 6.325512518235034028e-03 4.635888318791379081e-01
-6.785714285714285199e-02 6.493590490152575251e-03 4.760154439245863900e-01
-6.785714285714285199e-02 6.726735429096487688e-03 4.937143207349182772e-01
-6.785714285714285199e-02 6.960428310530538190e-03 5.163489688206583939e-01
-6.785714285714285199e-02 7.194460525881661746e-03 5.425427071702014770e-01
-6.785714285714285199e-02 7.428623845448135629e-03 5.712979351218068214e-01
-6.785714285714285199e-02 7.662710425139200414e-03 6.021687776016630966e-01
-6.785714285714285199e-02 7.896512813428577596e-03 6.350024399282954146e-01
-6.785714285714285199e-02 8.129823958531356282e-03 6.699706916719296856e-01
-6.785714285714285199e-02 8.362437215814288657e-03 7.075613242283959048e-01
-6.785714285714285199e-02 8.691812548660148713e-03 7.440108127223036272e-01
-6.785714285714285199e-02 8.926111098301997213e-03 7.792965075783044870e-01
-6.785714285714285199e-02 9.159159524206492500e-03 8.180762081099313132e-01
-6.785714285714285199e-02 9.499792503433608995e-03 8.576932220313713273e-01
-6.785714285714285199e-02 9.733623424785063302e-03 8.934593852140941816e-01
-6.785714285714285199e-02 9.965654500599337162e-03 9.349598697729020191e-01
-6.785714285714285199e-02 1.031669963935690458e-02 9.702627151539187089e-01
-6.785714285714285199e-02 1.054861392770435266e-02 1.010378294178493563e+00
-6.785714285714285199e-02 1.090755127118793466e-02 1.046174286405732401e+00
-6.785714285714285199e-02 1.113879521455108865e-02 1.085999986191357403e+00
-6.785714285714285199e-02 1.150534297331959679e-02 1.120313532614041208e+00
-6.785714285714285199e-02 1.187782454422416957e-02 1.161169463128222112e+00
-6.785714285714285199e-02 1.210924097823211365e-02 1.193105122904125182e+00
-6.785714285714285199e-02 1.248898036419425137e-02 1.229936808526722380e+00
-6.785714285714285199e-02 1.271841312853744417e-02 1.265374622055635223e+00
-6.785714285714285199e-02 1.310512931668257608e-02 1.297729668339860032e+00
-6.785714285714285199e-02 1.349763703385370613e-02 1.334120560437344949e+00
-6.785714285714285199e-02 1.372544125576656560e-02 1.366251727278104289e+00
-6.785714285714285199e-02 1.412457407312732102e-02 1.397054981487129366e+00
-6.785714285714285199e-02 1.452942736083461320e-02 1.430974508170346216e+00
-6.551724137931033698e-02 3.312071496967357222e-03 2.938045511329970161e+00
-6.551724137931033698e-02 3.559409636201998559e-03 2.060601168959867557e+00
-6.551724137931033698e-02 3.815653567684038679e-03 1.504713927700824794e+00
-6.551724137931033698e-02 4.048118383358518396e-03 1.224507462224680765e+00
-6.551724137931033698e-02 4.215443406551538236e-03 1.051416700928645032e+00
-6.551724137931033698e-02 4.378187809806085434e-03 9.090362412447179352e-01
-6.551724137931033698e-02 4.535746269897526425e-03 7.921229403879328501e-01
-6.551724137931033698e-02 4.729149842408938813e-03 6.995186851352133139e-01
-6.551724137931033698e-02 4.876925308398265962e-03 6.217601462373094634e-01
-6.551724137931033698e-02 5.064283681856369262e-03 5.628176021024794418e-01
-6.551724137931033698e-02 5.249185840074466550e-03 5.185321628138068739e-01
-6.551724137931033698e-02 5.431227296708711696e-03 4.865467152136079831e-01
-6.551724137931033698e-02 5.610004999701616660e-03 4.660523529377095242e-01
-6.551724137931033698e-02 5.842210033547547143e-03 4.566500330189945944e-01
-6.551724137931033698e-02 6.016054507074024109e-03 4.507783726445249162e-01
-6.551724137931033698e-02 6.248285660577099221e-03 4.566240792367597390e-01
-6.551724137931033698e-02 6.415852294989927117e-03 4.648917922776088507e-01
-6.551724137931033698e-02 6.647025450923490369e-03 4.788284081903957379e-01
-6.551724137931033698e-02 6.878812183246164544e-03 4.983964614665287729e-01
-6.551724137931033698e-02 7.111008502478951936e-03 5.219581084410890304e-01
-6.551724137931033698e-02 7.343410772149029479e-03 5.482825062351015522e-01
-6.551724137931033698e-02 7.575815715014602714e-03 5.767105604493510951e-01
-6.551724137931033698e-02 7.808020419485428749e-03 6.069180356913440599e-01
-6.551724137931033698e-02 8.039822346247603793e-03 6.389030517628569994e-01
-6.551724137931033698e-02 8.271019335101680026e-03 6.730054765351463075e-01
-6.551724137931033698e-02 8.501409612023643272e-03 7.097114828770836326e-01
-6.551724137931033698e-02 8.829792227237717728e-03 7.467945218891918202e-01
-6.551724137931033698e-02 9.061645369730975119e-03 7.809771146892864335e-01
-6.551724137931033698e-02 9.292152566486558754e-03 8.189054934405258779e-01
-6.551724137931033698e-02 9.631423318277017656e-03 8.580411329982264856e-01
-6.551724137931033698e-02 9.862511884897451342e-03 8.930444873468945666e-01
-6.551724137931033698e-02 1.009171765439044986e-02 9.341865093131196396e-01
-6.551724137931033698e-02 1.044105116019479647e-02 9.684638739070363656e-01
-6.551724137931033698e-02 1.066996013121360685e-02 1.008479091797309435e+00
-6.551724137931033698e-02 1.102695323957602301e-02 1.042970021241092171e+00
-6.551724137931033698e-02 1.125502483012449581e-02 1.083096955143412643e+00
-6.551724137931033698e-02 1.161940243616514136e-02 1.116076611734490243e+00
-6.551724137931033698e-02 1.198958475424988061e-02 1.155547324811871057e+00
-6.551724137931033698e-02 1.221758455717972432e-02 1.187981694480079620e+00
-6.551724137931033698e-02 1.259480713730524309e-02 1.223486435799378214e+00
-6.551724137931033698e-02 1.282068693307758002e-02 1.259973271328346911e+00
-6.551724137931033698e-02 1.320467540347459653e-02 1.290883518633803906e+00
-6.551724137931033698e-02 1.359432969972589056e-02 1.325854786663366536e+00
-6.551724137931033698e-02 1.381837878558000304e-02 1.359453685546619939e+00
-6.551724137931033698e-02 1.421445558429710113e-02 1.388940012595632600e+00
-6.333333333333333870e-02 3.238214596805858315e-03 3.482469871241724135e+00
-6.333333333333333870e-02 3.480037266862883848e-03 2.449958777912255137e+00
-6.333333333333333870e-02 3.730567136169096135e-03 1.751540175851289849e+00
-6.333333333333333870e-02 3.989804204724499079e-03 1.342125982317895705e+00
-6.333333333333333870e-02 4.189699754157110746e-03 1.142549148445189733e+00
-6.333333333333333870e-02 4.353355954626539868e-03 9.878749334094161227e-01
-6.333333333333333870e-02 4.512085872457468998e-03 8.584031086606411787e-01
-6.333333333333333870e-02 4.665299456240072119e-03 7.518950014237004709e-01
-6.333333333333333870e-02 4.855422739490531173e-03 6.684396407625651237e-01
-6.333333333333333870e-02 4.998246027267309530e-03 5.991541573815265531e-01
-6.333333333333333870e-02 5.181759935487514034e-03 5.460696535760860559e-01
-6.333333333333333870e-02 5.362555603540468223e-03 5.070394126203014995e-01
-6.333333333333333870e-02 5.540238566887465202e-03 4.805739980591561267e-01
-6.333333333333333870e-02 5.770178028939427183e-03 4.628662419870245293e-01
-6.333333333333333870e-02 5.943193050220594437e-03 4.527635576998101929e-01
-6.333333333333333870e-02 6.173311540472359478e-03 4.533307937629362794e-01
-6.333333333333333870e-02 6.340342692038929313e-03 4.572679004718799289e-01
-6.333333333333333870e-02 6.569579588107897321e-03 4.674129030036935917e-01
-6.333333333333333870e-02 6.799492090123791972e-03 4.839528790839119909e-01
-6.333333333333333870e-02 7.029880659504505330e-03 5.049887762234113175e-01
-6.333333333333333870e-02 7.260546087139917344e-03 5.290564603289007461e-01
-6.333333333333333870e-02 7.491289499150926255e-03 5.552821533405256638e-01
-6.333333333333333870e-02 7.721912362827798235e-03 5.831695549860655969e-01
-6.333333333333333870e-02 7.952216492755629501e-03 6.125409918083956073e-01
-6.333333333333333870e-02 8.182004057135136565e-03 6.435863954925130637e-01
-6.333333333333333870e-02 8.411077584307402252e-03 6.766616533632185959e-01
-6.333333333333333870e-02 8.639239969491870411e-03 7.123260537308422347e-01
-6.333333333333333870e-02 8.966624183993488276e-03 7.502997139529492543e-01
-6.333333333333333870e-02 9.196035687371985692e-03 7.833232081816898784e-01
-6.333333333333333870e-02 9.424009280222713641e-03 8.201987002929166382e-01
-6.333333333333333870e-02 9.761925883167639137e-03 8.591429869874749325e-01
-6.333333333333333870e-02 9.990287516401734347e-03 8.933918573170712696e-01
-6.333333333333333870e-02 1.021668673186757609e-02 9.338478112412058607e-01
-6.333333333333333870e-02 1.056432959943989780e-02 9.675088926901032060e-01
-6.333333333333333870e-02 1.079025893328155496e-02 1.007075688359739374e+00
-6.333333333333333870e-02 1.114533730148420040e-02 1.040739608760229640e+00
-6.333333333333333870e-02 1.137026861508330655e-02 1.080844476568762369e+00
-6.333333333333333870e-02 1.173251378356779395e-02 1.112771741539128501e+00
-6.333333333333333870e-02 1.210043920415966416e-02 1.150861261724066331e+00
-6.333333333333333870e-02 1.232506362239525755e-02 1.183855023726031241e+00
-6.333333333333333870e-02 1.269981962178989149e-02 1.218149132871547469e+00
-6.333333333333333870e-02 1.292219283806130166e-02 1.255388076451379176e+00
-6.333333333333333870e-02 1.330351140913449935e-02 1.285067931460744495e+00
-6.333333333333333870e-02 1.369037459921867289e-02 1.318763687898799608e+00
-6.333333333333333870e-02 1.391072238840448429e-02 1.353637834568397036e+00
-6.129032258064515126e-02 3.403743000790646067e-03 2.897119190713950854e+00
-6.129032258064515126e-02 3.648780402332246851e-03 2.057366600831198156e+00
-6.129032258064515126e-02 3.902334111668344634e-03 1.518081351029874959e+00
-6.129032258064515126e-02 4.164404128798935081e-03 1.238886653612367494e+00
-6.129032258064515126e-02 4.293563899033113820e-03 1.069539561664109240e+00
-6.129032258064515126e-02 4.451208055232836434e-03 9.283741609273303830e-01
-6.129032258064515126e-02 4.643267091839531173e-03 8.130184541012636101e-01
-6.129032258064515126e-02 4.791993262926170019e-03 7.153449136567604505e-01
-6.129032258064515126e-02 4.978706049894545370e-03 6.398492908450609251e-01
-6.129032258064515126e-02 5.116462422962176140e-03 5.794052417787433074e-01
-6.129032258064515126e-02 5.296027053797625235e-03 5.325752452870767817e-01
-6.129032258064515126e-02 5.524494776598684251e-03 4.988240217764492446e-01
-6.129032258064515126e-02 5.700352683041343647e-03 4.731740456221715241e-01
-6.129032258064515126e-02 5.872533745247137532e-03 4.584424265867684811e-01
-6.129032258064515126e-02 6.100587341733004071e-03 4.535521686275812980e-01
-6.129032258064515126e-02 6.267065166143439767e-03 4.530069461091089655e-01
-6.129032258064515126e-02 6.494404811434643064e-03 4.593407651471365094e-01
-6.129032258064515126e-02 6.722478763176109595e-03 4.728962512941773944e-01
-6.129032258064515126e-02 6.879490558940572036e-03 4.900659242820327166e-01
-6.129032258064515126e-02 7.105364383362229412e-03 5.090924681679043218e-01
-6.129032258064515126e-02 7.331325085508357854e-03 5.321373187102010904e-01
-6.129032258064515126e-02 7.557178539155547797e-03 5.584474350378360041e-01
-6.129032258064515126e-02 7.782730946553100514e-03 5.876838666303790815e-01
-6.129032258064515126e-02 8.095430753099994506e-03 6.191341192563168949e-01
-6.129032258064515126e-02 8.323195471443032428e-03 6.490513587216838465e-01
-6.129032258064515126e-02 8.550141428416573736e-03 6.809254855616162505e-01
-6.129032258064515126e-02 8.776075996903031848e-03 7.154713539245161069e-01
-6.129032258064515126e-02 9.000806905521969992e-03 7.535685643011774681e-01
-6.129032258064515126e-02 9.329440180073535552e-03 7.862111677146872424e-01
-6.129032258064515126e-02 9.554892218260906470e-03 8.219887150237249474e-01
-6.129032258064515126e-02 9.891468051225140931e-03 8.610508780023498066e-01
-6.129032258064515126e-02 1.011712226172178757e-02 8.942409688706894899e-01
-6.129032258064515126e-02 1.034073760516905985e-02 9.340900731325599837e-01
-6.129032258064515126e-02 1.068671566085365419e-02 9.670927035174006203e-01
-6.129032258064515126e-02 1.090969467434617368e-02 1.006366942799123532e+00
-6.129032258064515126e-02 1.126289233388689387e-02 1.039207933755929680e+00
-6.129032258064515126e-02 1.148471881540785722e-02 1.079241326674500900e+00
-6.129032258064515126e-02 1.184487351699077193e-02 1.110109566134634962e+00
-6.129032258064515126e-02 1.221058850168584183e-02 1.147225030856459549e+00
-6.129032258064515126e-02 1.243188178978029898e-02 1.180552622257996509e+00
-6.129032258064515126e-02 1.280422527632921713e-02 1.213683942324976783e+00
-6.129032258064515126e-02 1.318206276469173141e-02 1.251422946121301560e+00
-6.129032258064515126e-02 1.340185118483240220e-02 1.280155488126957453e+00
-6.129032258064515126e-02 1.378598903461479737e-02 1.312725515818256916e+00
-5.937500000000000416e-02 3.330391729396379921e-03 3.397658989051437928e+00
-5.937500000000000416e-02 3.570148531040148038e-03 2.417927225167466165e+00
-5.937500000000000416e-02 3.818238112519878238e-03 1.749636185567049473e+00
-5.937500000000000416e-02 4.074660473835567918e-03 1.351930300498258131e+00
-5.937500000000000416e-02 4.270317774280781888e-03 1.154898036490739965e+00
-5.937500000000000416e-02 4.429012862553165578e-03 1.001808366145279461e+00
-5.937500000000000416e-02 4.582642247955165567e-03 8.739154659644956524e-01
-5.937500000000000416e-02 4.730642247371021417e-03 7.697738381435255128e-01
-5.937500000000000416e-02 4.915838799856992770e-03 6.821170447096701617e-01
-5.937500000000000416e-02 5.099022450067912555e-03 6.136885688646511738e-01
-5.937500000000000416e-02 5.279813512693400275e-03 5.600097595896593727e-01
-5.937500000000000416e-02 5.457833462208562698e-03 5.182504133088742249e-01
-5.937500000000000416e-02 5.632704970432337449e-03 4.873688902768917308e-01
-5.937500000000000416e-02 5.804051946222850249e-03 4.676456796119608517e-01
-5.937500000000000416e-02 6.030090237411119512e-03 4.571394947205236203e-01
-5.937500000000000416e-02 6.196002068702285114e-03 4.519786025539776486e-01
-5.937500000000000416e-02 6.421485889924381796e-03 4.544905664326960304e-01
-5.937500000000000416e-02 6.647759638625683198e-03 4.651096609435793616e-01
-5.937500000000000416e-02 6.804625193399862007e-03 4.762280106479983566e-01
-5.937500000000000416e-02 7.028889297572362554e-03 4.923817352616549625e-01
-5.937500000000000416e-02 7.253309456513864356e-03 5.127164254944091004e-01
-5.937500000000000416e-02 7.477695603483628002e-03 5.363070348045330116e-01
-5.937500000000000416e-02 7.701857979117342212e-03 5.626369378100937180e-01
-5.937500000000000416e-02 7.925607136980488895e-03 5.915587000023661002e-01
-5.937500000000000416e-02 8.148753949299309199e-03 6.231203743599085243e-01
-5.937500000000000416e-02 8.463514589560938370e-03 6.552925129549517225e-01
-5.937500000000000416e-02 8.688333020815654228e-03 6.858707818762979080e-01
-5.937500000000000416e-02 8.912043795880767241e-03 7.192140506091936336e-01
-5.937500000000000416e-02 9.134458922270506306e-03 7.561332250166684643e-01
-5.937500000000000416e-02 9.461993121035712842e-03 7.896829029601895034e-01
-5.937500000000000416e-02 9.684939047666762946e-03 8.243799288785391699e-01
-5.937500000000000416e-02 1.002019156135068763e-02 8.635318983317329389e-01
-5.937500000000000416e-02 1.024316092073368316e-02 8.957352221896008881e-01
-5.937500000000000416e-02 1.046401798016817833e-02 9.346270065982609232e-01
-5.937500000000000416e-02 1.080836063702333462e-02 9.674283920582819052e-01
-5.937500000000000416e-02 1.102842126081831839e-02 1.006099857656340912e+00
-5.937500000000000416e-02 1.137977552103724282e-02 1.038377672738593382e+00
-5.937500000000000416e-02 1.173663925646986107e-02 1.077638123910616752e+00
-5.937500000000000416e-02 1.195664414973690755e-02 1.108228069802610349e+00
-5.937500000000000416e-02 1.232019798321155185e-02 1.144455465774482317e+00
-5.937500000000000416e-02 1.253820637686565813e-02 1.177872445655720579e+00
-5.937500000000000416e-02 1.290819396328868676e-02 1.210041641147374669e+00
-5.937500000000000416e-02 1.328356140886657877e-02 1.246714951957973883e+00
-5.937500000000000416e-02 1.349986864451638291e-02 1.276048241021430218e+00
-5.757575757575757874e-02 3.494528391201905723e-03 2.829280745800911934e+00
-5.757575757575757874e-02 3.737363130010302494e-03 2.032996395679380175e+00
-5.757575757575757874e-02 3.988354150122185894e-03 1.517377205366814641e+00
-5.757575757575757874e-02 4.247501451537558093e-03 1.245929336142437061e+00
-5.757575757575757874e-02 4.371329102372288784e-03 1.081378207350395471e+00
-5.757575757575757874e-02 4.562021587878673998e-03 9.428733649352927237e-01
-5.757575757575757874e-02 4.711490258127949173e-03 8.253849409886088173e-01
-5.757575757575757874e-02 4.855030124076214343e-03 7.305492127072623632e-01
-5.757575757575757874e-02 5.036846145532569707e-03 6.519190621626005377e-01
-5.757575757575757874e-02 5.216392272580380393e-03 5.901701301535930977e-01
-5.757575757575757874e-02 5.393297721748568051e-03 5.418247013195938155e-01
-5.757575757575757874e-02 5.567192832424705008e-03 5.052581433406374556e-01
-5.757575757575757874e-02 5.737709103773907561e-03 4.802132556968899957e-01
-5.757575757575757874e-02 5.961782706975592323e-03 4.639516468306483787e-01
-5.757575757575757874e-02 6.127120136805722789e-03 4.540586555142942515e-01
-5.757575757575757874e-02 6.350791139593061664e-03 4.527461817858945414e-01
-5.757575757575757874e-02 6.509720037855006546e-03 4.581946407786868791e-01
-5.757575757575757874e-02 6.731997533888046600e-03 4.657445594623741969e-01
-5.757575757575757874e-02 6.954683359440093707e-03 4.792228484696119950e-01
-5.757575757575757874e-02 7.177591079539177854e-03 4.971003913503903582e-01
-5.757575757575757874e-02 7.400534542278973740e-03 5.182804119101833695e-01
-5.757575757575757874e-02 7.623327883818338015e-03 5.420673538022936500e-01
-5.757575757575757874e-02 7.845785533537378426e-03 5.681603250581224174e-01
-5.757575757575757874e-02 8.067722219356754376e-03 5.964733952251434212e-01
-5.757575757575757874e-02 8.288952973227563248e-03 6.271957421141844957e-01
-5.757575757575757874e-02 8.509293136799279608e-03 6.607861891489849038e-01
-5.757575757575757874e-02 8.825757312867429927e-03 6.915628813638100558e-01
-5.757575757575757874e-02 9.047251429847134527e-03 7.234948882452120200e-01
-5.757575757575757874e-02 9.267361519014296820e-03 7.591583373416855851e-01
-5.757575757575757874e-02 9.593808940020438769e-03 7.938484589216558973e-01
-5.757575757575757874e-02 9.814266769814096458e-03 8.271536739452101106e-01
-5.757575757575757874e-02 1.003284904122212461e-02 8.663341210239849932e-01
-5.757575757575757874e-02 1.036852583109869504e-02 8.975977728135602352e-01
-5.757575757575757874e-02 1.058665228997521940e-02 9.357261317545610968e-01
-5.757575757575757874e-02 1.092939156204515185e-02 9.682753350006160220e-01
-5.757575757575757874e-02 1.114656753483240538e-02 1.006327852803831968e+00
-5.757575757575757874e-02 1.149611799128725208e-02 1.038006611835149418e+00
-5.757575757575757874e-02 1.185106501619262453e-02 1.076692491067122281e+00
-5.757575757575757874e-02 1.206796033936092388e-02 1.106984693001793696e+00
-5.757575757575757874e-02 1.242940412593115593e-02 1.142370380853239276e+00
-5.757575757575757874e-02 1.264417504192553825e-02 1.175795277104896508e+00
-5.757575757575757874e-02 1.301186487525355512e-02 1.207115571579314706e+00
-5.757575757575757874e-02 1.338482453029702160e-02 1.242883215620358861e+00
-5.588235294117646634e-02 3.421780138357674410e-03 3.287782034465108527e+00
-5.588235294117646634e-02 3.659559601889821566e-03 2.364642894345788005e+00
-5.588235294117646634e-02 3.905325551219993117e-03 1.731845056071076305e+00
-5.588235294117646634e-02 4.159077986348191230e-03 1.352456853373288581e+00
-5.588235294117646634e-02 4.350653118987031498e-03 1.161174382835069796e+00
-5.588235294117646634e-02 4.504549991422244701e-03 1.011250199431051655e+00
-5.588235294117646634e-02 4.653252500566701019e-03 8.858315131294125511e-01
-5.588235294117646634e-02 4.837740932900551176e-03 7.817898671064994476e-01
-5.588235294117646634e-02 4.976699170468839792e-03 6.952161227339406224e-01
-5.588235294117646634e-02 5.155024460359230142e-03 6.247790085243445368e-01
-5.588235294117646634e-02 5.330833799072299747e-03 5.693262526331892559e-01
-5.588235294117646634e-02 5.503764928055575496e-03 5.266602647620421962e-01
-5.588235294117646634e-02 5.673456677639872499e-03 4.959937210791227624e-01
-5.588235294117646634e-02 5.895616625926687442e-03 4.738546085416224241e-01
-5.588235294117646634e-02 6.060374746137683205e-03 4.591286468531554643e-01
-5.588235294117646634e-02 6.282276857442372145e-03 4.539965010964429060e-01
-5.588235294117646634e-02 6.440896163046559535e-03 4.539249137324127825e-01
-5.588235294117646634e-02 6.661569562087910068e-03 4.585056924985546623e-01
-5.588235294117646634e-02 6.882710224559353100e-03 4.695013344385628451e-01
-5.588235294117646634e-02 7.104135508529094839e-03 4.851672033090759784e-01
-5.588235294117646634e-02 7.325663037768499752e-03 5.042352898539297357e-01
-5.588235294117646634e-02 7.547110706402026387e-03 5.258300926826330324e-01
-5.588235294117646634e-02 7.768296683701251919e-03 5.494963049340214623e-01
-5.588235294117646634e-02 7.989039419029264275e-03 5.750130840280709421e-01
-5.588235294117646634e-02 8.209157646942024170e-03 6.024507956337085135e-01
-5.588235294117646634e-02 8.428470392453518006e-03 6.321577782338240192e-01
-5.588235294117646634e-02 8.646796976472085478e-03 6.646941257293391692e-01
-5.588235294117646634e-02 8.962504805179896325e-03 6.979461535185528254e-01
-5.588235294117646634e-02 9.181791836329583623e-03 7.283758415273552389e-01
-5.588235294117646634e-02 9.399609889514722039e-03 7.627902889096794814e-01
-5.588235294117646634e-02 9.724985488431604416e-03 7.985091956672385471e-01
-5.588235294117646634e-02 9.942975150423589981e-03 8.305125844026277626e-01
-5.588235294117646634e-02 1.015901483826276916e-02 8.683541392282242422e-01
-5.588235294117646634e-02 1.049332066295346165e-02 9.001037116375766312e-01
-5.588235294117646634e-02 1.070874565813984859e-02 9.371584186667090144e-01
-5.588235294117646634e-02 1.104991537949932649e-02 9.696857368151897694e-01
-5.588235294117646634e-02 1.126424161343007706e-02 1.006840728269128959e+00
-5.588235294117646634e-02 1.161202936678581814e-02 1.038274764780588999e+00
-5.588235294117646634e-02 1.196510483995761286e-02 1.076434507318533962e+00
-5.588235294117646634e-02 1.217893382732187883e-02 1.106229896607891172e+00
-5.588235294117646634e-02 1.253831970729038688e-02 1.140955124108935514e+00
-5.588235294117646634e-02 1.274990112159814053e-02 1.174244742171571154e+00
-5.588235294117646634e-02 1.311535209805218989e-02 1.204860481802646266e+00
-5.428571428571429131e-02 3.351768282429237744e-03 3.790056517842150807e+00
-5.428571428571429131e-02 3.584682622876199029e-03 2.741308539152331747e+00
-5.428571428571429131e-02 3.825420040406873109e-03 1.992185339999728688e+00
-5.428571428571429131e-02 4.073980535021263019e-03 1.505366174484226161e+00
-5.428571428571429131e-02 4.330364106719369194e-03 1.247443868970078862e+00
-5.428571428571429131e-02 4.449006906336369811e-03 1.087260509659066177e+00
-5.428571428571429131e-02 4.635423936688220538e-03 9.502548986087500094e-01
-5.428571428571429131e-02 4.779980965899737443e-03 8.350347358628673611e-01
-5.428571428571429131e-02 4.961384402608736387e-03 7.422490561411574372e-01
-5.428571428571429131e-02 5.095648958455244355e-03 6.635842109136059763e-01
-5.428571428571429131e-02 5.270382086585399979e-03 6.005477010844051389e-01
-5.428571428571429131e-02 5.442363511357984143e-03 5.514040454885564824e-01
-5.428571428571429131e-02 5.611239144259637726e-03 5.148437055491672520e-01
-5.428571428571429131e-02 5.831536412813928018e-03 4.867210324829252532e-01
-5.428571428571429131e-02 5.995713190550917664e-03 4.670755433798510214e-01
-5.428571428571429131e-02 6.215890744272281783e-03 4.581351600344686914e-01
-5.428571428571429131e-02 6.374187148256571858e-03 4.526556835398062861e-01
-5.428571428571429131e-02 6.593293438332389553e-03 4.544057199738091857e-01
-5.428571428571429131e-02 6.812923153995858842e-03 4.631069709420063685e-01
-5.428571428571429131e-02 6.961620944772171048e-03 4.761199990842409635e-01
-5.428571428571429131e-02 7.178816281148660966e-03 4.906049081371229303e-01
-5.428571428571429131e-02 7.395941256516898495e-03 5.092186992092415654e-01
-5.428571428571429131e-02 7.612817799093938610e-03 5.313216407631623506e-01
-5.428571428571429131e-02 7.829268103455792882e-03 5.565168592754324850e-01
-5.428571428571429131e-02 8.131688014077294649e-03 5.832055218664270457e-01
-5.428571428571429131e-02 8.349984455517638765e-03 6.095587037699847777e-01
-5.428571428571429131e-02 8.567379696198512001e-03 6.380842867565006404e-01
-5.428571428571429131e-02 8.783696879286189557e-03 6.693292617043875570e-01
-5.428571428571429131e-02 8.998759436402534173e-03 7.040731039027259275e-01
-5.428571428571429131e-02 9.315745215390547687e-03 7.339996976258662542e-01
-5.428571428571429131e-02 9.531285952094440198e-03 7.668305622988814685e-01
-5.428571428571429131e-02 9.855606709596242271e-03 8.038532631101287240e-01
-5.428571428571429131e-02 1.007114952124826997e-02 8.341895490636446198e-01
-5.428571428571429131e-02 1.028467078711780766e-02 8.709096767947399620e-01
-5.428571428571429131e-02 1.061763351060250431e-02 9.030318425112142666e-01
-5.428571428571429131e-02 1.083038712402408475e-02 9.390181490211295667e-01
-5.428571428571429131e-02 1.117002233019450362e-02 9.714525068955273124e-01
-5.428571428571429131e-02 1.138153441179096809e-02 1.007828660030052337e+00
-5.428571428571429131e-02 1.172760145321255672e-02 1.039058008257331078e+00
-5.428571428571429131e-02 1.207885125495495975e-02 1.076733243523916306e+00
-5.428571428571429131e-02 1.228965743652728725e-02 1.105972898083865008e+00
-5.428571428571429131e-02 1.264703797574884617e-02 1.140114488418793037e+00
-5.428571428571429131e-02 1.285547794193491605e-02 1.173190346848412169e+00
-5.277777777777778456e-02 3.512592681513511134e-03 3.159957303220402469e+00
-5.277777777777778456e-02 3.748488737021550901e-03 2.295464596316201700e+00
-5.277777777777778456e-02 3.992050543225569154e-03 1.701834775640819419e+00
-5.277777777777778456e-02 4.243278100125565458e-03 1.345335843344733995e+00
-5.277777777777778456e-02 4.430924849134325501e-03 1.162249037076739100e+00
-5.277777777777778456e-02 4.580182621341269585e-03 1.016015440870113196e+00
-5.277777777777778456e-02 4.724127053668412436e-03 8.936309200733478786e-01
-5.277777777777778456e-02 4.904208058814633030e-03 7.895680904139006362e-01
-5.277777777777778456e-02 5.038201324064142672e-03 7.063492618605675677e-01
-5.277777777777778456e-02 5.211879225960787398e-03 6.352940106737023918e-01
-5.277777777777778456e-02 5.382926636404392409e-03 5.793279066844989611e-01
-5.277777777777778456e-02 5.550996307309949071e-03 5.366273819960051261e-01
-5.277777777777778456e-02 5.769481449817653526e-03 5.024298329044937228e-01
-5.277777777777778456e-02 5.933077210673886465e-03 4.777914285784042314e-01
-5.277777777777778456e-02 6.151574546876659340e-03 4.650602883657907194e-01
-5.277777777777778456e-02 6.309537738963354528e-03 4.542868785506783968e-01
-5.277777777777778456e-02 6.527114370416883457e-03 4.533429460491374408e-01
-5.277777777777778456e-02 6.678291632719827314e-03 4.589251331496814190e-01
-5.277777777777778456e-02 6.894018318062683851e-03 4.656486994593775908e-01
-5.277777777777778456e-02 7.109914656870602347e-03 4.777179791636086970e-01
-5.277777777777778456e-02 7.325805805846376945e-03 4.939194590394068718e-01
-5.277777777777778456e-02 7.541517167843173573e-03 5.134586342500546685e-01
-5.277777777777778456e-02 7.756874396252689055e-03 5.358029927387579772e-01
-5.277777777777778456e-02 7.971703399531380324e-03 5.607658682404239592e-01
-5.277777777777778456e-02 8.185830345870661814e-03 5.884336469067223963e-01
-5.277777777777778456e-02 8.490264805254445560e-03 6.178570822010682750e-01
-5.277777777777778456e-02 8.705745030620428912e-03 6.449456865986840093e-01
-5.277777777777778456e-02 8.920058791707336648e-03 6.747475993012863604e-01
-5.277777777777778456e-02 9.133033181388007515e-03 7.082162873187158869e-01
-5.277777777777778456e-02 9.449180997760342829e-03 7.401814625274439896e-01
-5.277777777777778456e-02 9.662460421571483771e-03 7.715215466185788573e-01
-5.277777777777778456e-02 9.873938354110916443e-03 8.079749166461389631e-01
-5.277777777777778456e-02 1.019886307929033023e-02 8.385048603176407100e-01
-5.277777777777778456e-02 1.040989090948340155e-02 8.737818103228043309e-01
-5.277777777777778456e-02 1.074153942317010446e-02 9.064706379662554880e-01
-5.277777777777778456e-02 1.095165227983732614e-02 9.411225689421096607e-01
-5.277777777777778456e-02 1.128978871837010151e-02 9.737860883128114375e-01
-5.277777777777778456e-02 1.149852251696583359e-02 1.009197305534682787e+00
-5.277777777777778456e-02 1.184291124560125572e-02 1.040252353946672148e+00
-5.277777777777778456e-02 1.219238149806630735e-02 1.077599793166343023e+00
-5.277777777777778456e-02 1.240020832079582504e-02 1.106143522815689506e+00
-5.277777777777778456e-02 1.275563603712468949e-02 1.139850888480428148e+00
-5.135135135135135420e-02 3.443156099866312436e-03 3.617765430674053206e+00
-5.135135135135135420e-02 3.674388985686405980e-03 2.638947404602484781e+00
-5.135135135135135420e-02 3.913136086407596574e-03 1.939224291374967990e+00
-5.135135135135135420e-02 4.159397402029883783e-03 1.484578355034035901e+00
-5.135135135135135420e-02 4.378294004165663930e-03 1.244186353095519282e+00
-5.135135135135135420e-02 4.526773323362732852e-03 1.087725636029822862e+00
-5.135135135135135420e-02 4.709086077662383817e-03 9.541562695767309421e-01
-5.135135135135135420e-02 4.848901742445799364e-03 8.413365252976776620e-01
-5.135135135135135420e-02 5.025917688388250454e-03 7.487549918753708678e-01
-5.135135135135135420e-02 5.155259709966632069e-03 6.733816149760889491e-01
-5.135135135135135420e-02 5.325389843543347837e-03 6.102792542158437250e-01
-5.135135135135135420e-02 5.542891214127410558e-03 5.611339215932420466e-01
-5.135135135135135420e-02 5.709387941677543897e-03 5.208658078356094290e-01
-5.135135135135135420e-02 5.872404941194315532e-03 4.911732154219984325e-01
-5.135135135135135420e-02 6.031604176237888304e-03 4.735058501883994686e-01
-5.135135135135135420e-02 6.246888294265986498e-03 4.587223330322108827e-01
-5.135135135135135420e-02 6.462972834920742773e-03 4.552194851703956768e-01
-5.135135135135135420e-02 6.614068648990684834e-03 4.542918459761375316e-01
-5.135135135135135420e-02 6.828465125451175198e-03 4.586687604588421951e-01
-5.135135135135135420e-02 7.043090237557651616e-03 4.686201100911879802e-01
-5.135135135135135420e-02 7.257772511259695178e-03 4.827521226981708047e-01
-5.135135135135135420e-02 7.472340704367328411e-03 5.001151439628779283e-01
-5.135135135135135420e-02 7.686623810645352127e-03 5.200406273714668348e-01
-5.135135135135135420e-02 7.900451064035200061e-03 5.422216916385114160e-01
-5.135135135135135420e-02 8.113651943009815570e-03 5.666311468652381889e-01
-5.135135135135135420e-02 8.326056175067340914e-03 5.935002676759857376e-01
-5.135135135135135420e-02 8.537493741369838948e-03 6.231929551512545018e-01
-5.135135135135135420e-02 8.843622565839658750e-03 6.527829187818129375e-01
-5.135135135135135420e-02 9.055940309194624935e-03 6.811027299995814355e-01
-5.135135135135135420e-02 9.266837108713824392e-03 7.129243706110170997e-01
-5.135135135135135420e-02 9.582159474011600619e-03 7.471418016483293290e-01
-5.135135135135135420e-02 9.793194521993391077e-03 7.765897104788331839e-01
-5.135135135135135420e-02 1.000235590699439549e-02 8.116673467159689626e-01
-5.135135135135135420e-02 1.032617878212498813e-02 8.432434603978521404e-01
-5.135135135135135420e-02 1.053473865837175130e-02 8.770933392983145671e-01
-5.135135135135135420e-02 1.086510248518740562e-02 9.102373519641158151e-01
-5.135135135135135420e-02 1.107260543611845657e-02 9.436848648940511231e-01
-5.135135135135135420e-02 1.140927918022596396e-02 9.765703311325504288e-01
-5.135135135135135420e-02 1.161527054196405742e-02 1.010865893264250026e+00
-5.135135135135135420e-02 1.195802338749076162e-02 1.041887185783899827e+00
-5.135135135135135420e-02 1.216204926447496219e-02 1.078631601973602416e+00
-5.135135135135135420e-02 1.251065061730078851e-02 1.106754304004141209e+00
-5.000000000000000278e-02 3.602984594055506223e-03 3.020080926907487306e+00
-5.000000000000000278e-02 3.837092122987469881e-03 2.215066561133780976e+00
-5.000000000000000278e-02 4.078567843101840902e-03 1.662794435116309977e+00
-5.000000000000000278e-02 4.327411754398620587e-03 1.332637993874849602e+00
-5.000000000000000278e-02 4.511278187028882475e-03 1.158962826951932312e+00
-5.000000000000000278e-02 4.656049153546976127e-03 1.016647207256553331e+00
-5.000000000000000278e-02 4.795396523288124151e-03 8.972914847423456575e-01
-5.000000000000000278e-02 4.971252880727909662e-03 7.948782186947456196e-01
-5.000000000000000278e-02 5.145095371640291161e-03 7.117633658208686320e-01
-5.000000000000000278e-02 5.316588638807839655e-03 6.435303885223506715e-01
-5.000000000000000278e-02 5.485398172820372432e-03 5.873080453316031901e-01
-5.000000000000000278e-02 5.651190339169104640e-03 5.419192883501641189e-01
-5.000000000000000278e-02 5.813632406851737197e-03 5.071223785908861581e-01
-5.000000000000000278e-02 5.972392578605593104e-03 4.839700550990225780e-01
-5.000000000000000278e-02 6.186176429585579610e-03 4.658695998543135874e-01
-5.000000000000000278e-02 6.339161334616040880e-03 4.583913876011705413e-01
-5.000000000000000278e-02 6.551804814218379833e-03 4.527955905827957817e-01
-5.000000000000000278e-02 6.764901814789015151e-03 4.550702735375907193e-01
-5.000000000000000278e-02 6.978283900761071690e-03 4.631914993005040726e-01
-5.000000000000000278e-02 7.191782851519550913e-03 4.755850003371482893e-01
-5.000000000000000278e-02 7.329758829063427739e-03 4.903111605160302422e-01
-5.000000000000000278e-02 7.540053524912243565e-03 5.081568779067312525e-01
-5.000000000000000278e-02 7.831301989386054568e-03 5.289270527374949626e-01
-5.000000000000000278e-02 8.043590624500305403e-03 5.505785107207301632e-01
-5.000000000000000278e-02 8.255158379579579861e-03 5.741473915040972154e-01
-5.000000000000000278e-02 8.465838405801538041e-03 5.999105753411985154e-01
-5.000000000000000278e-02 8.675464097831804208e-03 6.283574940779215190e-01
-5.000000000000000278e-02 8.883869098438263584e-03 6.602787692488893967e-01
-5.000000000000000278e-02 9.191391885296473427e-03 6.882054302634862397e-01
-5.000000000000000278e-02 9.400222630240798530e-03 7.184622942910243726e-01
-5.000000000000000278e-02 9.607388133444477382e-03 7.532235053139146874e-01
-5.000000000000000278e-02 9.923541408561059249e-03 7.823855067736351643e-01
-5.000000000000000278e-02 1.013040649193589285e-02 8.157440247816687418e-01
-5.000000000000000278e-02 1.045315091695498376e-02 8.485182130324623317e-01
-5.000000000000000278e-02 1.065926855478093599e-02 8.806789488952450062e-01
-5.000000000000000278e-02 1.098837753435598363e-02 9.145624283544049327e-01
-5.000000000000000278e-02 1.119330140740889233e-02 9.466127669534704081e-01
-5.000000000000000278e-02 1.152854855200880803e-02 9.797405497283295794e-01
-5.000000000000000278e-02 1.173183306205742571e-02 1.012878806950223476e+00
-5.000000000000000278e-02 1.207299219097779375e-02 1.043890476288783509e+00
-5.000000000000000278e-02 1.227419247579864502e-02 1.079767180496977730e+00
