-6.666666666666667095e-03 5.957144165025930575e-03 1.038081027877171048e+00
-6.666666666666667095e-03 6.115802109199933861e-03 9.218032880985718158e-01
-6.666666666666667095e-03 6.319064180337325906e-03 8.192778334146728625e-01
-6.666666666666667095e-03 6.519720367700983059e-03 7.339942985758765026e-01
-6.666666666666667095e-03 6.717410013552248781e-03 6.625060163791854917e-01
-6.666666666666667095e-03 6.911772583596219148e-03 6.043329724398002201e-01
-6.666666666666667095e-03 7.102447671129248977e-03 5.580966147512340658e-01
-6.666666666666667095e-03 7.354012033757435264e-03 5.187154543907983584e-01
-6.666666666666667095e-03 7.539054150369770349e-03 4.896638187462086234e-01
-6.666666666666667095e-03 7.790034157659964445e-03 4.679939478601816694e-01
-6.666666666666667095e-03 7.968241701777926608e-03 4.548598465075826547e-01
-6.666666666666667095e-03 8.217675214937006367e-03 4.444474668030035658e-01
-6.666666666666667095e-03 8.467507953318638425e-03 4.415285612482799382e-01
-6.666666666666667095e-03 8.717559433071196684e-03 4.444516330895767475e-01
-6.666666666666667095e-03 8.967649200945636279e-03 4.486841115699211069e-01
-6.666666666666667095e-03 9.217596834844063447e-03 4.574210101437320430e-01
-6.666666666666667095e-03 9.467221944385349058e-03 4.680808497594163287e-01
-6.666666666666667095e-03 9.716344171488346115e-03 4.822928304412311129e-01
-6.666666666666667095e-03 9.964783190973595939e-03 4.986141817049883906e-01
-6.666666666666667095e-03 1.021235871118427417e-02 5.174253357636835471e-01
-6.666666666666667095e-03 1.045889047462720579e-02 5.386362068392358537e-01
-6.666666666666667095e-03 1.070419825863488071e-02 5.638075241218982736e-01
-6.666666666666667095e-03 1.106172524375326378e-02 5.900742079817130614e-01
-6.666666666666667095e-03 1.130776923622426461e-02 6.138950242196637985e-01
-6.666666666666667095e-03 1.155210851704006371e-02 6.416476353912703434e-01
-6.666666666666667095e-03 1.191954834071305702e-02 6.725816752364813800e-01
-6.666666666666667095e-03 1.216384209398262313e-02 6.996674915651296400e-01
-6.666666666666667095e-03 1.240595061659948567e-02 7.324904505422212830e-01
-6.666666666666667095e-03 1.278258049547667530e-02 7.610813640734999108e-01
-6.666666666666667095e-03 1.302386205042503978e-02 7.926772554439583951e-01
-6.666666666666667095e-03 1.340760173685341151e-02 8.235848695900379601e-01
-6.666666666666667095e-03 1.364757540450315179e-02 8.565449458560195906e-01
-6.666666666666667095e-03 1.403818396265758654e-02 8.870081255130779496e-01
-6.666666666666667095e-03 1.427636892581787310e-02 9.218586129162947840e-01
-6.666666666666667095e-03 1.467360544921455720e-02 9.521112755102046910e-01
-6.666666666666667095e-03 1.507629290260639569e-02 9.880618132561819200e-01
-6.666666666666667095e-03 1.531314460728663319e-02 1.016923576258150552e+00
-6.666666666666667095e-03 1.572215885177994515e-02 1.049426502889792223e+00
-6.666666666666667095e-03 1.595607998482299894e-02 1.082827057778487534e+00
-6.666666666666667095e-03 1.637118017844582663e-02 1.112084772731693816e+00
-6.666666666666667095e-03 1.679161071163363592e-02 1.146303015008252268e+00
-6.666666666666667095e-03 1.702263560136832443e-02 1.178870847379412723e+00
-6.666666666666667095e-03 1.744885098402824963e-02 1.207830053922059887e+00
-6.666666666666667095e-03 1.788033641778752694e-02 1.240962181881605897e+00
-6.666666666666667095e-03 1.810756343956787875e-02 1.274105634433115863e+00
-6.666666666666667095e-03 1.854453266354779556e-02 1.301071054678354821e+00
-6.666666666666667095e-03 1.898671165472866698e-02 1.331819432736296882e+00
-6.666666666666667095e-03 1.943410041311048608e-02 1.366019204519214991e+00
-6.666666666666667095e-03 1.965660115738882691e-02 1.394330841683164346e+00
-6.666666666666667095e-03 2.010911240852893481e-02 1.422518253583897607e+00
-6.551724137931034739e-03 5.904067376388634492e-03 1.082807709930339257e+00
-6.551724137931034739e-03 6.062463316016798373e-03 9.596662525712080782e-01
-6.551724137931034739e-03 6.264777910129607982e-03 8.528840464474358729e-01
-6.551724137931034739e-03 6.464589711037169867e-03 7.635954458113285437e-01
-6.551724137931034739e-03 6.661544035615283438e-03 6.879111282627341506e-01
-6.551724137931034739e-03 6.855286318664042568e-03 6.251418675117980106e-01
-6.551724137931034739e-03 7.045462116832581535e-03 5.736272056798665808e-01
-6.551724137931034739e-03 7.231717112766242878e-03 5.337876514997719202e-01
-6.551724137931034739e-03 7.480326469828972417e-03 5.001784039198039489e-01
-6.551724137931034739e-03 7.660511806916118181e-03 4.764491672606132600e-01
-6.551724137931034739e-03 7.908133709066993838e-03 4.583630280846165972e-01
-6.551724137931034739e-03 8.156385278511223136e-03 4.487208815717102506e-01
-6.551724137931034739e-03 8.326756594043209850e-03 4.434941280519655304e-01
-6.551724137931034739e-03 8.572660839222388807e-03 4.420216364690533473e-01
-6.551724137931034739e-03 8.818603357166325540e-03 4.430055433146865007e-01
-6.551724137931034739e-03 9.064406733714920963e-03 4.493247288429660369e-01
-6.551724137931034739e-03 9.309893585357473939e-03 4.585004369216469922e-01
-6.551724137931034739e-03 9.554886559796327630e-03 4.720116895263874457e-01
-6.551724137931034739e-03 9.799208336528400856e-03 4.882738959439145154e-01
-6.551724137931034739e-03 1.004268162744528618e-02 5.076538634465165289e-01
-6.551724137931034739e-03 1.028512917745277346e-02 5.300041037649791953e-01
-6.551724137931034739e-03 1.063449307780068437e-02 5.502932214866879113e-01
-6.551724137931034739e-03 1.087796129978970544e-02 5.734422667211358515e-01
-6.551724137931034739e-03 1.111993097281970336e-02 5.998593408328667387e-01
-6.551724137931034739e-03 1.147933998912588002e-02 6.277945276453608114e-01
-6.551724137931034739e-03 1.172156151087092035e-02 6.535968114702093157e-01
-6.551724137931034739e-03 1.196181187791007551e-02 6.843370724073370992e-01
-6.551724137931034739e-03 1.233055522049729229e-02 7.134885140504899637e-01
-6.551724137931034739e-03 1.257028889398789824e-02 7.430473662086155562e-01
-6.551724137931034739e-03 1.294620206346950783e-02 7.749208509950321622e-01
-6.551724137931034739e-03 1.318494606452523185e-02 8.042245454345687827e-01
-6.551724137931034739e-03 1.356779212442658228e-02 8.384191494238284470e-01
-6.551724137931034739e-03 1.380507357146423114e-02 8.673701054933292687e-01
-6.551724137931034739e-03 1.419461561328557407e-02 9.015819144304076938e-01
-6.551724137931034739e-03 1.442996172409357659e-02 9.329996110200764470e-01
-6.551724137931034739e-03 1.482596286773397651e-02 9.648096690998779756e-01
-6.551724137931034739e-03 1.505890096161575757e-02 9.990504550572512077e-01
-6.551724137931034739e-03 1.546112435580900349e-02 1.027846541555896165e+00
-6.551724137931034739e-03 1.586864888205092444e-02 1.062386354151367396e+00
-6.551724137931034739e-03 1.609939067856765854e-02 1.092705160321466362e+00
-6.551724137931034739e-03 1.651284134817182850e-02 1.123854681926578003e+00
-6.551724137931034739e-03 1.693153386461726181e-02 1.159430339776891028e+00
-6.551724137931034739e-03 1.715919259794397231e-02 1.188257671204007604e+00
-6.551724137931034739e-03 1.758351518903377916e-02 1.218807641720500046e+00
-6.551724137931034739e-03 1.801302034612163247e-02 1.252806831135888421e+00
-6.551724137931034739e-03 1.823670944967020063e-02 1.282287309967952149e+00
-6.551724137931034739e-03 1.867154865177987622e-02 1.310852764331829068e+00
-6.551724137931034739e-03 1.911151114345784052e-02 1.343001898111604975e+00
-6.551724137931034739e-03 1.955659692470411784e-02 1.376361220969878119e+00
-6.551724137931034739e-03 1.977534480123320851e-02 1.403404085824092595e+00
-6.440677966101694858e-03 5.852718594189144745e-03 1.128917594109621891e+00
-6.440677966101694858e-03 6.010860415013413206e-03 9.991450040109419728e-01
-6.440677966101694858e-03 6.212257908534144293e-03 8.883401200280021115e-01
-6.440677966101694858e-03 6.411252310736710765e-03 7.953297350473809146e-01
-6.440677966101694858e-03 6.607494718969426743e-03 7.157830797029289815e-01
-6.440677966101694858e-03 6.800636343310083147e-03 6.488059792836382567e-01
-6.440677966101694858e-03 6.990328510282752331e-03 5.924591588968273204e-01
-6.440677966101694858e-03 7.176222666783354555e-03 5.468546631539277225e-01
-6.440677966101694858e-03 7.357970384229993444e-03 5.139687074354319929e-01
-6.440677966101694858e-03 7.603547459144153683e-03 4.838626297240551932e-01
-6.440677966101694858e-03 7.849977132819220202e-03 4.670430768854652026e-01
-6.440677966101694858e-03 8.023002972906636762e-03 4.511340745095455129e-01
-6.440677966101694858e-03 8.267648071691819853e-03 4.430866079532518320e-01
-6.440677966101694858e-03 8.512563918939029806e-03 4.417338742605978474e-01
-6.440677966101694858e-03 8.757575964286272441e-03 4.423564897136099683e-01
-6.440677966101694858e-03 9.002509686127353403e-03 4.479051194399171210e-01
-6.440677966101694858e-03 9.157705403041126874e-03 4.557082899876336857e-01
-6.440677966101694858e-03 9.491444219761469361e-03 4.672999185053752225e-01
-6.440677966101694858e-03 9.735096136852068247e-03 4.808886962111443841e-01
-6.440677966101694858e-03 9.977971942147762993e-03 4.969380253144611848e-01
-6.440677966101694858e-03 1.021989726590214094e-02 5.150981211803860038e-01
-6.440677966101694858e-03 1.046069777047884709e-02 5.368570775243114435e-01
-6.440677966101694858e-03 1.070019915097525538e-02 5.619822358213820701e-01
-6.440677966101694858e-03 1.105172240364022535e-02 5.864741413644664059e-01
-6.440677966101694858e-03 1.129176327423352111e-02 6.101831043973783286e-01
-6.440677966101694858e-03 1.153004007375259959e-02 6.391440220055246701e-01
-6.440677966101694858e-03 1.189103716215844653e-02 6.680260235376128675e-01
-6.440677966101694858e-03 1.212909739109768910e-02 6.954921895813761523e-01
-6.440677966101694858e-03 1.236492880219918974e-02 7.289697214629872191e-01
-6.440677966101694858e-03 1.273470069969887507e-02 7.547700621473174554e-01
-6.440677966101694858e-03 1.296955975720343567e-02 7.885030854683122703e-01
-6.440677966101694858e-03 1.334615173015507063e-02 8.172686345547369724e-01
-6.440677966101694858e-03 1.357957330336704259e-02 8.510757315654646771e-01
-6.440677966101694858e-03 1.396275233419745458e-02 8.804183912529375267e-01
-6.440677966101694858e-03 1.435126255154376210e-02 9.169166483027153536e-01
-6.440677966101694858e-03 1.458380448709967539e-02 9.445355625235187791e-01
-6.440677966101694858e-03 1.497861045335732028e-02 9.785164606166203427e-01
-6.440677966101694858e-03 1.520861029017202444e-02 1.008997770729305632e+00
-6.440677966101694858e-03 1.560947904723442373e-02 1.039991991802512894e+00
-6.440677966101694858e-03 1.601556235723422886e-02 1.075680499865381279e+00
-6.440677966101694858e-03 1.624317059146337949e-02 1.103835766939032403e+00
-6.440677966101694858e-03 1.665502545196836590e-02 1.136450914205200391e+00
-6.440677966101694858e-03 1.687898747607246425e-02 1.170911838343146050e+00
-6.440677966101694858e-03 1.729638099036157062e-02 1.198812713841829858e+00
-6.440677966101694858e-03 1.771887244070306788e-02 1.230328465633438118e+00
-6.440677966101694858e-03 1.814646182709695257e-02 1.263599766611106068e+00
-6.440677966101694858e-03 1.836667046093408417e-02 1.291806118776136492e+00
-6.440677966101694858e-03 1.879944902957468578e-02 1.321846431214767970e+00
-6.440677966101694858e-03 1.923726723220237772e-02 1.353292248048198143e+00
-6.440677966101694858e-03 1.945246825904323532e-02 1.385997005507087820e+00
-6.333333333333333176e-03 5.803014834031606367e-03 1.176368494639906670e+00
-6.333333333333333176e-03 5.960910073274286632e-03 1.040192150007480887e+00
-6.333333333333333176e-03 6.161419405820461014e-03 9.255924003801277999e-01
-6.333333333333333176e-03 6.308011351415039082e-03 8.263419835828522686e-01
-6.333333333333333176e-03 6.501105091457351319e-03 7.412228337805918388e-01
-6.333333333333333176e-03 6.691148844913332068e-03 6.709556480309615267e-01
-6.333333333333333176e-03 6.877799558373643742e-03 6.133130538723392533e-01
-6.333333333333333176e-03 7.122502357905980200e-03 5.636144040996069471e-01
-6.333333333333333176e-03 7.304024612197377100e-03 5.244246185003154093e-01
-6.333333333333333176e-03 7.548403308159279748e-03 4.958955625987893634e-01
-6.333333333333333176e-03 7.723653370610040515e-03 4.716592210159344378e-01
-6.333333333333333176e-03 7.966792216812920366e-03 4.560533700284056247e-01
-6.333333333333333176e-03 8.134626971018684566e-03 4.479036241459652956e-01
-6.333333333333333176e-03 8.375610644532035728e-03 4.416452006583236889e-01
-6.333333333333333176e-03 8.616689530628428642e-03 4.385277591061053082e-01
-6.333333333333333176e-03 8.857691923764723571e-03 4.411846533049992303e-01
-6.333333333333333176e-03 9.098446146717200506e-03 4.470650530753732532e-01
-6.333333333333333176e-03 9.338780551096961119e-03 4.575061440511318800e-01
-6.333333333333333176e-03 9.578523517881446306e-03 4.706220872323487181e-01
-6.333333333333333176e-03 9.817503457962816968e-03 4.868472319419788752e-01
-6.333333333333333176e-03 1.005554881271384510e-02 5.057748010773750469e-01
-6.333333333333333176e-03 1.039711435775822652e-02 5.283452709328075869e-01
-6.333333333333333176e-03 1.063626365874222046e-02 5.483019367672947730e-01
-6.333333333333333176e-03 1.087402076635230440e-02 5.709336040081275376e-01
-6.333333333333333176e-03 1.111021423034445725e-02 5.972583070600623323e-01
-6.333333333333333176e-03 1.146359864945246942e-02 6.246404944683731086e-01
-6.333333333333333176e-03 1.169986600357548166e-02 6.505031246941023193e-01
-6.333333333333333176e-03 1.193411237353893262e-02 6.815981128219268381e-01
-6.333333333333333176e-03 1.229641780555787434e-02 7.088704429385905836e-01
-6.333333333333333176e-03 1.252999435401241923e-02 7.383972479390715771e-01
-6.333333333333333176e-03 1.289918254763284221e-02 7.692558429043823143e-01
-6.333333333333333176e-03 1.313163157585838479e-02 7.995929881787391391e-01
-6.333333333333333176e-03 1.350747325645234968e-02 8.310112774124297497e-01
-6.333333333333333176e-03 1.373833715709515783e-02 8.624481801065948527e-01
-6.333333333333333176e-03 1.412060307624401698e-02 8.944777995606085774e-01
-6.333333333333333176e-03 1.434942433526197741e-02 9.271951215459103279e-01
-6.333333333333333176e-03 1.473788527115393356e-02 9.571236435465892978e-01
-6.333333333333333176e-03 1.513153433306782189e-02 9.924737061831284679e-01
-6.333333333333333176e-03 1.535863322767104175e-02 1.020209652547278578e+00
-6.333333333333333176e-03 1.575819074008338525e-02 1.052592500332527381e+00
-6.333333333333333176e-03 1.598216045713705263e-02 1.086213569178061222e+00
-6.333333333333333176e-03 1.638739725672480260e-02 1.115796312996127027e+00
-6.333333333333333176e-03 1.679770744347483524e-02 1.148472154861530647e+00
-6.333333333333333176e-03 1.701846754969979850e-02 1.180950007685061864e+00
-6.333333333333333176e-03 1.743417052488686891e-02 1.209918500606382397e+00
-6.333333333333333176e-03 1.785488952390726358e-02 1.240870151853874725e+00
-6.333333333333333176e-03 1.807158207701153874e-02 1.274656497243684683e+00
-6.333333333333333176e-03 1.849740740234720113e-02 1.302530977181945548e+00
-6.333333333333333176e-03 1.892819139231560754e-02 1.332009141096404337e+00
-6.333333333333333176e-03 1.936393404691673023e-02 1.364512614587833017e+00
-6.229508196721311036e-03 5.711010220520543537e-03 1.224428599628993419e+00
-6.229508196721311036e-03 5.912534203673462316e-03 1.082761796391521258e+00
-6.229508196721311036e-03 6.063756922821433859e-03 9.628625808015995879e-01
-6.229508196721311036e-03 6.258828397535168113e-03 8.578753978786163303e-01
-6.229508196721311036e-03 6.451292767960974291e-03 7.687852954014218199e-01
-6.229508196721311036e-03 6.640812281446467971e-03 6.942668090070649445e-01
-6.229508196721311036e-03 6.827049293129341077e-03 6.318204114453145337e-01
-6.229508196721311036e-03 7.009666269537145541e-03 5.810982359282135246e-01
-6.229508196721311036e-03 7.251775815030942277e-03 5.389949348722437028e-01
-6.229508196721311036e-03 7.428840222733253638e-03 5.046703024442159569e-01
-6.229508196721311036e-03 7.670237465928269813e-03 4.806711970583630866e-01
-6.229508196721311036e-03 7.840623955971310483e-03 4.619032082974342535e-01
-6.229508196721311036e-03 8.080407852639796829e-03 4.484901755353536412e-01
-6.229508196721311036e-03 8.320511144552114255e-03 4.426717942562889974e-01
-6.229508196721311036e-03 8.560764810715373527e-03 4.395495679256152255e-01
-6.229508196721311036e-03 8.717456793379303390e-03 4.414044236220401873e-01
-6.229508196721311036e-03 8.954408287990706442e-03 4.450407654112229494e-01
-6.229508196721311036e-03 9.190947168850934629e-03 4.540473859557596081e-01
-6.229508196721311036e-03 9.426904540839602109e-03 4.664003241113008902e-01
-6.229508196721311036e-03 9.758374909968947630e-03 4.800915639973137305e-01
-6.229508196721311036e-03 9.995982904752195516e-03 4.953875906425943554e-01
-6.229508196721311036e-03 1.023255889939158128e-02 5.139729972898307020e-01
-6.229508196721311036e-03 1.046793409985953202e-02 5.355753822966743405e-01
-6.229508196721311036e-03 1.070193974296417341e-02 5.602326885454058658e-01
-6.229508196721311036e-03 1.104783879980079930e-02 5.835636328327910016e-01
-6.229508196721311036e-03 1.128219958953583998e-02 6.082075258161768749e-01
-6.229508196721311036e-03 1.151474065702151606e-02 6.372277063729478996e-01
-6.229508196721311036e-03 1.186970226335944123e-02 6.643920229189179683e-01
-6.229508196721311036e-03 1.210186646006577993e-02 6.922167311572376969e-01
-6.229508196721311036e-03 1.246377150584578042e-02 7.234897283564006853e-01
-6.229508196721311036e-03 1.269510833268387706e-02 7.506658159606989233e-01
-6.229508196721311036e-03 1.292389420364827186e-02 7.853360538817394376e-01
-6.229508196721311036e-03 1.329379021308609715e-02 8.115937879325948456e-01
-6.229508196721311036e-03 1.366890521383874041e-02 8.472910301101176378e-01
-6.229508196721311036e-03 1.389723615329213624e-02 8.750918638842342112e-01
-6.229508196721311036e-03 1.427861772001906039e-02 9.089822567618341953e-01
-6.229508196721311036e-03 1.450477032139910194e-02 9.385359878991271776e-01
-6.229508196721311036e-03 1.489219288069061793e-02 9.700587775523031864e-01
-6.229508196721311036e-03 1.511571700392847981e-02 1.003002879018913607e+00
-6.229508196721311036e-03 1.550895500856663833e-02 1.032004662603861700e+00
-6.229508196721311036e-03 1.590724261840078396e-02 1.066558094899648701e+00
-6.229508196721311036e-03 1.612822853762238898e-02 1.097436000998364358e+00
-6.229508196721311036e-03 1.653204961790427641e-02 1.127278115075667886e+00
-6.229508196721311036e-03 1.694086384910154994e-02 1.161692277188811850e+00
-6.229508196721311036e-03 1.715846708670573997e-02 1.191551318788963254e+00
-6.229508196721311036e-03 1.757253284837409502e-02 1.220123505097517658e+00
-6.229508196721311036e-03 1.799153531062866462e-02 1.252846897954531302e+00
-6.229508196721311036e-03 1.820491157046145655e-02 1.285033999807237981e+00
-6.229508196721311036e-03 1.862888365869854596e-02 1.312491414183320604e+00
-6.229508196721311036e-03 1.905773600118871799e-02 1.343108491714468000e+00
-6.129032258064516341e-03 5.665055042644547185e-03 1.272455234372957822e+00
-6.129032258064516341e-03 5.865659558837407403e-03 1.126809490987150220e+00
-6.129032258064516341e-03 6.016806134534516751e-03 1.000059115186477054e+00
-6.129032258064516341e-03 6.211170737155881708e-03 8.914621907979538573e-01
-6.129032258064516341e-03 6.403024829875252066e-03 7.987252748780329092e-01
-6.129032258064516341e-03 6.592035905830092787e-03 7.203293010369840044e-01
-6.129032258064516341e-03 6.777871561359327494e-03 6.535057284625167551e-01
-6.129032258064516341e-03 6.960199499417626424e-03 5.976036972943904457e-01
-6.129032258064516341e-03 7.138687533181672755e-03 5.539851928317877094e-01
-6.129032258064516341e-03 7.378118848126135644e-03 5.167813945514462270e-01
-6.129032258064516341e-03 7.550643510869920264e-03 4.893001131118783209e-01
-6.129032258064516341e-03 7.788986492012506604e-03 4.674462571375536113e-01
-6.129032258064516341e-03 8.027866090934508009e-03 4.551517932954399770e-01
-6.129032258064516341e-03 8.190808084906839315e-03 4.447957741929047804e-01
-6.129032258064516341e-03 8.427324468998343560e-03 4.374671292102612075e-01
-6.129032258064516341e-03 8.663823041335845521e-03 4.363995243473072772e-01
-6.129032258064516341e-03 8.900137475721792493e-03 4.389762771196326629e-01
-6.129032258064516341e-03 9.136101472657587319e-03 4.463905516589928291e-01
-6.129032258064516341e-03 9.371548759830627615e-03 4.564535815801116780e-01
-6.129032258064516341e-03 9.606313092616565463e-03 4.696730869378059614e-01
-6.129032258064516341e-03 9.840228254597509217e-03 4.853783615531695461e-01
-6.129032258064516341e-03 1.007312805809680231e-02 5.048439930090978800e-01
-6.129032258064516341e-03 1.040957689978539401e-02 5.273538165201155925e-01
-6.129032258064516341e-03 1.064338145554572478e-02 5.465214774236103468e-01
-6.129032258064516341e-03 1.087572737069124502e-02 5.688759772917345581e-01
-6.129032258064516341e-03 1.110644855971274977e-02 5.961664675119928702e-01
-6.129032258064516341e-03 1.145418330884972330e-02 6.221407982610203113e-01
-6.129032258064516341e-03 1.168481144337421909e-02 6.481125607093669583e-01
-6.129032258064516341e-03 1.191337182169050282e-02 6.794125122516074811e-01
-6.129032258064516341e-03 1.226963995510201889e-02 7.044225790440187263e-01
-6.129032258064516341e-03 1.249738684443749831e-02 7.356249896886269957e-01
-6.129032258064516341e-03 1.286026851942053024e-02 7.647830565909630174e-01
-6.129032258064516341e-03 1.308675854532118273e-02 7.954450914356991920e-01
-6.129032258064516341e-03 1.345603166930545505e-02 8.261188628487704522e-01
-6.129032258064516341e-03 1.368082154329383800e-02 8.587127412271594595e-01
-6.129032258064516341e-03 1.405626404831717205e-02 8.882377973939207250e-01
-6.129032258064516341e-03 1.427891056972570467e-02 9.227128284223408139e-01
-6.129032258064516341e-03 1.466030041280762947e-02 9.503277954914808312e-01
-6.129032258064516341e-03 1.504671681065834245e-02 9.842929107720934656e-01
-6.129032258064516341e-03 1.526747563420402867e-02 1.013882917202785672e+00
-6.129032258064516341e-03 1.565956177896293128e-02 1.045195800501514283e+00
-6.129032258064516341e-03 1.587712470137319851e-02 1.081339897032859154e+00
-6.129032258064516341e-03 1.627465860497101860e-02 1.108282190555830438e+00
-6.129032258064516341e-03 1.667710792005072662e-02 1.139968897305109641e+00
-6.129032258064516341e-03 1.689134242364767613e-02 1.175201662386331947e+00
-6.129032258064516341e-03 1.729896196978229078e-02 1.201335803053382723e+00
-6.129032258064516341e-03 1.771144136147439693e-02 1.231755222907076952e+00
-6.129032258064516341e-03 1.812878059872398764e-02 1.266151336322332455e+00
-6.129032258064516341e-03 1.833888846796468547e-02 1.294718848267512268e+00
-6.129032258064516341e-03 1.876106488079983328e-02 1.323398725987530833e+00
-6.031746031746032174e-03 5.620504545030805335e-03 1.321742093537411344e+00
-6.031746031746032174e-03 5.820217362214156163e-03 1.172292169859763256e+00
-6.031746031746032174e-03 5.971289589475621377e-03 1.038979435563572418e+00
-6.031746031746032174e-03 6.164968534213093737e-03 9.270433450357016270e-01
-6.031746031746032174e-03 6.304662732437588818e-03 8.301680615660622653e-01
-6.031746031746032174e-03 6.490780606865922779e-03 7.471338925128828690e-01
-6.031746031746032174e-03 6.673772602191130852e-03 6.776951541795317446e-01
-6.031746031746032174e-03 6.912241668355420011e-03 6.176596975563461989e-01
-6.031746031746032174e-03 7.090562941757778438e-03 5.684302878336497944e-01
-6.031746031746032174e-03 7.264831238765316786e-03 5.301311253066294249e-01
-6.031746031746032174e-03 7.501503281430307521e-03 4.986255087227308702e-01
-6.031746031746032174e-03 7.669410097525027753e-03 4.765464598335210078e-01
-6.031746031746032174e-03 7.904629380137981678e-03 4.575556880688078643e-01
-6.031746031746032174e-03 8.140213659748766345e-03 4.471022917111922013e-01
-6.031746031746032174e-03 8.375999105554780486e-03 4.401163677257568518e-01
-6.031746031746032174e-03 8.530854422831026310e-03 4.377507015144486702e-01
-6.031746031746032174e-03 8.763550086537745878e-03 4.376658715132848987e-01
-6.031746031746032174e-03 8.995901199059613135e-03 4.432444005597825920e-01
-6.031746031746032174e-03 9.227744046264125741e-03 4.521612383589239115e-01
-6.031746031746032174e-03 9.458914940847601774e-03 4.649086421560334470e-01
-6.031746031746032174e-03 9.785764910328998561e-03 4.793794422174169068e-01
-6.031746031746032174e-03 1.001837338608530144e-02 4.950231771690215554e-01
-6.031746031746032174e-03 1.024987330810081705e-02 5.133862795234563903e-01
-6.031746031746032174e-03 1.048010108445702852e-02 5.342785125930761270e-01
-6.031746031746032174e-03 1.070889315234352032e-02 5.587244985135391140e-01
-6.031746031746032174e-03 1.104951268563701683e-02 5.823552693743422326e-01
-6.031746031746032174e-03 1.127848680045107077e-02 6.066757803754934120e-01
-6.031746031746032174e-03 1.150558891352876888e-02 6.358199138213026513e-01
-6.031746031746032174e-03 1.185488488389277797e-02 6.616728418330408701e-01
-6.031746031746032174e-03 1.208145958843913868e-02 6.890362371862317481e-01
-6.031746031746032174e-03 1.243743199478948049e-02 7.197945609999949479e-01
-6.031746031746032174e-03 1.266304267572019616e-02 7.475345278707924424e-01
-6.031746031746032174e-03 1.302547282868195093e-02 7.799080474509055838e-01
-6.031746031746032174e-03 1.324968295281253768e-02 8.080722946980903876e-01
-6.031746031746032174e-03 1.361835218653942130e-02 8.419220061156290624e-01
-6.031746031746032174e-03 1.384072530430909345e-02 8.703708870231212646e-01
-6.031746031746032174e-03 1.421541497683645114e-02 9.027308164147126446e-01
-6.031746031746032174e-03 1.443551472409371206e-02 9.332428017149012600e-01
-6.031746031746032174e-03 1.481600621770130799e-02 9.634733187107010766e-01
-6.031746031746032174e-03 1.503339631755415927e-02 9.981937198929816679e-01
-6.031746031746032174e-03 1.541947103913925490e-02 1.026195644411633356e+00
-6.031746031746032174e-03 1.581044052740054884e-02 1.059354222779398835e+00
-6.031746031746032174e-03 1.602515468533440360e-02 1.091456215413294517e+00
-6.031746031746032174e-03 1.642143412097118310e-02 1.120352350692457533e+00
-6.031746031746032174e-03 1.682255361078368455e-02 1.153293461804698827e+00
-6.031746031746032174e-03 1.703377336104876238e-02 1.184483352522782251e+00
-6.031746031746032174e-03 1.743992955044670196e-02 1.212542453469549919e+00
-6.031746031746032174e-03 1.785087108522781865e-02 1.244715686900938367e+00
-6.031746031746032174e-03 1.826659796539212982e-02 1.278557120178542172e+00
-6.031746031746032174e-03 1.847348315275926592e-02 1.305364326782264328e+00
-5.937499999999999202e-03 5.535427519596539288e-03 1.381719311180220178e+00
-5.937499999999999202e-03 5.732125488930513504e-03 1.216745674192335702e+00
-5.937499999999999202e-03 5.927142588323392434e-03 1.079574169384757809e+00
-5.937499999999999202e-03 6.071680949740631064e-03 9.630992394606679996e-01
-5.937499999999999202e-03 6.260058286200634141e-03 8.596991575907561023e-01
-5.937499999999999202e-03 6.445733553088508518e-03 7.727645613538469682e-01
-5.937499999999999202e-03 6.628384386356941417e-03 6.989894004089990398e-01
-5.937499999999999202e-03 6.807688520946843062e-03 6.372772186952861961e-01
-5.937499999999999202e-03 7.043883850577111264e-03 5.868259220227072248e-01
-5.937499999999999202e-03 7.218105321372109313e-03 5.423025999104857942e-01
-5.937499999999999202e-03 7.388067231253596899e-03 5.110498337829159077e-01
-5.937499999999999202e-03 7.621902655897262562e-03 4.826927309164581459e-01
-5.937499999999999202e-03 7.856313016706801058e-03 4.650900682590729529e-01
-5.937499999999999202e-03 8.017146405643341134e-03 4.513176531258204505e-01
-5.937499999999999202e-03 8.249374311261629608e-03 4.396826041164360599e-01
-5.937499999999999202e-03 8.481639484156004369e-03 4.348393365662549526e-01
-5.937499999999999202e-03 8.713780626043981375e-03 4.341114733442356100e-01
-5.937499999999999202e-03 8.945636463417793588e-03 4.385462118220605499e-01
-5.937499999999999202e-03 9.177045747991611352e-03 4.456506222524382332e-01
-5.937499999999999202e-03 9.407847257162663124e-03 4.560114729223475050e-01
-5.937499999999999202e-03 9.637879794486773483e-03 4.686899369822294381e-01
-5.937499999999999202e-03 9.866982190169050482e-03 4.848862159782281744e-01
-5.937499999999999202e-03 1.009499330157028266e-02 5.043319080105674868e-01
-5.937499999999999202e-03 1.042663431412803841e-02 5.264762065492037957e-01
-5.937499999999999202e-03 1.065536296391272897e-02 5.452207122221524038e-01
-5.937499999999999202e-03 1.088257050388813894e-02 5.683258787240251797e-01
-5.937499999999999202e-03 1.110809588791712363e-02 5.953340041164268959e-01
-5.937499999999999202e-03 1.145052197263544611e-02 6.203842901020366618e-01
-5.937499999999999202e-03 1.167579738053601060e-02 6.463159093263851629e-01
-5.937499999999999202e-03 1.202496087523035814e-02 6.769133093488699515e-01
-5.937499999999999202e-03 1.224955624952553217e-02 7.019226327056840020e-01
-5.937499999999999202e-03 1.247177136829052436e-02 7.336253744494174445e-01
-5.937499999999999202e-03 1.282872712690771508e-02 7.606846914557174877e-01
-5.937499999999999202e-03 1.304956378089454361e-02 7.931035112878209725e-01
-5.937499999999999202e-03 1.341266474691058669e-02 8.222565864717819029e-01
-5.937499999999999202e-03 1.363169309803725221e-02 8.553392512277923077e-01
-5.937499999999999202e-03 1.400072394798171881e-02 8.834405845351007702e-01
-5.937499999999999202e-03 1.437468342363495445e-02 9.177957029070981099e-01
-5.937499999999999202e-03 1.459225967487114833e-02 9.451877539035333786e-01
-5.937499999999999202e-03 1.497187984612844552e-02 9.773433602300748424e-01
-5.937499999999999202e-03 1.518662698078691517e-02 1.009526259483854327e+00
-5.937499999999999202e-03 1.557169257506198744e-02 1.039494976067494525e+00
-5.937499999999999202e-03 1.596157902184754465e-02 1.073145142384278383e+00
-5.937499999999999202e-03 1.617347679860909118e-02 1.102816267747906087e+00
-5.937499999999999202e-03 1.656853953881565200e-02 1.133077435335498873e+00
-5.937499999999999202e-03 1.696836925024642131e-02 1.165773994338340724e+00
-5.937499999999999202e-03 1.717661163189935017e-02 1.195186373143507952e+00
-5.937499999999999202e-03 1.758134853900291880e-02 1.225082560783102181e+00
-5.937499999999999202e-03 1.799079853963899550e-02 1.256852558529456321e+00
-5.937499999999999202e-03 1.819457965499382199e-02 1.288986545144349849e+00
-5.846153846153846409e-03 5.452886461346034830e-03 1.454621752636680032e+00
-5.846153846153846409e-03 5.690016428778141462e-03 1.262308214341466783e+00
-5.846153846153846409e-03 5.884304262970630438e-03 1.121795458137310408e+00
-5.846153846153846409e-03 6.028921381442788399e-03 9.983369347326943588e-01
-5.846153846153846409e-03 6.216775209805784630e-03 8.915243267616390632e-01
-5.846153846153846409e-03 6.402020601816532826e-03 8.010487211606049929e-01
-5.846153846153846409e-03 6.584339975362334986e-03 7.233449547488425280e-01
-5.846153846153846409e-03 6.763415843237721888e-03 6.570193336207796886e-01
-5.846153846153846409e-03 6.938930816294760356e-03 6.028367300650289140e-01
-5.846153846153846409e-03 7.172761679386429647e-03 5.588511562820831502e-01
-5.846153846153846409e-03 7.342794396472760582e-03 5.206720364036535598e-01
-5.846153846153846409e-03 7.575799832378820632e-03 4.942174041378943894e-01
-5.846153846153846409e-03 7.739292100805394460e-03 4.701100079608097060e-01
-5.846153846153846409e-03 7.970624867502660790e-03 4.548710485440785600e-01
-5.846153846153846409e-03 8.202206515440875825e-03 4.439173718606331254e-01
-5.846153846153846409e-03 8.355332251743384855e-03 4.372522462572714930e-01
-5.846153846153846409e-03 8.584023747155267864e-03 4.334641938881388379e-01
-5.846153846153846409e-03 8.812434650225849792e-03 4.356790696991553746e-01
-5.846153846153846409e-03 9.040406119788846340e-03 4.412696907526097445e-01
-5.846153846153846409e-03 9.267779339587811291e-03 4.508070841029556131e-01
-5.846153846153846409e-03 9.494395518737383868e-03 4.632986089459682488e-01
-5.846153846153846409e-03 9.720095892199246551e-03 4.798038547358379202e-01
-5.846153846153846409e-03 1.004475323648901762e-02 4.952785521865027407e-01
-5.846153846153846409e-03 1.027142600751936724e-02 5.127253418470285595e-01
-5.846153846153846409e-03 1.049675949568625900e-02 5.332865091643099742e-01
-5.846153846153846409e-03 1.072059502781053456e-02 5.585549235660268730e-01
-5.846153846153846409e-03 1.105624898618903611e-02 5.814658643694936568e-01
-5.846153846153846409e-03 1.128010371183390918e-02 6.057206628126490244e-01
-5.846153846153846409e-03 1.150203723087123153e-02 6.347062028545706891e-01
-5.846153846153846409e-03 1.184600444653484581e-02 6.588627050651079120e-01
-5.846153846153846409e-03 1.206726891701536894e-02 6.875138261595343803e-01
-5.846153846153846409e-03 1.241766142799267773e-02 7.170468794515378885e-01
-5.846153846153846409e-03 1.263783328902327689e-02 7.446580441932030281e-01
-5.846153846153846409e-03 1.299443894984205448e-02 7.766905994859214513e-01
-5.846153846153846409e-03 1.321309471782544133e-02 8.055380414471808859e-01
-5.846153846153846409e-03 1.357570140517037546e-02 8.370735452902974272e-01
-5.846153846153846409e-03 1.379241767543450820e-02 8.668653479467919309e-01
-5.846153846153846409e-03 1.416081328847989401e-02 8.972007345552446278e-01
-5.846153846153846409e-03 1.437516673696563607e-02 9.294013288388454086e-01
-5.846153846153846409e-03 1.474913919771731786e-02 9.580052336701212479e-01
-5.846153846153846409e-03 1.512791387305328396e-02 9.927689886236091832e-01
-5.846153846153846409e-03 1.534004383637431988e-02 1.021869692171053279e+00
-5.846153846153846409e-03 1.572413022621719364e-02 1.052541158235429375e+00
-5.846153846153846409e-03 1.593289201566232272e-02 1.087334652651607447e+00
-5.846153846153846409e-03 1.632207809219375291e-02 1.114856899433875448e+00
-5.846153846153846409e-03 1.671596022998046369e-02 1.145052761952094267e+00
-5.846153846153846409e-03 1.692112241612235557e-02 1.179665063226341237e+00
-5.846153846153846409e-03 1.731983916528046299e-02 1.207231128892295446e+00
-5.846153846153846409e-03 1.772319890423954686e-02 1.236879110375778801e+00
-5.846153846153846409e-03 1.813120163299958634e-02 1.270006721797911853e+00
-5.757575757575758221e-03 5.372769702537387101e-03 1.540023881152542184e+00
-5.757575757575758221e-03 5.649137720292498645e-03 1.309240608178960041e+00
-5.757575757575758221e-03 5.797860597123586854e-03 1.163961596495500128e+00
-5.757575757575758221e-03 5.987410398608195364e-03 1.035498141678627970e+00
-5.757575757575758221e-03 6.174755667343036387e-03 9.255778003856519609e-01
-5.757575757575758221e-03 6.359583375584685998e-03 8.319096576076688843e-01
-5.757575757575758221e-03 6.487653628402976699e-03 7.505180273083917886e-01
-5.757575757575758221e-03 6.720434443494247359e-03 6.801774032862155650e-01
-5.757575757575758221e-03 6.895832200226210788e-03 6.210475144531488745e-01
-5.757575757575758221e-03 7.067461196748432359e-03 5.721943014716132092e-01
-5.757575757575758221e-03 7.298840878204282748e-03 5.351216582302371627e-01
-5.757575757575758221e-03 7.464599830711454199e-03 5.015982784877486278e-01
-5.757575757575758221e-03 7.694801741574443590e-03 4.784931736561847671e-01
-5.757575757575758221e-03 7.853648216725928402e-03 4.610634275664168280e-01
-5.757575757575758221e-03 8.081837717068121596e-03 4.450402082743344367e-01
-5.757575757575758221e-03 8.310116283154133157e-03 4.363802086384169776e-01
-5.757575757575758221e-03 8.538327349892143106e-03 4.323534376391567902e-01
-5.757575757575758221e-03 8.766314375226210223e-03 4.338593958799157879e-01
-5.757575757575758221e-03 8.993920840547878562e-03 4.381001566643386025e-01
-5.757575757575758221e-03 9.220990251120367645e-03 4.457470613412125027e-01
-5.757575757575758221e-03 9.447366136515965643e-03 4.555893889481210102e-01
-5.757575757575758221e-03 9.672892051067130334e-03 4.687526477466291142e-01
-5.757575757575758221e-03 9.897411574331995213e-03 4.849331932898091613e-01
-5.757575757575758221e-03 1.012076831157473003e-02 5.035865191736017543e-01
-5.757575757575758221e-03 1.034280589426161447e-02 5.257454121919503676e-01
-5.757575757575758221e-03 1.067178122967036083e-02 5.454490589993830074e-01
-5.757575757575758221e-03 1.089409927555188597e-02 5.679393809683827010e-01
-5.757575757575758221e-03 1.111468107053203286e-02 5.949335366754038290e-01
-5.757575757575758221e-03 1.145210954455416243e-02 6.192797479352825096e-01
-5.757575757575758221e-03 1.167229358913215304e-02 6.443997554879264955e-01
-5.757575757575758221e-03 1.201621018349191029e-02 6.750149244122348735e-01
-5.757575757575758221e-03 1.223557909086417546e-02 7.001897426449409378e-01
-5.757575757575758221e-03 1.245253420575410594e-02 7.317784856096535284e-01
-5.757575757575758221e-03 1.280391122488034814e-02 7.585544087751578957e-01
-5.757575757575758221e-03 1.301937334125511346e-02 7.917224960579237747e-01
-5.757575757575758221e-03 1.337666373683599197e-02 8.186850787835039389e-01
-5.757575757575758221e-03 1.359021567518245432e-02 8.529662910753040839e-01
-5.757575757575758221e-03 1.395321047079359569e-02 8.792069941280058476e-01
-5.757575757575758221e-03 1.432098938232712407e-02 9.124168394715955754e-01
-5.757575757575758221e-03 1.453292537119238274e-02 9.410630841837582805e-01
-5.757575757575758221e-03 1.490614742946729659e-02 9.724252653450188300e-01
-5.757575757575758221e-03 1.511518248488669114e-02 1.006449469029692123e+00
-5.757575757575758221e-03 1.549363876143723673e-02 1.034079968654397552e+00
-5.757575757575758221e-03 1.587677455918160355e-02 1.066865233504700639e+00
-5.757575757575758221e-03 1.608283755249987484e-02 1.098607500709044560e+00
-5.757575757575758221e-03 1.647094637057278446e-02 1.126247136980401242e+00
-5.757575757575758221e-03 1.686368241747518079e-02 1.158551352573184090e+00
-5.757575757575758221e-03 1.706599104343828333e-02 1.191140835065487291e+00
-5.757575757575758221e-03 1.746343894273277852e-02 1.218617198912364641e+00
-5.757575757575758221e-03 1.786546178187526160e-02 1.249712334160140825e+00
-5.671641791044775525e-03 5.294972033549182749e-03 1.637515327884779159e+00
-5.671641791044775525e-03 5.567338244274656726e-03 1.363266323921075607e+00
-5.671641791044775525e-03 5.758122287684873386e-03 1.205935522705059659e+00
-5.671641791044775525e-03 5.947094121141129237e-03 1.074528201586714582e+00
-5.671641791044775525e-03 6.085373520865963899e-03 9.597145748679654087e-01
-5.671641791044775525e-03 6.267534389140333624e-03 8.598282664860157354e-01
-5.671641791044775525e-03 6.446906367438705841e-03 7.744247915374745661e-01
-5.671641791044775525e-03 6.623181139825973403e-03 7.016794765708436188e-01
-5.671641791044775525e-03 6.796050481658957171e-03 6.419153584837407056e-01
-5.671641791044775525e-03 7.025593169316398691e-03 5.887376421473692334e-01
-5.671641791044775525e-03 7.193243599684894830e-03 5.465912634359324507e-01
-5.671641791044775525e-03 7.422089166265165468e-03 5.136311132361293108e-01
-5.671641791044775525e-03 7.583493054837630275e-03 4.859897181874389682e-01
-5.671641791044775525e-03 7.810818754415612200e-03 4.658319508846751611e-01
-5.671641791044775525e-03 8.038438244588287304e-03 4.508200555651117325e-01
-5.671641791044775525e-03 8.189932396595270975e-03 4.397891923745418374e-01
-5.671641791044775525e-03 8.414849719672694989e-03 4.323215406833691432e-01
-5.671641791044775525e-03 8.639546665598912475e-03 4.312398057257567641e-01
-5.671641791044775525e-03 8.863868984807479062e-03 4.336140072765113929e-01
-5.671641791044775525e-03 9.087662450905914860e-03 4.400994213255401966e-01
-5.671641791044775525e-03 9.310772861100331810e-03 4.494325271046084591e-01
-5.671641791044775525e-03 9.533046036633399320e-03 4.625979595567205060e-01
-5.671641791044775525e-03 9.754327823236267486e-03 4.793332895678696359e-01
-5.671641791044775525e-03 1.007477728362522924e-02 4.954309814506909215e-01
-5.671641791044775525e-03 1.029685029489997052e-02 5.124626231327339410e-01
-5.671641791044775525e-03 1.051752073803615198e-02 5.336843657451354472e-01
-5.671641791044775525e-03 1.073663454576963619e-02 5.584175685957888380e-01
-5.671641791044775525e-03 1.106760969827606279e-02 5.812428254537533867e-01
-5.671641791044775525e-03 1.128658920945746838e-02 6.051413193272098257e-01
-5.671641791044775525e-03 1.150360112056878804e-02 6.334653880694904871e-01
-5.671641791044775525e-03 1.184254730025901745e-02 6.578122331892000130e-01
-5.671641791044775525e-03 1.205875665490528659e-02 6.865956618277762047e-01
-5.671641791044775525e-03 1.240389147999323288e-02 7.144688561167397145e-01
-5.671641791044775525e-03 1.261888701386416033e-02 7.434322439285333539e-01
-5.671641791044775525e-03 1.297000450267168925e-02 7.743184303775779709e-01
-5.671641791044775525e-03 1.318337502454181194e-02 8.030788760621451194e-01
-5.671641791044775525e-03 1.354026921629439446e-02 8.335793357452282448e-01
-5.671641791044775525e-03 1.375160360956592144e-02 8.637781949636275103e-01
-5.671641791044775525e-03 1.411406856470674882e-02 8.930774237061661625e-01
-5.671641791044775525e-03 1.432295578900765615e-02 9.264847589684359619e-01
-5.671641791044775525e-03 1.469078558952051881e-02 9.543793883287847724e-01
-5.671641791044775525e-03 1.506327884233782735e-02 9.879943607484389378e-01
-5.671641791044775525e-03 1.526980343210194123e-02 1.017734477249765845e+00
-5.671641791044775525e-03 1.564740409837792057e-02 1.047595596898198256e+00
-5.671641791044775525e-03 1.602961668118857430e-02 1.081946015962456986e+00
-5.671641791044775525e-03 1.623300754468304935e-02 1.109334248063555739e+00
-5.671641791044775525e-03 1.662007013774848344e-02 1.139165895586395028e+00
-5.671641791044775525e-03 1.701169311482646565e-02 1.173520565674335714e+00
-5.671641791044775525e-03 1.721117930950362071e-02 1.202047498533729275e+00
-5.671641791044775525e-03 1.760739492280219073e-02 1.231062599526654866e+00
-5.588235294117647328e-03 5.219394242898105739e-03 1.746700258144329609e+00
-5.588235294117647328e-03 5.487872834137733254e-03 1.429090745733803791e+00
-5.588235294117647328e-03 5.719511740211898759e-03 1.249475166617978195e+00
-5.588235294117647328e-03 5.862223195805833093e-03 1.114875183727429331e+00
-5.588235294117647328e-03 6.046415552897256053e-03 9.932619139385556739e-01
-5.588235294117647328e-03 6.228213859404648813e-03 8.901740468102465886e-01
-5.588235294117647328e-03 6.407314091452465284e-03 8.012824307489344600e-01
-5.588235294117647328e-03 6.583412310039380745e-03 7.244710922353501115e-01
-5.588235294117647328e-03 6.756204663803838315e-03 6.599252179713418487e-01
-5.588235294117647328e-03 6.925387391942689971e-03 6.062085380594957051e-01
-5.588235294117647328e-03 7.152660773650738012e-03 5.612609798777734582e-01
-5.588235294117647328e-03 7.316244031850969304e-03 5.239798136326133671e-01
-5.588235294117647328e-03 7.542476115793434951e-03 4.951988965468220316e-01
-5.588235294117647328e-03 7.699447140242014938e-03 4.738934398796091907e-01
-5.588235294117647328e-03 7.923827068192659459e-03 4.534126003898639734e-01
-5.588235294117647328e-03 8.148344864239485605e-03 4.409040233494145866e-01
-5.588235294117647328e-03 8.372848426915024608e-03 4.335900967697598474e-01
-5.588235294117647328e-03 8.597185676212039732e-03 4.322210877654494299e-01
-5.588235294117647328e-03 8.821204553963041262e-03 4.336936044582023198e-01
-5.588235294117647328e-03 9.044753024231371244e-03 4.387689326538337098e-01
-5.588235294117647328e-03 9.267679073714250870e-03 4.459610737938711766e-01
-5.588235294117647328e-03 9.489830712158411549e-03 4.563206265858054111e-01
-5.588235294117647328e-03 9.711055972788788446e-03 4.695109161649635432e-01
-5.588235294117647328e-03 9.931202912750833334e-03 4.847526541896524099e-01
-5.588235294117647328e-03 1.015011961356706086e-02 5.031224820612338888e-01
-5.588235294117647328e-03 1.036765418160845963e-02 5.260508997732742387e-01
-5.588235294117647328e-03 1.069225782125055903e-02 5.457618827963899300e-01
-5.588235294117647328e-03 1.090991403677407309e-02 5.681003165494549201e-01
-5.588235294117647328e-03 1.112578295928843761e-02 5.946521773938344690e-01
-5.588235294117647328e-03 1.145849833046745127e-02 6.179015968424184102e-01
-5.588235294117647328e-03 1.167383009905842775e-02 6.439899739653054400e-01
-5.588235294117647328e-03 1.201279848281292147e-02 6.738859891560894377e-01
-5.588235294117647328e-03 1.222718765640154991e-02 6.985423668352079840e-01
-5.588235294117647328e-03 1.243913137779278748e-02 7.312786423738556474e-01
-5.588235294117647328e-03 1.278524720936485143e-02 7.572580234057675330e-01
-5.588235294117647328e-03 1.299558986787062789e-02 7.902146261541383998e-01
-5.588235294117647328e-03 1.334740042727652377e-02 8.162654168832943480e-01
-5.588235294117647328e-03 1.370390962520536687e-02 8.494278819761189592e-01
-5.588235294117647328e-03 1.391303907254949103e-02 8.761977089860381041e-01
-5.588235294117647328e-03 1.427498920180370751e-02 9.079892404448701715e-01
-5.588235294117647328e-03 1.448155500254723858e-02 9.386012494251760874e-01
-5.588235294117647328e-03 1.484874309442161047e-02 9.688784881596992360e-01
-5.588235294117647328e-03 1.522052822031005719e-02 1.003449195074421763e+00
-5.588235294117647328e-03 1.542456327858028088e-02 1.030356733287717708e+00
-5.588235294117647328e-03 1.580133262206797479e-02 1.061901691299333983e+00
-5.588235294117647328e-03 1.600184182901425584e-02 1.094291533159774676e+00
-5.588235294117647328e-03 1.638339246743491379e-02 1.121598235467956339e+00
-5.588235294117647328e-03 1.676943854783990301e-02 1.153569867286663220e+00
-5.588235294117647328e-03 1.696609995442535310e-02 1.187150930978706720e+00
-5.588235294117647328e-03 1.735667363783446535e-02 1.214039342167827940e+00
-5.507246376811594443e-03 5.145942695999512935e-03 1.867196768526760975e+00
-5.507246376811594443e-03 5.410643038860501325e-03 1.506343727286767464e+00
-5.507246376811594443e-03 5.681981634833990075e-03 1.294536282793754767e+00
-5.507246376811594443e-03 5.824791422124834389e-03 1.153444639473925726e+00
-5.507246376811594443e-03 6.008547054566109810e-03 1.028962158783266467e+00
-5.507246376811594443e-03 6.189992633795838792e-03 9.230076132114868326e-01
-5.507246376811594443e-03 6.368828394066875474e-03 8.310057650271109875e-01
-5.507246376811594443e-03 6.544754651178164191e-03 7.505511361697123629e-01
-5.507246376811594443e-03 6.717471805107549238e-03 6.816931598577704587e-01
-5.507246376811594443e-03 6.886680342789042869e-03 6.227341051427166541e-01
-5.507246376811594443e-03 7.052080841045358858e-03 5.761770792452547418e-01
-5.507246376811594443e-03 7.276999184475195677e-03 5.365044252759767485e-01
-5.507246376811594443e-03 7.436430423375819596e-03 5.050404623591079334e-01
-5.507246376811594443e-03 7.659973021275964106e-03 4.798465551433355181e-01
-5.507246376811594443e-03 7.883851753686294678e-03 4.606984529862296895e-01
-5.507246376811594443e-03 8.033804228777079171e-03 4.452471807008921978e-01
-5.507246376811594443e-03 8.255158124768957606e-03 4.341286571578035769e-01
-5.507246376811594443e-03 8.476348434302959783e-03 4.298195934389315576e-01
-5.507246376811594443e-03 8.697225241713913910e-03 4.290868914721577276e-01
-5.507246376811594443e-03 8.917638652936144689e-03 4.326754038534467717e-01
-5.507246376811594443e-03 9.137438795895109697e-03 4.390474885281920314e-01
-5.507246376811594443e-03 9.356475820911246480e-03 4.491127214966668113e-01
-5.507246376811594443e-03 9.574599901116535167e-03 4.625757223980161426e-01
-5.507246376811594443e-03 9.791661232884276214e-03 4.785370806915809627e-01
-5.507246376811594443e-03 1.010813903659692724e-02 4.961034595264400826e-01
-5.507246376811594443e-03 1.032582056094530180e-02 5.136617547160985398e-01
-5.507246376811594443e-03 1.054203976180498672e-02 5.340620508980200576e-01
-5.507246376811594443e-03 1.075664691809834900e-02 5.587288089904998145e-01
-5.507246376811594443e-03 1.108320590185469211e-02 5.814932538840460463e-01
-5.507246376811594443e-03 1.129753385044190463e-02 6.043029264785065857e-01
-5.507246376811594443e-03 1.150985038287657795e-02 6.334940798528845285e-01
-5.507246376811594443e-03 1.184405735252010324e-02 6.573868971330525390e-01
-5.507246376811594443e-03 1.205544527240849130e-02 6.856951738961992726e-01
-5.507246376811594443e-03 1.239561750996806024e-02 7.137253801263747643e-01
-5.507246376811594443e-03 1.260567715604178282e-02 7.430440603367514107e-01
-5.507246376811594443e-03 1.295161449569662802e-02 7.719624756348176797e-01
-5.507246376811594443e-03 1.315994627591021010e-02 8.015808181949302114e-01
-5.507246376811594443e-03 1.351144857159497156e-02 8.305445507943438610e-01
-5.507246376811594443e-03 1.371765296458920570e-02 8.617442853823799043e-01
-5.507246376811594443e-03 1.407452009029100393e-02 8.898245253566726687e-01
-5.507246376811594443e-03 1.443596977940469865e-02 9.246878917409702137e-01
-5.507246376811594443e-03 1.464022949697267595e-02 9.519388178475466367e-01
-5.507246376811594443e-03 1.500679382716251821e-02 9.833940845211691650e-01
-5.507246376811594443e-03 1.520797733127292675e-02 1.015123596567006459e+00
-5.507246376811594443e-03 1.557945622058685628e-02 1.043807377829162997e+00
-5.507246376811594443e-03 1.595541750977184578e-02 1.075646218048699421e+00
-5.507246376811594443e-03 1.615335761673582921e-02 1.105827185044008898e+00
-5.507246376811594443e-03 1.653398332693083519e-02 1.135365338675253355e+00
-5.507246376811594443e-03 1.691904135980643389e-02 1.167274646111045033e+00
-5.507246376811594443e-03 1.711298886616088519e-02 1.198624614227072893e+00
-5.428571428571428437e-03 5.074528948918436908e-03 1.998636313178640878e+00
-5.428571428571428437e-03 5.335555865071421253e-03 1.594667710411240780e+00
-5.428571428571428437e-03 5.603128910783098868e-03 1.342460847943939051e+00
-5.428571428571428437e-03 5.788392285366848918e-03 1.193819688910541021e+00
-5.428571428571428437e-03 5.971722968879040853e-03 1.066754282035305978e+00
-5.428571428571428437e-03 6.104115860802602177e-03 9.547294681674141081e-01
-5.428571428571428437e-03 6.280478451773040781e-03 8.574815550819813170e-01
-5.428571428571428437e-03 6.453972473430652848e-03 7.737141510527152377e-01
-5.428571428571428437e-03 6.624302485242273761e-03 7.031824353129216831e-01
-5.428571428571428437e-03 6.849039200023379279e-03 6.434120034445882652e-01
-5.428571428571428437e-03 7.014566764541340683e-03 5.910544922905555110e-01
-5.428571428571428437e-03 7.176093415833725668e-03 5.496648762404849897e-01
-5.428571428571428437e-03 7.398574571708273380e-03 5.150539888079662676e-01
-5.428571428571428437e-03 7.553772493974476171e-03 4.896752847972884459e-01
-5.428571428571428437e-03 7.774552779653107377e-03 4.646786664103683129e-01
-5.428571428571428437e-03 7.995516992161758388e-03 4.482980931573876116e-01
-5.428571428571428437e-03 8.216517246466676500e-03 4.377142278791619767e-01
-5.428571428571428437e-03 8.358859428700494976e-03 4.331207872813253035e-01
-5.428571428571428437e-03 8.576681041853575355e-03 4.299503022325709134e-01
-5.428571428571428437e-03 8.794046064587082018e-03 4.318229339421968960e-01
-5.428571428571428437e-03 9.010806706595131041e-03 4.371512566330210681e-01
-5.428571428571428437e-03 9.226815199339785320e-03 4.467041027903377870e-01
-5.428571428571428437e-03 9.534996656816370833e-03 4.579379706382286086e-01
-5.428571428571428437e-03 9.752110150701770105e-03 4.700745814711381199e-01
-5.428571428571428437e-03 9.968077357984257356e-03 4.850053825533913732e-01
-5.428571428571428437e-03 1.018275058745542541e-02 5.040316162050790805e-01
-5.428571428571428437e-03 1.039598217151113842e-02 5.262536434181410705e-01
-5.428571428571428437e-03 1.071645613101884081e-02 5.467573361932663856e-01
-5.428571428571428437e-03 1.092965930630645198e-02 5.684999120475489054e-01
-5.428571428571428437e-03 1.114102694820325555e-02 5.941456529087484340e-01
-5.428571428571428437e-03 1.146929011400160854e-02 6.181604284856776488e-01
-5.428571428571428437e-03 1.167998887802966339e-02 6.440774016014275682e-01
-5.428571428571428437e-03 1.201428295442668118e-02 6.727798400667326373e-01
-5.428571428571428437e-03 1.222391868074626173e-02 6.984399316990373974e-01
-5.428571428571428437e-03 1.256404627090975876e-02 7.311092274209317621e-01
-5.428571428571428437e-03 1.277222486583710383e-02 7.557885497218870263e-01
-5.428571428571428437e-03 1.311798859188521502e-02 7.887747069814098344e-01
-5.428571428571428437e-03 1.332431602927331565e-02 8.141837146121300162e-01
-5.428571428571428437e-03 1.367551853255614437e-02 8.464780009083079371e-01
-5.428571428571428437e-03 1.387960085522440233e-02 8.739888448302131074e-01
-5.428571428571428437e-03 1.423604479661347635e-02 9.052996725615314322e-01
-5.428571428571428437e-03 1.443748811782866528e-02 9.371475632191578198e-01
-5.428571428571428437e-03 1.479897617801447310e-02 9.654287199320201740e-01
-5.428571428571428437e-03 1.516493395146378299e-02 9.992809883883231326e-01
-5.428571428571428437e-03 1.536372156282345830e-02 1.027639581628742027e+00
-5.428571428571428437e-03 1.573447677299604636e-02 1.056809901081400493e+00
-5.428571428571428437e-03 1.610965231354327329e-02 1.091030987589062695e+00
-5.428571428571428437e-03 1.630504530224734933e-02 1.118887086221499905e+00
-5.428571428571428437e-03 1.668477162384128520e-02 1.148530293394945723e+00
-5.428571428571428437e-03 1.706886889589960196e-02 1.182123159185540562e+00
-5.352112676056338531e-03 5.005069393768217696e-03 2.140663157623540869e+00
-5.352112676056338531e-03 5.262523404207049629e-03 1.693717222942841216e+00
-5.352112676056338531e-03 5.526433941553435779e-03 1.401200683677558345e+00
-5.352112676056338531e-03 5.752983648029525582e-03 1.235949577751803474e+00
-5.352112676056338531e-03 5.889996479499992436e-03 1.103113828880852854e+00
-5.352112676056338531e-03 6.068627531371662866e-03 9.869914915335438188e-01
-5.352112676056338531e-03 6.244769648300506001e-03 8.866865004632844549e-01
-5.352112676056338531e-03 6.418131332331138833e-03 7.993813752459881794e-01
-5.352112676056338531e-03 6.588421164170804242e-03 7.246991312396773299e-01
-5.352112676056338531e-03 6.755347805760845287e-03 6.606100942606083493e-01
-5.352112676056338531e-03 6.918620002990678343e-03 6.092358150749330736e-01
-5.352112676056338531e-03 7.139824794361846610e-03 5.626660293208669561e-01
-5.352112676056338531e-03 7.297389761295648529e-03 5.271163373034080113e-01
-5.352112676056338531e-03 7.517354966816872618e-03 4.967835951849237652e-01
-5.352112676056338531e-03 7.737696298918482485e-03 4.734327557179849322e-01
-5.352112676056338531e-03 7.886189780379497180e-03 4.535170427612180699e-01
-5.352112676056338531e-03 8.104173832409933623e-03 4.387809592096030276e-01
-5.352112676056338531e-03 8.322047948071658457e-03 4.313157574075502931e-01
-5.352112676056338531e-03 8.539666308989585231e-03 4.275852133133163924e-01
-5.352112676056338531e-03 8.756883116956302310e-03 4.284289322340302797e-01
-5.352112676056338531e-03 8.973552594294012530e-03 4.320322593122085664e-01
-5.352112676056338531e-03 9.189528984227578537e-03 4.392296736062631934e-01
-5.352112676056338531e-03 9.404666551269251495e-03 4.496950613574015043e-01
-5.352112676056338531e-03 9.618819581615437042e-03 4.622921655264805030e-01
-5.352112676056338531e-03 9.831842383556138598e-03 4.781100199000914430e-01
-5.352112676056338531e-03 1.014456541818360008e-02 4.983295772214668129e-01
-5.352112676056338531e-03 1.035804669367265847e-02 5.148032393968101639e-01
-5.352112676056338531e-03 1.057000913313431954e-02 5.350470868789793943e-01
-5.352112676056338531e-03 1.078030712330769504e-02 5.590619981740103661e-01
-5.352112676056338531e-03 1.110269107588701676e-02 5.813596851666384957e-01
-5.352112676056338531e-03 1.131257282688371071e-02 6.048821634857243223e-01
-5.352112676056338531e-03 1.152040171424540543e-02 6.339079246051799732e-01
-5.352112676056338531e-03 1.185012823119701783e-02 6.569332280460956630e-01
-5.352112676056338531e-03 1.205690929523356610e-02 6.860629474935924232e-01
-5.352112676056338531e-03 1.239238988951033536e-02 7.137051270262061431e-01
-5.352112676056338531e-03 1.259773443549870760e-02 7.423064506627985448e-01
-5.352112676056338531e-03 1.293877443784266501e-02 7.707353525918164694e-01
-5.352112676056338531e-03 1.314229383673194348e-02 8.003106581325638569e-01
-5.352112676056338531e-03 1.348869859658590777e-02 8.285303417930309777e-01
-5.352112676056338531e-03 1.369000428638759287e-02 8.604513584094172218e-01
-5.352112676056338531e-03 1.404157917217665509e-02 8.881478160613059947e-01
-5.352112676056338531e-03 1.439761142577287469e-02 9.221431824944126276e-01
-5.352112676056338531e-03 1.459683305882569088e-02 9.495270183003168274e-01
-5.352112676056338531e-03 1.495779211851760299e-02 9.803289739584467588e-01
-5.352112676056338531e-03 1.515387724030803698e-02 1.013375128955045446e+00
-5.352112676056338531e-03 1.551956851622617907e-02 1.039825365577051075e+00
-5.352112676056338531e-03 1.588961974774394381e-02 1.071467064294435945e+00
-5.352112676056338531e-03 1.608235771399821670e-02 1.104115473027439620e+00
-5.352112676056338531e-03 1.645689789000451264e-02 1.131446231480187858e+00
-5.352112676056338531e-03 1.683574931983533585e-02 1.162869920320354078e+00
-5.277777777777777936e-03 4.937484932773633303e-03 2.292933858595990859e+00
-5.277777777777777936e-03 5.191462489809428246e-03 1.803158399937512701e+00
-5.277777777777777936e-03 5.451809389968373734e-03 1.470432069401303110e+00
-5.277777777777777936e-03 5.718525633250479308e-03 1.279785070719444917e+00
-5.277777777777777936e-03 5.855756955572377458e-03 1.140319556269627110e+00
-5.277777777777777936e-03 6.034091333985339492e-03 1.021657117562395412e+00
-5.277777777777777936e-03 6.210018614603993875e-03 9.186562585642611412e-01
-5.277777777777777936e-03 6.331502799391200940e-03 8.276002194221441233e-01
-5.277777777777777936e-03 6.553501632735431529e-03 7.498293916313398810e-01
-5.277777777777777936e-03 6.720482436996233315e-03 6.812131050994636450e-01
-5.277777777777777936e-03 6.883906281994915666e-03 6.243098574958931835e-01
-5.277777777777777936e-03 7.043485904292137202e-03 5.784908969279104474e-01
-5.277777777777777936e-03 7.262417420954933416e-03 5.379135689947596166e-01
-5.277777777777777936e-03 7.415936441255327992e-03 5.082833477165410452e-01
-5.277777777777777936e-03 7.633310136833122012e-03 4.787231423846360912e-01
-5.277777777777777936e-03 7.850911299265206714e-03 4.584548491747465482e-01
-5.277777777777777936e-03 8.068596032728180337e-03 4.446231966140059000e-01
-5.277777777777777936e-03 8.209800726123673079e-03 4.346944191425637372e-01
-5.277777777777777936e-03 8.424489690722290411e-03 4.282114963117739648e-01
-5.277777777777777936e-03 8.638782870940208206e-03 4.270360485403199013e-01
-5.277777777777777936e-03 8.852536459472691924e-03 4.293049522789926242e-01
-5.277777777777777936e-03 9.065606669348335797e-03 4.357119666536469205e-01
-5.277777777777777936e-03 9.277849734303331153e-03 4.459717778896492568e-01
-5.277777777777777936e-03 9.489121909167454530e-03 4.588305353042520518e-01
-5.277777777777777936e-03 9.795821292402783972e-03 4.712490883100913241e-01
-5.277777777777777936e-03 1.000778605441118678e-02 4.867488244487284677e-01
-5.277777777777777936e-03 1.021839651600553803e-02 5.048250996276741898e-01
-5.277777777777777936e-03 1.042750900692052465e-02 5.270068719079439301e-01
-5.277777777777777936e-03 1.074407575586537600e-02 5.481256417913253909e-01
-5.277777777777777936e-03 1.095301783641199934e-02 5.685698685028168775e-01
-5.277777777777777936e-03 1.116007872057513464e-02 5.948526903371559316e-01
-5.277777777777777936e-03 1.148412950890992552e-02 6.189618873861068016e-01
-5.277777777777777936e-03 1.169039685366289084e-02 6.441005374154905594e-01
-5.277777777777777936e-03 1.202026840679179011e-02 6.734230895179561527e-01
-5.277777777777777936e-03 1.222535872297260927e-02 6.990927673690773281e-01
-5.277777777777777936e-03 1.256085899166894601e-02 7.300348676638162004e-01
-5.277777777777777936e-03 1.276438885292532910e-02 7.552798533720017637e-01
-5.277777777777777936e-03 1.310532580591496944e-02 7.870738217425528038e-01
-5.277777777777777936e-03 1.330691185001706828e-02 8.129714963339823575e-01
-5.277777777777777936e-03 1.365309347424545003e-02 8.442775735483299959e-01
-5.277777777777777936e-03 1.385235240444516493e-02 8.732034036408771183e-01
-5.277777777777777936e-03 1.420358670535172736e-02 9.037221063845887192e-01
-5.277777777777777936e-03 1.440013529179081687e-02 9.356632647483270615e-01
-5.277777777777777936e-03 1.475623029359111361e-02 9.633599956815689369e-01
-5.277777777777777936e-03 1.511667454732179387e-02 9.961843433497382660e-01
-5.277777777777777936e-03 1.531044912073630318e-02 1.024670817235662224e+00
-5.277777777777777936e-03 1.567551407381763059e-02 1.053683416027890507e+00
-5.277777777777777936e-03 1.604488023400447994e-02 1.087783903319382794e+00
-5.277777777777777936e-03 1.623516187568256955e-02 1.116003974244657915e+00
-5.277777777777777936e-03 1.660890875867641545e-02 1.145213955653992421e+00
-5.205479452054794474e-03 4.871700678332441074e-03 2.455116768477121791e+00
-5.205479452054794474e-03 5.122294382159187434e-03 1.922668527009053108e+00
-5.205479452054794474e-03 5.379172567586600756e-03 1.549841803462927992e+00
-5.205479452054794474e-03 5.642335234614688846e-03 1.321513822198376875e+00
-5.205479452054794474e-03 5.822424153302822349e-03 1.179548794368096232e+00
-5.205479452054794474e-03 5.953713010657620854e-03 1.056809051060251026e+00
-5.205479452054794474e-03 6.127303793085541427e-03 9.475719616488462727e-01
-5.205479452054794474e-03 6.298236295359799577e-03 8.528390743159874887e-01
-5.205479452054794474e-03 6.466226844536918962e-03 7.718152785095155899e-01
-5.205479452054794474e-03 6.630991843688260889e-03 7.021494589429704281e-01
-5.205479452054794474e-03 6.850110103708341794e-03 6.438941605446406591e-01
-5.205479452054794474e-03 7.009935717419492861e-03 5.919543967585265687e-01
-5.205479452054794474e-03 7.165732417896338372e-03 5.520793333872380249e-01
-5.205479452054794474e-03 7.382309614644370216e-03 5.165185269699137383e-01
-5.205479452054794474e-03 7.599300768727266543e-03 4.889089406968885054e-01
-5.205479452054794474e-03 7.746411468470830626e-03 4.644945070159175460e-01
-5.205479452054794474e-03 7.961203910555946645e-03 4.461782843870212290e-01
-5.205479452054794474e-03 8.175937179124143778e-03 4.356297436946089396e-01
-5.205479452054794474e-03 8.390469335328177777e-03 4.290098104072415652e-01
-5.205479452054794474e-03 8.604658459183265468e-03 4.272578674942724142e-01
-5.205479452054794474e-03 8.818362649902102349e-03 4.282796825830250675e-01
-5.205479452054794474e-03 9.031440026240145427e-03 4.328346553479426873e-01
-5.205479452054794474e-03 9.243748726851509084e-03 4.405681759223148419e-01
-5.205479452054794474e-03 9.455146910655956236e-03 4.501046757744286420e-01
-5.205479452054794474e-03 9.665492757217451422e-03 4.625826952532754999e-01
-5.205479452054794474e-03 9.874644467134797987e-03 4.791311972217653370e-01
-5.205479452054794474e-03 1.008246026244484506e-02 4.986301431153051245e-01
-5.205479452054794474e-03 1.039326937201982999e-02 5.167288913734331413e-01
-5.205479452054794474e-03 1.060115404683955112e-02 5.362084851594789425e-01
-5.205479452054794474e-03 1.080732463435044553e-02 5.591377335256911829e-01
-5.205479452054794474e-03 1.112575547692681507e-02 5.828010970022345916e-01
-5.205479452054794474e-03 1.133138004817054421e-02 6.059085529168785067e-01
-5.205479452054794474e-03 1.153491249005297002e-02 6.342361902179715072e-01
-5.205479452054794474e-03 1.186039669267929288e-02 6.579654237773768788e-01
-5.205479452054794474e-03 1.206276840327394524e-02 6.872316392621486969e-01
-5.205479452054794474e-03 1.239380670916146766e-02 7.133002105450516606e-01
-5.205479452054794474e-03 1.259463937475163893e-02 7.423721938436821377e-01
-5.205479452054794474e-03 1.293104231749394456e-02 7.698008918433291159e-01
-5.205479452054794474e-03 1.312995768676256114e-02 7.997694467221007075e-01
-5.205479452054794474e-03 1.347153581768311542e-02 8.272149207762049539e-01
-5.205479452054794474e-03 1.366815570303563619e-02 8.604379389923902943e-01
-5.205479452054794474e-03 1.401471959145484877e-02 8.874218895938036367e-01
-5.205479452054794474e-03 1.436562230789808700e-02 9.196226402832576863e-01
-5.205479452054794474e-03 1.456002610389940666e-02 9.483499090852685054e-01
-5.205479452054794474e-03 1.491567776010855467e-02 9.781973617391492848e-01
-5.205479452054794474e-03 1.510688790517397337e-02 1.011324751943888156e+00
-5.205479452054794474e-03 1.546709911000648287e-02 1.037659553076805130e+00
-5.205479452054794474e-03 1.583155433492537678e-02 1.069227999169388044e+00
-5.205479452054794474e-03 1.601931901345304485e-02 1.102185268660071715e+00
-5.205479452054794474e-03 1.638809701485565914e-02 1.129137856407440799e+00
-5.135135135135134726e-03 4.807645676688807566e-03 2.626891562996070295e+00
-5.135135135135134726e-03 5.054944477735114072e-03 2.051935604625830578e+00
-5.135135135135134726e-03 5.308445129591356920e-03 1.639126801968300962e+00
-5.135135135135134726e-03 5.568147632257541314e-03 1.373193399275427939e+00
-5.135135135135134726e-03 5.745874796503786311e-03 1.220338698240772235e+00
-5.135135135135134726e-03 5.921585696813953803e-03 1.090854897471912999e+00
-5.135135135135134726e-03 6.095000230662374341e-03 9.789814180690479262e-01
-5.135135135135134726e-03 6.265838364246478602e-03 8.812200563640215645e-01
-5.135135135135134726e-03 6.433820134646544599e-03 7.966490841542261947e-01
-5.135135135135134726e-03 6.598665652100903743e-03 7.226691550999264635e-01
-5.135135135135134726e-03 6.760095102405026118e-03 6.608461545717577712e-01
-5.135135135135134726e-03 6.917828749443833379e-03 6.103045208061019800e-01
-5.135135135135134726e-03 7.133396144237305440e-03 5.636405709578650169e-01
-5.135135135135134726e-03 7.285323156155589126e-03 5.295983778336219583e-01
-5.135135135135134726e-03 7.499468196804414365e-03 4.954362646616832233e-01
-5.135135135135134726e-03 7.713881926609961193e-03 4.712715516586936104e-01
-5.135135135135134726e-03 7.856631861410105777e-03 4.534290240679173523e-01
-5.135135135135134726e-03 8.068549747757123095e-03 4.390637014434942698e-01
-5.135135135135134726e-03 8.280269484441294195e-03 4.293890961839608722e-01
-5.135135135135134726e-03 8.491651019664042330e-03 4.253258366971618964e-01
-5.135135135135134726e-03 8.702554320315197475e-03 4.247326458039756281e-01
-5.135135135135134726e-03 8.912839372309152783e-03 4.282283106759569580e-01
-5.135135135135134726e-03 9.122366180931339164e-03 4.354990436722981917e-01
-5.135135135135134726e-03 9.330994771195521079e-03 4.450527360507425256e-01
-5.135135135135134726e-03 9.538585188212328134e-03 4.579921874707993945e-01
-5.135135135135134726e-03 9.841980542789953781e-03 4.740495148271165471e-01
-5.135135135135134726e-03 1.005010621364012431e-02 4.883770695588380284e-01
-5.135135135135134726e-03 1.025682041024800553e-02 5.063674849442528769e-01
-5.135135135135134726e-03 1.046198324906847527e-02 5.277567490699590635e-01
-5.135135135135134726e-03 1.077484775961300330e-02 5.490661011192231600e-01
-5.135135135135134726e-03 1.097970560989785897e-02 5.700269879138628593e-01
-5.135135135135134726e-03 1.118263897716731056e-02 5.959261674447491330e-01
-5.135135135135134726e-03 1.150269835458549161e-02 6.196727941944657481e-01
-5.135135135135134726e-03 1.170472003050022913e-02 6.453581535236257993e-01
-5.135135135135134726e-03 1.203040104339693842e-02 6.747185601138777633e-01
-5.135135135135134726e-03 1.223113764715615982e-02 6.992088042472565101e-01
-5.135135135135134726e-03 1.256225331189832206e-02 7.301044838165685613e-01
-5.135135135135134726e-03 1.276133152242342646e-02 7.549754540198009289e-01
-5.135135135135134726e-03 1.309769487241082414e-02 7.862122873389848499e-01
-5.135135135135134726e-03 1.329474142959536850e-02 8.124173396565737004e-01
-5.135135135135134726e-03 1.363616551551422550e-02 8.435883401779220581e-01
-5.135135135135134726e-03 1.383080722151825391e-02 8.732158016873511341e-01
-5.135135135135134726e-03 1.417710511160181173e-02 9.021167959709653905e-01
-5.135135135135134726e-03 1.436896883219267868e-02 9.352749020019597292e-01
-5.135135135135134726e-03 1.471995361248907598e-02 9.620939525840096485e-01
-5.135135135135134726e-03 1.507517350325662288e-02 9.928218814545987092e-01
-5.135135135135134726e-03 1.526415105307881923e-02 1.023375252735714280e+00
-5.135135135135134726e-03 1.562382416085936719e-02 1.052364676840970237e+00
-5.135135135135134726e-03 1.598768560177274076e-02 1.084248040571703431e+00
-5.135135135135134726e-03 1.617307700305999768e-02 1.114624428878195683e+00
-5.066666666666666367e-03 4.745252653078985139e-03 2.807948790927052407e+00
-5.066666666666666367e-03 4.989342041250466493e-03 2.190657932240638317e+00
-5.066666666666666367e-03 5.239552793388627117e-03 1.737993715448445942e+00
-5.066666666666666367e-03 5.495884909493475683e-03 1.434539289381236760e+00
-5.066666666666666367e-03 5.714824077862332326e-03 1.258923194806059076e+00
-5.066666666666666367e-03 5.890286898976649851e-03 1.127224566438142839e+00
-5.066666666666666367e-03 6.063529489079208350e-03 1.013059900633175969e+00
-5.066666666666666367e-03 6.184547367135502863e-03 9.106409446185348422e-01
-5.066666666666666367e-03 6.350356808430518418e-03 8.228014707455780785e-01
-5.066666666666666367e-03 6.567172050448526026e-03 7.471323553228274017e-01
-5.066666666666666367e-03 6.728770243790190529e-03 6.805610590588764275e-01
-5.066666666666666367e-03 6.886766827936703465e-03 6.242171161579360694e-01
-5.066666666666666367e-03 7.040885750532071587e-03 5.797988183026131503e-01
-5.066666666666666367e-03 7.254249678436669631e-03 5.389331073949211737e-01
-5.066666666666666367e-03 7.468063403611401724e-03 5.070184249745820493e-01
-5.066666666666666367e-03 7.613861719484785531e-03 4.780799252049988679e-01
-5.066666666666666367e-03 7.825627016457946047e-03 4.562246590327036500e-01
-5.066666666666666367e-03 8.037381242363927231e-03 4.426669149299300443e-01
-5.066666666666666367e-03 8.248986137020897919e-03 4.332653006703603427e-01
-5.066666666666666367e-03 8.381572264184906917e-03 4.283527837447660969e-01
-5.066666666666666367e-03 8.589747110865835616e-03 4.259450662209410265e-01
-5.066666666666666367e-03 8.797312043848868821e-03 4.281860327280648248e-01
-5.066666666666666367e-03 9.004128886583334657e-03 4.348021278527465228e-01
-5.066666666666666367e-03 9.299932789760026811e-03 4.418456795990746699e-01
-5.066666666666666367e-03 9.507739244900162076e-03 4.513164369540564880e-01
-5.066666666666666367e-03 9.714429060351373324e-03 4.644801674466554342e-01
-5.066666666666666367e-03 9.919864126543373462e-03 4.800220913178793181e-01
-5.066666666666666367e-03 1.012390635434707448e-02 4.995794174681382760e-01
-5.066666666666666367e-03 1.043125608850609121e-02 5.189987240358214793e-01
-5.066666666666666367e-03 1.063522811177309950e-02 5.370331431511565778e-01
-5.066666666666666367e-03 1.083743896309253586e-02 5.604270415162930785e-01
-5.066666666666666367e-03 1.115212138849923894e-02 5.847578166786039366e-01
-5.066666666666666367e-03 1.135366313995575353e-02 6.068381172876278207e-01
-5.066666666666666367e-03 1.155307551036858366e-02 6.355593740276344050e-01
-5.066666666666666367e-03 1.187453705105339687e-02 6.597082948814700920e-01
-5.066666666666666367e-03 1.207268159835584755e-02 6.877233107322606731e-01
-5.066666666666666367e-03 1.239950761470678953e-02 7.138925100713322536e-01
-5.066666666666666367e-03 1.259601586631069366e-02 7.425642716181841685e-01
-5.066666666666666367e-03 1.292802182398383910e-02 7.695736741132700454e-01
-5.066666666666666367e-03 1.312252536667788023e-02 7.998552286520334009e-01
-5.066666666666666367e-03 1.345952674816329464e-02 8.272741535074631392e-01
-5.066666666666666367e-03 1.365165722937357502e-02 8.610774924835928879e-01
-5.066666666666666367e-03 1.399346953424908564e-02 8.866246715371878251e-01
-5.066666666666666367e-03 1.433950826638735222e-02 9.183488304442590788e-01
-5.066666666666666367e-03 1.452929740853702890e-02 9.478517443938123677e-01
-5.066666666666666367e-03 1.487991641008135427e-02 9.757555144522689350e-01
-5.066666666666666367e-03 1.523471566797792581e-02 1.009245480713121923e+00
-5.066666666666666367e-03 1.542147248630090263e-02 1.037174920906801745e+00
-5.066666666666666367e-03 1.578062138237774567e-02 1.066657625577798418e+00
-5.066666666666666367e-03 1.614390436646698235e-02 1.100573515537524028e+00
-5.000000000000000104e-03 4.684457776428447955e-03 2.997989444645106971e+00
-5.000000000000000104e-03 4.925419958246446926e-03 2.338543711249691626e+00
-5.000000000000000104e-03 5.172425078793421033e-03 1.846158562491223787e+00
-5.000000000000000104e-03 5.425473138069375478e-03 1.505275824791552530e+00
-5.000000000000000104e-03 5.684564136074305926e-03 1.299466729551708166e+00
-5.000000000000000104e-03 5.814831001567509483e-03 1.165469395068765124e+00
-5.000000000000000104e-03 5.985860502258552422e-03 1.044159439119313415e+00
-5.000000000000000104e-03 6.154425786553012652e-03 9.385558762621910578e-01
-5.000000000000000104e-03 6.320254049069167109e-03 8.473306818819821284e-01
-5.000000000000000104e-03 6.483072553047003472e-03 7.675787169128224230e-01
-5.000000000000000104e-03 6.642608632578018112e-03 7.004930827045300346e-01
-5.000000000000000104e-03 6.856494161028723645e-03 6.429978494460454330e-01
-5.000000000000000104e-03 7.010964318516733559e-03 5.921052350399432784e-01
-5.000000000000000104e-03 7.161379644856909026e-03 5.535070930890764185e-01
-5.000000000000000104e-03 7.372460386019102051e-03 5.147134451288927215e-01
-5.000000000000000104e-03 7.583848901082266766e-03 4.866500202691630417e-01
-5.000000000000000104e-03 7.725460354313659975e-03 4.638100995427260065e-01
-5.000000000000000104e-03 7.934508950092877475e-03 4.461354712506852560e-01
-5.000000000000000104e-03 8.143410422972950299e-03 4.333886231058334815e-01
-5.000000000000000104e-03 8.352028303705008247e-03 4.265943508441306653e-01
-5.000000000000000104e-03 8.560226140556228755e-03 4.233310620280877901e-01
-5.000000000000000104e-03 8.767867499621620486e-03 4.241427106519909396e-01
-5.000000000000000104e-03 8.974815965145387792e-03 4.286892716084158561e-01
-5.000000000000000104e-03 9.180935139852153606e-03 4.352383072528847596e-01
-5.000000000000000104e-03 9.386088645288550789e-03 4.449446144252525159e-01
-5.000000000000000104e-03 9.590140122175544457e-03 4.587605224533314319e-01
-5.000000000000000104e-03 9.792953230772090747e-03 4.753467655807849801e-01
-5.000000000000000104e-03 1.009483779014923484e-02 4.909691549714082504e-01
-5.000000000000000104e-03 1.029780947334179263e-02 5.080930515916817214e-01
-5.000000000000000104e-03 1.049917912587935466e-02 5.282774344135942046e-01
-5.000000000000000104e-03 1.080853066000350172e-02 5.515757147341310285e-01
-5.000000000000000104e-03 1.100946760229377583e-02 5.719341367506566298e-01
-5.000000000000000104e-03 1.120843897062992305e-02 5.969101860016273742e-01
-5.000000000000000104e-03 1.152471096872156528e-02 6.218541591419048942e-01
-5.000000000000000104e-03 1.172265850674094473e-02 6.473975557578742768e-01
-5.000000000000000104e-03 1.204436318371345654e-02 6.754524432019397562e-01
-5.000000000000000104e-03 1.224092309995392612e-02 7.001852682737479405e-01
-5.000000000000000104e-03 1.256787827748460235e-02 7.304547424883170992e-01
-5.000000000000000104e-03 1.276268683735123748e-02 7.552562130808728735e-01
-5.000000000000000104e-03 1.309471035330071753e-02 7.859695121986278732e-01
-5.000000000000000104e-03 1.328740388025769457e-02 8.131096948160193572e-01
-5.000000000000000104e-03 1.362431358891106649e-02 8.438122098946571059e-01
-5.000000000000000104e-03 1.381452846571585603e-02 8.731214948460240821e-01
-5.000000000000000104e-03 1.415614223803045822e-02 9.016243196099844592e-01
-5.000000000000000104e-03 1.434351490801236140e-02 9.354486658365970264e-01
-5.000000000000000104e-03 1.468965063187251639e-02 9.604803924539913051e-01
-5.000000000000000104e-03 1.503991316019002468e-02 9.912420876831983252e-01
-5.000000000000000104e-03 1.522429318073671364e-02 1.023639957679689738e+00
-5.000000000000000104e-03 1.557884999068264754e-02 1.050678685205278073e+00
-5.000000000000000104e-03 1.593748803009557846e-02 1.082297411555442901e+00
