1.000000000000000000e+00 3.125000000000000000e+00 1.217805263923044556e+00
1.000000000000000000e+00 3.264273219491878208e+00 1.053058923761673871e+00
1.000000000000000000e+00 3.406582673885880652e+00 9.250287016000274809e-01
1.000000000000000000e+00 3.551928363182007331e+00 8.242264425634153735e-01
1.000000000000000000e+00 3.700310287380258245e+00 7.493205616610969511e-01
1.000000000000000000e+00 3.851728446480632950e+00 6.946512621083757999e-01
1.000000000000000000e+00 4.006182840483131891e+00 6.560318304312970916e-01
1.000000000000000000e+00 4.163673469387754622e+00 6.311467679633961936e-01
1.000000000000000000e+00 4.324200333194502477e+00 6.186229351078899041e-01
1.000000000000000000e+00 4.487763431903373679e+00 6.159897851899047705e-01
1.000000000000000000e+00 4.654362765514369116e+00 6.200445211629530551e-01
1.000000000000000000e+00 4.823998334027488788e+00 6.315032851942934400e-01
1.000000000000000000e+00 4.996670137442731807e+00 6.499144523105607751e-01
1.000000000000000000e+00 5.172378175760099950e+00 6.698606888283141769e-01
1.000000000000000000e+00 5.351122448979591439e+00 6.942795557448450117e-01
1.000000000000000000e+00 5.532902957101207164e+00 7.220012410212015563e-01
1.000000000000000000e+00 5.717719700124948012e+00 7.522412653886468847e-01
1.000000000000000000e+00 5.905572678050812208e+00 7.843908830713109959e-01
1.000000000000000000e+00 6.096461890878799750e+00 8.181448485705369311e-01
1.000000000000000000e+00 6.290387338608914192e+00 8.534368388663767790e-01
1.000000000000000000e+00 6.487349021241149316e+00 8.902767134806499616e-01
1.000000000000000000e+00 6.687346938775511340e+00 9.249463609432634348e-01
1.000000000000000000e+00 6.890381091211994935e+00 9.606789586400994452e-01
1.000000000000000000e+00 7.096451478550605430e+00 9.979874667289934109e-01
1.000000000000000000e+00 7.305558100791336607e+00 1.035282139353133735e+00
1.000000000000000000e+00 7.517700957934195571e+00 1.070463292717708459e+00
1.000000000000000000e+00 7.732880049979175219e+00 1.108088873156859666e+00
1.000000000000000000e+00 7.951095376926281766e+00 1.143152551196090494e+00
1.000000000000000000e+00 8.172346938775509884e+00 1.179036808879759146e+00
1.000000000000000000e+00 8.396634735526864901e+00 1.214394611652402922e+00
1.000000000000000000e+00 8.623958767180340601e+00 1.248859828445582965e+00
1.000000000000000000e+00 8.854319033735944089e+00 1.283260997704628537e+00
1.000000000000000000e+00 9.087715535193668259e+00 1.316996440985089833e+00
1.000000000000000000e+00 9.324148271553520217e+00 1.349591785777100261e+00
1.000000000000000000e+00 9.563617242815492858e+00 1.383523255822956655e+00
1.000000000000000000e+00 9.806122448979593287e+00 1.413723363776224762e+00
1.000000000000000000e+00 1.005166389004581262e+01 1.446426810712206024e+00
1.000000000000000000e+00 1.030024156601416152e+01 1.476161364996319891e+00
1.000000000000000000e+00 1.055185547688463465e+01 1.505704613231550137e+00
1.000000000000000000e+00 1.080650562265722670e+01 1.537163318906284104e+00
1.000000000000000000e+00 1.106419200333194475e+01 1.564110998211062142e+00
1.000000000000000000e+00 1.132491461890878881e+01 1.591932110065686468e+00
1.000000000000000000e+00 1.158867346938775889e+01 1.621208048617490682e+00
1.000000000000000000e+00 1.185546855476884787e+01 1.651683721975965691e+00
1.000000000000000000e+00 1.212529987505206108e+01 1.683236893486043995e+00
1.000000000000000000e+00 1.239816743023740209e+01 1.715654998063426806e+00
1.000000000000000000e+00 1.267407122032486733e+01 1.748917175790550838e+00
1.000000000000000000e+00 1.295301124531445325e+01 1.782745222145873942e+00
1.000000000000000000e+00 1.323498750520616341e+01 1.817097050769785893e+00
1.000000000000000000e+00 1.352000000000000135e+01 1.851905804555884050e+00
9.500000000000000666e-01 2.210190843236121250e+00 1.314993316860819883e+00
9.500000000000000666e-01 2.306531271068254618e+00 1.134717229629823132e+00
9.500000000000000666e-01 2.405560073597399207e+00 9.904323046810855624e-01
9.500000000000000666e-01 2.505771380980437169e+00 8.769105083687562807e-01
9.500000000000000666e-01 2.608739949949217873e+00 7.892273860410212727e-01
9.500000000000000666e-01 2.713688076925228287e+00 7.235397625453001691e-01
9.500000000000000666e-01 2.820608238721733940e+00 6.751004049210056479e-01
9.500000000000000666e-01 2.929492684002605429e+00 6.410862714980511967e-01
9.500000000000000666e-01 3.040333422246828565e+00 6.196337813535641725e-01
9.500000000000000666e-01 3.153122211998271585e+00 6.099490976639101447e-01
9.500000000000000666e-01 3.269017017873611763e+00 6.073154135701626100e-01
9.500000000000000666e-01 3.385735260415005055e+00 6.136671865958440719e-01
9.500000000000000666e-01 3.505655915447589699e+00 6.240443697934286993e-01
9.500000000000000666e-01 3.627609172565146700e+00 6.409867200572808565e-01
9.500000000000000666e-01 3.751591638768084103e+00 6.627418241415473643e-01
9.500000000000000666e-01 3.876154343738025254e+00 6.870271152573070861e-01
9.500000000000000666e-01 4.004125888670122535e+00 7.136130118373129605e-01
9.500000000000000666e-01 4.134114481281887521e+00 7.428357024994618474e-01
9.500000000000000666e-01 4.266116469883426632e+00 7.742218434765028023e-01
9.500000000000000666e-01 4.401819531970755150e+00 8.072297491312194762e-01
9.500000000000000666e-01 4.537902908340748276e+00 8.398791577671256281e-01
9.500000000000000666e-01 4.675990166358586997e+00 8.735357312958395015e-01
9.500000000000000666e-01 4.816077444407346420e+00 9.084350882441133423e-01
9.500000000000000666e-01 4.958160815054971415e+00 9.448631361314663302e-01
9.500000000000000666e-01 5.104259786307889790e+00 9.805328210680941403e-01
9.500000000000000666e-01 5.250397856672737618e+00 1.015135981374206908e+00
9.500000000000000666e-01 5.398521825565037346e+00 1.051904357296456149e+00
9.500000000000000666e-01 5.550863540111603989e+00 1.086825535454384317e+00
9.500000000000000666e-01 5.703026698193306210e+00 1.121764917491059332e+00
9.500000000000000666e-01 5.859544685319240109e+00 1.157778889373833664e+00
9.500000000000000666e-01 6.015737547051274170e+00 1.191015563994350712e+00
9.500000000000000666e-01 6.176427891506662604e+00 1.226676709663199194e+00
9.500000000000000666e-01 6.336640792223201757e+00 1.258745081176096070e+00
9.500000000000000666e-01 6.501499531037462809e+00 1.293045678298229806e+00
9.500000000000000666e-01 6.665722621652827584e+00 1.324754556258870508e+00
9.500000000000000666e-01 6.834745743088492809e+00 1.356976499132805491e+00
9.500000000000000666e-01 7.002968984597396584e+00 1.389165800504999604e+00
9.500000000000000666e-01 7.176152427071389006e+00 1.418780298849379617e+00
9.500000000000000666e-01 7.351451206775327485e+00 1.450777337888812468e+00
9.500000000000000666e-01 7.525705235803591187e+00 1.479307168559156338e+00
9.500000000000000666e-01 7.705159336134883574e+00 1.508062809555487771e+00
9.500000000000000666e-01 7.886727885826397610e+00 1.538589604634305052e+00
9.500000000000000666e-01 8.066994817587858080e+00 1.564823543007632933e+00
9.500000000000000666e-01 8.252713621108592079e+00 1.591771213909911831e+00
9.500000000000000666e-01 8.440545978979191233e+00 1.620094726164234666e+00
9.500000000000000666e-01 8.630491891199662646e+00 1.649564420115469776e+00
9.500000000000000666e-01 8.822551357769999214e+00 1.680133159573355739e+00
9.500000000000000666e-01 9.016724378690200936e+00 1.711507153224630207e+00
9.500000000000000666e-01 9.213010953960271365e+00 1.743630342759037166e+00
9.500000000000000666e-01 9.411411083580208725e+00 1.776417911860861176e+00
9.047619047619048782e-01 1.615501322715545252e+00 1.416508993358367219e+00
9.047619047619048782e-01 1.684546451541564238e+00 1.220782804999252402e+00
9.047619047619048782e-01 1.754851447529782504e+00 1.062464687916776285e+00
9.047619047619048782e-01 1.826399406864947839e+00 9.366494397932485505e-01
9.047619047619048782e-01 1.900354479303896227e+00 8.360935343337035919e-01
9.047619047619048782e-01 1.975650142691797173e+00 7.593387749311883983e-01
9.047619047619048782e-01 2.052276393231852403e+00 7.011088220883174849e-01
9.047619047619048782e-01 2.130222940079130822e+00 6.580976003802068153e-01
9.047619047619048782e-01 2.209479191925957320e+00 6.279718265650824360e-01
9.047619047619048782e-01 2.290034242742418069e+00 6.094976003307968071e-01
9.047619047619048782e-01 2.371876856605334538e+00 6.023861395453482537e-01
9.047619047619048782e-01 2.456664898881174341e+00 6.001023689018607499e-01
9.047619047619048782e-01 2.542870376582349934e+00 6.075122806243564710e-01
9.047619047619048782e-01 2.628675380137085682e+00 6.182304308595851783e-01
9.047619047619048782e-01 2.717627239951794227e+00 6.341424187574904447e-01
9.047619047619048782e-01 2.807980874324192744e+00 6.546639449326239202e-01
9.047619047619048782e-01 2.899731579294594130e+00 6.786288446077345382e-01
9.047619047619048782e-01 2.992874579112931421e+00 7.050831640660939481e-01
9.047619047619048782e-01 3.087405024423987232e+00 7.334137206372813855e-01
9.047619047619048782e-01 3.183317990390702956e+00 7.632765091322981643e-01
9.047619047619048782e-01 3.280608474752913395e+00 7.944417367115564899e-01
9.047619047619048782e-01 3.379271395818762791e+00 8.268274505580361922e-01
9.047619047619048782e-01 3.479301590385833975e+00 8.605510021130583498e-01
9.047619047619048782e-01 3.580693811588976150e+00 8.958118964208137136e-01
9.047619047619048782e-01 3.686203838745898853e+00 9.297074580295473512e-01
9.047619047619048782e-01 3.790404584120000475e+00 9.635289405436802124e-01
9.047619047619048782e-01 3.895953724048130784e+00 9.992875898103826815e-01
9.047619047619048782e-01 4.005894239117448130e+00 1.033985874587879605e+00
9.047619047619048782e-01 4.114231104093724056e+00 1.067902475644560534e+00
9.047619047619048782e-01 4.227145036477673479e+00 1.104529489875289094e+00
9.047619047619048782e-01 4.338256904952461745e+00 1.136528655544446043e+00
9.047619047619048782e-01 4.450694259214473369e+00 1.172135040956985508e+00
9.047619047619048782e-01 4.568012876851897275e+00 1.203895839256567291e+00
9.047619047619048782e-01 4.683203334547499708e+00 1.238770676814415106e+00
9.047619047619048782e-01 4.803480474300434899e+00 1.269519987248390658e+00
9.047619047619048782e-01 4.925282611833756263e+00 1.303811911924862343e+00
9.047619047619048782e-01 5.044640847997125199e+00 1.333290792724963758e+00
9.047619047619048782e-01 5.169394830204184998e+00 1.365214955055736645e+00
9.047619047619048782e-01 5.291474836440508867e+00 1.395622770692314107e+00
9.047619047619048782e-01 5.419175110710130916e+00 1.424823432750413010e+00
9.047619047619048782e-01 5.548397976017633404e+00 1.456226548853460701e+00
9.047619047619048782e-01 5.674603904381823938e+00 1.483354449265434472e+00
9.047619047619048782e-01 5.806766225521463376e+00 1.511480428552361532e+00
9.047619047619048782e-01 5.940449920641390769e+00 1.541259167648476147e+00
9.047619047619048782e-01 6.070757411291061167e+00 1.566585249620572773e+00
9.047619047619048782e-01 6.207373639344157645e+00 1.592777982869597375e+00
9.047619047619048782e-01 6.345510014999739212e+00 1.620336699170938921e+00
9.047619047619048782e-01 6.485166538257805868e+00 1.648952139657320126e+00
9.047619047619048782e-01 6.626343209118359390e+00 1.678553839794706626e+00
9.047619047619048782e-01 6.769040027581400665e+00 1.709038387720147156e+00
8.636363636363636465e-01 1.213902219264723081e+00 1.524659678967131615e+00
8.636363636363636465e-01 1.264864620631257486e+00 1.313313895337773873e+00
8.636363636363636465e-01 1.316680544479605475e+00 1.141209394722906723e+00
8.636363636363636465e-01 1.369332628930687745e+00 1.002740258551636066e+00
8.636363636363636465e-01 1.424054283262429221e+00 8.892944473772501635e-01
8.636363636363636465e-01 1.479714467453325133e+00 8.014925672522578148e-01
8.636363636363636465e-01 1.534917018028383762e+00 7.331447743204171363e-01
8.636363636363636465e-01 1.592351893336281021e+00 6.809427137180771306e-01
8.636363636363636465e-01 1.652221660774129797e+00 6.432117905473402342e-01
8.636363636363636465e-01 1.711529972192723514e+00 6.163577821740672258e-01
8.636363636363636465e-01 1.771722316393425478e+00 6.004927319549808740e-01
8.636363636363636465e-01 1.834546495258331245e+00 5.949018151686810141e-01
8.636363636363636465e-01 1.896556439114756909e+00 5.939674469217574027e-01
8.636363636363636465e-01 1.961338927813610189e+00 6.011157842711467580e-01
8.636363636363636465e-01 2.025128929561469171e+00 6.136441598318828072e-01
8.636363636363636465e-01 2.091841997662497121e+00 6.288339351813145850e-01
8.636363636363636465e-01 2.159551415429162624e+00 6.484857234805990744e-01
8.636363636363636465e-01 2.228252216796265728e+00 6.714643242180639016e-01
8.636363636363636465e-01 2.297939362824629850e+00 6.969908379845000113e-01
8.636363636363636465e-01 2.368607739893076047e+00 7.245670771618231143e-01
8.636363636363636465e-01 2.440252157829475355e+00 7.538314803321495283e-01
8.636363636363636465e-01 2.512867347978315014e+00 7.845825635510174090e-01
8.636363636363636465e-01 2.586447961202037682e+00 8.168186757600115477e-01
8.636363636363636465e-01 2.660988565813366957e+00 8.506519362867860368e-01
8.636363636363636465e-01 2.739398223442997882e+00 8.826408535774923347e-01
8.636363636363636465e-01 2.815947178687683738e+00 9.154961133245057558e-01
8.636363636363636465e-01 2.893442000014348370e+00 9.501080463188612546e-01
8.636363636363636465e-01 2.975092483140272304e+00 9.845127429277722442e-01
8.636363636363636465e-01 3.054574047680092441e+00 1.017338874957299577e+00
8.636363636363636465e-01 3.134986852622329678e+00 1.052738555778044427e+00
8.636363636363636465e-01 3.219861075804080208e+00 1.085300700272066932e+00
8.636363636363636465e-01 3.302238333167970996e+00 1.119230271152146239e+00
8.636363636363636465e-01 3.389284086884820635e+00 1.152356260134647536e+00
8.636363636363636465e-01 3.473612175151699510e+00 1.185173560405501814e+00
8.636363636363636465e-01 3.562823791046354049e+00 1.217728013442148205e+00
8.636363636363636465e-01 3.649088851697804614e+00 1.250031180645970741e+00
8.636363636363636465e-01 3.740460598265968883e+00 1.281065288068254704e+00
8.636363636363636465e-01 3.828648529054846428e+00 1.313609302738485196e+00
8.636363636363636465e-01 3.922174610319050458e+00 1.342595722006136638e+00
8.636363636363636465e-01 4.016829274463312949e+00 1.374351474862711031e+00
8.636363636363636465e-01 4.107945612428100191e+00 1.402837271882408032e+00
8.636363636363636465e-01 4.204747468758605500e+00 1.431670309262258467e+00
8.636363636363636465e-01 4.297753064602284567e+00 1.462479722283699379e+00
8.636363636363636465e-01 4.396696174773287780e+00 1.488249332460106045e+00
8.636363636363636465e-01 4.496765297156983365e+00 1.515830506250523513e+00
8.636363636363636465e-01 4.597960431753375765e+00 1.544958992222429606e+00
8.636363636363636465e-01 4.694857519105172017e+00 1.569289690992619946e+00
8.636363636363636465e-01 4.798185301546666892e+00 1.594855213824979190e+00
8.636363636363636465e-01 4.902637796798450687e+00 1.621654891599042303e+00
8.636363636363636465e-01 5.008215004860524289e+00 1.649566153645966704e+00
8.260869565217391353e-01 9.326598274313747661e-01 1.674438185882267227e+00
8.260869565217391353e-01 9.732065580667664806e-01 1.412165647651329348e+00
8.260869565217391353e-01 1.012410462861356164e+00 1.225945296100575455e+00
8.260869565217391353e-01 1.053336435725263254e+00 1.073107724691461318e+00
8.260869565217391353e-01 1.093746864600721569e+00 9.482771742145257310e-01
8.260869565217391353e-01 1.135977447194657319e+00 8.495048831356440955e-01
8.260869565217391353e-01 1.177536477972725315e+00 7.703147388029700782e-01
8.260869565217391353e-01 1.221022933217376760e+00 7.085632923475786438e-01
8.260869565217391353e-01 1.265153427066360692e+00 6.623751910939497112e-01
8.260869565217391353e-01 1.309917353159088194e+00 6.296640142759010184e-01
8.260869565217391353e-01 1.356929226051154957e+00 6.060750167044641756e-01
8.260869565217391353e-01 1.403005688076638169e+00 5.924661104305157799e-01
8.260869565217391353e-01 1.451460265219128853e+00 5.881300628119510154e-01
8.260869565217391353e-01 1.498814630513182422e+00 5.886573518252853354e-01
8.260869565217391353e-01 1.548686200835922788e+00 5.958177816454388598e-01
8.260869565217391353e-01 1.599295088759410177e+00 6.090972536056725728e-01
8.260869565217391353e-01 1.648544140817754133e+00 6.247085642051697363e-01
8.260869565217391353e-01 1.700531885126185250e+00 6.436935362898082991e-01
8.260869565217391353e-01 1.753240757558578666e+00 6.659433112573535096e-01
8.260869565217391353e-01 1.806665902779990285e+00 6.908068836926928302e-01
8.260869565217391353e-01 1.860802396129445091e+00 7.177918700697043519e-01
8.260869565217391353e-01 1.915645241914809782e+00 7.465775366855728068e-01
8.260869565217391353e-01 1.971189371650390543e+00 7.770429378805361331e-01
8.260869565217391353e-01 2.030141663542027963e+00 8.087525928997543190e-01
8.260869565217391353e-01 2.087170622018887034e+00 8.391770856713570703e-01
8.260869565217391353e-01 2.144887662620608815e+00 8.708991922394484497e-01
8.260869565217391353e-01 2.203287457545865635e+00 9.042417108335786269e-01
8.260869565217391353e-01 2.265462363893743891e+00 9.382910139545913575e-01
8.260869565217391353e-01 2.325318402038977883e+00 9.699683757436192710e-01
8.260869565217391353e-01 2.385843355716295910e+00 1.003905794741644764e+00
8.260869565217391353e-01 2.450435843968799876e+00 1.037237111218022534e+00
8.260869565217391353e-01 2.512395895842829852e+00 1.069529329779765003e+00
8.260869565217391353e-01 2.578621701591670590e+00 1.104037090339577754e+00
8.260869565217391353e-01 2.642003928045002059e+00 1.134889289942355495e+00
8.260869565217391353e-01 2.709857628382354111e+00 1.169290010859425299e+00
8.260869565217391353e-01 2.774648891560530739e+00 1.199177689022315585e+00
8.260869565217391353e-01 2.844125006184966775e+00 1.232397521340575119e+00
8.260869565217391353e-01 2.910311948075307242e+00 1.261982644844586554e+00
8.260869565217391353e-01 2.981404938119778691e+00 1.293393135740524391e+00
8.260869565217391353e-01 3.048973974409734389e+00 1.323554851392706011e+00
8.260869565217391353e-01 3.121678241234875362e+00 1.352644129930897998e+00
8.260869565217391353e-01 3.195239158814665803e+00 1.384236536147049668e+00
8.260869565217391353e-01 3.264925438891155274e+00 1.410711438902660264e+00
8.260869565217391353e-01 3.340090733998730244e+00 1.439301988152885237e+00
8.260869565217391353e-01 3.411126752868373302e+00 1.468420806495717601e+00
8.260869565217391353e-01 3.487890694962506810e+00 1.493856264109893583e+00
8.260869565217391353e-01 3.565508800022452185e+00 1.521041882339195128e+00
8.260869565217391353e-01 3.638618889972105030e+00 1.548998179822951737e+00
8.260869565217391353e-01 3.717828590815744683e+00 1.572727113905300733e+00
8.260869565217391353e-01 3.797891197710344446e+00 1.597805932156237674e+00
7.916666666666667407e-01 7.314343544244528150e-01 1.884221583429656288e+00
7.916666666666667407e-01 7.640325039885030867e-01 1.529489213898650668e+00
7.916666666666667407e-01 7.963418586378836483e-01 1.314523068915921744e+00
7.916666666666667407e-01 8.271622124799707931e-01 1.148806321200695812e+00
7.916666666666667407e-01 8.583802233961861372e-01 1.012550332544277731e+00
7.916666666666667407e-01 8.911611543165971483e-01 9.029309449958755618e-01
7.916666666666667407e-01 9.231928919804827105e-01 8.129992562979511117e-01
7.916666666666667407e-01 9.568860714231879339e-01 7.419891388326989023e-01
7.916666666666667407e-01 9.910503448434427876e-01 6.871166242692834381e-01
7.916666666666667407e-01 1.025676131892716780e+00 6.459029086846475032e-01
7.916666666666667407e-01 1.060753602423906150e+00 6.169339497246441040e-01
7.916666666666667407e-01 1.097847820930724083e+00 5.970189523132208853e-01
7.916666666666667407e-01 1.133872519947387358e+00 5.852519067978851908e-01
7.916666666666667407e-01 1.172037606875101057e+00 5.822417357418476769e-01
7.916666666666667407e-01 1.208977465710335597e+00 5.840226700060218157e-01
7.916666666666667407e-01 1.248189592744950005e+00 5.913590373457560112e-01
7.916666666666667407e-01 1.287952686615322806e+00 6.043770478555279269e-01
7.916666666666667407e-01 1.326245600479531106e+00 6.214118234182376410e-01
7.916666666666667407e-01 1.367020436837767638e+00 6.399570937644245561e-01
7.916666666666667407e-01 1.408331255828777051e+00 6.617215846411859115e-01
7.916666666666667407e-01 1.450173565891423433e+00 6.860833619061353916e-01
7.916666666666667407e-01 1.492542813577492300e+00 7.126030500979091409e-01
7.916666666666667407e-01 1.535434382053834312e+00 7.410404956600615822e-01
7.916666666666667407e-01 1.581354564646695549e+00 7.700040649063696341e-01
7.916666666666667407e-01 1.625366369433693725e+00 7.991688523982276582e-01
7.916666666666667407e-01 1.669888459886971654e+00 8.296070944705348227e-01
7.916666666666667407e-01 1.714915993507027947e+00 8.615706550269910391e-01
7.916666666666667407e-01 1.763309470683874558e+00 8.952109085378742170e-01
7.916666666666667407e-01 1.809431143925983143e+00 9.256898232238155444e-01
7.916666666666667407e-01 1.856045670909006740e+00 9.581530446368964338e-01
7.916666666666667407e-01 1.906294824067809701e+00 9.922469201344877865e-01
7.916666666666667407e-01 1.953984208896587749e+00 1.022944107395947322e+00
7.916666666666667407e-01 2.002153443089815354e+00 1.056653940115819923e+00
7.916666666666667407e-01 2.054242949559158760e+00 1.087831711281979752e+00
7.916666666666667407e-01 2.103467193784835487e+00 1.120467971755929382e+00
7.916666666666667407e-01 2.156804935408845214e+00 1.151730756659434141e+00
7.916666666666667407e-01 2.207072068871255066e+00 1.183661491047221404e+00
7.916666666666667407e-01 2.261652967275347148e+00 1.214005179922357680e+00
7.916666666666667407e-01 2.312950673416799496e+00 1.245970434942075489e+00
7.916666666666667407e-01 2.368769598101721385e+00 1.274724411306659810e+00
7.916666666666667407e-01 2.425254060859725058e+00 1.306495161246565617e+00
7.916666666666667407e-01 2.478137126519510236e+00 1.334111930547268621e+00
7.916666666666667407e-01 2.535853287904842546e+00 1.363350026861886555e+00
7.916666666666667407e-01 2.589737590193273320e+00 1.392797793480499147e+00
7.916666666666667407e-01 2.648680204727713594e+00 1.419212376243612628e+00
7.916666666666667407e-01 2.708286061851206572e+00 1.447604748996128343e+00
7.916666666666667407e-01 2.763716525632788468e+00 1.474991639359592766e+00
7.916666666666667407e-01 2.824542375773812175e+00 1.500174384981040276e+00
7.916666666666667407e-01 2.886030309347130896e+00 1.526932541970868584e+00
7.916666666666667407e-01 2.942984166527292889e+00 1.553568044075836818e+00
7.599999999999998979e-01 5.841019860786366147e-01 2.149003023782223742e+00
7.599999999999998979e-01 6.101339105947236607e-01 1.702575984809143961e+00
7.599999999999998979e-01 6.367333457785009365e-01 1.410939344308407506e+00
7.599999999999998979e-01 6.619787058536115154e-01 1.229418796819955473e+00
7.599999999999998979e-01 6.865951488990963414e-01 1.081675705425985123e+00
7.599999999999998979e-01 7.125579926676317566e-01 9.613707208966700835e-01
7.599999999999998979e-01 7.377639842166475725e-01 8.608407984407406843e-01
7.599999999999998979e-01 7.644051470344314092e-01 7.808816969096505911e-01
7.599999999999998979e-01 7.913991071083024131e-01 7.177124479277868785e-01
7.599999999999998979e-01 8.187373645510990228e-01 6.684758023454163700e-01
7.599999999999998979e-01 8.464112085075405911e-01 6.314125447875322816e-01
7.599999999999998979e-01 8.744117079742357301e-01 6.055652427278559458e-01
7.599999999999998979e-01 9.042240870700499755e-01 5.890591709873365112e-01
7.599999999999998979e-01 9.329191289751860294e-01 5.787797926907595203e-01
7.599999999999998979e-01 9.635410839997010646e-01 5.771502369904909502e-01
7.599999999999998979e-01 9.929015576595286996e-01 5.799183840288809622e-01
7.599999999999998979e-01 1.024311440750987456e+00 5.876144448477093052e-01
7.599999999999998979e-01 1.056140886496685027e+00 6.004830393672614397e-01
7.599999999999998979e-01 1.088386006726451471e+00 6.172856916750412148e-01
7.599999999999998979e-01 1.119067739198516209e+00 6.370554046131491344e-01
7.599999999999998979e-01 1.152059050491877290e+00 6.584820355256588709e-01
7.599999999999998979e-01 1.185452254253376525e+00 6.824629001178285082e-01
7.599999999999998979e-01 1.221443701369820722e+00 7.082525119644360601e-01
7.599999999999998979e-01 1.255707087159935620e+00 7.347466602138470471e-01
7.599999999999998979e-01 1.290361730910652316e+00 7.624768722689687639e-01
7.599999999999998979e-01 1.325403370339316211e+00 7.914954796382819291e-01
7.599999999999998979e-01 1.360827684494462231e+00 8.219826504319454052e-01
7.599999999999998979e-01 1.396630292318121302e+00 8.541933543911531812e-01
7.599999999999998979e-01 1.435493696522534668e+00 8.844063842151647092e-01
7.599999999999998979e-01 1.472129735339715806e+00 9.153892066146761541e-01
7.599999999999998979e-01 1.509132676358257763e+00 9.486307762037481384e-01
7.599999999999998979e-01 1.549444117423661060e+00 9.793896152690044765e-01
7.599999999999998979e-01 1.587263025368324865e+00 1.011178401327086807e+00
7.599999999999998979e-01 1.628558435524740222e+00 1.043917448216482358e+00
7.599999999999998979e-01 1.667182636364525239e+00 1.074337789197533866e+00
7.599999999999998979e-01 1.709457484748750478e+00 1.107604961430885604e+00
7.599999999999998979e-01 1.748876141501146009e+00 1.136908347072529191e+00
7.599999999999998979e-01 1.792125853346501874e+00 1.169586475659095459e+00
7.599999999999998979e-01 1.832327961756620605e+00 1.198419858860807263e+00
7.599999999999998979e-01 1.876547917534699739e+00 1.229744166737575917e+00
7.599999999999998979e-01 1.917522301598297396e+00 1.258834095332780567e+00
7.599999999999998979e-01 1.962707836136118322e+00 1.288152689754317182e+00
7.599999999999998979e-01 2.004443143459430754e+00 1.318364187295617107e+00
7.599999999999998979e-01 2.050589545031055394e+00 1.345322418242912654e+00
7.599999999999998979e-01 2.097261111130575895e+00 1.374695054857365317e+00
7.599999999999998979e-01 2.140176751411648759e+00 1.401871327585501037e+00
7.599999999999998979e-01 2.187803376918531661e+00 1.428343693001390413e+00
7.599999999999998979e-01 2.235954118540631530e+00 1.456601405542381267e+00
7.599999999999998979e-01 2.280029798396955076e+00 1.482051003593586325e+00
7.599999999999998979e-01 2.329129729982820862e+00 1.507085235392382261e+00
7.307692307692307265e-01 4.739938831748238823e-01 2.464254307608744199e+00
7.307692307692307265e-01 4.951185724961726931e-01 1.927419772968590905e+00
7.307692307692307265e-01 5.167037919843978644e-01 1.551054558993374410e+00
7.307692307692307265e-01 5.387495416394995074e-01 1.314496713336506417e+00
7.307692307692307265e-01 5.585167095830363415e-01 1.155261172462765940e+00
7.307692307692307265e-01 5.784817692802786127e-01 1.024021527737426274e+00
7.307692307692307265e-01 5.996523389619488054e-01 9.135134902497141773e-01
7.307692307692307265e-01 6.211000776079295127e-01 8.249294818734471679e-01
7.307692307692307265e-01 6.428176723335133902e-01 7.538574664851064311e-01
7.307692307692307265e-01 6.636219249437885770e-01 6.968382600369122937e-01
7.307692307692307265e-01 6.870323217187841447e-01 6.524894466981603358e-01
7.307692307692307265e-01 7.095138722013138999e-01 6.188223014556735180e-01
7.307692307692307265e-01 7.322342549992491012e-01 5.954502856496063368e-01
7.307692307692307265e-01 7.565877732017185497e-01 5.821459143116529678e-01
7.307692307692307265e-01 7.798241585349483529e-01 5.730274319424490947e-01
7.307692307692307265e-01 8.047996095898755087e-01 5.727530808471151813e-01
7.307692307692307265e-01 8.285258222016060881e-01 5.763068928021790605e-01
7.307692307692307265e-01 8.541037265805951906e-01 5.844077198988540944e-01
7.307692307692307265e-01 8.800064846839474875e-01 5.972716176475132421e-01
7.307692307692307265e-01 9.062305980171595499e-01 6.138259228829858749e-01
7.307692307692307265e-01 9.327725247226077432e-01 6.332141850863799437e-01
7.307692307692307265e-01 9.596286785940613129e-01 6.547724531867445963e-01
7.307692307692307265e-01 9.867954280600829131e-01 6.780593271003115818e-01
7.307692307692307265e-01 1.014269095135085230e+00 7.028319660480945030e-01
7.307692307692307265e-01 1.042045954336730418e+00 7.289693340477612082e-01
7.307692307692307265e-01 1.070122231568312099e+00 7.564463061558962531e-01
7.307692307692307265e-01 1.098494102964678421e+00 7.853708105873660195e-01
7.307692307692307265e-01 1.127157693700203689e+00 8.159242190174051945e-01
7.307692307692307265e-01 1.158522604867694872e+00 8.460253025674788763e-01
7.307692307692307265e-01 1.187838169950722778e+00 8.755267612758845797e-01
7.307692307692307265e-01 1.217435370911039261e+00 9.070331979563829305e-01
7.307692307692307265e-01 1.249955092320721217e+00 9.387838392953068434e-01
7.307692307692307265e-01 1.280188775813439150e+00 9.687291472247755442e-01
7.307692307692307265e-01 1.310693704101161705e+00 1.001532049366555821e+00
7.307692307692307265e-01 1.344355810689301212e+00 1.031390823217304575e+00
7.307692307692307265e-01 1.375481309812357278e+00 1.063100580580460086e+00
7.307692307692307265e-01 1.409922819667878580e+00 1.093554008825654122e+00
7.307692307692307265e-01 1.441659171855271371e+00 1.124488584637368227e+00
7.307692307692307265e-01 1.476875967504964304e+00 1.154537222637082472e+00
7.307692307692307265e-01 1.509213310004859476e+00 1.185287855486435893e+00
7.307692307692307265e-01 1.545201235158562891e+00 1.214134972540592550e+00
7.307692307692307265e-01 1.578129556414619827e+00 1.245337840095150250e+00
7.307692307692307265e-01 1.614884415211684576e+00 1.272414906189241579e+00
7.307692307692307265e-01 1.652062374067380546e+00 1.302306053222041182e+00
7.307692307692307265e-01 1.685911107135514619e+00 1.329817129496454253e+00
7.307692307692307265e-01 1.723850823827420831e+00 1.357114885897622081e+00
7.307692307692307265e-01 1.762212700977056734e+00 1.386688281985046345e+00
7.307692307692307265e-01 1.796963903853857181e+00 1.411527459211783686e+00
7.307692307692307265e-01 1.836082310467794576e+00 1.437975170075178610e+00
7.307692307692307265e-01 1.875621932227725441e+00 1.466178072614072514e+00
7.037037037037037202e-01 3.901827448927833175e-01 2.825869944745223350e+00
7.037037037037037202e-01 4.075721871556300946e-01 2.199969517381086259e+00
7.037037037037037202e-01 4.253407290883168268e-01 1.739873383467942958e+00
7.037037037037037202e-01 4.434883706908436807e-01 1.424973530554102696e+00
7.037037037037037202e-01 4.611916817783652811e-01 1.232954735631301535e+00
7.037037037037037202e-01 4.774703993556257409e-01 1.090663008396938860e+00
7.037037037037037202e-01 4.947991734838247391e-01 9.707194059813426534e-01
7.037037037037037202e-01 5.113854824092349816e-01 8.733515675856975413e-01
7.037037037037037202e-01 5.290955323433035318e-01 7.920410973855904757e-01
7.037037037037037202e-01 5.470078257959215540e-01 7.270008862545676021e-01
7.037037037037037202e-01 5.651155933118268138e-01 6.758066051255452455e-01
7.037037037037037202e-01 5.834119086620150885e-01 6.368611933839034567e-01
7.037037037037037202e-01 6.030950629179581135e-01 6.080051107984978387e-01
7.037037037037037202e-01 6.218014178495365751e-01 5.865724464024351104e-01
7.037037037037037202e-01 6.406763877743041347e-01 5.750819489185112765e-01
7.037037037037037202e-01 6.610798028446177588e-01 5.679475701526957021e-01
7.037037037037037202e-01 6.817489269317523748e-01 5.690469171224215028e-01
7.037037037037037202e-01 7.012067343050961687e-01 5.730861950609470457e-01
7.037037037037037202e-01 7.223429417493363314e-01 5.816746634822411721e-01
7.037037037037037202e-01 7.437343940115075380e-01 5.946637631913338495e-01
7.037037037037037202e-01 7.653779557483512130e-01 6.110719006542164600e-01
7.037037037037037202e-01 7.872704539659403089e-01 6.301189051186431023e-01
7.037037037037037202e-01 8.094086771752448950e-01 6.512454357150675444e-01
7.037037037037037202e-01 8.317893745212772139e-01 6.741198308061489008e-01
7.037037037037037202e-01 8.544092548847566082e-01 6.985213914261861889e-01
7.037037037037037202e-01 8.772649859552031915e-01 7.243474226056040299e-01
7.037037037037037202e-01 9.003531932742963040e-01 7.516332604508014770e-01
7.037037037037037202e-01 9.236704592483001575e-01 7.804859416855457477e-01
7.037037037037037202e-01 9.493730224870374768e-01 8.104576717733503743e-01
7.037037037037037202e-01 9.732093292319007327e-01 8.384815813953603314e-01
7.037037037037037202e-01 9.972657940716787017e-01 8.682873531525879818e-01
7.037037037037037202e-01 1.021538846242748155e+00 9.002552015191396251e-01
7.037037037037037202e-01 1.048466223933544494e+00 9.292275099296197771e-01
7.037037037037037202e-01 1.073239024707819400e+00 9.599203674092411376e-01
7.037037037037037202e-01 1.100802662445013347e+00 9.915473136541514965e-01
7.037037037037037202e-01 1.126066744342684833e+00 1.020870785728381636e+00
7.037037037037037202e-01 1.154263011784911086e+00 1.053514740794755822e+00
7.037037037037037202e-01 1.180009787631541851e+00 1.081680648878461604e+00
7.037037037037037202e-01 1.205952282040209766e+00 1.114057779196565567e+00
7.037037037037037202e-01 1.235055781902302030e+00 1.141744691666204403e+00
7.037037037037037202e-01 1.264506287503531778e+00 1.173323306726263393e+00
7.037037037037037202e-01 1.291192195552943733e+00 1.200744483208467717e+00
7.037037037037037202e-01 1.321264242955211499e+00 1.230704739628065036e+00
7.037037037037037202e-01 1.348406334148630759e+00 1.258865473446120875e+00
7.037037037037037202e-01 1.379096159670138100e+00 1.286704808290771718e+00
7.037037037037037202e-01 1.406685336383961538e+00 1.316456394950480835e+00
7.037037037037037202e-01 1.437989141398100079e+00 1.341906374663697665e+00
7.037037037037037202e-01 1.469637434994012004e+00 1.369540765847139907e+00
7.037037037037037202e-01 1.497930120159011169e+00 1.396926267973496838e+00
7.037037037037037202e-01 1.530187710157144387e+00 1.421687325014273418e+00
6.785714285714286031e-01 3.253291014375455648e-01 3.230119074601394580e+00
6.785714285714286031e-01 3.398281834700597193e-01 2.516534763161459409e+00
6.785714285714286031e-01 3.546433536857615532e-01 1.973768711401955311e+00
6.785714285714286031e-01 3.697746120846510109e-01 1.581288662493438357e+00
6.785714285714286031e-01 3.852219586667281481e-01 1.320713472358434393e+00
6.785714285714286031e-01 3.994317717524051847e-01 1.161264205176516739e+00
6.785714285714286031e-01 4.138196935427763123e-01 1.032185389306675027e+00
6.785714285714286031e-01 4.275209961352586241e-01 9.243568150620847801e-01
6.785714285714286031e-01 4.422076298553129781e-01 8.351760582487721685e-01
6.785714285714286031e-01 4.570540260441183222e-01 7.627298563884170601e-01
6.785714285714286031e-01 4.720542435994402042e-01 7.042829062139869256e-01
6.785714285714286031e-01 4.872022099955258811e-01 6.579369962226495616e-01
6.785714285714286031e-01 5.024917159003066125e-01 6.224804395995098272e-01
6.785714285714286031e-01 5.179164094849865174e-01 5.974399291915567511e-01
6.785714285714286031e-01 5.346447518455215153e-01 5.789326582303954138e-01
6.785714285714286031e-01 5.503714954154752537e-01 5.685241528070881234e-01
6.785714285714286031e-01 5.674884183147312910e-01 5.635759287880655055e-01
6.785714285714286031e-01 5.848178931507007627e-01 5.659500258091941793e-01
6.785714285714286031e-01 6.009865988133441528e-01 5.702493786673118459e-01
6.785714285714286031e-01 6.186826198050690007e-01 5.793946986507096941e-01
6.785714285714286031e-01 6.365818187175233955e-01 5.925720168249810627e-01
6.785714285714286031e-01 6.546813879495768651e-01 6.088864069136059598e-01
6.785714285714286031e-01 6.729784871954406222e-01 6.276616831344802305e-01
6.785714285714286031e-01 6.914702427201991908e-01 6.484777917905268918e-01
6.785714285714286031e-01 7.101537466128432508e-01 6.710146983502924822e-01
6.785714285714286031e-01 7.290260560159294023e-01 6.950921909515658248e-01
6.785714285714286031e-01 7.480841923309233810e-01 7.206728306684786478e-01
6.785714285714286031e-01 7.673251403982642715e-01 7.477887652443194755e-01
6.785714285714286031e-01 7.867458476511151044e-01 7.766659118990961730e-01
6.785714285714286031e-01 8.083378693916146718e-01 8.041727569688442712e-01
6.785714285714286031e-01 8.281735395740890127e-01 8.323150479209295849e-01
6.785714285714286031e-01 8.481810182521183350e-01 8.623783420880857253e-01
6.785714285714286031e-01 8.705387491525562460e-01 8.925973739897012926e-01
6.785714285714286031e-01 8.909489419230925966e-01 9.212854033733957060e-01
6.785714285714286031e-01 9.115227668891436874e-01 9.526721924183062518e-01
6.785714285714286031e-01 9.346363034198722497e-01 9.818096116818816332e-01
6.785714285714286031e-01 9.556002855449684530e-01 1.012017597393099377e+00
6.785714285714286031e-01 9.792322832653355125e-01 1.042283812466738180e+00
6.785714285714286031e-01 1.000578752984341069e+00 1.071609966032578409e+00
6.785714285714286031e-01 1.024725930308992172e+00 1.101901389377476281e+00
6.785714285714286031e-01 1.046447111826992904e+00 1.130811028146694541e+00
6.785714285714286031e-01 1.071106158594818947e+00 1.160182160009441299e+00
6.785714285714286031e-01 1.093194167183779708e+00 1.189312955721718357e+00
6.785714285714286031e-01 1.118361744123654633e+00 1.217178058638780591e+00
6.785714285714286031e-01 1.140808583323974279e+00 1.247250616939296286e+00
6.785714285714286031e-01 1.166481321505612678e+00 1.273128439173016879e+00
6.785714285714286031e-01 1.192439723784059158e+00 1.301719730259323526e+00
6.785714285714286031e-01 1.215453380497743208e+00 1.328621896177415662e+00
6.785714285714286031e-01 1.241912787643665972e+00 1.354514007153694521e+00
6.785714285714286031e-01 1.268657101666135212e+00 1.382511618282727950e+00
6.551724137931035363e-01 2.743940991366877191e-01 3.673603950650094152e+00
6.551724137931035363e-01 2.866231390075165142e-01 2.873746530871716942e+00
6.551724137931035363e-01 2.991187788593808183e-01 2.249421373532944468e+00
6.551724137931035363e-01 3.118810186922805205e-01 1.780190644550981860e+00
6.551724137931035363e-01 3.249098585062156763e-01 1.447641936632800164e+00
6.551724137931035363e-01 3.382052983011861746e-01 1.235564392046496041e+00
6.551724137931035363e-01 3.503054018388371271e-01 1.097660312624990420e+00
6.551724137931035363e-01 3.617746106259213112e-01 9.797394238138561473e-01
6.551724137931035363e-01 3.741125161536955623e-01 8.831234296385594984e-01
6.551724137931035363e-01 3.857310672030160315e-01 8.029072684801219495e-01
6.551724137931035363e-01 3.982813522133819562e-01 7.368051252425379394e-01
6.551724137931035363e-01 4.109480345456221762e-01 6.842098822535537250e-01
6.551724137931035363e-01 4.246937218583962115e-01 6.430095091549018482e-01
6.551724137931035363e-01 4.376194354078907223e-01 6.102858821367007636e-01
6.551724137931035363e-01 4.506461044945793692e-01 5.872254195304031921e-01
6.551724137931035363e-01 4.648637923073150047e-01 5.724974301306543500e-01
6.551724137931035363e-01 4.781216380433357394e-01 5.628160079481426825e-01
6.551724137931035363e-01 4.926497838077101288e-01 5.598660596740435702e-01
6.551724137931035363e-01 5.061202712701731166e-01 5.627665477916248271e-01
6.551724137931035363e-01 5.209450325521935987e-01 5.678159791607726437e-01
6.551724137931035363e-01 5.359358938889611235e-01 5.775352652855623159e-01
6.551724137931035363e-01 5.510903664034669802e-01 5.909163185853121281e-01
6.551724137931035363e-01 5.664059333527066142e-01 6.071673741286318648e-01
6.551724137931035363e-01 5.818800495227740566e-01 6.257805497472677114e-01
6.551724137931035363e-01 5.975101406054640352e-01 6.463369812488125588e-01
6.551724137931035363e-01 6.132936025556674497e-01 6.685791387297873589e-01
6.551724137931035363e-01 6.292278009288003737e-01 6.923967745338026614e-01
6.551724137931035363e-01 6.453100701974817666e-01 7.177467563860592259e-01
6.551724137931035363e-01 6.615377130466255640e-01 7.447984430945796541e-01
6.551724137931035363e-01 6.796934322346056545e-01 7.725224316162454530e-01
6.551724137931035363e-01 6.962611595040063550e-01 7.990408563934556785e-01
6.551724137931035363e-01 7.129672298473305192e-01 8.272660219475974630e-01
6.551724137931035363e-01 7.298088331910220772e-01 8.575754651058490330e-01
6.551724137931035363e-01 7.487960801820522372e-01 8.855524817190846276e-01
6.551724137931035363e-01 7.659625047813328758e-01 9.147083890928048300e-01
6.551724137931035363e-01 7.853850611655827096e-01 9.458393337616123331e-01
6.551724137931035363e-01 8.028696061662513594e-01 9.735562552655467883e-01
6.551724137931035363e-01 8.204778483788017773e-01 1.004636099513172010e+00
6.551724137931035363e-01 8.405204501847970411e-01 1.032685164012642431e+00
6.551724137931035363e-01 8.584354253346221375e-01 1.063146114607529169e+00
6.551724137931035363e-01 8.789052354213953144e-01 1.091277852103799351e+00
6.551724137931035363e-01 8.971199930090983932e-01 1.121488525353085075e+00
6.551724137931035363e-01 9.180140435216470607e-01 1.148868708011313799e+00
6.551724137931035363e-01 9.365215385825045313e-01 1.179508007246003576e+00
6.551724137931035363e-01 9.578368364184329797e-01 1.205472983176077317e+00
6.551724137931035363e-01 9.793919813231553029e-01 1.234484745075857370e+00
6.551724137931035363e-01 9.983634534645444703e-01 1.261415808600147903e+00
6.551724137931035363e-01 1.020336150462766822e+00 1.288165623423695338e+00
6.551724137931035363e-01 1.039583608467780973e+00 1.317096932170451540e+00
6.551724137931035363e-01 1.061970808884829420e+00 1.341376357367548122e+00
6.333333333333333037e-01 2.442710259421298213e-01 3.268523284158546982e+00
6.333333333333333037e-01 2.549202804893637153e-01 2.563788268715916807e+00
6.333333333333333037e-01 2.657967415737571004e-01 2.018691451358574085e+00
6.333333333333333037e-01 2.769004091953099489e-01 1.614809757258573564e+00
6.333333333333333037e-01 2.882312833540222607e-01 1.335883520536252922e+00
6.333333333333333037e-01 2.991283052914303631e-01 1.165301161760964987e+00
6.333333333333333037e-01 3.095055884875295149e-01 1.039273765751097311e+00
6.333333333333333037e-01 3.192643743410489843e-01 9.338154101752726977e-01
6.333333333333333037e-01 3.298215877499966475e-01 8.448578326971215580e-01
6.333333333333333037e-01 3.404775618075321919e-01 7.718619929228938137e-01
6.333333333333333037e-01 3.512275579989181384e-01 7.123503109895041874e-01
6.333333333333333037e-01 3.620667393825183766e-01 6.645580501184644717e-01
6.333333333333333037e-01 3.729901666741360367e-01 6.275028734270873265e-01
6.333333333333333037e-01 3.849382746846477521e-01 6.002252468007472919e-01
6.333333333333333037e-01 3.960554613724076023e-01 5.785467348449598868e-01
6.333333333333333037e-01 4.072427118540003499e-01 5.664856379602267733e-01
6.333333333333333037e-01 4.195609062923099652e-01 5.579282767781810204e-01
6.333333333333333037e-01 4.320219174948180529e-01 5.568495957072095992e-01
6.333333333333333037e-01 4.434777855166782135e-01 5.597376448649431513e-01
6.333333333333333037e-01 4.561767745422424802e-01 5.657932780032083331e-01
6.333333333333333037e-01 4.690111100067211880e-01 5.760592693617572202e-01
6.333333333333333037e-01 4.819785554063470978e-01 5.896296826783543610e-01
6.333333333333333037e-01 4.950768498949185137e-01 6.059094858305428266e-01
6.333333333333333037e-01 5.083037077611359811e-01 6.243816447990941931e-01
6.333333333333333037e-01 5.216568178900778952e-01 6.447116376441530683e-01
6.333333333333333037e-01 5.351338432081927943e-01 6.667165056786831245e-01
6.333333333333333037e-01 5.487324201111740685e-01 6.902775908009318728e-01
6.333333333333333037e-01 5.624501578740334073e-01 7.155074952561049084e-01
6.333333333333333037e-01 5.762846380426747128e-01 7.424134690576118523e-01
6.333333333333333037e-01 5.918865251588950604e-01 7.683919909586742758e-01
6.333333333333333037e-01 6.059995289054569412e-01 7.948462883985996097e-01
6.333333333333333037e-01 6.202229709212586650e-01 8.231504419881089385e-01
6.333333333333333037e-01 6.363591509766596266e-01 8.526492078171108435e-01
6.333333333333333037e-01 6.508513804881067566e-01 8.797009327091289688e-01
6.333333333333333037e-01 6.654475770297431092e-01 9.092335720888076178e-01
6.333333333333333037e-01 6.821101220742331606e-01 9.382699224914259339e-01
6.333333333333333037e-01 6.969651417387126013e-01 9.666257009299363823e-01
6.333333333333333037e-01 7.139905798247372370e-01 9.971978624347781484e-01
6.333333333333333037e-01 7.290983359796319174e-01 1.024559568890629047e+00
6.333333333333333037e-01 7.464840402872888747e-01 1.055485289806934679e+00
6.333333333333333037e-01 7.618383676888126343e-01 1.082141211094450828e+00
6.333333333333333037e-01 7.795816901662175891e-01 1.112505307297933399e+00
6.333333333333333037e-01 7.951763430230427421e-01 1.139074632355213224e+00
6.333333333333333037e-01 8.132746140027735660e-01 1.168150289810817810e+00
6.333333333333333037e-01 8.291032639733466603e-01 1.195308208694449981e+00
6.333333333333333037e-01 8.475537917784671249e-01 1.222640554916371913e+00
6.333333333333333037e-01 8.636100258989154455e-01 1.251183313904528971e+00
6.333333333333333037e-01 8.824100964381923484e-01 1.276296466096422444e+00
6.333333333333333037e-01 9.014126004389093616e-01 1.303881641031168215e+00
6.129032258064516236e-01 2.101434247719985438e-01 3.698041216708207291e+00
6.129032258064516236e-01 2.193048503368736912e-01 2.914074453888044758e+00
6.129032258064516236e-01 2.286617389521254928e-01 2.294040485953736219e+00
6.129032258064516236e-01 2.382140906177539486e-01 1.819523715853698098e+00
6.129032258064516236e-01 2.479619053337589474e-01 1.474234183046549074e+00
6.129032258064516236e-01 2.579051831001406558e-01 1.243100685558973684e+00
6.129032258064516236e-01 2.674199718428071915e-01 1.102749438241565016e+00
6.129032258064516236e-01 2.757715841459250639e-01 9.873561463358755397e-01
6.129032258064516236e-01 2.848347800189778845e-01 8.917564281171255214e-01
6.129032258064516236e-01 2.932602698959711485e-01 8.123431316590443707e-01
6.129032258064516236e-01 3.024496390694901837e-01 7.457872291897462702e-01
6.129032258064516236e-01 3.117107252631697856e-01 6.921410344326381914e-01
6.129032258064516236e-01 3.218572275101063696e-01 6.483988756483445304e-01
6.129032258064516236e-01 3.312836400801433268e-01 6.140562611369688728e-01
6.129032258064516236e-01 3.407694135112669387e-01 5.892310831193082743e-01
6.129032258064516236e-01 3.512329668316931386e-01 5.714286474156770046e-01
6.129032258064516236e-01 3.608617808487079026e-01 5.599027622705361473e-01
6.129032258064516236e-01 3.715336211104132147e-01 5.539021281903434568e-01
6.129032258064516236e-01 3.823234995042488205e-01 5.545661987359110645e-01
6.129032258064516236e-01 3.921597249407342556e-01 5.571877896070900338e-01
6.129032258064516236e-01 4.031420711660540501e-01 5.641744989452501802e-01
6.129032258064516236e-01 4.142357219915490663e-01 5.749231100952587603e-01
6.129032258064516236e-01 4.254386621530256152e-01 5.887522170753730633e-01
6.129032258064516236e-01 4.367488550416014914e-01 6.050474082113375118e-01
6.129032258064516236e-01 4.481642422501124212e-01 6.233976062542500030e-01
6.129032258064516236e-01 4.596827431058355673e-01 6.435473547322911880e-01
6.129032258064516236e-01 4.713022541890131700e-01 6.653023532407942309e-01
6.129032258064516236e-01 4.830206488366136086e-01 6.887183568493798758e-01
6.129032258064516236e-01 4.948357766307611705e-01 7.137421986179809386e-01
6.129032258064516236e-01 5.082325799088812657e-01 7.402981802389125843e-01
6.129032258064516236e-01 5.202814760937212180e-01 7.650495414900713165e-01
6.129032258064516236e-01 5.324214961780088240e-01 7.914399067491496575e-01
6.129032258064516236e-01 5.446504055587512161e-01 8.198270602135749874e-01
6.129032258064516236e-01 5.586384791626943791e-01 8.475774992167863786e-01
6.129032258064516236e-01 5.710889617568692955e-01 8.748133110599913831e-01
6.129032258064516236e-01 5.836225182954933866e-01 9.046803368748765894e-01
6.129032258064516236e-01 5.980555047967985871e-01 9.318903438783928683e-01
6.129032258064516236e-01 6.108016742458942661e-01 9.607679754759250734e-01
6.129032258064516236e-01 6.255422794148709498e-01 9.895325261221308288e-01
6.129032258064516236e-01 6.384955889992903755e-01 1.017605208101395764e+00
6.129032258064516236e-01 6.535414450317996726e-01 1.046675073438749104e+00
6.129032258064516236e-01 6.666963532724378139e-01 1.074331925783872599e+00
6.129032258064516236e-01 6.820450738110258593e-01 1.102878025892392033e+00
6.129032258064516236e-01 6.953959688510051862e-01 1.130637978826210199e+00
6.129032258064516236e-01 7.110451486536861765e-01 1.157970668687264393e+00
6.129032258064516236e-01 7.245863465274485771e-01 1.186577825388720031e+00
6.129032258064516236e-01 7.405335611275492003e-01 1.212205340306014012e+00
6.129032258064516236e-01 7.566543595995315341e-01 1.240655560637491384e+00
6.129032258064516236e-01 7.705021093271183785e-01 1.265930119233137585e+00
5.937500000000000000e-01 1.902839806452021054e-01 3.297708616354821931e+00
5.937500000000000000e-01 1.984026611460159850e-01 2.603701650003444001e+00
5.937500000000000000e-01 2.066909388410441972e-01 2.059295197234117136e+00
5.937500000000000000e-01 2.151488137302866588e-01 1.648185495093664077e+00
5.937500000000000000e-01 2.237762858137434252e-01 1.355248976539926264e+00
5.937500000000000000e-01 2.325733550914144410e-01 1.167421444967804423e+00
5.937500000000000000e-01 2.403578175532506411e-01 1.045129767015127831e+00
5.937500000000000000e-01 2.475922712383006596e-01 9.412611834613764383e-01
5.937500000000000000e-01 2.554878003481653725e-01 8.532890198772227208e-01
5.937500000000000000e-01 2.634463512914714811e-01 7.803445501231253134e-01
5.937500000000000000e-01 2.714641000008843341e-01 7.201436507304262991e-01
5.937500000000000000e-01 2.795371475498927283e-01 6.712218998569401407e-01
5.937500000000000000e-01 2.876615172530699316e-01 6.327115632416963065e-01
5.937500000000000000e-01 2.966349200864553115e-01 6.031609714989236704e-01
5.937500000000000000e-01 3.048830846226174285e-01 5.796480206246651390e-01
5.937500000000000000e-01 3.131711674685628277e-01 5.655709236056234435e-01
5.937500000000000000e-01 3.223962630748615221e-01 5.544318650247496150e-01
5.937500000000000000e-01 3.317214726947129155e-01 5.507773982071166863e-01
5.937500000000000000e-01 3.401779410614391153e-01 5.515699076529583245e-01
5.937500000000000000e-01 3.496641670473413788e-01 5.551292534607487061e-01
5.937500000000000000e-01 3.592444820943412331e-01 5.629289869759195319e-01
5.937500000000000000e-01 3.689170830523742506e-01 5.742021868657605221e-01
5.937500000000000000e-01 3.786801483632653564e-01 5.882379693169976775e-01
5.937500000000000000e-01 3.885318376766558890e-01 6.045492346690441998e-01
5.937500000000000000e-01 3.984702914545129593e-01 6.228083433517499490e-01
5.937500000000000000e-01 4.084936305637857923e-01 6.427453512783148915e-01
5.937500000000000000e-01 4.185999558567544687e-01 6.643591715180773294e-01
5.937500000000000000e-01 4.287873477385958920e-01 6.875360905529704914e-01
5.937500000000000000e-01 4.390538657216656038e-01 7.124339941587204406e-01
5.937500000000000000e-01 4.507817239211754368e-01 7.378084335186146925e-01
5.937500000000000000e-01 4.612434973901284874e-01 7.623759416063629057e-01
5.937500000000000000e-01 4.717793350197608815e-01 7.887156540878590416e-01
5.937500000000000000e-01 4.823872223191622566e-01 8.171867114218065442e-01
5.937500000000000000e-01 4.946191435503592970e-01 8.433504220090257686e-01
5.937500000000000000e-01 5.054112781413910849e-01 8.707400581792896777e-01
5.937500000000000000e-01 5.179101004560723309e-01 9.003512174418497604e-01
5.937500000000000000e-01 5.288816487273190203e-01 9.264756246284342467e-01
5.937500000000000000e-01 5.399167537771042413e-01 9.559086713400462010e-01
5.937500000000000000e-01 5.527913312774169752e-01 9.829387490953062079e-01
5.937500000000000000e-01 5.639976633881205181e-01 1.011680509295282082e+00
5.937500000000000000e-01 5.771332481032316331e-01 1.039102681550647889e+00
5.937500000000000000e-01 5.885058102096960564e-01 1.067608389754667098e+00
5.937500000000000000e-01 6.019002449407763189e-01 1.094528796907401347e+00
5.937500000000000000e-01 6.134339782274149666e-01 1.123338874757900951e+00
5.937500000000000000e-01 6.270850892092364459e-01 1.149160747451282605e+00
5.937500000000000000e-01 6.408864263970937003e-01 1.178140093171434089e+00
5.937500000000000000e-01 6.526804682126952084e-01 1.203084945818279072e+00
5.937500000000000000e-01 6.667357960681492557e-01 1.230068696253695082e+00
5.757575757575756903e-01 1.663941764516343735e-01 3.712321448160794901e+00
5.757575757575756903e-01 1.734935715306437920e-01 2.945333067403457683e+00
5.757575757575756903e-01 1.807412711877059985e-01 2.331821302003632468e+00
5.757575757575756903e-01 1.881372754228210209e-01 1.855483288749032900e+00
5.757575757575756903e-01 1.956815842359888313e-01 1.501160020474533230e+00
5.757575757575756903e-01 2.033741976272094854e-01 1.255711996570931799e+00
5.757575757575756903e-01 2.106763296457923595e-01 1.105636793177620980e+00
5.757575757575756903e-01 2.175209802847357377e-01 9.933145121116675469e-01
5.757575757575756903e-01 2.244218546656280566e-01 8.994416558768250081e-01
5.757575757575756903e-01 2.307594569488027603e-01 8.200308928489675742e-01
5.757575757575756903e-01 2.377359492168347466e-01 7.533822961914891092e-01
5.757575757575756903e-01 2.447576159437367394e-01 6.990333139690043662e-01
5.757575757575756903e-01 2.525196631722837481e-01 6.543300072991555805e-01
5.757575757575756903e-01 2.596501462054779941e-01 6.183801740176054773e-01
5.757575757575756903e-01 2.668157828188430503e-01 5.917276563147986224e-01
5.757575757575756903e-01 2.747988725154036360e-01 5.719576088329023644e-01
5.757575757575756903e-01 2.820552532622446207e-01 5.582560610139536417e-01
5.757575757575756903e-01 2.901834347660531277e-01 5.501016287843942809e-01
5.757575757575756903e-01 2.983957957109380499e-01 5.485936441478426184e-01
5.757575757575756903e-01 3.057828662776855833e-01 5.487982309223897737e-01
5.757575757575756903e-01 3.141274829489683618e-01 5.535350149437696654e-01
5.757575757575756903e-01 3.225508123657169768e-01 5.621582872445863854e-01
5.757575757575756903e-01 3.310512189317255105e-01 5.738616940181275883e-01
5.757575757575756903e-01 3.396270507732470079e-01 5.880827293636325948e-01
5.757575757575756903e-01 3.482766394024789380e-01 6.044219741807563828e-01
5.757575757575756903e-01 3.569982993711048325e-01 6.225339416591050279e-01
5.757575757575756903e-01 3.657903279135102381e-01 6.423607932724876290e-01
5.757575757575756903e-01 3.746510045792828536e-01 6.637282307724696739e-01
5.757575757575756903e-01 3.835785908545804035e-01 6.867432215961886133e-01
5.757575757575756903e-01 3.925713297719365391e-01 7.114908937760925367e-01
5.757575757575756903e-01 4.029193615733969724e-01 7.358927093751249648e-01
5.757575757575756903e-01 4.120764825153088173e-01 7.602963903029410497e-01
5.757575757575756903e-01 4.212941726469712767e-01 7.865874702077768621e-01
5.757575757575756903e-01 4.319769538164329181e-01 8.147737807975352631e-01
5.757575757575756903e-01 4.413519280286111179e-01 8.398464248820253220e-01
5.757575757575756903e-01 4.507827769536283391e-01 8.674026432617301108e-01
5.757575757575756903e-01 4.617944815564210548e-01 8.954901869719185115e-01
5.757575757575756903e-01 4.713753649415017843e-01 9.219788451789620032e-01
5.757575757575756903e-01 4.810073122255969502e-01 9.517969547092958171e-01
5.757575757575756903e-01 4.923420291680793981e-01 9.772941570949973400e-01
5.757575757575756903e-01 5.021166027847843161e-01 1.006679996281579115e+00
5.757575757575756903e-01 5.136763591507824689e-01 1.032544534072345588e+00
5.757575757575756903e-01 5.235890375600936730e-01 1.061862131802982390e+00
5.757575757575756903e-01 5.353718769185515924e-01 1.087252431237064165e+00
5.757575757575756903e-01 5.472858255548493922e-01 1.116420461601260961e+00
5.757575757575756903e-01 5.574220354922815313e-01 1.141405730196829227e+00
5.757575757575756903e-01 5.695566486546220775e-01 1.168936371101320537e+00
5.757575757575756903e-01 5.798202173158419903e-01 1.195139052917039368e+00
5.588235294117647189e-01 1.527957080086496389e-01 3.316769101665932862e+00
5.588235294117647189e-01 1.591787537363080207e-01 2.634968047184934381e+00
5.588235294117647189e-01 1.656924112370977142e-01 2.094034506865791734e+00
5.588235294117647189e-01 1.723366805110187194e-01 1.678789275795169456e+00
5.588235294117647189e-01 1.791115615580710363e-01 1.376031489295311605e+00
5.588235294117647189e-01 1.860170543782546926e-01 1.173481196625521861e+00
5.588235294117647189e-01 1.925410713272981689e-01 1.049806754273372000e+00
5.588235294117647189e-01 1.980846439019071648e-01 9.469158748603454523e-01
5.588235294117647189e-01 2.041862085388546355e-01 8.604442974739938688e-01
5.588235294117647189e-01 2.103288732687457752e-01 7.879006634141005883e-01
5.588235294117647189e-01 2.165095089212087653e-01 7.273645153301019350e-01
5.588235294117647189e-01 2.227249284102517657e-01 6.775241715607527304e-01
5.588235294117647189e-01 2.289718845452786145e-01 6.376186469605521490e-01
5.588235294117647189e-01 2.359349400811026343e-01 6.070887268140405801e-01
5.588235294117647189e-01 2.422628856189183166e-01 5.815401176711259001e-01
5.588235294117647189e-01 2.486130662835979999e-01 5.652032844102283793e-01
5.588235294117647189e-01 2.557531264124431325e-01 5.523855316867755105e-01
5.588235294117647189e-01 2.629658711246604108e-01 5.469491514353015393e-01
5.588235294117647189e-01 2.694237398668488659e-01 5.450630715951786387e-01
5.588235294117647189e-01 2.767491622732307088e-01 5.466348445506516995e-01
5.588235294117647189e-01 2.841423413937972375e-01 5.525245102303436573e-01
5.588235294117647189e-01 2.916018028538303053e-01 5.618313288956473528e-01
5.588235294117647189e-01 2.991260581128614149e-01 5.739180764177633787e-01
5.588235294117647189e-01 3.067136041768404597e-01 5.883140354278760809e-01
5.588235294117647189e-01 3.143629233019139546e-01 6.045983682455822183e-01
5.588235294117647189e-01 3.220724826894932336e-01 6.226566508897346530e-01
5.588235294117647189e-01 3.298407341722882635e-01 6.422540445879107995e-01
5.588235294117647189e-01 3.376661138909584636e-01 6.634464034003270116e-01
5.588235294117647189e-01 3.455470419610257027e-01 6.862696974503651459e-01
5.588235294117647189e-01 3.534819221296672809e-01 7.108579734175242137e-01
5.588235294117647189e-01 3.626783695513763339e-01 7.345038023803918126e-01
5.588235294117647189e-01 3.707526320871314951e-01 7.587443544636762738e-01
5.588235294117647189e-01 3.788766823257581629e-01 7.849047697682103308e-01
5.588235294117647189e-01 3.883636051179913951e-01 8.119266857060679632e-01
5.588235294117647189e-01 3.966205856305644595e-01 8.370066404273048821e-01
5.588235294117647189e-01 4.049230910548778928e-01 8.646423150411873815e-01
5.588235294117647189e-01 4.146951851088288010e-01 8.914770623875101219e-01
5.588235294117647189e-01 4.231240343385075375e-01 9.181654632164155672e-01
5.588235294117647189e-01 4.330947583563969361e-01 9.466475841988618578e-01
5.588235294117647189e-01 4.416459284376158534e-01 9.725137410015481931e-01
5.588235294117647189e-01 4.518135255743352952e-01 1.001562465995734730e+00
5.588235294117647189e-01 4.604829474013129031e-01 1.026908864730145421e+00
5.588235294117647189e-01 4.708456483123611980e-01 1.055617702249299850e+00
5.588235294117647189e-01 4.796292055451586989e-01 1.081008333354235518e+00
5.588235294117647189e-01 4.901852281723593219e-01 1.108704631929906981e+00
5.588235294117647189e-01 4.990787561187435273e-01 1.134655739247241613e+00
5.588235294117647189e-01 5.098263054703432440e-01 1.160865772863474588e+00
5.428571428571428159e-01 1.354482947779039603e-01 3.716004363388322851e+00
5.428571428571428159e-01 1.411066517472749082e-01 2.966755384686117658e+00
5.428571428571428159e-01 1.468807916936621383e-01 2.361893246859092077e+00
5.428571428571428159e-01 1.527707146170657337e-01 1.886232278711862165e+00
5.428571428571428159e-01 1.587764205174855559e-01 1.526522941953185386e+00
5.428571428571428159e-01 1.648979093949217711e-01 1.270413970051614161e+00
5.428571428571428159e-01 1.711351812493742408e-01 1.106703302015650703e+00
5.428571428571428159e-01 1.765110031120862844e-01 9.980884029715599848e-01
5.428571428571428159e-01 1.814123413922062167e-01 9.055942803725689494e-01
5.428571428571428159e-01 1.868391642821665977e-01 8.261149439787187632e-01
5.428571428571428159e-01 1.922976090824424777e-01 7.597197750410137340e-01
5.428571428571428159e-01 1.977847965723458223e-01 7.048809023696498421e-01
5.428571428571428159e-01 2.039017822969645954e-01 6.605147843523456741e-01
5.428571428571428159e-01 2.094622224725800341e-01 6.229948578978672380e-01
5.428571428571428159e-01 2.150431616087485343e-01 5.943770140164424953e-01
5.428571428571428159e-01 2.213190482990638197e-01 5.736600235084072796e-01
5.428571428571428159e-01 2.269583739385513388e-01 5.574848127364058215e-01
5.428571428571428159e-01 2.333385118541542458e-01 5.479855568752212136e-01
5.428571428571428159e-01 2.390263876787808162e-01 5.438118891119514409e-01
5.428571428571428159e-01 2.455033791874164928e-01 5.421276860804653541e-01
5.428571428571428159e-01 2.520391928264443804e-01 5.452096255888058129e-01
5.428571428571428159e-01 2.586324944301914841e-01 5.520637349893103840e-01
5.428571428571428159e-01 2.652819374483270098e-01 5.619788216368669653e-01
5.428571428571428159e-01 2.719861626984175218e-01 5.744134188778006189e-01
5.428571428571428159e-01 2.787437981113629615e-01 5.888716106417042351e-01
5.428571428571428159e-01 2.855534584694457978e-01 6.051826208284373232e-01
5.428571428571428159e-01 2.924137451367207485e-01 6.230511884542656587e-01
5.428571428571428159e-01 2.993232457814544722e-01 6.424819269339895333e-01
5.428571428571428159e-01 3.062805340903160256e-01 6.634615376725843117e-01
5.428571428571428159e-01 3.132841694739995630e-01 6.860763023380214154e-01
5.428571428571428159e-01 3.203326967639533174e-01 7.105114739239324351e-01
5.428571428571428159e-01 3.285596939246126502e-01 7.335913601008126061e-01
5.428571428571428159e-01 3.357271719463566506e-01 7.575880858241303972e-01
5.428571428571428159e-01 3.429357453736707195e-01 7.836280186837732975e-01
5.428571428571428159e-01 3.514165473109380766e-01 8.096848099722361303e-01
5.428571428571428159e-01 3.587381867031508853e-01 8.346888399488702204e-01
5.428571428571428159e-01 3.660970374326590893e-01 8.624759106460523350e-01
5.428571428571428159e-01 3.748267992859233844e-01 8.880918516100507754e-01
5.428571428571428159e-01 3.822927116684731175e-01 9.149744809135177404e-01
5.428571428571428159e-01 3.911963625629185648e-01 9.422308648230873773e-01
5.428571428571428159e-01 3.987656695152395625e-01 9.684261425177281835e-01
5.428571428571428159e-01 4.078416049446861869e-01 9.961925837856714372e-01
5.428571428571428159e-01 4.155105983529106539e-01 1.022039089452463356e+00
5.428571428571428159e-01 4.247572027040895648e-01 1.049516274140531724e+00
5.428571428571428159e-01 4.325221324700536107e-01 1.075527838911364276e+00
5.428571428571428159e-01 4.419377788340147495e-01 1.101955124052788060e+00
5.428571428571428159e-01 4.497948518900690140e-01 1.128805363504865822e+00
5.277777777777777901e-01 1.258390657416864344e-01 3.325343807474620661e+00
5.277777777777777901e-01 1.309884500358903803e-01 2.657248250044246696e+00
5.277777777777777901e-01 1.362410897151247746e-01 2.121713013177949581e+00
5.277777777777777901e-01 1.415969847793896175e-01 1.705451444156620200e+00
5.277777777777777901e-01 1.470561352286849366e-01 1.396053614125918996e+00
5.277777777777777901e-01 1.526185410630107320e-01 1.182237657149686871e+00
5.277777777777777901e-01 1.578348380858582423e-01 1.051332176273914953e+00
5.277777777777777901e-01 1.626514189353082396e-01 9.513745831481885684e-01
5.277777777777777901e-01 1.674976826223407156e-01 8.666618678412145726e-01
5.277777777777777901e-01 1.723710766010580764e-01 7.948424946080275832e-01
5.277777777777777901e-01 1.772690043585261055e-01 7.341824961427103613e-01
5.277777777777777901e-01 1.821888238148391126e-01 6.835239020641016294e-01
5.277777777777777901e-01 1.871278456396107404e-01 6.422857788052228623e-01
5.277777777777777901e-01 1.920833314792630142e-01 6.102936653457481375e-01
5.277777777777777901e-01 1.976734077362213848e-01 5.840994375193354626e-01
5.277777777777777901e-01 2.026777038271699305e-01 5.652636038659022422e-01
5.277777777777777901e-01 2.083584325776089707e-01 5.515808077306524337e-01
5.277777777777777901e-01 2.134026285623119856e-01 5.449388386329290235e-01
5.277777777777777901e-01 2.191672973205968378e-01 5.399179503260991275e-01
5.277777777777777901e-01 2.249834328159029950e-01 5.401268827594929434e-01
5.277777777777777901e-01 2.308498232374349424e-01 5.444796409537594473e-01
5.277777777777777901e-01 2.367652458986399810e-01 5.521918661612712498e-01
5.277777777777777901e-01 2.427284670234363673e-01 5.626519502578123388e-01
5.277777777777777901e-01 2.487382415263696411e-01 5.752892426692338690e-01
5.277777777777777901e-01 2.547933127864708269e-01 5.898769080210545246e-01
5.277777777777777901e-01 2.608924124145876045e-01 6.060594480598416878e-01
5.277777777777777901e-01 2.670342600139424261e-01 6.237901693776800593e-01
5.277777777777777901e-01 2.732175629336665579e-01 6.430064573872442679e-01
5.277777777777777901e-01 2.794410160150420097e-01 6.637465712678712881e-01
5.277777777777777901e-01 2.857033013301756852e-01 6.861586050497670008e-01
5.277777777777777901e-01 2.920030879128130419e-01 7.104506506416371492e-01
5.277777777777777901e-01 2.994074274254642232e-01 7.330398386397238841e-01
5.277777777777777901e-01 3.058093232397642303e-01 7.568067247114519391e-01
5.277777777777777901e-01 3.122452477137770965e-01 7.827277684238764799e-01
5.277777777777777901e-01 3.198727627991718170e-01 8.079203733965518719e-01
5.277777777777777901e-01 3.264054114778887072e-01 8.329297873604719626e-01
5.277777777777777901e-01 3.329685379603274376e-01 8.607024649422405638e-01
5.277777777777777901e-01 3.408147890101710376e-01 8.852861676848000627e-01
5.277777777777777901e-01 3.474691478872233841e-01 9.123589943016826576e-01
5.277777777777777901e-01 3.554686019423183851e-01 9.384664093484811342e-01
5.277777777777777901e-01 3.622108393920447922e-01 9.649795531514075986e-01
5.277777777777777901e-01 3.703620263503065169e-01 9.915485979510818559e-01
5.277777777777777901e-01 3.771887519244186415e-01 1.017928013546727684e+00
5.277777777777777901e-01 3.854901917742170614e-01 1.044146674874747882e+00
5.277777777777777901e-01 3.923979775538240511e-01 1.070798034691572198e+00
5.277777777777777901e-01 4.008481802072590416e-01 1.096077421746961988e+00
5.135135135135135975e-01 1.128455764352193635e-01 3.709022346716450258e+00
5.135135135135135975e-01 1.174632620127547405e-01 2.978411661442376790e+00
5.135135135135135975e-01 1.221735413597616476e-01 2.383573434895316812e+00
5.135135135135135975e-01 1.269764144762401126e-01 1.911194433616536958e+00
5.135135135135135975e-01 1.318718813621901909e-01 1.548817662669931261e+00
5.135135135135135975e-01 1.368599420176117853e-01 1.285093116855389628e+00
5.135135135135135975e-01 1.419405964425049238e-01 1.109924091236814458e+00
5.135135135135135975e-01 1.462520098059497675e-01 1.001309929959722567e+00
5.135135135135135975e-01 1.505887318179410239e-01 9.092615049544976458e-01
5.135135135135135975e-01 1.549484376775985550e-01 8.312275498841864563e-01
5.135135135135135975e-01 1.593287637707898052e-01 7.652693864459025885e-01
5.135135135135135975e-01 1.637273062785880584e-01 7.100400919180671622e-01
5.135135135135135975e-01 1.681416197138872470e-01 6.647731131654441850e-01
5.135135135135135975e-01 1.731184408212264603e-01 6.279890830986911698e-01
5.135135135135135975e-01 1.775783795717458813e-01 5.973179409442966881e-01
5.135135135135135975e-01 1.820470939374486397e-01 5.755938767560634384e-01
5.135135135135135975e-01 1.871356783031193904e-01 5.576196362919179084e-01
5.135135135135135975e-01 1.922722412086332322e-01 5.474527717576167518e-01
5.135135135135135975e-01 1.967993012974041389e-01 5.399149167028619578e-01
5.135135135135135975e-01 2.020065509151689476e-01 5.371937348611924845e-01
5.135135135135135975e-01 2.072580539819467715e-01 5.390034139662155388e-01
5.135135135135135975e-01 2.125526962546589183e-01 5.444872762990918824e-01
5.135135135135135975e-01 2.178893537130111024e-01 5.529642309796453103e-01
5.135135135135135975e-01 2.224929564463094256e-01 5.630770747280813282e-01
5.135135135135135975e-01 2.278857646451733499e-01 5.758288001021613089e-01
5.135135135135135975e-01 2.333166659698557299e-01 5.908749355311608831e-01
5.135135135135135975e-01 2.396333019592485625e-01 6.073134136160590613e-01
5.135135135135135975e-01 2.451628191780051425e-01 6.248463278380915753e-01
5.135135135135135975e-01 2.507273910676669493e-01 6.438094216878887943e-01
5.135135135135135975e-01 2.563258195097584125e-01 6.643135538784649130e-01
5.135135135135135975e-01 2.619568949197808583e-01 6.865249303592505514e-01
5.135135135135135975e-01 2.676193960072539846e-01 7.105680387014220445e-01
5.135135135135135975e-01 2.743204802018257560e-01 7.328447408546953090e-01
5.135135135135135975e-01 2.800710982630072454e-01 7.563819950428402050e-01
5.135135135135135975e-01 2.858499554212574623e-01 7.821089204340706535e-01
5.135135135135135975e-01 2.927484324688793271e-01 8.066882309041865096e-01
5.135135135135135975e-01 2.986104631137268539e-01 8.315387734264043651e-01
5.135135135135135975e-01 3.056470818707203718e-01 8.592039646219695737e-01
5.135135135135135975e-01 3.115892650222287230e-01 8.830280723257984965e-01
5.135135135135135975e-01 3.175544122305363204e-01 9.101908566730131378e-01
5.135135135135135975e-01 3.247819735806491415e-01 9.353143690682488298e-01
5.135135135135135975e-01 3.308221778106004152e-01 9.620579263946995585e-01
5.135135135135135975e-01 3.381841603952464581e-01 9.876395021821446907e-01
5.135135135135135975e-01 3.442963116029872928e-01 1.014346830528861432e+00
5.135135135135135975e-01 3.517913553732487375e-01 1.039503549950396177e+00
5.135135135135135975e-01 3.579723099407166598e-01 1.066742200371401550e+00
5.000000000000000000e-01 1.058738881735724613e-01 3.323808909257355282e+00
5.000000000000000000e-01 1.101194333789929231e-01 2.670264015506202515e+00
5.000000000000000000e-01 1.144484366991176810e-01 2.142232898579088385e+00
5.000000000000000000e-01 1.188608981339467491e-01 1.727222127541124586e+00
5.000000000000000000e-01 1.233568176834801133e-01 1.413824339524294427e+00
5.000000000000000000e-01 1.279361953477177738e-01 1.191872995162243321e+00
5.000000000000000000e-01 1.325990311266597443e-01 1.052027432531979390e+00
5.000000000000000000e-01 1.365184341512074018e-01 9.554023912146040187e-01
5.000000000000000000e-01 1.400253451706729713e-01 8.715548946808509001e-01
5.000000000000000000e-01 1.439650377947954973e-01 7.999704743760918113e-01
5.000000000000000000e-01 1.479199879464381251e-01 7.398614885421914700e-01
5.000000000000000000e-01 1.523752541782248671e-01 6.896624478726177676e-01
5.000000000000000000e-01 1.563732514514940830e-01 6.470476832607059414e-01
5.000000000000000000e-01 1.603802304837087522e-01 6.131765071546868562e-01
5.000000000000000000e-01 1.649387474714964497e-01 5.875167983222279178e-01
5.000000000000000000e-01 1.689774545143568618e-01 5.659931057281564204e-01
5.000000000000000000e-01 1.736036942930789528e-01 5.521170198845967159e-01
5.000000000000000000e-01 1.776666569914934213e-01 5.420324263215983152e-01
5.000000000000000000e-01 1.823549800520689601e-01 5.363315829009145386e-01
5.000000000000000000e-01 1.870825361056890068e-01 5.355628469145939929e-01
5.000000000000000000e-01 1.918483062024834707e-01 5.387981064348041915e-01
5.000000000000000000e-01 1.959605290861489157e-01 5.443318260155843857e-01
5.000000000000000000e-01 2.007776313939773349e-01 5.521989091446763975e-01
5.000000000000000000e-01 2.056293996653537348e-01 5.629066252796490755e-01
5.000000000000000000e-01 2.105147736519654422e-01 5.759765821308954203e-01
5.000000000000000000e-01 2.154326836262870637e-01 5.912495330850069397e-01
5.000000000000000000e-01 2.203820501916415042e-01 6.085602333999136082e-01
5.000000000000000000e-01 2.261912376969517913e-01 6.262072238141564995e-01
5.000000000000000000e-01 2.312249631306060593e-01 6.449167009871621392e-01
5.000000000000000000e-01 2.362873215780794123e-01 6.651772104575270905e-01
5.000000000000000000e-01 2.413771994552109390e-01 6.870778959202369363e-01
5.000000000000000000e-01 2.464934726285533673e-01 7.109041043019366235e-01
5.000000000000000000e-01 2.525892568924951731e-01 7.329968917278517626e-01
5.000000000000000000e-01 2.577819365951891650e-01 7.562284148734668143e-01
5.000000000000000000e-01 2.629980784069838040e-01 7.818544707977391761e-01
5.000000000000000000e-01 2.692693954557632829e-01 8.058065359818257223e-01
5.000000000000000000e-01 2.745573916590538510e-01 8.305139111158035270e-01
5.000000000000000000e-01 2.809518718340817678e-01 8.574421244532886011e-01
5.000000000000000000e-01 2.863089408281586645e-01 8.811992238644896780e-01
5.000000000000000000e-01 2.916846188049402877e-01 9.084497953127028680e-01
5.000000000000000000e-01 2.982486848188647954e-01 9.326659129392587122e-01
5.000000000000000000e-01 3.036887466476294040e-01 9.596799251120594620e-01
5.000000000000000000e-01 3.103725458078470667e-01 9.842441664851609984e-01
5.000000000000000000e-01 3.158741297538418258e-01 1.011313001483178597e+00
5.000000000000000000e-01 3.226764084659721754e-01 1.035518956221550102e+00
