5.000000000000000278e-02 7.603761701928164578e-03 1.495464480541281560e+00
5.000000000000000278e-02 8.156586213420392861e-03 1.126788397285281906e+00
5.000000000000000278e-02 8.569727652338441151e-03 9.529892001887436681e-01
5.000000000000000278e-02 8.923822339937480599e-03 8.161608492835167317e-01
5.000000000000000278e-02 9.327421776318935154e-03 7.098927188557426771e-01
5.000000000000000278e-02 9.661942488467387818e-03 6.270871212963948782e-01
5.000000000000000278e-02 1.011954488639923294e-02 5.646075020068201944e-01
5.000000000000000278e-02 1.050585687604374194e-02 5.189462995034894721e-01
5.000000000000000278e-02 1.096107670439469030e-02 4.910391347295817166e-01
5.000000000000000278e-02 1.133473556661430438e-02 4.736890173249442282e-01
5.000000000000000278e-02 1.178414142102001370e-02 4.675175357389294573e-01
5.000000000000000278e-02 1.223167104887871830e-02 4.712643697158763190e-01
5.000000000000000278e-02 1.277180152364893774e-02 4.825485264345300007e-01
5.000000000000000278e-02 1.321826617946108770e-02 4.983618401655344199e-01
5.000000000000000278e-02 1.366076733972488612e-02 5.225143855103976387e-01
5.000000000000000278e-02 1.420881642148777262e-02 5.478538305968628785e-01
5.000000000000000278e-02 1.476193567434062881e-02 5.797799989067106141e-01
5.000000000000000278e-02 1.519891322727657743e-02 6.134698373096774127e-01
5.000000000000000278e-02 1.575559525991362952e-02 6.485017298485012960e-01
5.000000000000000278e-02 1.631612818756513275e-02 6.858771480960775824e-01
5.000000000000000278e-02 1.688014609120960796e-02 7.251241046660052980e-01
5.000000000000000278e-02 1.744728265237759091e-02 7.655354362249190414e-01
5.000000000000000278e-02 1.801717114641744957e-02 8.068833939041533121e-01
5.000000000000000278e-02 1.858944443556895601e-02 8.491858965574397011e-01
5.000000000000000278e-02 1.916373496183708044e-02 8.927124057985149630e-01
5.000000000000000278e-02 1.990788887122794254e-02 9.327895461195512272e-01
5.000000000000000278e-02 2.049159542215841026e-02 9.738873277019139962e-01
5.000000000000000278e-02 2.107634033908017263e-02 1.016452111742824460e+00
5.000000000000000278e-02 2.184972010028278164e-02 1.058263382846430067e+00
5.000000000000000278e-02 2.244229610782450673e-02 1.097611923726494965e+00
5.000000000000000278e-02 2.303492902014288649e-02 1.140202717253641085e+00
5.000000000000000278e-02 2.383608439926200931e-02 1.178051695156696166e+00
5.000000000000000278e-02 2.443495984613263186e-02 1.218426976510089244e+00
5.000000000000000278e-02 2.525624599651653951e-02 1.256056655567698410e+00
5.000000000000000278e-02 2.609110712459273770e-02 1.299058816527777660e+00
5.000000000000000278e-02 2.693954323036122644e-02 1.346721691725504488e+00
5.000000000000000278e-02 2.780155431382201267e-02 1.398367618521219713e+00
5.000000000000000278e-02 2.867714037497509985e-02 1.453425963819012123e+00
5.000000000000000278e-02 2.956630141382047758e-02 1.511323965204728559e+00
5.000000000000000278e-02 3.046903743035816320e-02 1.571699166666243208e+00
5.000000000000000278e-02 3.138534842458813590e-02 1.634016798084279909e+00
5.000000000000000278e-02 3.231523439651041302e-02 1.698102250785584744e+00
5.000000000000000278e-02 3.325869534612497375e-02 1.763414505630611195e+00
5.000000000000000278e-02 3.421573127343183196e-02 1.829499694347239025e+00
5.000000000000000278e-02 3.518634217843098766e-02 1.896234627672611861e+00
5.000000000000000278e-02 3.617052806112243390e-02 1.963743810733816986e+00
5.000000000000000278e-02 3.716828892150619845e-02 2.031467905767255999e+00
5.000000000000000278e-02 3.817962475958223967e-02 2.099387039170077074e+00
5.000000000000000278e-02 3.920453557535058531e-02 2.167424187104485256e+00
5.000000000000000278e-02 4.024302136881121456e-02 2.235045899917831758e+00
4.749999999999999362e-02 7.127505301706793354e-03 1.925821332676102227e+00
4.749999999999999362e-02 7.645704028999252347e-03 1.360809295649578310e+00
4.749999999999999362e-02 8.182085167775654880e-03 1.073644328648403867e+00
4.749999999999999362e-02 8.523764608960303704e-03 9.165711255420522230e-01
4.749999999999999362e-02 8.855431586039057973e-03 7.909010365976044676e-01
4.749999999999999362e-02 9.236186409507044989e-03 6.908398145776493138e-01
4.749999999999999362e-02 9.611732485807895215e-03 6.137046497575080473e-01
4.749999999999999362e-02 9.981032394425664797e-03 5.563578556915018680e-01
4.749999999999999362e-02 1.041523019006270617e-02 5.150878385245913904e-01
4.749999999999999362e-02 1.077305882337858955e-02 4.883015996605085118e-01
4.749999999999999362e-02 1.120220169161716996e-02 4.721149487653847343e-01
4.749999999999999362e-02 1.162978531103348381e-02 4.668746065958105929e-01
4.749999999999999362e-02 1.205511945932868922e-02 4.709269100247217565e-01
4.749999999999999362e-02 1.257147868163353138e-02 4.815916400113385287e-01
4.749999999999999362e-02 1.299495140964906925e-02 4.971280745998034045e-01
4.749999999999999362e-02 1.351769014078367526e-02 5.208899694934358005e-01
4.749999999999999362e-02 1.393700211923706682e-02 5.448364052814796965e-01
4.749999999999999362e-02 1.446428936443998510e-02 5.745979078293425024e-01
4.749999999999999362e-02 1.499573492941039775e-02 6.085601595435892186e-01
4.749999999999999362e-02 1.540713301343225351e-02 6.430074393265915456e-01
4.749999999999999362e-02 1.594048850821986468e-02 6.789788213609179168e-01
4.749999999999999362e-02 1.647685659624732388e-02 7.168769713235605412e-01
4.749999999999999362e-02 1.701589346084332946e-02 7.562379176651479185e-01
4.749999999999999362e-02 1.755725492116830613e-02 7.968741800721645951e-01
4.749999999999999362e-02 1.825252491612422423e-02 8.373082396876982969e-01
4.749999999999999362e-02 1.880346721917562289e-02 8.766312985008291037e-01
4.749999999999999362e-02 1.935581737491946785e-02 9.169879083090618499e-01
4.749999999999999362e-02 1.990922990697228598e-02 9.585271712698475444e-01
4.749999999999999362e-02 2.063978346719507265e-02 1.000494282137518676e+00
4.749999999999999362e-02 2.120071850052605844e-02 1.038872910284222018e+00
4.749999999999999362e-02 2.176179595937236325e-02 1.079935582500699764e+00
4.749999999999999362e-02 2.251867174036123811e-02 1.119479123974283619e+00
4.749999999999999362e-02 2.308578235815011287e-02 1.157900888488773372e+00
4.749999999999999362e-02 2.386172115407683009e-02 1.198023887936078946e+00
4.749999999999999362e-02 2.443394858457302588e-02 1.234158629827135201e+00
4.749999999999999362e-02 2.522849686060622473e-02 1.273144203996271040e+00
4.749999999999999362e-02 2.603575790905595516e-02 1.316946681192646684e+00
4.749999999999999362e-02 2.685573172992221369e-02 1.364934596133819511e+00
4.749999999999999362e-02 2.768841832320500726e-02 1.416457555719445427e+00
4.749999999999999362e-02 2.853381768890433934e-02 1.471109060322650652e+00
4.749999999999999362e-02 2.939192982702019605e-02 1.528294166210419913e+00
4.749999999999999362e-02 3.026275473755259127e-02 1.587792897419287197e+00
4.749999999999999362e-02 3.114629242050151112e-02 1.648986119160271713e+00
4.749999999999999362e-02 3.204254287586695560e-02 1.711472566778527105e+00
4.749999999999999362e-02 3.295150610364893512e-02 1.774999140734196290e+00
4.749999999999999362e-02 3.387318210384744621e-02 1.839685061483653072e+00
4.749999999999999362e-02 3.480757087646250275e-02 1.904938408228022073e+00
4.749999999999999362e-02 3.575467242149407698e-02 1.970711675476828351e+00
4.749999999999999362e-02 3.671448673894219666e-02 2.036904269302405535e+00
4.749999999999999362e-02 3.768701382880682710e-02 2.102952953960114169e+00
4.523809523809523697e-02 6.706402177715201259e-03 2.472467158737088333e+00
4.523809523809523697e-02 7.193984989105210552e-03 1.712755590586370058e+00
4.523809523809523697e-02 7.698675969315918639e-03 1.248417112422927300e+00
4.523809523809523697e-02 8.170303014648843190e-03 1.026696646995448825e+00
4.523809523809523697e-02 8.491919669705224119e-03 8.816050373843581367e-01
4.523809523809523697e-02 8.860090166469946488e-03 7.666767658259485696e-01
4.523809523809523697e-02 9.163102802853546891e-03 6.741499945091649071e-01
4.523809523809523697e-02 9.581640877756193025e-03 6.032901595822470764e-01
4.523809523809523697e-02 9.933068483713657429e-03 5.481842226029899345e-01
4.523809523809523697e-02 1.027695777119410833e-02 5.112152829110478969e-01
4.523809523809523697e-02 1.068823418926235017e-02 4.847850120816687980e-01
4.523809523809523697e-02 1.109823385022158833e-02 4.705984374426284145e-01
4.523809523809523697e-02 1.150630769633660504e-02 4.661908666513469024e-01
4.523809523809523697e-02 1.191180540024724434e-02 4.705483863159773961e-01
4.523809523809523697e-02 1.240703176673373098e-02 4.813568735873114401e-01
4.523809523809523697e-02 1.280997013460767782e-02 4.962771324669016382e-01
4.523809523809523697e-02 1.331061721956028343e-02 5.188733467101012131e-01
4.523809523809523697e-02 1.370883003210975233e-02 5.429372274810557730e-01
4.523809523809523697e-02 1.421317272027276639e-02 5.712078672930170908e-01
4.523809523809523697e-02 1.472119218709739587e-02 6.031667268736493615e-01
4.523809523809523697e-02 1.523256568056287862e-02 6.378421951099066955e-01
4.523809523809523697e-02 1.574697013939501539e-02 6.740024619515738724e-01
4.523809523809523697e-02 1.613185133733435750e-02 7.109559505112781341e-01
4.523809523809523697e-02 1.678357813136266419e-02 7.484815789139933617e-01
4.523809523809523697e-02 1.730513394953849676e-02 7.863803605917057959e-01
4.523809523809523697e-02 1.782842529234262771e-02 8.247734948435557767e-01
4.523809523809523697e-02 1.835312747362118774e-02 8.641425280709194023e-01
4.523809523809523697e-02 1.887891546546416333e-02 9.044909408630492642e-01
4.523809523809523697e-02 1.957166244618037051e-02 9.465208514596558098e-01
4.523809523809523697e-02 2.010470414089922386e-02 9.838815311394605301e-01
4.523809523809523697e-02 2.063796607882162001e-02 1.023437357407293469e+00
4.523809523809523697e-02 2.135575502983889581e-02 1.064679882439357517e+00
4.523809523809523697e-02 2.189486907850264966e-02 1.101268695674019638e+00
4.523809523809523697e-02 2.243333570227830712e-02 1.141584671753655300e+00
4.523809523809523697e-02 2.317488375156082081e-02 1.177646651701254710e+00
4.523809523809523697e-02 2.371779796195059090e-02 1.216308191286625151e+00
4.523809523809523697e-02 2.447671969063985875e-02 1.251592556931759193e+00
4.523809523809523697e-02 2.524759294261557513e-02 1.291863363486744687e+00
4.523809523809523697e-02 2.603041771787773656e-02 1.336391015939967009e+00
4.523809523809523697e-02 2.682519401642634999e-02 1.384724697333757248e+00
4.523809523809523697e-02 2.763192183826140153e-02 1.436208363580887326e+00
4.523809523809523697e-02 2.845060118338290853e-02 1.490575476710068958e+00
4.523809523809523697e-02 2.928123205179085364e-02 1.547125957241446859e+00
4.523809523809523697e-02 3.012381444348523687e-02 1.605516988338983930e+00
4.523809523809523697e-02 3.097834835846606863e-02 1.665358350385355735e+00
4.523809523809523697e-02 3.184483379673334891e-02 1.726764136301351948e+00
4.523809523809523697e-02 3.272327075828708465e-02 1.789110097957007151e+00
4.523809523809523697e-02 3.361365924312725156e-02 1.852319745574118937e+00
4.523809523809523697e-02 3.451599925125387047e-02 1.916268027367982407e+00
4.523809523809523697e-02 3.543029078266693443e-02 1.980362003646574554e+00
4.318181818181818232e-02 6.331511157610852057e-03 3.123064553144765831e+00
4.318181818181818232e-02 6.791837861671846076e-03 2.170815013161394358e+00
4.318181818181818232e-02 7.268316379910416854e-03 1.530447927131186159e+00
4.318181818181818232e-02 7.760946712326568728e-03 1.158039688773665254e+00
4.318181818181818232e-02 8.168552637064573768e-03 9.821450623876606389e-01
4.318181818181818232e-02 8.471685828221612452e-03 8.481682283752858265e-01
4.318181818181818232e-02 8.821256594313839003e-03 7.409986295876673790e-01
4.318181818181818232e-02 9.165735753009354031e-03 6.559259918408988366e-01
4.318181818181818232e-02 9.504200952467307256e-03 5.896274829803507256e-01
4.318181818181818232e-02 9.835727280650003942e-03 5.418528251632414028e-01
4.318181818181818232e-02 1.023113835302089450e-02 5.050183405741064391e-01
4.318181818181818232e-02 1.062552595718688382e-02 4.819650290584265306e-01
4.318181818181818232e-02 1.101827763827063593e-02 4.694280102016146206e-01
4.318181818181818232e-02 1.140877981976883698e-02 4.656971911557016286e-01
4.318181818181818232e-02 1.179641776904208350e-02 4.702690356194239585e-01
4.318181818181818232e-02 1.227272301778252646e-02 4.814538590773265736e-01
4.318181818181818232e-02 1.265718544089721245e-02 4.960158839126905250e-01
4.318181818181818232e-02 1.313806197364961875e-02 5.178390672348586188e-01
4.318181818181818232e-02 1.351730139709730882e-02 5.419200685901607306e-01
4.318181818181818232e-02 1.400111856403507896e-02 5.687793213657005298e-01
4.318181818181818232e-02 1.448818575152431391e-02 5.995691456299000466e-01
4.318181818181818232e-02 1.497819788681339567e-02 6.328007000354405331e-01
4.318181818181818232e-02 1.547084961664745538e-02 6.675795514245110862e-01
4.318181818181818232e-02 1.596583530268854204e-02 7.033570052722315502e-01
4.318181818181818232e-02 1.646284901680882332e-02 7.398836436219310420e-01
4.318181818181818232e-02 1.696158453625192311e-02 7.770431692542989488e-01
4.318181818181818232e-02 1.746173533865745531e-02 8.151992765421386400e-01
4.318181818181818232e-02 1.796299459694323392e-02 8.542072609027636654e-01
4.318181818181818232e-02 1.846505517403982527e-02 8.948864794169553161e-01
4.318181818181818232e-02 1.913040952182888318e-02 9.325193544823690006e-01
4.318181818181818232e-02 1.963897776336527567e-02 9.705938328043932639e-01
4.318181818181818232e-02 2.014752939515380634e-02 1.011114226120380932e+00
4.318181818181818232e-02 2.083628435005852389e-02 1.048417704102854175e+00
4.318181818181818232e-02 2.135001909467638265e-02 1.086369763487758267e+00
4.318181818181818232e-02 2.205575743078097561e-02 1.125171912949427311e+00
4.318181818181818232e-02 2.257386034068447137e-02 1.160882608939649341e+00
4.318181818181818232e-02 2.329617837123799245e-02 1.199461084005048805e+00
4.318181818181818232e-02 2.381783361077333475e-02 1.233704709907435415e+00
4.318181818181818232e-02 2.455632738663399497e-02 1.270650338790463296e+00
4.318181818181818232e-02 2.530609587662994292e-02 1.312103205001412087e+00
4.318181818181818232e-02 2.606713908076115777e-02 1.357345419184010638e+00
4.318181818181818232e-02 2.683945699902766380e-02 1.406062890889957506e+00
4.318181818181818232e-02 2.762304963142943326e-02 1.457471992928047078e+00
4.318181818181818232e-02 2.841791697796648003e-02 1.511293975238012566e+00
4.318181818181818232e-02 2.922405903863880758e-02 1.566994763522363110e+00
4.318181818181818232e-02 3.004147581344641244e-02 1.624683587538232388e+00
4.318181818181818232e-02 3.087016730238930501e-02 1.683704165626946692e+00
4.318181818181818232e-02 3.171013350546746101e-02 1.743949794626552752e+00
4.318181818181818232e-02 3.256137442268090126e-02 1.805270177164176815e+00
4.318181818181818232e-02 3.342389005402961882e-02 1.867042770534434348e+00
4.130434782608696093e-02 6.431619555611581447e-03 2.724436430640791329e+00
4.130434782608696093e-02 6.882827110642594261e-03 1.909642309878593736e+00
4.130434782608696093e-02 7.349329837030594940e-03 1.377711317679926495e+00
4.130434782608696093e-02 7.831127734775573945e-03 1.089376655791560733e+00
4.130434782608696093e-02 8.175064550799858096e-03 9.399108432498722854e-01
4.130434782608696093e-02 8.461053058346958838e-03 8.162781039415716311e-01
4.130434782608696093e-02 8.793468833611367899e-03 7.171412729222118587e-01
4.130434782608696093e-02 9.120359568050736415e-03 6.387801431230469840e-01
4.130434782608696093e-02 9.505280028473679643e-03 5.795857046886284669e-01
4.130434782608696093e-02 9.822083095735649125e-03 5.323442347560827237e-01
4.130434782608696093e-02 1.020252094213488364e-02 5.005362284960743757e-01
4.130434782608696093e-02 1.058158396750897776e-02 4.802082066656888637e-01
4.130434782608696093e-02 1.095869147086819990e-02 4.689635010511711277e-01
4.130434782608696093e-02 1.133326172484273864e-02 4.656963977794609244e-01
4.130434782608696093e-02 1.170471194406055848e-02 4.699428355397319845e-01
4.130434782608696093e-02 1.216396767322682274e-02 4.822639717620374467e-01
4.130434782608696093e-02 1.253169465117638659e-02 4.961385717111342353e-01
4.130434782608696093e-02 1.299476420035017288e-02 5.177191080574105042e-01
4.130434782608696093e-02 1.335682702765285217e-02 5.412045620498414644e-01
4.130434782608696093e-02 1.382216453119725075e-02 5.674316447381528850e-01
4.130434782608696093e-02 1.429037138686760702e-02 5.971400570229802307e-01
4.130434782608696093e-02 1.476115838899747477e-02 6.291927390226915717e-01
4.130434782608696093e-02 1.523423607622747047e-02 6.628284481265543926e-01
4.130434782608696093e-02 1.570931472732949030e-02 6.976289297284495872e-01
4.130434782608696093e-02 1.618610435691518815e-02 7.332761864586354594e-01
4.130434782608696093e-02 1.666431471102419737e-02 7.700135119525978178e-01
4.130434782608696093e-02 1.714365526258754269e-02 8.075460527256672627e-01
4.130434782608696093e-02 1.762383520676132770e-02 8.465886887403274441e-01
4.130434782608696093e-02 1.825887773812740617e-02 8.846726286701963593e-01
4.130434782608696093e-02 1.874538364617017727e-02 9.212950603873671929e-01
4.130434782608696093e-02 1.923195445928185809e-02 9.599126218615552375e-01
4.130434782608696093e-02 1.988940995501714548e-02 9.992391260683166632e-01
4.130434782608696093e-02 2.038105230379668592e-02 1.034998517068463908e+00
4.130434782608696093e-02 2.087198336427094347e-02 1.074225740313993427e+00
4.130434782608696093e-02 2.155070290655342405e-02 1.109626257686136430e+00
4.130434782608696093e-02 2.204544869462088386e-02 1.147066457454743782e+00
4.130434782608696093e-02 2.273975115595049806e-02 1.182445148991356110e+00
4.130434782608696093e-02 2.323753845730943887e-02 1.218778781785520904e+00
4.130434782608696093e-02 2.394704089413730169e-02 1.252817440559462092e+00
4.130434782608696093e-02 2.466721254054151866e-02 1.291305703757866352e+00
4.130434782608696093e-02 2.539805339652210017e-02 1.333881125280699020e+00
4.130434782608696093e-02 2.613956346207903930e-02 1.379674137871430117e+00
4.130434782608696093e-02 2.689174273721232911e-02 1.428475457932473880e+00
4.130434782608696093e-02 2.765459122192197999e-02 1.479600869887977677e+00
4.130434782608696093e-02 2.842810891620798849e-02 1.533155101751112248e+00
4.130434782608696093e-02 2.921229582007036502e-02 1.588450165397730984e+00
4.130434782608696093e-02 3.000715193350909915e-02 1.645348030454270027e+00
4.130434782608696093e-02 3.081267725652419090e-02 1.703672459564914865e+00
4.130434782608696093e-02 3.162887178911563679e-02 1.762771424596142777e+00
3.958333333333333148e-02 6.107167872763713881e-03 3.364174176189981047e+00
3.958333333333333148e-02 6.535613656940953038e-03 2.376923920077463670e+00
3.958333333333333148e-02 6.978583027022508371e-03 1.686626514666112353e+00
3.958333333333333148e-02 7.436075983008373809e-03 1.253333926811665666e+00
3.958333333333333148e-02 7.859542006176615386e-03 1.036720459987864551e+00
3.958333333333333148e-02 8.188403322160763692e-03 8.998401400945055251e-01
3.958333333333333148e-02 8.458391524957366639e-03 7.862217387747156838e-01
3.958333333333333148e-02 8.774887173334321167e-03 6.950612200013672748e-01
3.958333333333333148e-02 9.146713617215826084e-03 6.237397432771623063e-01
3.958333333333333148e-02 9.453959268074336661e-03 5.663270433105173085e-01
3.958333333333333148e-02 9.821860999133727108e-03 5.259037425260031373e-01
3.958333333333333148e-02 1.011690344396245708e-02 4.966473687960480388e-01
3.958333333333333148e-02 1.047830205085141346e-02 4.776290262316470470e-01
3.958333333333333148e-02 1.083736428946490034e-02 4.687393087911496115e-01
3.958333333333333148e-02 1.127656748216329316e-02 4.661054085506310951e-01
3.958333333333333148e-02 1.163325636947890214e-02 4.701490767643636826e-01
3.958333333333333148e-02 1.198604172855352243e-02 4.826776268982844731e-01
3.958333333333333148e-02 1.242953565654731501e-02 4.967878081147291680e-01
3.958333333333333148e-02 1.287647351007695229e-02 5.180133104233245467e-01
3.958333333333333148e-02 1.322289151934404397e-02 5.410954377691460371e-01
3.958333333333333148e-02 1.367149440748514216e-02 5.667357557497177956e-01
3.958333333333333148e-02 1.412262510070769889e-02 5.955914891105514863e-01
3.958333333333333148e-02 1.457600871066003743e-02 6.266881147992297008e-01
3.958333333333333148e-02 1.503137011485967955e-02 6.594371766792687106e-01
3.958333333333333148e-02 1.548843395286828538e-02 6.933166814308147075e-01
3.958333333333333148e-02 1.594692462236055319e-02 7.284474238350454600e-01
3.958333333333333148e-02 1.640656627508292262e-02 7.643829742623530210e-01
3.958333333333333148e-02 1.686708281269790749e-02 8.017302759210294116e-01
3.958333333333333148e-02 1.747485716149728766e-02 8.402320478667149040e-01
3.958333333333333148e-02 1.794153821999457457e-02 8.754351529696844381e-01
3.958333333333333148e-02 1.840835879701018668e-02 9.122381975956652678e-01
3.958333333333333148e-02 1.887504190596787923e-02 9.514885805771988725e-01
3.958333333333333148e-02 1.950945303669624972e-02 9.873621008004833666e-01
3.958333333333333148e-02 1.998064949155353362e-02 1.023970457204689710e+00
3.958333333333333148e-02 2.063038445160664952e-02 1.062421352254643958e+00
3.958333333333333148e-02 2.110536076538342340e-02 1.096705919950052621e+00
3.958333333333333148e-02 2.177005596526976339e-02 1.135650425114863804e+00
3.958333333333333148e-02 2.224807792347701513e-02 1.168118567356585702e+00
3.958333333333333148e-02 2.292736955888162453e-02 1.206078067793461273e+00
3.958333333333333148e-02 2.340770220609140681e-02 1.237703336291553713e+00
3.958333333333333148e-02 2.410122625501756252e-02 1.273668719807623750e+00
3.958333333333333148e-02 2.480487474261416914e-02 1.313393771517375352e+00
3.958333333333333148e-02 2.551864766888122665e-02 1.356743860662467549e+00
3.958333333333333148e-02 2.624254503381873854e-02 1.402878766279426648e+00
3.958333333333333148e-02 2.697656683742670827e-02 1.451899163698224138e+00
3.958333333333333148e-02 2.772071307970513931e-02 1.503085714251513050e+00
3.958333333333333148e-02 2.847498376065401779e-02 1.556268054285615543e+00
3.958333333333333148e-02 2.923937888027335757e-02 1.611243399133556853e+00
3.958333333333333148e-02 3.001389843856314132e-02 1.667330367520182266e+00
3.799999999999999906e-02 6.221302792458431943e-03 2.924115545123224358e+00
3.799999999999999906e-02 6.642968870613948952e-03 2.076935762000163166e+00
3.799999999999999906e-02 7.078460066086038512e-03 1.499490395045061764e+00
3.799999999999999906e-02 7.527776378874704091e-03 1.155726983347968417e+00
3.799999999999999906e-02 7.892626513971170987e-03 9.876739104168232863e-01
3.799999999999999906e-02 8.207392609635667455e-03 8.620808816554246246e-01
3.799999999999999906e-02 8.462366130086128313e-03 7.579402455911756764e-01
3.799999999999999906e-02 8.822361026931882858e-03 6.742631966204388760e-01
3.799999999999999906e-02 9.120982422561383154e-03 6.065629346799042976e-01
3.799999999999999906e-02 9.412638109673052839e-03 5.567742570428086957e-01
3.799999999999999906e-02 9.764882612862407427e-03 5.175364230921690734e-01
3.799999999999999906e-02 1.011558948508817571e-02 4.907739382153991636e-01
3.799999999999999906e-02 1.046423327516536085e-02 4.741941271973959537e-01
3.799999999999999906e-02 1.081028767797652217e-02 4.661767712702648003e-01
3.799999999999999906e-02 1.115322550838299814e-02 4.669380038714722181e-01
3.799999999999999906e-02 1.157924779717684448e-02 4.709201170552246296e-01
3.799999999999999906e-02 1.191831899522147013e-02 4.828474163046022616e-01
3.799999999999999906e-02 1.234747290312243444e-02 4.976162870203078015e-01
3.799999999999999906e-02 1.277971943051834161e-02 5.191634134268627854e-01
3.799999999999999906e-02 1.311180863182953918e-02 5.413204199445729170e-01
3.799999999999999906e-02 1.354517689397433979e-02 5.665471479987319592e-01
3.799999999999999906e-02 1.398076488847855431e-02 5.947397881604735703e-01
3.799999999999999906e-02 1.441831070898786510e-02 6.251387948706138564e-01
3.799999999999999906e-02 1.485755223387726955e-02 6.570165413109376740e-01
3.799999999999999906e-02 1.529822712273249882e-02 6.903696272789873190e-01
3.799999999999999906e-02 1.574007281273376996e-02 7.245990993520105006e-01
3.799999999999999906e-02 1.618282651493816587e-02 7.602009081011084080e-01
3.799999999999999906e-02 1.662622521045683047e-02 7.972164450936238822e-01
3.799999999999999906e-02 1.721471886979894506e-02 8.329120962088878422e-01
3.799999999999999906e-02 1.766370084885426212e-02 8.679891587101752348e-01
3.799999999999999906e-02 1.811262729008967023e-02 9.051068265105142174e-01
3.799999999999999906e-02 1.872141281845102548e-02 9.433553206189227991e-01
3.799999999999999906e-02 1.917478765729168505e-02 9.775547576831731256e-01
3.799999999999999906e-02 1.962740501636870555e-02 1.014996576431947739e+00
3.799999999999999906e-02 2.025544241548152963e-02 1.050557426739495481e+00
3.799999999999999906e-02 2.071137131875249240e-02 1.086005747446629810e+00
3.799999999999999906e-02 2.135354638212682774e-02 1.122128861907730757e+00
3.799999999999999906e-02 2.181208741516894173e-02 1.156176326673018284e+00
3.799999999999999906e-02 2.246805351030100109e-02 1.191464668975227070e+00
3.799999999999999906e-02 2.292850657875664458e-02 1.225076265653825658e+00
3.799999999999999906e-02 2.359791687374659594e-02 1.258303292174394183e+00
3.799999999999999906e-02 2.427695897154216048e-02 1.295791700075207276e+00
3.799999999999999906e-02 2.496563287214333474e-02 1.336539797432502397e+00
3.799999999999999906e-02 2.566393857555012217e-02 1.380644734910610572e+00
3.799999999999999906e-02 2.637187608176252626e-02 1.427356204077418367e+00
3.799999999999999906e-02 2.708944539078053312e-02 1.476470602671434040e+00
3.799999999999999906e-02 2.781664650260415664e-02 1.527758072583744076e+00
3.799999999999999906e-02 2.855347941723338639e-02 1.580508024608343831e+00
3.653846153846154049e-02 5.935474188249975115e-03 3.543836130096037262e+00
3.653846153846154049e-02 6.337767438786918485e-03 2.541526153421781231e+00
3.653846153846154049e-02 6.753250631964415399e-03 1.821024290999817996e+00
3.653846153846154049e-02 7.181923767782471060e-03 1.345757152374303267e+00
3.653846153846154049e-02 7.623786846241078531e-03 1.083205090034128570e+00
3.653846153846154049e-02 7.929538030138474913e-03 9.421433728231115579e-01
3.653846153846154049e-02 8.231059454687078558e-03 8.263300089221394806e-01
3.653846153846154049e-02 8.527598305939866272e-03 7.307324279810125667e-01
3.653846153846154049e-02 8.818400076682145552e-03 6.526770245113018287e-01
3.653846153846154049e-02 9.102708494499860484e-03 5.921605751587036837e-01
3.653846153846154049e-02 9.445026932977336476e-03 5.449577614108999102e-01
3.653846153846154049e-02 9.786032622389530602e-03 5.110477214801081303e-01
3.653846153846154049e-02 1.012522451282081050e-02 4.875636307438828698e-01
3.653846153846154049e-02 1.046210078631668559e-02 4.723125964057834358e-01
3.653846153846154049e-02 1.079615883383891820e-02 4.650211993327714177e-01
3.653846153846154049e-02 1.112689523105722667e-02 4.657127549908562925e-01
3.653846153846154049e-02 1.154037450230631888e-02 4.725907790499793149e-01
3.653846153846154049e-02 1.186681074414137026e-02 4.831866337115336418e-01
3.653846153846154049e-02 1.228283901227916579e-02 4.991706328984756857e-01
3.653846153846154049e-02 1.260329867092105371e-02 5.206428131456852793e-01
3.653846153846154049e-02 1.302054032667176488e-02 5.418442694414180583e-01
3.653846153846154049e-02 1.343997238159027816e-02 5.667980447882660089e-01
3.653846153846154049e-02 1.386134494842323518e-02 5.945730345360419333e-01
3.653846153846154049e-02 1.428440794440296105e-02 6.242349259390542748e-01
3.653846153846154049e-02 1.470891108808513627e-02 6.556547861609598460e-01
3.653846153846154049e-02 1.513460389609953133e-02 6.880806188316472838e-01
3.653846153846154049e-02 1.556123567981054431e-02 7.218946930613673318e-01
3.653846153846154049e-02 1.598855554188411549e-02 7.570125312306702492e-01
3.653846153846154049e-02 1.655447856044880289e-02 7.936275710218330115e-01
3.653846153846154049e-02 1.698727210748175731e-02 8.270672455615827312e-01
3.653846153846154049e-02 1.742008544936149428e-02 8.621890670106009402e-01
3.653846153846154049e-02 1.785266694788574526e-02 8.992674098857756926e-01
3.653846153846154049e-02 1.844279810472260542e-02 9.348712887204171373e-01
3.653846153846154049e-02 1.887935256342188409e-02 9.695643917613695484e-01
3.653846153846154049e-02 1.931500506562607369e-02 1.007640412928022089e+00
3.653846153846154049e-02 1.992331455133548174e-02 1.040684994599543112e+00
3.653846153846154049e-02 2.036185464969745423e-02 1.077059233984375641e+00
3.653846153846154049e-02 2.098355498679795733e-02 1.110791743968585266e+00
3.653846153846154049e-02 2.142431495259947138e-02 1.146102101070732404e+00
3.653846153846154049e-02 2.205907514907571448e-02 1.179164765694269423e+00
3.653846153846154049e-02 2.250138662728028496e-02 1.214085688781744388e+00
3.653846153846154049e-02 2.314887550777957118e-02 1.245321201937894084e+00
3.653846153846154049e-02 2.380554862771856739e-02 1.280304212728599289e+00
3.653846153846154049e-02 2.447140598709726667e-02 1.319128946110104783e+00
3.653846153846154049e-02 2.514644758591568288e-02 1.361014525882879189e+00
3.653846153846154049e-02 2.583067342417379522e-02 1.405723300027952094e+00
3.653846153846154049e-02 2.652408350187162103e-02 1.452997886566220975e+00
3.653846153846154049e-02 2.722667781900914297e-02 1.502098644877047695e+00
3.518518518518518740e-02 6.059061709019056274e-03 3.073941296213516416e+00
3.518518518518518740e-02 6.456273871004695672e-03 2.211721327204116960e+00
3.518518518518518740e-02 6.866095942894643450e-03 1.605737204043562460e+00
3.518518518518518740e-02 7.288527924688893538e-03 1.222939521519012862e+00
3.518518518518518740e-02 7.675935672191526449e-03 1.028538850778740521e+00
3.518518518518518740e-02 7.969572944732801825e-03 8.995860659388149605e-01
3.518518518518518740e-02 8.258592307724478207e-03 7.927566043053169142e-01
3.518518518518518740e-02 8.542272897296105533e-03 7.043208135587685215e-01
3.518518518518518740e-02 8.819892255287649710e-03 6.333295087623334041e-01
3.518518518518518740e-02 9.153164054297455512e-03 5.785739243234403473e-01
3.518518518518518740e-02 9.419697436911605298e-03 5.358255980899695459e-01
3.518518518518518740e-02 9.747001277534497049e-03 5.041263779611955265e-01
3.518518518518518740e-02 1.007215808692674477e-02 4.826476290837254934e-01
3.518518518518518740e-02 1.039468744801852994e-02 4.706255820025146974e-01
3.518518518518518740e-02 1.079333590083102375e-02 4.653651722296954230e-01
3.518518518518518740e-02 1.111277131681824570e-02 4.656615165794911193e-01
3.518518518518518740e-02 1.142821643022213368e-02 4.743910072178876280e-01
3.518518518518518740e-02 1.182945503186459690e-02 4.843082137949449306e-01
3.518518518518518740e-02 1.223341592436011198e-02 5.012799215220719029e-01
3.518518518518518740e-02 1.254185942164586474e-02 5.212797003130257290e-01
3.518518518518518740e-02 1.294656101078996147e-02 5.426875348984877556e-01
3.518518518518518740e-02 1.335318801548453227e-02 5.675874198022419215e-01
3.518518518518518740e-02 1.376150134639161221e-02 5.948378236920001116e-01
3.518518518518518740e-02 1.417126173310637866e-02 6.241832629502515051e-01
3.518518518518518740e-02 1.458222972122655801e-02 6.547185616692960952e-01
3.518518518518518740e-02 1.499416566934117824e-02 6.867099524837616542e-01
3.518518518518518740e-02 1.540682974593579786e-02 7.199457587775858203e-01
3.518518518518518740e-02 1.581998192621086180e-02 7.547281751529495430e-01
3.518518518518518740e-02 1.637020127382283335e-02 7.893775815429088238e-01
3.518518518518518740e-02 1.678832954889854234e-02 8.226380453190935693e-01
3.518518518518518740e-02 1.720630660440073192e-02 8.574462601939496498e-01
3.518518518518518740e-02 1.762389172959270833e-02 8.945545977525918291e-01
3.518518518518518740e-02 1.819698914535729586e-02 9.280002671217506549e-01
3.518518518518518740e-02 1.861811465033295920e-02 9.629972611228238000e-01
3.518518518518518740e-02 1.920447617130291440e-02 9.996383523628538104e-01
3.518518518518518740e-02 1.962850428406049536e-02 1.032395973109008880e+00
3.518518518518518740e-02 2.005109893207161070e-02 1.069712830528399605e+00
3.518518518518518740e-02 2.065410591710829108e-02 1.101171721694286898e+00
3.518518518518518740e-02 2.107856389430273411e-02 1.137785408308716883e+00
3.518518518518518740e-02 2.169396410041658785e-02 1.168404206670626166e+00
3.518518518518518740e-02 2.231821898575510679e-02 1.204108425997203469e+00
3.518518518518518740e-02 2.274712263682896959e-02 1.233900837917621507e+00
3.518518518518518740e-02 2.338337510255817167e-02 1.267096802782976095e+00
3.518518518518518740e-02 2.402840346436641017e-02 1.303820805539424477e+00
3.518518518518518740e-02 2.468220772225365733e-02 1.343800421300461512e+00
3.518518518518518740e-02 2.534478787621994092e-02 1.386750364345359809e+00
3.518518518518518740e-02 2.601614392626523664e-02 1.431902108986652600e+00
3.392857142857142599e-02 5.803574820527373189e-03 3.668311256770512507e+00
3.392857142857142599e-02 6.184038102206065000e-03 2.665911876420843818e+00
3.392857142857142599e-02 6.576579583303131422e-03 1.930215763966174780e+00
3.392857142857142599e-02 6.981199263818565516e-03 1.427712800991279174e+00
3.392857142857142599e-02 7.397897143752373353e-03 1.129093228168554841e+00
3.392857142857142599e-02 7.729997281630937057e-03 9.782525729063413777e-01
3.392857142857142599e-02 8.012139612715990511e-03 8.599746091603750475e-01
3.392857142857142599e-02 8.289309005107964312e-03 7.611698971774687461e-01
3.392857142857142599e-02 8.560813948117959593e-03 6.799693640005199935e-01
3.392857142857142599e-02 8.825961424965502247e-03 6.161617884844650117e-01
3.392857142857142599e-02 9.146978299583980940e-03 5.643365023407945769e-01
3.392857142857142599e-02 9.466541243339621214e-03 5.260027731452564526e-01
3.392857142857142599e-02 9.784191026134831520e-03 4.978641182674313770e-01
3.392857142857142599e-02 1.009946776468949835e-02 4.786767295311391002e-01
3.392857142857142599e-02 1.041191090309243755e-02 4.675674749532507390e-01
3.392857142857142599e-02 1.072105919237851916e-02 4.648280846247095921e-01
3.392857142857142599e-02 1.110936563055971334e-02 4.665662337502157198e-01
3.392857142857142599e-02 1.141414930082208443e-02 4.743072351362598860e-01
3.392857142857142599e-02 1.180452341180674054e-02 4.861052899068057931e-01
3.392857142857142599e-02 1.219734455901440480e-02 5.040115688519464232e-01
3.392857142857142599e-02 1.249462435943053847e-02 5.222423184861768597e-01
3.392857142857142599e-02 1.288775438482431777e-02 5.440372254930269103e-01
3.392857142857142599e-02 1.328256758375915593e-02 5.686976396305241099e-01
3.392857142857142599e-02 1.367883477861516449e-02 5.958407929159587058e-01
3.392857142857142599e-02 1.407632662354970678e-02 6.244085345688387134e-01
3.392857142857142599e-02 1.447481360177266078e-02 6.545490093877893711e-01
3.392857142857142599e-02 1.487406602274668650e-02 6.859223292867346888e-01
3.392857142857142599e-02 1.527385401930977243e-02 7.187400001678657668e-01
3.392857142857142599e-02 1.567394754471695961e-02 7.530742780214306764e-01
3.392857142857142599e-02 1.620977051450189083e-02 7.863597358278325844e-01
3.392857142857142599e-02 1.661438528090981512e-02 8.190715892480270321e-01
3.392857142857142599e-02 1.701869283069638514e-02 8.536615507456188912e-01
3.392857142857142599e-02 1.757211026145524130e-02 8.901967432144304304e-01
3.392857142857142599e-02 1.797994616228147657e-02 9.223845027254198303e-01
3.392857142857142599e-02 1.838686100113986685e-02 9.576633681004438348e-01
3.392857142857142599e-02 1.895696249016929139e-02 9.922075800952379065e-01
3.392857142857142599e-02 1.936641125781114747e-02 1.025572563216781141e+00
3.392857142857142599e-02 1.994882727915320633e-02 1.061227439299284869e+00
3.392857142857142599e-02 2.036019819536782904e-02 1.093187037040112886e+00
3.392857142857142599e-02 2.095462532184464224e-02 1.128280515018566854e+00
3.392857142857142599e-02 2.136730607749903407e-02 1.159438875075146980e+00
3.392857142857142599e-02 2.197344072718805316e-02 1.192887382527846762e+00
3.392857142857142599e-02 2.238681847445705281e-02 1.224300903260858719e+00
3.392857142857142599e-02 2.300435690863705460e-02 1.255542150507417354e+00
3.392857142857142599e-02 2.363029722627527779e-02 1.290482664271544122e+00
3.392857142857142599e-02 2.426463942737173626e-02 1.328808940956595741e+00
3.392857142857142599e-02 2.490738351192642308e-02 1.369723744646736074e+00
3.275862068965516849e-02 5.933600691353769184e-03 3.178415652419983140e+00
3.275862068965516849e-02 6.310245266488530812e-03 2.314195891289749341e+00
3.275862068965516849e-02 6.698478905473590969e-03 1.692724638550471949e+00
3.275862068965516849e-02 7.098301608308953126e-03 1.284256766829517060e+00
3.275862068965516849e-02 7.509713374994612944e-03 1.061941754022108331e+00
3.275862068965516849e-02 7.785543082504950592e-03 9.320522981145401564e-01
3.275862068965516849e-02 8.056737004294187848e-03 8.229219130356832945e-01
3.275862068965516849e-02 8.322632056644711437e-03 7.317877757761566127e-01
3.275862068965516849e-02 8.582563787043346812e-03 6.575438878619868088e-01
3.275862068965516849e-02 8.896276760380614212e-03 5.991490872004583412e-01
3.275862068965516849e-02 9.145309879327497005e-03 5.531328936081002512e-01
3.275862068965516849e-02 9.452980694401225473e-03 5.173136243214958574e-01
3.275862068965516849e-02 9.758437562472768029e-03 4.921558785427073146e-01
3.275862068965516849e-02 1.006123866785253555e-02 4.763321008592126260e-01
3.275862068965516849e-02 1.043716687629481048e-02 4.669905235201387006e-01
3.275862068965516849e-02 1.073671843693199852e-02 4.634841366391522222e-01
3.275862068965516849e-02 1.103236103189600588e-02 4.689150738580519229e-01
3.275862068965516849e-02 1.141025187215811976e-02 4.751625451213102869e-01
3.275862068965516849e-02 1.179055643069411123e-02 4.886783153872130692e-01
3.275862068965516849e-02 1.207919127117057165e-02 5.053052526771958375e-01
3.275862068965516849e-02 1.245992231011250166e-02 5.237849929839465402e-01
3.275862068965516849e-02 1.284233414389572732e-02 5.456928132485713290e-01
3.275862068965516849e-02 1.322620687871309611e-02 5.705181807611531264e-01
3.275862068965516849e-02 1.361132046647954563e-02 5.970504786135281128e-01
3.275862068965516849e-02 1.399745470235850067e-02 6.253179886941380161e-01
3.275862068965516849e-02 1.438438922222086067e-02 6.548518855596117128e-01
3.275862068965516849e-02 1.477190350003406392e-02 6.857716160148190632e-01
3.275862068965516849e-02 1.515977684517857277e-02 7.180481192540540958e-01
3.275862068965516849e-02 1.554778839968900921e-02 7.521458476935856119e-01
3.275862068965516849e-02 1.607036684312300456e-02 7.840482532452501818e-01
3.275862068965516849e-02 1.646248230812775298e-02 8.163278285328924300e-01
3.275862068965516849e-02 1.685414771255692307e-02 8.508225217371081506e-01
3.275862068965516849e-02 1.739344646778361037e-02 8.856899934746973457e-01
3.275862068965516849e-02 1.778826251973211758e-02 9.178760708325047757e-01
3.275862068965516849e-02 1.818203921709903026e-02 9.532661617626063677e-01
3.275862068965516849e-02 1.873718412432451297e-02 9.861232570539937292e-01
3.275862068965516849e-02 1.913315678044909957e-02 1.019856214758014357e+00
3.275862068965516849e-02 1.970003447917780676e-02 1.053816353987998777e+00
3.275862068965516849e-02 2.009761576470713018e-02 1.086159445278489954e+00
3.275862068965516849e-02 2.067593491222216931e-02 1.119652198085717254e+00
3.275862068965516849e-02 2.107453700587109957e-02 1.151501138245311751e+00
3.275862068965516849e-02 2.166400611579611876e-02 1.183413648341080426e+00
3.275862068965516849e-02 2.206304069526009506e-02 1.215952407010931768e+00
3.275862068965516849e-02 2.266336813565339794e-02 1.245556931058905414e+00
3.275862068965516849e-02 2.327175366249494351e-02 1.278972766452906695e+00
3.275862068965516849e-02 2.388819727578471788e-02 1.315374149158661687e+00
3.166666666666666935e-02 5.702464809807065126e-03 3.744492874864229659e+00
3.166666666666666935e-02 6.064437673710834295e-03 2.753091082913789567e+00
3.166666666666666935e-02 6.437548164196255952e-03 2.013555898781951292e+00
3.166666666666666935e-02 6.821796281263334434e-03 1.495760263660649514e+00
3.166666666666666935e-02 7.217182024912065404e-03 1.172593011446151579e+00
3.166666666666666935e-02 7.576516216279046909e-03 1.008680053086092432e+00
3.166666666666666935e-02 7.792392232221683271e-03 8.884701959393973558e-01
3.166666666666666935e-02 8.102938047795302939e-03 7.885102335119862360e-01
3.166666666666666935e-02 8.358069372771234976e-03 7.043460830183529975e-01
3.166666666666666935e-02 8.606962160940380066e-03 6.371611835073953678e-01
3.166666666666666935e-02 8.909975409568166374e-03 5.826839112162928158e-01
3.166666666666666935e-02 9.211418306316360161e-03 5.408201614893448639e-01
3.166666666666666935e-02 9.510867057261646051e-03 5.093821272548056944e-01
3.166666666666666935e-02 9.807897306355242706e-03 4.866271904881867005e-01
3.166666666666666935e-02 1.010208411880850893e-02 4.720565572217328421e-01
3.166666666666666935e-02 1.039300196365246579e-02 4.653713426130381969e-01
3.166666666666666935e-02 1.076010314693167345e-02 4.642432271417941680e-01
3.166666666666666935e-02 1.104660781748753942e-02 4.682462432274167030e-01
3.166666666666666935e-02 1.141537435948893238e-02 4.770679641825866790e-01
3.166666666666666935e-02 1.169604888144495751e-02 4.917274257872591425e-01
3.166666666666666935e-02 1.206535143271470281e-02 5.067000817687528080e-01
3.166666666666666935e-02 1.243633303310198897e-02 5.257074633722512713e-01
3.166666666666666935e-02 1.280878235636308954e-02 5.481110178909083253e-01
3.166666666666666935e-02 1.318248793435713995e-02 5.725484416418581413e-01
3.166666666666666935e-02 1.355723815479371354e-02 5.989266299576478936e-01
3.166666666666666935e-02 1.393282125891959558e-02 6.266473528040733543e-01
3.166666666666666935e-02 1.430902533914251741e-02 6.557368281528155318e-01
3.166666666666666935e-02 1.468563833658940825e-02 6.860635345747799763e-01
3.166666666666666935e-02 1.506244803859677767e-02 7.180207301420732380e-01
3.166666666666666935e-02 1.543924207613060588e-02 7.515137526666406664e-01
3.166666666666666935e-02 1.594959595287450890e-02 7.824556424371579277e-01
3.166666666666666935e-02 1.633010968755905373e-02 8.144492996849778121e-01
3.166666666666666935e-02 1.671004209927341375e-02 8.486577122931622252e-01
3.166666666666666935e-02 1.723631051499759786e-02 8.821851937424021184e-01
3.166666666666666935e-02 1.761904597217247431e-02 9.142212167706981196e-01
3.166666666666666935e-02 1.800063349178588484e-02 9.497984745708208942e-01
3.166666666666666935e-02 1.854197577768276414e-02 9.810639021102857127e-01
3.166666666666666935e-02 1.892544836073707659e-02 1.015249679338933175e+00
3.166666666666666935e-02 1.947798718076279578e-02 1.047322920176076089e+00
3.166666666666666935e-02 1.986278008580891555e-02 1.080467707207287020e+00
3.166666666666666935e-02 2.042623526380349386e-02 1.112021796600091594e+00
3.166666666666666935e-02 2.081178329060388507e-02 1.144926753920028295e+00
3.166666666666666935e-02 2.138587451667234296e-02 1.175136669697978586e+00
3.166666666666666935e-02 2.177161199772482958e-02 1.208816118375310333e+00
3.166666666666666935e-02 2.235605882646376011e-02 1.237046516872321034e+00
3.166666666666666935e-02 2.294824667280187525e-02 1.268669018777577095e+00
3.064516129032257563e-02 5.836889559834805737e-03 3.242686200276526431e+00
3.064516129032257563e-02 6.196000304103796083e-03 2.386133378760865398e+00
3.064516129032257563e-02 6.565830772082311209e-03 1.759683091976647296e+00
3.064516129032257563e-02 6.946380963770345043e-03 1.336006602316353487e+00
3.064516129032257563e-02 7.337650879167904525e-03 1.090276738530177703e+00
3.064516129032257563e-02 7.595740568431567571e-03 9.578979492348573821e-01
3.064516129032257563e-02 7.849112470303121203e-03 8.476376449602898155e-01
3.064516129032257563e-02 8.150376507096162779e-03 7.562980405586808841e-01
3.064516129032257563e-02 8.395199087281932440e-03 6.788754603451958580e-01
3.064516129032257563e-02 8.692270169651060766e-03 6.188521022650129710e-01
3.064516129032257563e-02 8.926360221395620090e-03 5.683788577121392516e-01
3.064516129032257563e-02 9.217331667764956660e-03 5.299078643679900891e-01
3.064516129032257563e-02 9.506034865198628031e-03 5.015651397865796834e-01
3.064516129032257563e-02 9.792060909135830854e-03 4.824663880968297347e-01
3.064516129032257563e-02 1.014872379408618581e-02 4.707012041732439589e-01
3.064516129032257563e-02 1.043137286808827960e-02 4.637065337161559997e-01
3.064516129032257563e-02 1.071018505530911200e-02 4.651626389818381280e-01
3.064516129032257563e-02 1.106828272195342980e-02 4.690123084992575686e-01
3.064516129032257563e-02 1.142853320680091260e-02 4.801750486349355418e-01
3.064516129032257563e-02 1.170034009808878714e-02 4.926582537194045264e-01
3.064516129032257563e-02 1.206075384799914531e-02 5.086310579849500080e-01
3.064516129032257563e-02 1.242264202499632902e-02 5.285194186833517271e-01
3.064516129032257563e-02 1.278580110245793565e-02 5.508103651637876741e-01
3.064516129032257563e-02 1.315002742084412854e-02 5.752881113920429446e-01
3.064516129032257563e-02 1.351511718558581245e-02 6.012247887775074018e-01
3.064516129032257563e-02 1.388086646491578854e-02 6.285524006468702352e-01
3.064516129032257563e-02 1.424707118764069295e-02 6.570360185216306270e-01
3.064516129032257563e-02 1.461352714085160411e-02 6.869969463251281994e-01
3.064516129032257563e-02 1.498002996757092156e-02 7.182380376817428802e-01
3.064516129032257563e-02 1.534637516433313455e-02 7.512485634927116296e-01
3.064516129032257563e-02 1.584541181769984555e-02 7.816740722058962421e-01
3.064516129032257563e-02 1.621512186705533279e-02 8.131802387792761433e-01
3.064516129032257563e-02 1.658412957904006196e-02 8.471280783551019544e-01
3.064516129032257563e-02 1.709833572693455345e-02 8.794678719258752775e-01
3.064516129032257563e-02 1.746982556475915049e-02 9.114329143615023110e-01
3.064516129032257563e-02 1.784006746288171671e-02 9.469882017675027575e-01
3.064516129032257563e-02 1.836863347551467851e-02 9.770468170951199793e-01
3.064516129032257563e-02 1.874047352828654006e-02 1.011154125989580432e+00
3.064516129032257563e-02 1.927974021552907036e-02 1.042047639228161238e+00
3.064516129032257563e-02 1.965263461011734075e-02 1.075384368259213907e+00
3.064516129032257563e-02 2.020233214454384557e-02 1.105708791140175506e+00
3.064516129032257563e-02 2.057573663914245843e-02 1.139216498085794393e+00
3.064516129032257563e-02 2.113559506851284478e-02 1.168043490089363479e+00
3.064516129032257563e-02 2.170296837612981436e-02 1.201249773527882647e+00
3.064516129032257563e-02 2.207871423002081765e-02 1.229428984590033469e+00
2.968750000000000208e-02 5.625653718238381520e-03 3.779102692079468362e+00
2.968750000000000208e-02 5.971768317983073594e-03 2.806698352617373438e+00
2.968750000000000208e-02 6.328214696824624452e-03 2.072397513336153629e+00
2.968750000000000208e-02 6.694992854763029758e-03 1.548693649784607107e+00
2.968750000000000208e-02 7.072102791798294714e-03 1.210310894545270521e+00
2.968750000000000208e-02 7.413277372054406615e-03 1.031443853163571234e+00
2.968750000000000208e-02 7.662324750612416711e-03 9.109668936097736758e-01
2.968750000000000208e-02 7.906356675388352684e-03 8.099468278001376031e-01
2.968750000000000208e-02 8.198736550416765856e-03 7.261916643897801116e-01
2.968750000000000208e-02 8.433657497314452425e-03 6.556549826590203356e-01
2.968750000000000208e-02 8.721259509574820143e-03 5.994720032568625623e-01
2.968750000000000208e-02 9.007193698612228974e-03 5.555948994410021546e-01
2.968750000000000208e-02 9.291066671959252732e-03 5.214418139475478498e-01
2.968750000000000208e-02 9.572484548416955105e-03 4.957407253158310212e-01
2.968750000000000208e-02 9.851052943712128307e-03 4.774528815826232231e-01
2.968750000000000208e-02 1.012637695544659280e-02 4.672770361285171203e-01
2.968750000000000208e-02 1.047539153346741317e-02 4.645752719109196294e-01
2.968750000000000208e-02 1.074626526561819027e-02 4.643522074594357285e-01
2.968750000000000208e-02 1.109660419747584247e-02 4.713569991424549910e-01
2.968750000000000208e-02 1.136171268851393461e-02 4.815412873072713040e-01
2.968750000000000208e-02 1.171232776030989124e-02 4.943581069601862277e-01
2.968750000000000208e-02 1.206442382180846450e-02 5.116477742788850813e-01
2.968750000000000208e-02 1.241780471765203085e-02 5.317478847283358956e-01
2.968750000000000208e-02 1.277227416961441986e-02 5.543188843817299372e-01
2.968750000000000208e-02 1.312763577466785278e-02 5.785032423118606770e-01
2.968750000000000208e-02 1.348369300299815700e-02 6.041379299875510034e-01
2.968750000000000208e-02 1.384024919596630807e-02 6.308838462868503472e-01
2.968750000000000208e-02 1.419710756401435132e-02 6.589897259681810615e-01
2.968750000000000208e-02 1.455407118451358152e-02 6.881546193535454936e-01
2.968750000000000208e-02 1.491094299955287097e-02 7.188080393439014726e-01
2.968750000000000208e-02 1.526752581366474203e-02 7.515057198878560829e-01
2.968750000000000208e-02 1.575605586615539885e-02 7.814583784802858757e-01
2.968750000000000208e-02 1.611567484900692376e-02 8.125075049583002640e-01
2.968750000000000208e-02 1.647447958947562130e-02 8.460535049730258939e-01
2.968750000000000208e-02 1.697748826380993808e-02 8.775670550618532850e-01
2.968750000000000208e-02 1.733847796818982143e-02 9.092686253555246623e-01
2.968750000000000208e-02 1.785218287338921975e-02 9.438546062016366367e-01
2.968750000000000208e-02 1.821483386063732501e-02 9.735426438133364391e-01
2.968750000000000208e-02 1.857581583374483258e-02 1.008051919505605909e+00
2.968750000000000208e-02 1.910276319820139110e-02 1.037384618904929168e+00
2.968750000000000208e-02 1.946455339520583583e-02 1.071304022522463262e+00
2.968750000000000208e-02 2.000148140216686035e-02 1.100229384562099622e+00
2.968750000000000208e-02 2.054571455207972533e-02 1.134086452743594986e+00
2.968750000000000208e-02 2.091020337499887444e-02 1.162094474631663932e+00
2.968750000000000208e-02 2.146409207243218931e-02 1.193721437796267271e+00
2.878787878787878937e-02 5.763067321131707353e-03 3.271778423919094347e+00
2.878787878787878937e-02 6.107056633552199881e-03 2.430543209075298972e+00
2.878787878787878937e-02 6.461016650680529404e-03 1.807414335589369925e+00
2.878787878787878937e-02 6.824947372516702859e-03 1.376707181204198438e+00
2.878787878787878937e-02 7.198848799060715044e-03 1.115768300524705214e+00
2.878787878787878937e-02 7.488563021335005974e-03 9.785366433445450429e-01
2.878787878787878937e-02 7.728873305486289730e-03 8.679037445222754776e-01
2.878787878787878937e-02 7.963891396486955099e-03 7.751131431350144485e-01
2.878787878787878937e-02 8.247744389159540959e-03 6.983803503374200750e-01
2.878787878787878937e-02 8.473129400017112567e-03 6.342573715134164347e-01
2.878787878787878937e-02 8.751660707943705042e-03 5.824356846798107723e-01
2.878787878787878937e-02 9.028259070757887680e-03 5.419403740179501439e-01
2.878787878787878937e-02 9.302544435177157595e-03 5.111247726587990758e-01
2.878787878787878937e-02 9.574136281687470676e-03 4.886082809600453825e-01
2.878787878787878937e-02 9.842653610720487889e-03 4.747484484748646927e-01
2.878787878787878937e-02 1.018238365893350990e-02 4.658084973948248830e-01
2.878787878787878937e-02 1.044671995369191204e-02 4.629370012544353208e-01
2.878787878787878937e-02 1.078784333449966069e-02 4.655841073325496238e-01
2.878787878787878937e-02 1.104672988372235737e-02 4.732366193096930740e-01
2.878787878787878937e-02 1.138823511387632853e-02 4.827878758677657256e-01
2.878787878787878937e-02 1.173122773854697563e-02 4.974045225338686871e-01
2.878787878787878937e-02 1.207551846224689911e-02 5.152761427461344246e-01
2.878787878787878937e-02 1.242091787564203985e-02 5.359385177413175105e-01
2.878787878787878937e-02 1.276723645377788804e-02 5.584046196631453629e-01
2.878787878787878937e-02 1.311428455425861853e-02 5.824157254673638651e-01
2.878787878787878937e-02 1.346187241537745091e-02 6.075279614325621580e-01
2.878787878787878937e-02 1.380981015419644256e-02 6.339170100589763823e-01
2.878787878787878937e-02 1.415790776457385644e-02 6.611769708963287639e-01
2.878787878787878937e-02 1.450597511513710032e-02 6.896767591340411396e-01
2.878787878787878937e-02 1.485382194719927357e-02 7.199232597528538724e-01
2.878787878787878937e-02 1.520125787261700397e-02 7.520719956419564811e-01
2.878787878787878937e-02 1.568000842573408909e-02 7.818173378613462177e-01
2.878787878787878937e-02 1.603017523565327881e-02 8.122810791794642382e-01
2.878787878787878937e-02 1.637942402984987611e-02 8.455236613512083776e-01
2.878787878787878937e-02 1.687201085186585889e-02 8.762676002884690618e-01
2.878787878787878937e-02 1.722316868969748019e-02 9.077990633489769756e-01
2.878787878787878937e-02 1.772600852331813678e-02 9.411814888722651595e-01
2.878787878787878937e-02 1.807856979408651796e-02 9.709434323751411355e-01
2.878787878787878937e-02 1.859141158749147080e-02 1.005209051202452297e+00
2.878787878787878937e-02 1.894487031497931948e-02 1.033703230708819865e+00
2.878787878787878937e-02 1.946746290951900660e-02 1.067680885145735115e+00
2.878787878787878937e-02 1.982131274538546234e-02 1.095628885020385690e+00
2.878787878787878937e-02 2.035340487419492334e-02 1.128436879531144355e+00
2.878787878787878937e-02 2.070713909117059826e-02 1.156756366118297574e+00
2.794117647058823317e-02 5.568348234402812139e-03 3.778162289769402715e+00
2.794117647058823317e-02 5.900715040781527414e-03 2.831004376339329109e+00
2.794117647058823317e-02 6.242715667634985734e-03 2.109157163930926338e+00
2.794117647058823317e-02 6.594350114963192303e-03 1.586564767760329620e+00
2.794117647058823317e-02 6.955618382766144518e-03 1.240335511095500332e+00
2.794117647058823317e-02 7.326520471043838911e-03 1.050130163220625024e+00
2.794117647058823317e-02 7.563366288442302347e-03 9.304047197780853651e-01
2.794117647058823317e-02 7.795214814261886178e-03 8.282337242286155199e-01
2.794117647058823317e-02 8.021513216720259007e-03 7.432065129355337474e-01
2.794117647058823317e-02 8.297161523860212967e-03 6.723086406476206367e-01
2.794117647058823317e-02 8.513340289230187860e-03 6.152452347424387513e-01
2.794117647058823317e-02 8.783160023170746497e-03 5.677474729965290567e-01
2.794117647058823317e-02 9.050799701771318137e-03 5.312162897180937593e-01
2.794117647058823317e-02 9.315891735688943548e-03 5.039358236369757549e-01
2.794117647058823317e-02 9.647306137515234900e-03 4.844944515052279077e-01
2.794117647058823317e-02 9.909143394517021947e-03 4.704879658875220638e-01
2.794117647058823317e-02 1.016739058395703388e-02 4.646239702130694482e-01
2.794117647058823317e-02 1.049992416078025792e-02 4.627310544505730538e-01
2.794117647058823317e-02 1.075301660529405338e-02 4.676370117550729955e-01
2.794117647058823317e-02 1.108603123262042085e-02 4.738241191840644184e-01
2.794117647058823317e-02 1.142053949108806643e-02 4.857019329033853139e-01
2.794117647058823317e-02 1.175635848476114763e-02 5.013136128546374914e-01
2.794117647058823317e-02 1.199884038901646161e-02 5.195397935377842336e-01
2.794117647058823317e-02 1.233330572153600035e-02 5.387478845389518378e-01
2.794117647058823317e-02 1.266847045435066758e-02 5.606318055757298913e-01
2.794117647058823317e-02 1.300415119435196533e-02 5.846147141261521796e-01
2.794117647058823317e-02 1.334016443469328989e-02 6.107533764547462551e-01
2.794117647058823317e-02 1.378854218374826225e-02 6.372212864865965942e-01
2.794117647058823317e-02 1.412840614606387935e-02 6.637652735991375064e-01
2.794117647058823317e-02 1.446811372752452619e-02 6.917887156414109784e-01
2.794117647058823317e-02 1.480748101817270200e-02 7.213698614803765174e-01
2.794117647058823317e-02 1.514632398596376002e-02 7.530070121916259129e-01
2.794117647058823317e-02 1.561594965274748677e-02 7.826282081189162021e-01
2.794117647058823317e-02 1.595723923160383140e-02 8.125977025262911546e-01
2.794117647058823317e-02 1.629751430902769485e-02 8.453564716217210062e-01
2.794117647058823317e-02 1.678037751411783421e-02 8.756426263748100514e-01
2.794117647058823317e-02 1.712230478072961429e-02 9.065573656080077036e-01
2.794117647058823317e-02 1.761500783666488865e-02 9.393266931702801692e-01
2.794117647058823317e-02 1.795809855493247023e-02 9.686728647151455762e-01
2.794117647058823317e-02 1.846039876528455387e-02 1.002182307311599629e+00
2.794117647058823317e-02 1.880416385361982981e-02 1.030577588727400018e+00
2.794117647058823317e-02 1.931581842158720461e-02 1.063568120034752873e+00
2.794117647058823317e-02 1.965976844812722044e-02 1.091911906075249794e+00
2.794117647058823317e-02 2.018053447523307856e-02 1.123393418493233931e+00
2.714285714285714565e-02 5.707758499753688361e-03 3.270889094272282804e+00
2.714285714285714565e-02 6.038575523004716811e-03 2.451120226970307403e+00
2.714285714285714565e-02 6.378711335643101436e-03 1.837178494686710462e+00
2.714285714285714565e-02 6.728165937668838768e-03 1.405963090078167221e+00
2.714285714285714565e-02 7.086939329081925337e-03 1.136819535194573794e+00
2.714285714285714565e-02 7.362303357245218380e-03 9.956818456941511908e-01
2.714285714285714565e-02 7.588821833911965457e-03 8.859856174417055641e-01
2.714285714285714565e-02 7.861199186871187933e-03 7.918816440890776853e-01
2.714285714285714565e-02 8.079044083906274792e-03 7.135433623846358930e-01
2.714285714285714565e-02 8.346779248759218436e-03 6.484454286603067441e-01
2.714285714285714565e-02 8.612874405414710013e-03 5.962181217991697757e-01
2.714285714285714565e-02 8.876974571329247082e-03 5.544729478733745331e-01
2.714285714285714565e-02 9.138724364902877859e-03 5.211219937994306939e-01
2.714285714285714565e-02 9.397767993950313994e-03 4.959166083680043302e-01
2.714285714285714565e-02 9.653749243611616654e-03 4.784531407570281614e-01
2.714285714285714565e-02 9.906311463665152389e-03 4.692778339934288723e-01
2.714285714285714565e-02 1.023081981777597578e-02 4.626787428006153280e-01
2.714285714285714565e-02 1.047850372366942832e-02 4.646402420672610667e-01
2.714285714285714565e-02 1.080358640094097877e-02 4.673748313876503468e-01
2.714285714285714565e-02 1.113016877175717484e-02 4.764559051261246236e-01
2.714285714285714565e-02 1.145807392394686264e-02 4.897819349913734022e-01
2.714285714285714565e-02 1.169571096757264332e-02 5.044157981111144773e-01
2.714285714285714565e-02 1.202241596227173435e-02 5.214134433369856936e-01
2.714285714285714565e-02 1.234985246550551231e-02 5.412406972528119864e-01
2.714285714285714565e-02 1.267784310264413912e-02 5.632157046024204305e-01
2.714285714285714565e-02 1.300621039329367089e-02 5.873216612956944083e-01
2.714285714285714565e-02 1.333477674959330887e-02 6.129732430899956785e-01
2.714285714285714565e-02 1.366336447446615983e-02 6.403805614251905087e-01
2.714285714285714565e-02 1.410767263245478118e-02 6.670088013317830855e-01
2.714285714285714565e-02 1.443950502197775820e-02 6.942719413924386407e-01
2.714285714285714565e-02 1.477088539865537356e-02 7.232202194165919806e-01
2.714285714285714565e-02 1.510163567849196094e-02 7.542033093923304898e-01
2.714285714285714565e-02 1.556272786059468075e-02 7.839913485349689903e-01
2.714285714285714565e-02 1.589565941202733534e-02 8.132965733171700906e-01
2.714285714285714565e-02 1.622748653167080737e-02 8.456572054241442427e-01
2.714285714285714565e-02 1.670125687989644156e-02 8.752931036807433118e-01
2.714285714285714565e-02 1.703449650926086578e-02 9.060104660674063171e-01
2.714285714285714565e-02 1.751772067129702543e-02 9.378407787149080077e-01
2.714285714285714565e-02 1.785189986333865497e-02 9.671343836662734672e-01
2.714285714285714565e-02 1.834434296334068112e-02 9.997043234969353875e-01
2.714285714285714565e-02 1.867898844652792975e-02 1.028100312879292488e+00
2.714285714285714565e-02 1.918041551415917284e-02 1.060337868591309851e+00
2.714285714285714565e-02 1.951505368660529441e-02 1.088587627140972236e+00
2.638888888888889228e-02 5.526933284443090108e-03 3.747510703942324106e+00
2.638888888888889228e-02 5.847269825827137134e-03 2.830694251510322168e+00
2.638888888888889228e-02 6.176629931757216842e-03 2.126023476226850839e+00
2.638888888888889228e-02 6.515013602233324895e-03 1.610215647872717204e+00
2.638888888888889228e-02 6.862420837255461294e-03 1.262327549623127876e+00
2.638888888888889228e-02 7.218851636823627772e-03 1.063131131123105977e+00
2.638888888888889228e-02 7.442680779788404984e-03 9.442958431924719509e-01
2.638888888888889228e-02 7.661471195943048672e-03 8.438356445427070973e-01
2.638888888888889228e-02 7.926694450664286892e-03 7.579890641946620544e-01
2.638888888888889228e-02 8.136327484271290225e-03 6.864790955907900116e-01
2.638888888888889228e-02 8.396414150120982967e-03 6.266716787489654550e-01
2.638888888888889228e-02 8.654620950764770754e-03 5.787635073604003866e-01
2.638888888888889228e-02 8.910603818253174865e-03 5.403437908131625278e-01
2.638888888888889228e-02 9.164018301809233324e-03 5.108338958376149597e-01
2.638888888888889228e-02 9.414519556655438423e-03 4.895521441604582247e-01
2.638888888888889228e-02 9.732241453639624978e-03 4.756595067816638545e-01
2.638888888888889228e-02 9.978756551919333237e-03 4.653139216588440541e-01
2.638888888888889228e-02 1.029765636154021669e-02 4.641432767767729173e-01
2.638888888888889228e-02 1.053903696690913425e-02 4.633520145534967272e-01
2.638888888888889228e-02 1.085819894610513120e-02 4.695857806785647126e-01
2.638888888888889228e-02 1.109329459335325549e-02 4.803694147030862505e-01
2.638888888888889228e-02 1.141180153748657354e-02 4.916779986524987267e-01
2.638888888888889228e-02 1.173124191697459684e-02 5.065221186889449223e-01
2.638888888888889228e-02 1.205144409262185953e-02 5.243794178638272463e-01
2.638888888888889228e-02 1.237223632821998071e-02 5.444628639851752938e-01
2.638888888888889228e-02 1.269344678901761572e-02 5.666819584759480444e-01
2.638888888888889228e-02 1.301490354014938830e-02 5.903448952055095900e-01
2.638888888888889228e-02 1.333643454502229930e-02 6.155992975293539393e-01
2.638888888888889228e-02 1.365786766365804233e-02 6.427783915510576485e-01
2.638888888888889228e-02 1.409489189980935551e-02 6.706804428310361166e-01
2.638888888888889228e-02 1.441928820811298750e-02 6.972083297133538915e-01
2.638888888888889228e-02 1.474312805483060131e-02 7.253866577168122109e-01
2.638888888888889228e-02 1.506623893382862643e-02 7.558060930106368369e-01
2.638888888888889228e-02 1.551933366674617537e-02 7.857655192044782355e-01
2.638888888888889228e-02 1.584437759797522813e-02 8.144779007650707614e-01
2.638888888888889228e-02 1.616823308413667046e-02 8.460095540812077042e-01
2.638888888888889228e-02 1.663348224023121491e-02 8.755773765039378542e-01
2.638888888888889228e-02 1.695852608087747640e-02 9.056019210823210708e-01
2.638888888888889228e-02 1.743286757040819410e-02 9.370893684321947026e-01
2.638888888888889228e-02 1.775864162672309912e-02 9.659522037009505846e-01
2.638888888888889228e-02 1.824184790911567364e-02 9.978850200907389834e-01
2.638888888888889228e-02 1.856789373568662818e-02 1.026310497855140058e+00
2.638888888888889228e-02 1.905973718124757618e-02 1.057509986594819207e+00
2.567567567567567710e-02 5.667632007739161447e-03 3.245447233682831722e+00
2.567567567567567710e-02 5.986873625459038055e-03 2.450741108521248268e+00
2.567567567567567710e-02 6.314861588869869272e-03 1.850813371392886486e+00
2.567567567567567710e-02 6.651595897971655964e-03 1.424457084313383248e+00
2.567567567567567710e-02 6.997076552764398133e-03 1.152283377583751989e+00
2.567567567567567710e-02 7.305519841241897225e-03 1.007315363256720442e+00
2.567567567567567710e-02 7.522051873431377655e-03 8.979226081370780266e-01
2.567567567567567710e-02 7.733304430984371328e-03 8.049863528394209933e-01
2.567567567567567710e-02 7.991584101289819775e-03 7.267755597857344929e-01
2.567567567567567710e-02 8.193225287175056465e-03 6.617877233985225427e-01
2.567567567567567710e-02 8.445904395167328285e-03 6.072196106416662964e-01
2.567567567567567710e-02 8.696478550345420819e-03 5.632837480305160627e-01
2.567567567567567710e-02 8.944613947029696546e-03 5.290760923053035025e-01
2.567567567567567710e-02 9.189976411591077934e-03 5.036412051450199767e-01
2.567567567567567710e-02 9.500574698292270706e-03 4.840069497424223099e-01
2.567567567567567710e-02 9.742175584062420443e-03 4.705288395478879893e-01
2.567567567567567710e-02 1.005401877192818247e-02 4.654052979784709110e-01
2.567567567567567710e-02 1.029074524392116843e-02 4.616714611818867886e-01
2.567567567567567710e-02 1.060294580231138303e-02 4.650141660552512546e-01
2.567567567567567710e-02 1.083368303827404386e-02 4.723524635294775731e-01
2.567567567567567710e-02 1.114535207185677647e-02 4.812570834097201766e-01
2.567567567567567710e-02 1.145797787073448912e-02 4.940054655314279342e-01
2.567567567567567710e-02 1.177139408231419465e-02 5.099788727315064385e-01
2.567567567567567710e-02 1.208543426343209118e-02 5.282850455633386622e-01
2.567567567567567710e-02 1.239993187893872854e-02 5.487597543915523346e-01
2.567567567567567710e-02 1.271472030024657120e-02 5.706041284033163130e-01
2.567567567567567710e-02 1.302963280383860785e-02 5.939028620463903119e-01
2.567567567567567710e-02 1.334450256973654901e-02 6.189382252919619631e-01
2.567567567567567710e-02 1.365916267992718647e-02 6.455416702988542310e-01
2.567567567567567710e-02 1.397344611674519906e-02 6.740444490496213525e-01
2.567567567567567710e-02 1.440670562947741519e-02 7.005277339464929254e-01
2.567567567567567710e-02 1.472341067081633058e-02 7.280104877742830105e-01
2.567567567567567710e-02 1.503929412908664408e-02 7.576936392633600859e-01
2.567567567567567710e-02 1.548487875185586456e-02 7.880429042198161538e-01
2.567567567567567710e-02 1.580246257210899188e-02 8.157913698384846590e-01
2.567567567567567710e-02 1.611877929231987291e-02 8.469401461318244451e-01
2.567567567567567710e-02 1.657602694929304413e-02 8.760674578535322388e-01
2.567567567567567710e-02 1.689332194563466713e-02 9.057549027778588613e-01
2.567567567567567710e-02 1.735932275742080311e-02 9.367070755580357844e-01
2.567567567567567710e-02 1.767715180546958198e-02 9.652563419701565284e-01
2.567567567567567710e-02 1.815168512504752515e-02 9.967665972580731504e-01
2.567567567567567710e-02 1.846960371018555730e-02 1.024754211873562637e+00
2.500000000000000139e-02 5.498632053475715001e-03 3.693110492001297374e+00
2.500000000000000139e-02 5.808354383648344811e-03 2.809126336815145564e+00
2.500000000000000139e-02 6.126562257113376056e-03 2.125620426407333063e+00
2.500000000000000139e-02 6.453255673870805266e-03 1.621145698676067726e+00
2.500000000000000139e-02 6.788434633920637645e-03 1.276173309249411414e+00
2.500000000000000139e-02 7.132099137262867990e-03 1.072817894336693501e+00
2.500000000000000139e-02 7.344294877552948186e-03 9.562163416931277471e-01
2.500000000000000139e-02 7.600348125271637507e-03 8.553190906669784210e-01
2.500000000000000139e-02 7.804236557316707526e-03 7.695015138562810719e-01
2.500000000000000139e-02 8.055764904375234403e-03 6.979234765533834928e-01
2.500000000000000139e-02 8.305678782662594822e-03 6.394752693188835435e-01
2.500000000000000139e-02 8.495106654522740358e-03 5.897519896759021441e-01
2.500000000000000139e-02 8.738281593608968056e-03 5.504823269902358041e-01
2.500000000000000139e-02 9.042498310177005116e-03 5.196352960154652090e-01
2.500000000000000139e-02 9.282717323675165888e-03 4.950469831393027320e-01
2.500000000000000139e-02 9.519701643953716944e-03 4.782209207521555538e-01
2.500000000000000139e-02 9.824911445838356225e-03 4.690418806229236237e-01
2.500000000000000139e-02 1.005726642382126675e-02 4.622525511073979909e-01
2.500000000000000139e-02 1.036292351439935082e-02 4.626667670107419417e-01
2.500000000000000139e-02 1.058956784122279220e-02 4.665539269051044435e-01
2.500000000000000139e-02 1.089480994885544049e-02 4.730861760780027403e-01
2.500000000000000139e-02 1.120103092856567124e-02 4.837973283684122716e-01
2.500000000000000139e-02 1.150806940016973340e-02 4.979721922256410416e-01
2.500000000000000139e-02 1.181576389877891237e-02 5.146133348023920195e-01
2.500000000000000139e-02 1.212395287348877818e-02 5.334828381579865830e-01
2.500000000000000139e-02 1.243247468603390915e-02 5.536743045068016622e-01
2.500000000000000139e-02 1.274116760940687682e-02 5.752091326407190452e-01
2.500000000000000139e-02 1.304986982644013374e-02 5.983183070497998246e-01
2.500000000000000139e-02 1.335841942834948594e-02 6.227529893218526347e-01
2.500000000000000139e-02 1.366665441323768743e-02 6.487881812568215834e-01
2.500000000000000139e-02 1.397441268455671369e-02 6.766105824112441658e-01
2.500000000000000139e-02 1.440108781932394194e-02 7.043646441656428170e-01
2.500000000000000139e-02 1.471102788973338918e-02 7.309845691767627995e-01
2.500000000000000139e-02 1.502005944757296534e-02 7.599773487739373001e-01
2.500000000000000139e-02 1.545857830142985043e-02 7.905402208152508825e-01
2.500000000000000139e-02 1.576909165899529827e-02 8.176450219228591498e-01
2.500000000000000139e-02 1.607826412865994911e-02 8.479041960695840041e-01
2.500000000000000139e-02 1.652798409367840782e-02 8.771413125941887046e-01
2.500000000000000139e-02 1.683793756385157034e-02 9.061368350691623164e-01
2.500000000000000139e-02 1.729609181823686670e-02 9.368379076439115050e-01
2.500000000000000139e-02 1.760639516321849118e-02 9.651114914086866836e-01
2.500000000000000139e-02 1.807276955033283034e-02 9.959046911031215199e-01
