-5.000000000000000000e-01 3.604575092850751121e-04 1.451094391783764204e+00
-5.000000000000000000e-01 3.904831243858727582e-04 1.120319563912196781e+00
-5.000000000000000000e-01 4.061994433182064090e-04 9.667975925562303230e-01
-5.000000000000000000e-01 4.154908234151842572e-04 8.377077864764420623e-01
-5.000000000000000000e-01 4.346259771186211022e-04 7.297545453292630935e-01
-5.000000000000000000e-01 4.471745352853554270e-04 6.387261256711558310e-01
-5.000000000000000000e-01 4.585127827294255493e-04 5.691484470164075438e-01
-5.000000000000000000e-01 4.753721457135694673e-04 5.103505509527894723e-01
-5.000000000000000000e-01 4.915887779399521996e-04 4.663697602761164296e-01
-5.000000000000000000e-01 5.071072821313253771e-04 4.346178828293139063e-01
-5.000000000000000000e-01 5.218742293298967317e-04 4.146736956227057291e-01
-5.000000000000000000e-01 5.441808066441777879e-04 3.997263138328732701e-01
-5.000000000000000000e-01 5.576777536362206161e-04 3.945158117501176287e-01
-5.000000000000000000e-01 5.794413172529199905e-04 3.956198411180185115e-01
-5.000000000000000000e-01 5.914895233366313562e-04 4.061256496757414958e-01
-5.000000000000000000e-01 6.125562147921786126e-04 4.156934107263223765e-01
-5.000000000000000000e-01 6.334470385719758899e-04 4.317222202671249787e-01
-5.000000000000000000e-01 6.541322791825253825e-04 4.522813026880931897e-01
-5.000000000000000000e-01 6.745827130586111399e-04 4.762303417352748425e-01
-5.000000000000000000e-01 6.947696139860147285e-04 5.028232991954495468e-01
-5.000000000000000000e-01 7.146647586760959594e-04 5.319181427194771272e-01
-5.000000000000000000e-01 7.342404324987229693e-04 5.636746113147091952e-01
-5.000000000000000000e-01 7.534694353803924292e-04 5.986456231159207331e-01
-5.000000000000000000e-01 7.862251883810894701e-04 6.319739971284114022e-01
-5.000000000000000000e-01 8.051863436912871800e-04 6.645193873813801666e-01
-5.000000000000000000e-01 8.237269537558588976e-04 7.014139652168119854e-01
-5.000000000000000000e-01 8.573450316563123626e-04 7.403271583447416093e-01
-5.000000000000000000e-01 8.754912066803386935e-04 7.736935164842261292e-01
-5.000000000000000000e-01 8.931461448403972070e-04 8.144195945552618054e-01
-5.000000000000000000e-01 9.274948038347128297e-04 8.490190693478704143e-01
-5.000000000000000000e-01 9.446332157463199590e-04 8.881480838783389897e-01
-5.000000000000000000e-01 9.796166864077444393e-04 9.241635897400184430e-01
-5.000000000000000000e-01 9.961633273554040650e-04 9.633331112904528482e-01
-5.000000000000000000e-01 1.031737802825219517e-03 9.980865498763221710e-01
-5.000000000000000000e-01 1.047618979268855619e-03 1.039386337550869177e+00
-5.000000000000000000e-01 1.083741132692400081e-03 1.071051889640002530e+00
-5.000000000000000000e-01 1.120475526004479239e-03 1.110184230230549796e+00
-5.000000000000000000e-01 1.135511711477374701e-03 1.144412977119281694e+00
-5.000000000000000000e-01 1.172739142827283971e-03 1.178091876877678468e+00
-5.000000000000000000e-01 1.210567016618320502e-03 1.217304416019632241e+00
-5.000000000000000000e-01 1.224614848534077158e-03 1.247933855022221650e+00
-5.000000000000000000e-01 1.262881762856396311e-03 1.280417089604620307e+00
-5.000000000000000000e-01 1.301737398937521332e-03 1.317132414880718194e+00
-5.000000000000000000e-01 1.314656610798753573e-03 1.348238774530818862e+00
-5.000000000000000000e-01 1.353897938440702924e-03 1.377576666114615378e+00
-5.000000000000000000e-01 1.393716344430327714e-03 1.410163502663608792e+00
-5.000000000000000000e-01 1.434111828767628159e-03 1.445707699129439749e+00
-5.000000000000000000e-01 1.445521211617675598e-03 1.471396380831442530e+00
-5.000000000000000000e-01 1.486238127745201539e-03 1.499021824127853009e+00
-5.000000000000000000e-01 1.527520556596721280e-03 1.529120522222949807e+00
-4.871794871794871140e-01 3.708105589022898008e-04 1.684571826648241233e+00
-4.871794871794871140e-01 4.016985688066871643e-04 1.229895325003608431e+00
-4.871794871794871140e-01 4.232527211386574078e-04 1.038583397839777378e+00
-4.871794871794871140e-01 4.388992811591653129e-04 8.990289708135631441e-01
-4.871794871794871140e-01 4.534745522902142558e-04 7.816036280742132414e-01
-4.871794871794871140e-01 4.668961567332214095e-04 6.838195895581884454e-01
-4.871794871794871140e-01 4.857231501318123347e-04 6.068677573417078364e-01
-4.871794871794871140e-01 4.969538880873781159e-04 5.410744978233273939e-01
-4.871794871794871140e-01 5.141751127122847799e-04 4.904515332149126383e-01
-4.871794871794871140e-01 5.306919535325720387e-04 4.526270750655297936e-01
-4.871794871794871140e-01 5.464485476218376844e-04 4.264880665503820167e-01
-4.871794871794871140e-01 5.699671875191735827e-04 4.093626617737827766e-01
-4.871794871794871140e-01 5.844431726564729146e-04 3.975515075065345627e-01
-4.871794871794871140e-01 6.074319980869892152e-04 3.978234196512523968e-01
-4.871794871794871140e-01 6.204405485518797985e-04 3.994667277705628017e-01
-4.871794871794871140e-01 6.427393158862551147e-04 4.080527227025653181e-01
-4.871794871794871140e-01 6.648709273267201011e-04 4.231525333684618695e-01
-4.871794871794871140e-01 6.868044785345191455e-04 4.425890359720413558e-01
-4.871794871794871140e-01 7.085095540983993951e-04 4.650068925871554404e-01
-4.871794871794871140e-01 7.299562329864486311e-04 4.894626296210050076e-01
-4.871794871794871140e-01 7.511150941499918467e-04 5.156421322163271537e-01
-4.871794871794871140e-01 7.719572222859820291e-04 5.435533566412759088e-01
-4.871794871794871140e-01 7.924542137646951260e-04 5.736018631191776018e-01
-4.871794871794871140e-01 8.125781827299139891e-04 6.065470903088637789e-01
-4.871794871794871140e-01 8.323017673792067542e-04 6.433302159245963825e-01
-4.871794871794871140e-01 8.669773219347011234e-04 6.765818802815063426e-01
-4.871794871794871140e-01 8.863536975560002557e-04 7.103988116705780564e-01
-4.871794871794871140e-01 9.052552224687701772e-04 7.501564685867745386e-01
-4.871794871794871140e-01 9.407520810366848439e-04 7.838941818182426635e-01
-4.871794871794871140e-01 9.591784157933974176e-04 8.213497561852083351e-01
-4.871794871794871140e-01 9.953706662626736999e-04 8.588370240248146548e-01
-4.871794871794871140e-01 1.013242983849989894e-03 8.948537766430902929e-01
-4.871794871794871140e-01 1.050085192823676378e-03 9.329224212790900861e-01
-4.871794871794871140e-01 1.067326204894176013e-03 9.690970556570469574e-01
-4.871794871794871140e-01 1.104773415409933315e-03 1.005301591807375772e+00
-4.871794871794871140e-01 1.121307392575698935e-03 1.043912844713266841e+00
-4.871794871794871140e-01 1.159315128500869188e-03 1.076612395228860874e+00
-4.871794871794871140e-01 1.197956326691458845e-03 1.116317245282004045e+00
-4.871794871794871140e-01 1.213592191824887454e-03 1.148335452227505771e+00
-4.871794871794871140e-01 1.252737821564390815e-03 1.182389310982870478e+00
-4.871794871794871140e-01 1.292504810506109152e-03 1.221794059838628099e+00
-4.871794871794871140e-01 1.307095193815270995e-03 1.250657185454009390e+00
-4.871794871794871140e-01 1.347311163883126595e-03 1.283198766842034377e+00
-4.871794871794871140e-01 1.388136466830797427e-03 1.319794936392921558e+00
-4.871794871794871140e-01 1.401537108105870618e-03 1.349672387612420144e+00
-4.871794871794871140e-01 1.442756591492009568e-03 1.378833938935802639e+00
-4.871794871794871140e-01 1.484573458695338756e-03 1.411241551293421326e+00
-4.871794871794871140e-01 1.526987709715858614e-03 1.446454566269796960e+00
-4.871794871794871140e-01 1.538800154162615940e-03 1.471403442110231996e+00
-4.871794871794871140e-01 1.581542569859689402e-03 1.498892357177957546e+00
-4.750000000000000333e-01 3.808978157727972908e-04 1.961777120184422740e+00
-4.750000000000000333e-01 4.126260803103065037e-04 1.383573968514992814e+00
-4.750000000000000333e-01 4.402283366144408845e-04 1.116639219357651092e+00
-4.750000000000000333e-01 4.567874362895232290e-04 9.644704110768766991e-01
-4.750000000000000333e-01 4.722630176353407802e-04 8.376841476047873769e-01
-4.750000000000000333e-01 4.865690859343756733e-04 7.324060870553094071e-01
-4.750000000000000333e-01 5.064251481213280460e-04 6.461426562619919656e-01
-4.750000000000000333e-01 5.185095786736157583e-04 5.745366260638746780e-01
-4.750000000000000333e-01 5.367461088631663661e-04 5.171687390770864923e-01
-4.750000000000000333e-01 5.542733973955980744e-04 4.733100846573117804e-01
-4.750000000000000333e-01 5.710331959851348924e-04 4.411623008406840851e-01
-4.750000000000000333e-01 5.869692403977894678e-04 4.209865753659758347e-01
-4.750000000000000333e-01 6.112430079473518988e-04 4.040720679552869954e-01
-4.750000000000000333e-01 6.257870961182178133e-04 3.990762818813069490e-01
-4.750000000000000333e-01 6.494549594627567956e-04 3.973426833346361819e-01
-4.750000000000000333e-01 6.729978620398984965e-04 4.054646646039420932e-01
-4.750000000000000333e-01 6.853183799200483024e-04 4.169923638997780624e-01
-4.750000000000000333e-01 7.080211361765479869e-04 4.306277211084080236e-01
-4.750000000000000333e-01 7.304954705391485028e-04 4.491673936809848500e-01
-4.750000000000000333e-01 7.527105601124705865e-04 4.714309194309391216e-01
-4.750000000000000333e-01 7.746360823254550346e-04 4.969042322778392529e-01
-4.750000000000000333e-01 7.962422208281227801e-04 5.254004442442469225e-01
-4.750000000000000333e-01 8.174996715587675399e-04 5.571677258076576100e-01
-4.750000000000000333e-01 8.530390259935112605e-04 5.868083390125594656e-01
-4.750000000000000333e-01 8.740514257437923635e-04 6.172285306461228194e-01
-4.750000000000000333e-01 8.946356680761486171e-04 6.513292064675110238e-01
-4.750000000000000333e-01 9.147642650888325976e-04 6.904129983810468607e-01
-4.750000000000000333e-01 9.513512487332051676e-04 7.210902051854015671e-01
-4.750000000000000333e-01 9.710503555249417294e-04 7.577180918585946223e-01
-4.750000000000000333e-01 1.008395058540141522e-03 7.952893520702950525e-01
-4.750000000000000333e-01 1.027582336256596760e-03 8.293453659532438182e-01
-4.750000000000000333e-01 1.065637737986493668e-03 8.696818240763769525e-01
-4.750000000000000333e-01 1.084232372194326001e-03 9.023894058974544219e-01
-4.750000000000000333e-01 1.122951924369172856e-03 9.424107328831180519e-01
-4.750000000000000333e-01 1.140874645287350518e-03 9.755265168156660449e-01
-4.750000000000000333e-01 1.180212276420057995e-03 1.013103641216294815e+00
-4.750000000000000333e-01 1.197385379805094739e-03 1.048994062145463646e+00
-4.750000000000000333e-01 1.237295499697512770e-03 1.082602218361891744e+00
-4.750000000000000333e-01 1.277859883850461465e-03 1.123033135726403842e+00
-4.750000000000000333e-01 1.294080372778025649e-03 1.152638635869477346e+00
-4.750000000000000333e-01 1.335159742290230843e-03 1.187138156147112378e+00
-4.750000000000000333e-01 1.350447774286508886e-03 1.225547573700669801e+00
-4.750000000000000333e-01 1.391997592177266060e-03 1.253744702392100674e+00
-4.750000000000000333e-01 1.434176952763336873e-03 1.286350544488225722e+00
-4.750000000000000333e-01 1.476985856044722841e-03 1.322946026098503092e+00
-4.750000000000000333e-01 1.490850458901869574e-03 1.351390883194261816e+00
-4.750000000000000333e-01 1.534061279096737666e-03 1.380520359862452251e+00
-4.750000000000000333e-01 1.577889396722961194e-03 1.412727037632213412e+00
-4.750000000000000333e-01 1.590357014056768478e-03 1.447158835234304330e+00
-4.750000000000000333e-01 1.634531496635087486e-03 1.471916283442166851e+00
-4.634146341463414309e-01 3.907046287876617683e-04 2.280206769169309311e+00
-4.634146341463414309e-01 4.232497873705574789e-04 1.578964910407300914e+00
-4.634146341463414309e-01 4.570967522967689226e-04 1.200609324328921979e+00
-4.634146341463414309e-01 4.745744768041437072e-04 1.034801809178020227e+00
-4.634146341463414309e-01 4.909581540910220579e-04 8.977846137652367720e-01
-4.634146341463414309e-01 5.061582540800031726e-04 7.843242196853970061e-01
-4.634146341463414309e-01 5.270490954050430525e-04 6.883724180061372433e-01
-4.634146341463414309e-01 5.400002545919240469e-04 6.106305878823290456e-01
-4.634146341463414309e-01 5.592607374544224068e-04 5.464257554015130580e-01
-4.634146341463414309e-01 5.778085036382854490e-04 4.965738280656492032e-01
-4.634146341463414309e-01 5.955829723412053725e-04 4.585980430094995786e-01
-4.634146341463414309e-01 6.125255311020893307e-04 4.321392723222609589e-01
-4.634146341463414309e-01 6.380275563610108593e-04 4.139544721019320361e-01
-4.634146341463414309e-01 6.535685918973134848e-04 4.017416721159509096e-01
-4.634146341463414309e-01 6.784784746078209713e-04 3.995866607157600447e-01
-4.634146341463414309e-01 6.924216153926675190e-04 4.022819914692450927e-01
-4.634146341463414309e-01 7.165711209999886143e-04 4.084981374911709762e-01
-4.634146341463414309e-01 7.405325328542607327e-04 4.211280273842906707e-01
-4.634146341463414309e-01 7.642733928607394834e-04 4.383548795931889175e-01
-4.634146341463414309e-01 7.877617335447160670e-04 4.587992546912167957e-01
-4.634146341463414309e-01 8.109660837849002289e-04 4.817730543541555166e-01
-4.634146341463414309e-01 8.338554747093720630e-04 5.069352975381555826e-01
-4.634146341463414309e-01 8.563994457610535956e-04 5.343839059808409564e-01
-4.634146341463414309e-01 8.785680509400575463e-04 5.646009310608091081e-01
-4.634146341463414309e-01 9.003318652306727902e-04 5.982811667023382185e-01
-4.634146341463414309e-01 9.378417059332364763e-04 6.305748490025139263e-01
-4.634146341463414309e-01 9.592770097385628454e-04 6.616293022683551461e-01
-4.634146341463414309e-01 9.802275727284820092e-04 6.976628389762009608e-01
-4.634146341463414309e-01 1.018664246331559388e-03 7.335519770802509942e-01
-4.634146341463414309e-01 1.039149472920349211e-03 7.666563668045501823e-01
-4.634146341463414309e-01 1.059073228053466955e-03 8.077852068997252166e-01
-4.634146341463414309e-01 1.098294860941568130e-03 8.384739256404902807e-01
-4.634146341463414309e-01 1.117620993033580003e-03 8.790213277339612441e-01
-4.634146341463414309e-01 1.157532902566301390e-03 9.107168434541624835e-01
-4.634146341463414309e-01 1.176179823223416805e-03 9.522183497902972915e-01
-4.634146341463414309e-01 1.216734785350778681e-03 9.825709266917194151e-01
-4.634146341463414309e-01 1.257977119717586939e-03 1.021567108726054052e+00
-4.634146341463414309e-01 1.275773744571851234e-03 1.054507997121888918e+00
-4.634146341463414309e-01 1.317599627135645091e-03 1.089155122605513615e+00
-4.634146341463414309e-01 1.334525089988853859e-03 1.127955029319807734e+00
-4.634146341463414309e-01 1.376888339171958905e-03 1.157364862419513418e+00
-4.634146341463414309e-01 1.419913514123549150e-03 1.192335863325471257e+00
-4.634146341463414309e-01 1.435721158663596847e-03 1.228691404254451891e+00
-4.634146341463414309e-01 1.479225400907006622e-03 1.257147163248535149e+00
-4.634146341463414309e-01 1.523378960198826411e-03 1.289938906434740407e+00
-4.634146341463414309e-01 1.568181836539055130e-03 1.326466408688979248e+00
-4.634146341463414309e-01 1.582491293329591625e-03 1.353483936146819389e+00
-4.634146341463414309e-01 1.627703056048328831e-03 1.382551714306901713e+00
-4.634146341463414309e-01 1.673551604157470047e-03 1.414549138590920130e+00
-4.634146341463414309e-01 1.686397010035374077e-03 1.448143237738714451e+00
-4.523809523809524391e-01 4.002202673618883932e-04 2.637503626703192605e+00
-4.523809523809524391e-01 4.335580655594635231e-04 1.813812318571710103e+00
-4.523809523809524391e-01 4.682293756849416171e-04 1.323163367142444757e+00
-4.523809523809524391e-01 4.982225176334720979e-04 1.105580846664487860e+00
-4.523809523809524391e-01 5.095311962458272306e-04 9.617046946511675909e-01
-4.523809523809524391e-01 5.323672106248896613e-04 8.385071533382650877e-01
-4.523809523809524391e-01 5.475626371073341473e-04 7.334321855229312126e-01
-4.523809523809524391e-01 5.613918016463003997e-04 6.492545820672702694e-01
-4.523809523809524391e-01 5.816829750542165450e-04 5.781307922129965693e-01
-4.523809523809524391e-01 6.012593154622285349e-04 5.223288097093604643e-01
-4.523809523809524391e-01 6.200579658544291264e-04 4.787007035790452614e-01
-4.523809523809524391e-01 6.380180200694850982e-04 4.462726087372093642e-01
-4.523809523809524391e-01 6.550805664155463521e-04 4.258396334709903530e-01
-4.523809523809524391e-01 6.813044178691377104e-04 4.081999578470131840e-01
-4.523809523809524391e-01 6.968501950155587665e-04 4.031593209712776571e-01
-4.523809523809524391e-01 7.224020541659957172e-04 3.997011691448482118e-01
-4.523809523809524391e-01 7.478097854434616765e-04 4.055728026741216574e-01
-4.523809523809524391e-01 7.730393384833550560e-04 4.178257947454609988e-01
-4.523809523809524391e-01 7.854336895812626292e-04 4.310812883948019203e-01
-4.523809523809524391e-01 8.096715034215231982e-04 4.480593949529665942e-01
-4.523809523809524391e-01 8.336244639759001667e-04 4.691213308014791639e-01
-4.523809523809524391e-01 8.572607512994646862e-04 4.937312421906777105e-01
-4.523809523809524391e-01 8.953566281836816514e-04 5.217947141227354813e-01
-4.523809523809524391e-01 9.188293684063078689e-04 5.475566409427269354e-01
-4.523809523809524391e-01 9.418993586390684777e-04 5.756158462092735295e-01
-4.523809523809524391e-01 9.645365586218924460e-04 6.068358598654964853e-01
-4.523809523809524391e-01 9.867114579867289782e-04 6.423182665377541456e-01
-4.523809523809524391e-01 1.026176047228821719e-03 6.741445256679218234e-01
-4.523809523809524391e-01 1.047936261005509486e-03 7.069312080862637515e-01
-4.523809523809524391e-01 1.069153836699439754e-03 7.462809170481886634e-01
-4.523809523809524391e-01 1.109495740573502968e-03 7.769915655226240503e-01
-4.523809523809524391e-01 1.130160750761493400e-03 8.147395697942714232e-01
-4.523809523809524391e-01 1.171254169829843593e-03 8.486733236331565067e-01
-4.523809523809524391e-01 1.191281626577524221e-03 8.857797652149732581e-01
-4.523809523809524391e-01 1.233077821264251224e-03 9.198929828260549169e-01
-4.523809523809524391e-01 1.252384285788934451e-03 9.581419401443266315e-01
-4.523809523809524391e-01 1.294834992460686899e-03 9.903067580024639271e-01
-4.523809523809524391e-01 1.337993210910302239e-03 1.030550987568291221e+00
-4.523809523809524391e-01 1.356396032651822382e-03 1.060589126619457367e+00
-4.523809523809524391e-01 1.400147943081039284e-03 1.096164370255754639e+00
-4.523809523809524391e-01 1.417633370123124814e-03 1.132384669463082583e+00
-4.523809523809524391e-01 1.461931750777172934e-03 1.162513669365574875e+00
-4.523809523809524391e-01 1.506911644979746145e-03 1.197939093221123130e+00
-4.523809523809524391e-01 1.523219660566184786e-03 1.232112162028890401e+00
-4.523809523809524391e-01 1.568686409282124810e-03 1.260950756073435652e+00
-4.523809523809524391e-01 1.614821786655652085e-03 1.293846702875166121e+00
-4.523809523809524391e-01 1.629796285983747296e-03 1.330073176872716978e+00
-4.523809523809524391e-01 1.676359551938114449e-03 1.355872959173468395e+00
-4.523809523809524391e-01 1.723578638539726001e-03 1.384862675236531393e+00
-4.523809523809524391e-01 1.771453545788582388e-03 1.416901769701916614e+00
-4.418604651162790775e-01 4.094372613090793722e-04 3.031447220113394625e+00
-4.418604651162790775e-01 4.435428224343671401e-04 2.085986470409721960e+00
-4.418604651162790775e-01 4.790126060046664383e-04 1.483429664185264674e+00
-4.418604651162790775e-01 5.158466120199771583e-04 1.178894721818607216e+00
-4.418604651162790775e-01 5.344429718054419893e-04 1.024655464088203960e+00
-4.418604651162790775e-01 5.518376084882643416e-04 8.931156807703004574e-01
-4.418604651162790775e-01 5.679376084343667119e-04 7.812028397804170465e-01
-4.418604651162790775e-01 5.826543939748827150e-04 6.903111238318107024e-01
-4.418604651162790775e-01 6.039812350547437520e-04 6.121957101764918807e-01
-4.418604651162790775e-01 6.245924543025550878e-04 5.504889585581560496e-01
-4.418604651162790775e-01 6.444229775642736340e-04 5.013792884922856352e-01
-4.418604651162790775e-01 6.634096624502955775e-04 4.632839599389645402e-01
-4.418604651162790775e-01 6.814913417919383912e-04 4.364355152385844261e-01
-4.418604651162790775e-01 7.089536350128273828e-04 4.183153849782275113e-01
-4.418604651162790775e-01 7.255102121941885010e-04 4.054626630307399671e-01
-4.418604651162790775e-01 7.523148851739996576e-04 4.019344446993353692e-01
-4.418604651162790775e-01 7.671410940607989101e-04 4.051617114351344640e-01
-4.418604651162790775e-01 7.931124716410977099e-04 4.097139697365355659e-01
-4.418604651162790775e-01 8.188734439479247729e-04 4.206370299485725495e-01
-4.418604651162790775e-01 8.443901047393271133e-04 4.361165943791240895e-01
-4.418604651162790775e-01 8.696290387301431344e-04 4.550901066469958400e-01
-4.418604651162790775e-01 8.945573275697211654e-04 4.768659624627425986e-01
-4.418604651162790775e-01 9.191425559916715018e-04 5.012316475925718828e-01
-4.418604651162790775e-01 9.433528181430752635e-04 5.283885284157437967e-01
-4.418604651162790775e-01 9.671567241010064174e-04 5.587811807635315597e-01
-4.418604651162790775e-01 1.007450637997020244e-03 5.900199529129104281e-01
-4.418604651162790775e-01 1.030948808343045775e-03 6.183351342616407731e-01
-4.418604651162790775e-01 1.053955455170401886e-03 6.508028789370138290e-01
-4.418604651162790775e-01 1.076441018323919451e-03 6.888932418192122986e-01
-4.418604651162790775e-01 1.117838840706626398e-03 7.179926102967868484e-01
-4.418604651162790775e-01 1.139821033053962408e-03 7.538570494911733810e-01
-4.418604651162790775e-01 1.182033073668704252e-03 7.887686106521322182e-01
-4.418604651162790775e-01 1.203423591703439840e-03 8.229100416661127015e-01
-4.418604651162790775e-01 1.246399639774296939e-03 8.598818384155743066e-01
-4.418604651162790775e-01 1.267111710107390009e-03 8.934815819916509527e-01
-4.418604651162790775e-01 1.310802025482559006e-03 9.298488029404252675e-01
-4.418604651162790775e-01 1.330750426475743077e-03 9.648132559387445628e-01
-4.418604651162790775e-01 1.375105744290111261e-03 9.985963661368619793e-01
-4.418604651162790775e-01 1.394206828404526664e-03 1.037233572402567638e+00
-4.418604651162790775e-01 1.439178363861542617e-03 1.067139839006022495e+00
-4.418604651162790775e-01 1.484863733214702823e-03 1.103670920604558292e+00
-4.418604651162790775e-01 1.502889534034577501e-03 1.137229667042566783e+00
-4.418604651162790775e-01 1.549129594285744097e-03 1.168059111996346378e+00
-4.418604651162790775e-01 1.596070261510412064e-03 1.203916171436458571e+00
-4.418604651162790775e-01 1.612858033167226127e-03 1.235914556404975828e+00
-4.418604651162790775e-01 1.660292506730458653e-03 1.265038942753653473e+00
-4.418604651162790775e-01 1.708414436432288208e-03 1.298164947086319909e+00
-4.418604651162790775e-01 1.723804566077960336e-03 1.332636113351007623e+00
-4.418604651162790775e-01 1.772360066594410926e-03 1.358496976286621027e+00
-4.418604651162790775e-01 1.821589949062479407e-03 1.387659759941724857e+00
-4.318181818181818232e-01 4.183508597366836505e-04 3.459944796933715594e+00
-4.318181818181818232e-01 4.531989113598976844e-04 2.393475742217622493e+00
-4.318181818181818232e-01 4.894408850480402298e-04 1.679481852615040571e+00
-4.318181818181818232e-01 5.270767808011111782e-04 1.272597750282431939e+00
-4.318181818181818232e-01 5.528216757926964322e-04 1.091016645481496461e+00
-4.318181818181818232e-01 5.711388003220102755e-04 9.507636339509734080e-01
-4.318181818181818232e-01 5.881495552471948437e-04 8.315706896975098017e-01
-4.318181818181818232e-01 6.037620151733499732e-04 7.337068283038263861e-01
-4.318181818181818232e-01 6.261278806582435720e-04 6.485358488593162551e-01
-4.318181818181818232e-01 6.477786262834145641e-04 5.809714734252888757e-01
-4.318181818181818232e-01 6.686470219952424026e-04 5.265462375682825602e-01
-4.318181818181818232e-01 6.886677489798973201e-04 4.830746381491243802e-01
-4.318181818181818232e-01 7.077774428827884228e-04 4.502315016857444396e-01
-4.318181818181818232e-01 7.259147392795083000e-04 4.293379041494879145e-01
-4.318181818181818232e-01 7.540588842038250085e-04 4.119342391412484927e-01
-4.318181818181818232e-01 7.705524465154962128e-04 4.065827139071248042e-01
-4.318181818181818232e-01 7.979557074375852235e-04 4.021749868466465982e-01
-4.318181818181818232e-01 8.251941858483080030e-04 4.064697494737088412e-01
-4.318181818181818232e-01 8.522324375822100178e-04 4.169751478458086358e-01
-4.318181818181818232e-01 8.790354984204415455e-04 4.316764398084293464e-01
-4.318181818181818232e-01 8.912905336731772503e-04 4.481732531527060637e-01
-4.318181818181818232e-01 9.169431092243375070e-04 4.683289303553249128e-01
-4.318181818181818232e-01 9.576912150321573256e-04 4.906127556806320622e-01
-4.318181818181818232e-01 9.832136746908541093e-04 5.139504627144235727e-01
-4.318181818181818232e-01 1.008333529599514345e-03 5.394379431593595564e-01
-4.318181818181818232e-01 1.033018822486866939e-03 5.677051201842592265e-01
-4.318181818181818232e-01 1.057238120144625860e-03 5.996484487026073618e-01
-4.318181818181818232e-01 1.099523499325001088e-03 6.326361213993989541e-01
-4.318181818181818232e-01 1.123347133430475236e-03 6.618305976918640310e-01
-4.318181818181818232e-01 1.146619333388970924e-03 6.965122387151385652e-01
-4.318181818181818232e-01 1.189884208227299980e-03 7.308365679800743475e-01
-4.318181818181818232e-01 1.212614676712031993e-03 7.630654761597717162e-01
-4.318181818181818232e-01 1.256706177009652824e-03 8.018992867174818961e-01
-4.318181818181818232e-01 1.278804892853969933e-03 8.322251705713838987e-01
-4.318181818181818232e-01 1.323671847128770132e-03 8.721539445481619746e-01
-4.318181818181818232e-01 1.345050320441971547e-03 9.020539957970528100e-01
-4.318181818181818232e-01 1.390642026805374203e-03 9.406552342687115598e-01
-4.318181818181818232e-01 1.411213321043792599e-03 9.720957770603234627e-01
-4.318181818181818232e-01 1.457479551940595031e-03 1.007583031194104306e+00
-4.318181818181818232e-01 1.477158306713634859e-03 1.043047094629747429e+00
-4.318181818181818232e-01 1.524049313783967102e-03 1.074202757541782516e+00
-4.318181818181818232e-01 1.571672992839772288e-03 1.111677978737234840e+00
-4.318181818181818232e-01 1.590218287499889577e-03 1.142480085448634775e+00
-4.318181818181818232e-01 1.638403996251087133e-03 1.173957551912762298e+00
-4.318181818181818232e-01 1.687308894685138902e-03 1.210337789151240795e+00
-4.318181818181818232e-01 1.704554601052454604e-03 1.239981210877832085e+00
-4.318181818181818232e-01 1.753959423607672841e-03 1.269510320770802503e+00
-4.318181818181818232e-01 1.804070029342251351e-03 1.302817907668050168e+00
-4.318181818181818232e-01 1.819853153993050265e-03 1.335401434625770323e+00
-4.318181818181818232e-01 1.870402226142013494e-03 1.361574124309139266e+00
-4.222222222222222765e-01 4.625236458693355560e-04 2.734379178301304059e+00
-4.222222222222222765e-01 4.995113115136345580e-04 1.909495851209641604e+00
-4.222222222222222765e-01 5.379215796827141721e-04 1.400562250697593658e+00
-4.222222222222222765e-01 5.710084283313436116e-04 1.160844722746841917e+00
-4.222222222222222765e-01 5.902510542650250608e-04 1.011312502528906476e+00
-4.222222222222222765e-01 6.081773199704891249e-04 8.844271815760993416e-01
-4.222222222222222765e-01 6.246920433861076830e-04 7.793522067320395319e-01
-4.222222222222222765e-01 6.480988019903316218e-04 6.870698644546795464e-01
-4.222222222222222765e-01 6.707921926746341929e-04 6.136966764277993480e-01
-4.222222222222222765e-01 6.927028923489910416e-04 5.541172714475658401e-01
-4.222222222222222765e-01 7.137634673670154939e-04 5.055497135936939390e-01
-4.222222222222222765e-01 7.339084164379963042e-04 4.671161801704474814e-01
-4.222222222222222765e-01 7.530742157631860247e-04 4.396306681804780236e-01
-4.222222222222222765e-01 7.824623610772152640e-04 4.224231904247393032e-01
-4.222222222222222765e-01 7.999774593378666809e-04 4.086757009488497516e-01
-4.222222222222222765e-01 8.286397348361271070e-04 4.044881329469713349e-01
-4.222222222222222765e-01 8.442906361472967683e-04 4.076890862063283771e-01
-4.222222222222222765e-01 8.720444871054776857e-04 4.113002417246014453e-01
-4.222222222222222765e-01 8.995643748339654565e-04 4.209493443066835705e-01
-4.222222222222222765e-01 9.268150527655829142e-04 4.352002124170166186e-01
-4.222222222222222765e-01 9.537617643998541964e-04 4.530102191466562900e-01
-4.222222222222222765e-01 9.803702494904516750e-04 4.738548020347799206e-01
-4.222222222222222765e-01 1.006606750413127421e-03 4.976524730848597700e-01
-4.222222222222222765e-01 1.032438018721981319e-03 5.245947743498459159e-01
-4.222222222222222765e-01 1.075451697469883769e-03 5.546940548748748867e-01
-4.222222222222222765e-01 1.101003705206221031e-03 5.802997205837270300e-01
-4.222222222222222765e-01 1.126060382662842077e-03 6.093581078563166109e-01
-4.222222222222222765e-01 1.150590287676152160e-03 6.431682742509957640e-01
-4.222222222222222765e-01 1.194839746358663732e-03 6.751265684489478058e-01
-4.222222222222222765e-01 1.218881760485645595e-03 7.061731497316031669e-01
-4.222222222222222765e-01 1.242311381356394229e-03 7.445425526382453141e-01
-4.222222222222222765e-01 1.287482674177403740e-03 7.738148849577130006e-01
-4.222222222222222765e-01 1.310277625758933485e-03 8.110835480716069856e-01
-4.222222222222222765e-01 1.356248802950021579e-03 8.427344325643811862e-01
-4.222222222222222765e-01 1.378318552703806238e-03 8.801645154760294743e-01
-4.222222222222222765e-01 1.425037916117253330e-03 9.115636286119980225e-01
-4.222222222222222765e-01 1.446293481219240208e-03 9.509434063312475205e-01
-4.222222222222222765e-01 1.493709805277984668e-03 9.801278475479732188e-01
-4.222222222222222765e-01 1.541890908757030752e-03 1.017151771046302722e+00
-4.222222222222222765e-01 1.562126312359832930e-03 1.049406966501393201e+00
-4.222222222222222765e-01 1.610939826116644744e-03 1.081778824235232639e+00
-4.222222222222222765e-01 1.660504317008177884e-03 1.120146787407092503e+00
-4.222222222222222765e-01 1.679547091983565497e-03 1.148078485069888632e+00
-4.222222222222222765e-01 1.729680075140715414e-03 1.180296396518439428e+00
-4.222222222222222765e-01 1.780550308050176831e-03 1.217092875419665710e+00
-4.222222222222222765e-01 1.798231073644933863e-03 1.244417122049841451e+00
-4.222222222222222765e-01 1.849606520042515944e-03 1.274292264580864309e+00
-4.222222222222222765e-01 1.901705564276682950e-03 1.307745372780165116e+00
-4.222222222222222765e-01 1.917858074227200057e-03 1.338597954327650941e+00
-4.130434782608695676e-01 4.715163938601181883e-04 3.106899592530659060e+00
-4.130434782608695676e-01 5.092232027501238188e-04 2.171743674030198967e+00
-4.130434782608695676e-01 5.483802735205141853e-04 1.561132622132233028e+00
-4.130434782608695676e-01 5.889876061712893962e-04 1.233969409256998606e+00
-4.130434782608695676e-01 6.091574710323672268e-04 1.074630444519029560e+00
-4.130434782608695676e-01 6.280026801231041117e-04 9.396686266320717351e-01
-4.130434782608695676e-01 6.454248879728896821e-04 8.271614745497484211e-01
-4.130434782608695676e-01 6.698730449533607783e-04 7.277195763670056827e-01
-4.130434782608695676e-01 6.936107920214559016e-04 6.485878741193593644e-01
-4.130434782608695676e-01 7.165667770644051958e-04 5.840112465147226928e-01
-4.130434782608695676e-01 7.386715145008479477e-04 5.306178451413180452e-01
-4.130434782608695676e-01 7.598574278228254104e-04 4.869824563796796291e-01
-4.130434782608695676e-01 7.800588943314146206e-04 4.534164028900102839e-01
-4.130434782608695676e-01 7.992122922346144281e-04 4.317445553323532303e-01
-4.130434782608695676e-01 8.292371184340020015e-04 4.153603477742936478e-01
-4.130434782608695676e-01 8.466182635657317846e-04 4.092533805124607404e-01
-4.130434782608695676e-01 8.758308784959531424e-04 4.044583754989210522e-01
-4.130434782608695676e-01 9.048566945137943461e-04 4.078690012324146519e-01
-4.130434782608695676e-01 9.336589834126183445e-04 4.170383353292396733e-01
-4.130434782608695676e-01 9.622014951420975555e-04 4.303536895344580171e-01
-4.130434782608695676e-01 9.904484637644874259e-04 4.466149339920628125e-01
-4.130434782608695676e-01 1.018364613581183376e-03 4.651421931849782920e-01
-4.130434782608695676e-01 1.045915165436808259e-03 4.857360310128963632e-01
-4.130434782608695676e-01 1.073065843208504538e-03 5.084639463265693271e-01
-4.130434782608695676e-01 1.099782880488522907e-03 5.337193316509971641e-01
-4.130434782608695676e-01 1.126033027468682952e-03 5.621902635356412770e-01
-4.130434782608695676e-01 1.151783558035750178e-03 5.947869998011444670e-01
-4.130434782608695676e-01 1.196947283188250048e-03 6.221982004405149924e-01
-4.130434782608695676e-01 1.222267489376238506e-03 6.525686927927640824e-01
-4.130434782608695676e-01 1.246999134518399829e-03 6.889755888224707858e-01
-4.130434782608695676e-01 1.293180400336773825e-03 7.178653965448041907e-01
-4.130434782608695676e-01 1.317329829655918732e-03 7.525173218054339586e-01
-4.130434782608695676e-01 1.364373639063320163e-03 7.859993313939951376e-01
-4.130434782608695676e-01 1.387847215289796619e-03 8.194770011748234717e-01
-4.130434782608695676e-01 1.435700519812901530e-03 8.543374916159784949e-01
-4.130434782608695676e-01 1.458406132338267496e-03 8.880612773703338014e-01
-4.130434782608695676e-01 1.507016349712837376e-03 9.218510689523107260e-01
-4.130434782608695676e-01 1.528863437338031555e-03 9.577382731102281888e-01
-4.130434782608695676e-01 1.578178456372806909e-03 9.887992997307000209e-01
-4.130434782608695676e-01 1.628276253487500203e-03 1.027337987560825283e+00
-4.130434782608695676e-01 1.649046216390678311e-03 1.056310134315238347e+00
-4.130434782608695676e-01 1.699783143274559817e-03 1.089843401704652992e+00
-4.130434782608695676e-01 1.719481084795578246e-03 1.126210190445788406e+00
-4.130434782608695676e-01 1.770806062031726096e-03 1.154127939459517416e+00
-4.130434782608695676e-01 1.822885818344876455e-03 1.186962157831715992e+00
-4.130434782608695676e-01 1.841209060662435913e-03 1.222829094206762779e+00
-4.130434782608695676e-01 1.893812387781608399e-03 1.249151677745656164e+00
-4.130434782608695676e-01 1.947156606832036460e-03 1.279326570539007113e+00
-4.130434782608695676e-01 2.001241717813720747e-03 1.313164379038278762e+00
-4.042553191489361430e-01 4.801782361852832953e-04 3.509337159336363587e+00
-4.042553191489361430e-01 5.185777260455443158e-04 2.464587671108048994e+00
-4.042553191489361430e-01 5.584541193619690968e-04 1.752736877941893923e+00
-4.042553191489361430e-01 5.998074161345578548e-04 1.332287205522251883e+00
-4.042553191489361430e-01 6.278436698965091404e-04 1.140591913858285622e+00
-4.042553191489361430e-01 6.476100302014490499e-04 9.971959453366191495e-01
-4.042553191489361430e-01 6.741908267808485039e-04 8.762906880160462597e-01
-4.042553191489361430e-01 6.914324828347545625e-04 7.704098221022714910e-01
-4.042553191489361430e-01 7.162150050278707786e-04 6.855712258342899768e-01
-4.042553191489361430e-01 7.305750750671716805e-04 6.135753618754242744e-01
-4.042553191489361430e-01 7.532373148922468517e-04 5.545335993957616338e-01
-4.042553191489361430e-01 7.749724721626869524e-04 5.088047107955360193e-01
-4.042553191489361430e-01 8.068437416663718853e-04 4.705719366864666853e-01
-4.042553191489361430e-01 8.270325564245375278e-04 4.420848652162805981e-01
-4.042553191489361430e-01 8.583034076184916251e-04 4.264693340334119176e-01
-4.042553191489361430e-01 8.767144565709386172e-04 4.113851762326311001e-01
-4.042553191489361430e-01 9.071887733818057150e-04 4.070397594428853960e-01
-4.042553191489361430e-01 9.236009916332684529e-04 4.098304449927702708e-01
-4.042553191489361430e-01 9.530898965568328522e-04 4.128636311293300554e-01
-4.042553191489361430e-01 9.823201596182824184e-04 4.217355803850640905e-01
-4.042553191489361430e-01 1.011255301056976407e-03 4.350533498582104808e-01
-4.042553191489361430e-01 1.039859329205838120e-03 4.519797453809706878e-01
-4.042553191489361430e-01 1.068096746856730473e-03 4.721492405680529081e-01
-4.042553191489361430e-01 1.095932557813798607e-03 4.954984249168652433e-01
-4.042553191489361430e-01 1.123332273643023928e-03 5.222871061979188489e-01
-4.042553191489361430e-01 1.169177892402049586e-03 5.473165804965516301e-01
-4.042553191489361430e-01 1.196267887062920070e-03 5.731199688491669386e-01
-4.042553191489361430e-01 1.222828326649746554e-03 6.029193439830210499e-01
-4.042553191489361430e-01 1.248826524337281899e-03 6.377610796884563005e-01
-4.042553191489361430e-01 1.295947937431325041e-03 6.644930860566723441e-01
-4.042553191489361430e-01 1.321420076498614751e-03 6.973127309996282053e-01
-4.042553191489361430e-01 1.369467815665189984e-03 7.314605583853596160e-01
-4.042553191489361430e-01 1.394317247287902781e-03 7.621281031194757638e-01
-4.042553191489361430e-01 1.443236960160611693e-03 7.996570000583361759e-01
-4.042553191489361430e-01 1.467368538333323810e-03 8.291119186290188958e-01
-4.042553191489361430e-01 1.517106332161442936e-03 8.670875530030335288e-01
-4.042553191489361430e-01 1.540426436050569689e-03 8.968423543493331263e-01
-4.042553191489361430e-01 1.590928882496539737e-03 9.330573046374752710e-01
-4.042553191489361430e-01 1.613345439539968628e-03 9.652490902664656591e-01
-4.042553191489361430e-01 1.664559579601005996e-03 9.981428589488149372e-01
-4.042553191489361430e-01 1.685982089391379647e-03 1.035194141758453590e+00
-4.042553191489361430e-01 1.737855438450214242e-03 1.063744845679283957e+00
-4.042553191489361430e-01 1.790514747343272331e-03 1.098351516675491579e+00
-4.042553191489361430e-01 1.810675550451193395e-03 1.131768826010060680e+00
-4.042553191489361430e-01 1.863927876299616669e-03 1.160511230100004898e+00
-4.042553191489361430e-01 1.917951974986422965e-03 1.194056122085965566e+00
-4.042553191489361430e-01 1.936675011675247906e-03 1.227344026761203022e+00
-4.042553191489361430e-01 1.991226569537487504e-03 1.254127683298865925e+00
-4.042553191489361430e-01 2.046535787925592327e-03 1.284839644210995280e+00
-3.958333333333333703e-01 5.275775867700129972e-04 2.786475162886530299e+00
-3.958333333333333703e-01 5.681460306085043968e-04 1.973881823572400718e+00
-3.958333333333333703e-01 6.102170094039771923e-04 1.460435535514482241e+00
-3.958333333333333703e-01 6.537905231564310584e-04 1.208832627330168608e+00
-3.958333333333333703e-01 6.669860999758259580e-04 1.056914427382750876e+00
-3.958333333333333703e-01 6.946072441840416651e-04 9.274347651538977777e-01
-3.958333333333333703e-01 7.127615239710245699e-04 8.150683199463304440e-01
-3.958333333333333703e-01 7.385880555572898716e-04 7.245756188129801600e-01
-3.958333333333333703e-01 7.538405378772160530e-04 6.450383620711139798e-01
-3.958333333333333703e-01 7.775413075820394567e-04 5.804795571678891264e-01
-3.958333333333333703e-01 8.003140572808645084e-04 5.290129226899582537e-01
-3.958333333333333703e-01 8.220897005408864993e-04 4.900164010046630936e-01
-3.958333333333333703e-01 8.546367663549023696e-04 4.562650799626762899e-01
-3.958333333333333703e-01 8.747425343929272294e-04 4.334845482260999416e-01
-3.958333333333333703e-01 9.066008944744835497e-04 4.185656848204105662e-01
-3.958333333333333703e-01 9.248048494703860591e-04 4.111884858256619202e-01
-3.958333333333333703e-01 9.557775790320295660e-04 4.065987787638138951e-01
-3.958333333333333703e-01 9.865402589830946783e-04 4.094514931764666743e-01
-3.958333333333333703e-01 1.017054984822878287e-03 4.177623242148492677e-01
-3.958333333333333703e-01 1.047284327459533987e-03 4.299804255793692187e-01
-3.958333333333333703e-01 1.077191339317110129e-03 4.451122165621371196e-01
-3.958333333333333703e-01 1.106739560619250705e-03 4.626732596370425332e-01
-3.958333333333333703e-01 1.135893025857136760e-03 4.824747085018784021e-01
-3.958333333333333703e-01 1.164616270449689165e-03 5.046713254480171829e-01
-3.958333333333333703e-01 1.192874337604497761e-03 5.297403029569881516e-01
-3.958333333333333703e-01 1.220632785388436501e-03 5.584005309289370445e-01
-3.958333333333333703e-01 1.268496225743002232e-03 5.878256854750906202e-01
-3.958333333333333703e-01 1.295847867465370513e-03 6.142279855567370772e-01
-3.958333333333333703e-01 1.322606403648744896e-03 6.456765163390778550e-01
-3.958333333333333703e-01 1.371587703001110299e-03 6.788886636337565506e-01
-3.958333333333333703e-01 1.397780300976970286e-03 7.078078846516927536e-01
-3.958333333333333703e-01 1.423289483137490626e-03 7.445431452514771342e-01
-3.958333333333333703e-01 1.473225688821860327e-03 7.734016898379922900e-01
-3.958333333333333703e-01 1.498014264454211987e-03 8.096031629179948341e-01
-3.958333333333333703e-01 1.548790823096823531e-03 8.400316531884057802e-01
-3.958333333333333703e-01 1.572763337553155158e-03 8.770273276850614197e-01
-3.958333333333333703e-01 1.624325940198826810e-03 9.066388106041252115e-01
-3.958333333333333703e-01 1.676720197725879756e-03 9.450492536879905314e-01
-3.958333333333333703e-01 1.699683285281224652e-03 9.735042603914716430e-01
-3.958333333333333703e-01 1.752795196124696912e-03 1.008152506909334667e+00
-3.958333333333333703e-01 1.774717141452193366e-03 1.041779278045116275e+00
-3.958333333333333703e-01 1.828493408500549188e-03 1.071648672116823464e+00
-3.958333333333333703e-01 1.883072306400373781e-03 1.107384318857186356e+00
-3.958333333333333703e-01 1.903671663806309191e-03 1.137681228606257866e+00
-3.958333333333333703e-01 1.958847696709964999e-03 1.167333437502758420e+00
-3.958333333333333703e-01 2.014811958655101515e-03 1.201507332604207168e+00
-3.958333333333333703e-01 2.033909801550823956e-03 1.232100370340487139e+00
-3.958333333333333703e-01 2.090404608880464411e-03 1.259580056521263591e+00
-3.877551020408163129e-01 5.362267635244482005e-04 3.135933438037529442e+00
-3.877551020408163129e-01 5.774602917983109006e-04 2.223148552269980094e+00
-3.877551020408163129e-01 6.202209877860205079e-04 1.617051995467632342e+00
-3.877551020408163129e-01 6.645088514875770224e-04 1.279972661441129755e+00
-3.877551020408163129e-01 6.941616907165246630e-04 1.118519401089735243e+00
-3.877551020408163129e-01 7.147769238838634848e-04 9.805446954946936966e-01
-3.877551020408163129e-01 7.338468503325083119e-04 8.616255389504537954e-01
-3.877551020408163129e-01 7.512718209459473681e-04 7.644288915948043162e-01
-3.877551020408163129e-01 7.768667861269000930e-04 6.786811659049238887e-01
-3.877551020408163129e-01 8.016069583794117014e-04 6.088864669706844923e-01
-3.877551020408163129e-01 8.254194397053354892e-04 5.520675685794067533e-01
-3.877551020408163129e-01 8.482332243648605611e-04 5.071139218580303920e-01
-3.877551020408163129e-01 8.820043887531207666e-04 4.741484025060064278e-01
-3.877551020408163129e-01 9.031506640850952075e-04 4.442849438707577314e-01
-3.877551020408163129e-01 9.231019849185792677e-04 4.279947582538186635e-01
-3.877551020408163129e-01 9.554948666158077442e-04 4.136716442199352417e-01
-3.877551020408163129e-01 9.877293324457071550e-04 4.097078769852941504e-01
-3.877551020408163129e-01 1.004835984346906649e-03 4.114545035937841044e-01
-3.877551020408163129e-01 1.036006513960367878e-03 4.143517628137145525e-01
-3.877551020408163129e-01 1.066892725168147159e-03 4.226995516359048910e-01
-3.877551020408163129e-01 1.097457009510021493e-03 4.353483522453547305e-01
-3.877551020408163129e-01 1.127662243707620469e-03 4.516482752488389374e-01
-3.877551020408163129e-01 1.157471796178777398e-03 4.712798279132469625e-01
-3.877551020408163129e-01 1.186849533746430971e-03 4.942640104057710038e-01
-3.877551020408163129e-01 1.235287429216135350e-03 5.191887680919696768e-01
-3.877551020408163129e-01 1.264385454474462002e-03 5.418892859607526979e-01
-3.877551020408163129e-01 1.292953851072859003e-03 5.679383289317990746e-01
-3.877551020408163129e-01 1.320958254535165629e-03 5.982215255508436247e-01
-3.877551020408163129e-01 1.370801381966311062e-03 6.285871422686396537e-01
-3.877551020408163129e-01 1.398300065059010586e-03 6.563670360579272334e-01
-3.877551020408163129e-01 1.425141323739268894e-03 6.906937493230680403e-01
-3.877551020408163129e-01 1.476035242106025656e-03 7.202946321495398152e-01
-3.877551020408163129e-01 1.502211344636443123e-03 7.531030509357299341e-01
-3.877551020408163129e-01 1.554007951742031801e-03 7.861926133553315266e-01
-3.877551020408163129e-01 1.579420551758807263e-03 8.183958875851133907e-01
-3.877551020408163129e-01 1.632064307599138996e-03 8.520437297889276174e-01
-3.877551020408163129e-01 1.656616574372612050e-03 8.851474561693206677e-01
-3.877551020408163129e-01 1.710052398595574615e-03 9.173186023278415702e-01
-3.877551020408163129e-01 1.733649040639932909e-03 9.533411004616419993e-01
-3.877551020408163129e-01 1.787822317554346426e-03 9.824900923254099583e-01
-3.877551020408163129e-01 1.842829029498213806e-03 1.018797624321701623e+00
-3.877551020408163129e-01 1.865226190764323602e-03 1.048873210709600823e+00
-3.877551020408163129e-01 1.920901529462583834e-03 1.080115872419662892e+00
-3.877551020408163129e-01 1.977395623141700847e-03 1.116826357870482900e+00
-3.877551020408163129e-01 1.998408576356648734e-03 1.144055254692637469e+00
-3.877551020408163129e-01 2.055503092295010801e-03 1.174523426598647946e+00
-3.877551020408163129e-01 2.113401756345180491e-03 1.209256191205944075e+00
-3.877551020408163129e-01 2.132848832604346268e-03 1.237340733232151990e+00
-3.799999999999999489e-01 5.445302825224194055e-04 3.511565086887243226e+00
-3.799999999999999489e-01 5.864023156391307999e-04 2.499188235014015103e+00
-3.799999999999999489e-01 6.298251647972019076e-04 1.800839242973056420e+00
-3.799999999999999489e-01 6.747988299966329456e-04 1.378504953852181192e+00
-3.799999999999999489e-01 7.131495561789117895e-04 1.180485706611531738e+00
-3.799999999999999489e-01 7.346896559688078764e-04 1.035545954213693998e+00
-3.799999999999999489e-01 7.546771829855890680e-04 9.100145757771223032e-01
-3.799999999999999489e-01 7.730095984384253993e-04 8.056510616858686413e-01
-3.799999999999999489e-01 7.996403726114432271e-04 7.144310570705720842e-01
-3.799999999999999489e-01 8.254197299647045467e-04 6.396715625765893032e-01
-3.799999999999999489e-01 8.502729434245870485e-04 5.778712266127723485e-01
-3.799999999999999489e-01 8.741271508063624485e-04 5.274360136964586498e-01
-3.799999999999999489e-01 8.969114005072949909e-04 4.884022444236217342e-01
-3.799999999999999489e-01 9.313088684745274770e-04 4.593114452171338513e-01
-3.799999999999999489e-01 9.522996567506434359e-04 4.348887148585461881e-01
-3.799999999999999489e-01 9.859387121362848429e-04 4.216832284499522077e-01
-3.799999999999999489e-01 1.004897526333190178e-03 4.126901985696184161e-01
-3.799999999999999489e-01 1.037575759518323017e-03 4.085139262162761908e-01
-3.799999999999999489e-01 1.070019584451986552e-03 4.112188764520856576e-01
-3.799999999999999489e-01 1.102190024496820658e-03 4.189055430892145715e-01
-3.799999999999999489e-01 1.134048574856408266e-03 4.302673393466346363e-01
-3.799999999999999489e-01 1.165557208807067565e-03 4.445348475448573367e-01
-3.799999999999999489e-01 1.196678384111877352e-03 4.612620818457149885e-01
-3.799999999999999489e-01 1.227375049624814625e-03 4.803638041756572719e-01
-3.799999999999999489e-01 1.257610652093327838e-03 5.021044789890903859e-01
-3.799999999999999489e-01 1.287349143168142404e-03 5.270094570159864489e-01
-3.799999999999999489e-01 1.316554986629615625e-03 5.559201585917055155e-01
-3.799999999999999489e-01 1.367187123983897761e-03 5.812776440224542984e-01
-3.799999999999999489e-01 1.395950738348402786e-03 6.081978405276169397e-01
-3.799999999999999489e-01 1.424085251045936924e-03 6.406361788498542431e-01
-3.799999999999999489e-01 1.475865966285655473e-03 6.696477303861192443e-01
-3.799999999999999489e-01 1.503394202576790106e-03 6.999746443353852543e-01
-3.799999999999999489e-01 1.556140887642621425e-03 7.347808128830796148e-01
-3.799999999999999489e-01 1.582961704185142406e-03 7.633790845430774574e-01
-3.799999999999999489e-01 1.636617633710519540e-03 8.005239205406182723e-01
-3.799999999999999489e-01 1.662631376067109880e-03 8.284320368945964352e-01
-3.799999999999999489e-01 1.717140277020860273e-03 8.652764024693386791e-01
-3.799999999999999489e-01 1.742248802760770895e-03 8.942661119658010804e-01
-3.799999999999999489e-01 1.797554859367722635e-03 9.288954740736109494e-01
-3.799999999999999489e-01 1.821661561952873801e-03 9.610796236379529622e-01
-3.799999999999999489e-01 1.877709420743802404e-03 9.921860645562907699e-01
-3.799999999999999489e-01 1.900719254238498242e-03 1.029959929009230057e+00
-3.799999999999999489e-01 1.957454029234698394e-03 1.056582421270411132e+00
-3.799999999999999489e-01 2.015023139157313178e-03 1.089024644499218208e+00
-3.799999999999999489e-01 2.036640811918735954e-03 1.124167978162942116e+00
-3.799999999999999489e-01 2.094827622500188176e-03 1.150818640216852762e+00
-3.799999999999999489e-01 2.153833965625040394e-03 1.182020561550808591e+00
-3.799999999999999489e-01 2.213659841293293910e-03 1.217532222330512948e+00
-3.725490196078431460e-01 5.949784355819624478e-04 2.800718182956179803e+00
-3.725490196078431460e-01 6.390363428779490679e-04 2.010561444677561482e+00
-3.725490196078431460e-01 6.846677468630781331e-04 1.503242616418336786e+00
-3.725490196078431460e-01 7.318726475373495350e-04 1.244459154159935244e+00
-3.725490196078431460e-01 7.543369805805642120e-04 1.092367009348559348e+00
-3.725490196078431460e-01 7.752430711675050530e-04 9.601710379897969716e-01
-3.725490196078431460e-01 7.944855846744940889e-04 8.487381495070216442e-01
-3.725490196078431460e-01 8.221498423327097595e-04 7.522179489828162424e-01
-3.725490196078431460e-01 8.489671646212843285e-04 6.727551226879415758e-01
-3.725490196078431460e-01 8.748610587338752917e-04 6.063301459390114667e-01
-3.725490196078431460e-01 8.997568688328431638e-04 5.508705886344706926e-01
-3.725490196078431460e-01 9.235818210523592722e-04 5.059636989827165365e-01
-3.725490196078431460e-01 9.462650708883096071e-04 4.727833206060849114e-01
-3.725490196078431460e-01 9.812354380367501079e-04 4.465965642380912981e-01
-3.725490196078431460e-01 1.001998252424498876e-03 4.284537675056492856e-01
-3.725490196078431460e-01 1.036117894636532418e-03 4.158812721604236984e-01
-3.725490196078431460e-01 1.070055933816029155e-03 4.124516557762222257e-01
-3.725490196078431460e-01 1.087787830470634317e-03 4.127258872542697854e-01
-3.725490196078431460e-01 1.120582164689636669e-03 4.156705657708003598e-01
-3.725490196078431460e-01 1.153065624438081964e-03 4.237169283799590569e-01
-3.725490196078431460e-01 1.185199573135242235e-03 4.359311463891177851e-01
-3.725490196078431460e-01 1.216945855669450535e-03 4.517372086950045551e-01
-3.725490196078431460e-01 1.248266805035275467e-03 4.709163078562206839e-01
-3.725490196078431460e-01 1.279125249170981688e-03 4.936158653271638386e-01
-3.725490196078431460e-01 1.330285243452107276e-03 5.154757564608954956e-01
-3.725490196078431460e-01 1.360832011594582253e-03 5.380262816835802431e-01
-3.725490196078431460e-01 1.390815641933436852e-03 5.641028477591664148e-01
-3.725490196078431460e-01 1.420200719021175650e-03 5.948501849369550731e-01
-3.725490196078431460e-01 1.472796318412584017e-03 6.214638006655045510e-01
-3.725490196078431460e-01 1.501637254534459159e-03 6.501508869270491431e-01
-3.725490196078431460e-01 1.555262956474135318e-03 6.853035953037664996e-01
-3.725490196078431460e-01 1.583455906288736871e-03 7.114974819068393685e-01
-3.725490196078431460e-01 1.610893714885616593e-03 7.461031024984805526e-01
-3.725490196078431460e-01 1.665496425368287068e-03 7.753796262847516552e-01
-3.725490196078431460e-01 1.692124662182545270e-03 8.098664973389041455e-01
-3.725490196078431460e-01 1.747600492207169315e-03 8.398255434674294362e-01
-3.725490196078431460e-01 1.773319381723826140e-03 8.758073498878673480e-01
-3.725490196078431460e-01 1.829611744761994131e-03 9.043890724362325662e-01
-3.725490196078431460e-01 1.886783675972631986e-03 9.413489957743423897e-01
-3.725490196078431460e-01 1.911375807607397070e-03 9.696173814509325695e-01
-3.725490196078431460e-01 1.969293012247430499e-03 1.002518946363673669e+00
-3.725490196078431460e-01 1.992740321999249969e-03 1.036723564789893803e+00
-3.725490196078431460e-01 2.051347208766983541e-03 1.064777618330684517e+00
-3.725490196078431460e-01 2.110803470705263467e-03 1.098474687213737644e+00
-3.725490196078431460e-01 2.132796424914350838e-03 1.130343231657597203e+00
-3.725490196078431460e-01 2.192872259466194847e-03 1.157908841290499868e+00
-3.725490196078431460e-01 2.253782480609037558e-03 1.190060887898070741e+00
-3.653846153846153633e-01 6.031957284854081195e-04 3.126518162439744231e+00
-3.653846153846153633e-01 6.478621229253193631e-04 2.245040945949490663e+00
-3.653846153846153633e-01 6.941237457380846146e-04 1.653052834664316961e+00
-3.653846153846153633e-01 7.419805969237038739e-04 1.315946449053567724e+00
-3.653846153846153633e-01 7.737120015733388659e-04 1.150939180657614580e+00
-3.653846153846153633e-01 7.955367022765214490e-04 1.012032933399017676e+00
-3.653846153846153633e-01 8.156909896832004007e-04 8.936275569950020703e-01
-3.653846153846153633e-01 8.443855341176371770e-04 7.919742729512262436e-01
-3.653846153846153633e-01 8.722386808717441913e-04 7.080603388405831700e-01
-3.653846153846153633e-01 8.877808631541294574e-04 6.363401438976641344e-01
-3.653846153846153633e-01 9.251098075018109913e-04 5.773098490244388259e-01
-3.653846153846153633e-01 9.499768662683987560e-04 5.270700885070209729e-01
-3.653846153846153633e-01 9.737007760373274758e-04 4.873942402370819438e-01
-3.653846153846153633e-01 9.962108508562801581e-04 4.602299547878556663e-01
-3.653846153846153633e-01 1.031699627895447946e-03 4.362679033927439054e-01
-3.653846153846153633e-01 1.067062342579146389e-03 4.250947647735023871e-01
-3.653846153846153633e-01 1.086706010773435096e-03 4.138499702544938819e-01
-3.653846153846153633e-01 1.121031234867223090e-03 4.104026861392612302e-01
-3.653846153846153633e-01 1.155096707191280133e-03 4.131142016798523553e-01
-3.653846153846153633e-01 1.188862478536470381e-03 4.203663457286986316e-01
-3.653846153846153633e-01 1.222289067273841763e-03 4.311054475692340238e-01
-3.653846153846153633e-01 1.255337465687783507e-03 4.446282433152255464e-01
-3.653846153846153633e-01 1.287969146496247778e-03 4.606087693999363353e-01
-3.653846153846153633e-01 1.320146069566162633e-03 4.790975073890152425e-01
-3.653846153846153633e-01 1.351830688832650253e-03 5.004246456762674322e-01
-3.653846153846153633e-01 1.382985959431126547e-03 5.252503566087963760e-01
-3.653846153846153633e-01 1.436172902451425754e-03 5.535144970117689134e-01
-3.653846153846153633e-01 1.466913151765386527e-03 5.763184047631354501e-01
-3.653846153846153633e-01 1.497023615295495430e-03 6.037124947133347685e-01
-3.653846153846153633e-01 1.526469026836519034e-03 6.369577963354741135e-01
-3.653846153846153633e-01 1.580981508333696717e-03 6.623303693254106728e-01
-3.653846153846153633e-01 1.609779463877585850e-03 6.939758150179211604e-01
-3.653846153846153633e-01 1.665285045508838957e-03 7.250597830866802873e-01
-3.653846153846153633e-01 1.693331610431436911e-03 7.554942816602946420e-01
-3.653846153846153633e-01 1.749772142218237320e-03 7.888693178610408641e-01
-3.653846153846153633e-01 1.776964857016488175e-03 8.191693402224521359e-01
-3.653846153846153633e-01 1.834282635444411513e-03 8.524143077091361764e-01
-3.653846153846153633e-01 1.860520539185030880e-03 8.842499210333751858e-01
-3.653846153846153633e-01 1.918658312178012342e-03 9.154849669872821005e-01
-3.653846153846153633e-01 1.943841966749943525e-03 9.510235540443965352e-01
-3.653846153846153633e-01 2.002742938776511453e-03 9.788590136641527328e-01
-3.653846153846153633e-01 2.062523029788551100e-03 1.013567645537357231e+00
-3.653846153846153633e-01 2.086382291304486516e-03 1.044029266607219952e+00
-3.653846153846153633e-01 2.146854010321644270e-03 1.073559022697880616e+00
-3.653846153846153633e-01 2.208189611039047644e-03 1.108390648856150129e+00
-3.653846153846153633e-01 2.230531738943785942e-03 1.136874818033525525e+00
-3.653846153846153633e-01 2.292488006983889673e-03 1.165567678974390287e+00
-3.584905660377358250e-01 6.110618628909572376e-04 3.475426944297835163e+00
-3.584905660377358250e-01 6.563107413331306346e-04 2.503155146822311217e+00
-3.584905660377358250e-01 7.031756511482388462e-04 1.826854044518626097e+00
-3.584905660377358250e-01 7.516565923362817639e-04 1.411632111805588785e+00
-3.584905660377358250e-01 7.928092189064559012e-04 1.211196506250748151e+00
-3.584905660377358250e-01 8.155517305045464731e-04 1.065540565104021731e+00
-3.584905660377358250e-01 8.366185603311232077e-04 9.402589247536004002e-01
-3.584905660377358250e-01 8.663394008381151284e-04 8.336348719064989865e-01
-3.584905660377358250e-01 8.842465313416385383e-04 7.429076353103387653e-01
-3.584905660377358250e-01 9.116666220731163214e-04 6.648459786614189237e-01
-3.584905660377358250e-01 9.380859492390326067e-04 6.007660584161100825e-01
-3.584905660377358250e-01 9.634288093593747736e-04 5.494202632535823971e-01
-3.584905660377358250e-01 1.000851055559274063e-03 5.060456743962392645e-01
-3.584905660377358250e-01 1.024401504633516051e-03 4.715589793149895237e-01
-3.584905660377358250e-01 1.061113680757660343e-03 4.493454067372105731e-01
-3.584905660377358250e-01 1.082617468855161420e-03 4.289524784906936228e-01
-3.584905660377358250e-01 1.118405030564016429e-03 4.181256542006207000e-01
-3.584905660377358250e-01 1.153986716489624432e-03 4.154985612000645645e-01
-3.584905660377358250e-01 1.172273330119940433e-03 4.137044237984392470e-01
-3.584905660377358250e-01 1.206630563854826530e-03 4.168552301951969907e-01
-3.584905660377358250e-01 1.240649600456021628e-03 4.247907694867430473e-01
-3.584905660377358250e-01 1.274290871086136570e-03 4.366786848159781020e-01
-3.584905660377358250e-01 1.307515283989668783e-03 4.520599605726220993e-01
-3.584905660377358250e-01 1.340284231229509461e-03 4.708681028826188220e-01
-3.584905660377358250e-01 1.372559595628687189e-03 4.933325317160462964e-01
-3.584905660377358250e-01 1.426380388519773307e-03 5.129929450933607971e-01
-3.584905660377358250e-01 1.458310541904836097e-03 5.352009950473370914e-01
-3.584905660377358250e-01 1.489643914491433664e-03 5.613209002341229548e-01
-3.584905660377358250e-01 1.544811267607858066e-03 5.923720428310826902e-01
-3.584905660377358250e-01 1.575624885057227888e-03 6.159747220714598681e-01
-3.584905660377358250e-01 1.605741550966855412e-03 6.453435715033444264e-01
-3.584905660377358250e-01 1.662079099522515997e-03 6.771399915992957208e-01
-3.584905660377358250e-01 1.691505718556364415e-03 7.045116853061959006e-01
-3.584905660377358250e-01 1.748840846365632947e-03 7.406436015833149922e-01
-3.584905660377358250e-01 1.777472368994850727e-03 7.665661655031386079e-01
-3.584905660377358250e-01 1.805249033030935282e-03 8.032200096194683780e-01
-3.584905660377358250e-01 1.863479145840380704e-03 8.298179581610115596e-01
-3.584905660377358250e-01 1.922633546154739036e-03 8.661850011586766929e-01
-3.584905660377358250e-01 1.949365629508375327e-03 8.937759112813904450e-01
-3.584905660377358250e-01 2.009342615253986979e-03 9.275182615649406603e-01
-3.584905660377358250e-01 2.034973366735998591e-03 9.589828834651000777e-01
-3.584905660377358250e-01 2.095715507284936444e-03 9.888934664095627713e-01
-3.584905660377358250e-01 2.157350914606652285e-03 1.025201496547411883e+00
-3.584905660377358250e-01 2.181596224754895307e-03 1.051976904763425757e+00
-3.584905660377358250e-01 2.243924410241579862e-03 1.082848251549742180e+00
-3.584905660377358250e-01 2.307130457495682949e-03 1.118704816319751494e+00
-3.584905660377358250e-01 2.329795331295848350e-03 1.144009619214378271e+00
-3.518518518518518601e-01 6.643909305449475751e-04 2.783833569763808136e+00
-3.518518518518518601e-01 7.118328190910934786e-04 2.023613278001736848e+00
-3.518518518518518601e-01 7.609106348284856280e-04 1.530522435622687416e+00
-3.518518518518518601e-01 8.116243777571240233e-04 1.273075616500521701e+00
-3.518518518518518601e-01 8.352831221644697619e-04 1.120636431892261031e+00
-3.518518518518518601e-01 8.572624223488451529e-04 9.885740382908292379e-01
-3.518518518518518601e-01 8.880048463931616842e-04 8.771368993619956811e-01
-3.518518518518518601e-01 9.068176470458566476e-04 7.786543294399614901e-01
-3.518518518518518601e-01 9.352644522563400122e-04 6.958934336662858655e-01
-3.518518518518518601e-01 9.627144622920193748e-04 6.269312307680647844e-01
-3.518518518518518601e-01 9.890903274499139499e-04 5.700840940830255166e-01
-3.518518518518518601e-01 1.014316552967859135e-03 5.253576758335514185e-01
-3.518518518518518601e-01 1.052297751544598470e-03 4.874820494809795068e-01
-3.518518518518518601e-01 1.075601852212115577e-03 4.584620504996242407e-01
-3.518518518518518601e-01 1.112777607985620089e-03 4.381424691235848434e-01
-3.518518518518518601e-01 1.133905659378696982e-03 4.251082507321604642e-01
-3.518518518518518601e-01 1.170061326221144083e-03 4.150128511384714725e-01
-3.518518518518518601e-01 1.205972314993003719e-03 4.123464456899983421e-01
-3.518518518518518601e-01 1.241597341777541047e-03 4.151813230651369424e-01
-3.518518518518518601e-01 1.276895579170338755e-03 4.221808993962770096e-01
-3.518518518518518601e-01 1.311826662509628198e-03 4.323850694526742977e-01
-3.518518518518518601e-01 1.346350696289895814e-03 4.452269887727881015e-01
-3.518518518518518601e-01 1.380428260766697682e-03 4.605424252288871645e-01
-3.518518518518518601e-01 1.414020418761034303e-03 4.784652720984782781e-01
-3.518518518518518601e-01 1.447088722672141550e-03 4.994726455945315280e-01
-3.518518518518518601e-01 1.479595221708042549e-03 5.240431056730846526e-01
-3.518518518518518601e-01 1.535424126920538609e-03 5.498267207143038293e-01
-3.518518518518518601e-01 1.567479330425426915e-03 5.726596462973588819e-01
-3.518518518518518601e-01 1.598869833419770637e-03 6.003770359636525500e-01
-3.518518518518518601e-01 1.655967855507594613e-03 6.313404098182237023e-01
-3.518518518518518601e-01 1.686732649349642881e-03 6.566494048777199444e-01
-3.518518518518518601e-01 1.716732907396699990e-03 6.893305031421282925e-01
-3.518518518518518601e-01 1.774923133761392886e-03 7.172950591131613818e-01
-3.518518518518518601e-01 1.804127561347518369e-03 7.491682028456230213e-01
-3.518518518518518601e-01 1.863275374846650422e-03 7.794068548109334138e-01
-3.518518518518518601e-01 1.891578957651254183e-03 8.116995959273103356e-01
-3.518518518518518601e-01 1.951625360175741463e-03 8.417878367747045898e-01
-3.518518518518518601e-01 1.978924566909395690e-03 8.761509697474445524e-01
-3.518518518518518601e-01 2.039811005422779294e-03 9.043564686202775205e-01
-3.518518518518518601e-01 2.101619965731818616e-03 9.403997505506832555e-01
-3.518518518518518601e-01 2.127672184044904040e-03 9.678238454296889115e-01
-3.518518518518518601e-01 2.190247443546890823e-03 9.995803208398967854e-01
-3.518518518518518601e-01 2.215050757962658007e-03 1.033677228869935405e+00
-3.518518518518518601e-01 2.278334739177023324e-03 1.060484239692724762e+00
-3.518518518518518601e-01 2.342510044070463763e-03 1.092573898807957411e+00
-3.518518518518518601e-01 2.365726196251093788e-03 1.125344427580888818e+00
-3.454545454545455141e-01 6.721117997750259126e-04 3.086055105951274413e+00
-3.454545454545455141e-01 7.201050092388012027e-04 2.242343666418244119e+00
-3.454545454545455141e-01 7.697531569599480507e-04 1.671666666467692464e+00
-3.454545454545455141e-01 8.210562429384662400e-04 1.342282869798565592e+00
-3.454545454545455141e-01 8.547270160201354177e-04 1.177265133683529141e+00
-3.454545454545455141e-01 8.776179373044262636e-04 1.038516738831813502e+00
-3.454545454545455141e-01 8.987155302192141463e-04 9.212118294924387385e-01
-3.454545454545455141e-01 9.290970032277928552e-04 8.165178107280074427e-01
-3.454545454545455141e-01 9.585674068298386018e-04 7.293968796249159503e-01
-3.454545454545455141e-01 9.870460264498209530e-04 6.559776268378337827e-01
-3.454545454545455141e-01 1.014453926399985599e-03 5.941449203603410556e-01
-3.454545454545455141e-01 1.040713994914780087e-03 5.435008908210875456e-01
-3.454545454545455141e-01 1.065750991590605490e-03 5.049070162527915517e-01
-3.454545454545455141e-01 1.104235647525825779e-03 4.712539758039008264e-01
-3.454545454545455141e-01 1.127220191293241405e-03 4.485125472840472138e-01
-3.454545454545455141e-01 1.164803066495493202e-03 4.297017949028003048e-01
-3.454545454545455141e-01 1.202197308882385933e-03 4.207615921681036597e-01
-3.454545454545455141e-01 1.221948180065768547e-03 4.165542986689749760e-01
-3.454545454545455141e-01 1.258130679461203980e-03 4.145455630547513204e-01
-3.454545454545455141e-01 1.293987875066560577e-03 4.180306871321693984e-01
-3.454545454545455141e-01 1.329478890955741732e-03 4.259216744032048307e-01
-3.454545454545455141e-01 1.364563316722987741e-03 4.375194297012786615e-01
-3.454545454545455141e-01 1.399201214097156760e-03 4.525430803986274508e-01
-3.454545454545455141e-01 1.433353123756569503e-03 4.710258232114158394e-01
-3.454545454545455141e-01 1.489557751853725839e-03 4.926562979914801965e-01
-3.454545454545455141e-01 1.523397265158586830e-03 5.113207609782578489e-01
-3.454545454545455141e-01 1.556644053724197440e-03 5.332259352776754779e-01
-3.454545454545455141e-01 1.589260358324241914e-03 5.593809928635696815e-01
-3.454545454545455141e-01 1.647046953611090150e-03 5.879202881335356956e-01
-3.454545454545455141e-01 1.679104715110563920e-03 6.116978440673086492e-01
-3.454545454545455141e-01 1.710429465387463882e-03 6.417351836815521349e-01
-3.454545454545455141e-01 1.769405483187367657e-03 6.706056348279501034e-01
-3.454545454545455141e-01 1.799997511472290531e-03 6.990517210903876011e-01
-3.454545454545455141e-01 1.859993330446300420e-03 7.320391848210744401e-01
-3.454545454545455141e-01 1.889745166614456356e-03 7.595270646447748186e-01
-3.454545454545455141e-01 1.950700786708771785e-03 7.938170327354159284e-01
-3.454545454545455141e-01 1.979506413588250687e-03 8.216539436741401303e-01
-3.454545454545455141e-01 2.041362271713716321e-03 8.550236646432421983e-01
-3.454545454545455141e-01 2.069117148964831013e-03 8.850849534657955209e-01
-3.454545454545455141e-01 2.131814124025328307e-03 9.158774799857422044e-01
-3.454545454545455141e-01 2.158415212849544747e-03 9.503013580956788386e-01
-3.454545454545455141e-01 2.221894630905538615e-03 9.773952848201599153e-01
-3.454545454545455141e-01 2.286294040527560821e-03 1.011007368676074547e+00
-3.454545454545455141e-01 2.311444059198872105e-03 1.041251102803189221e+00
-3.454545454545455141e-01 2.376551975385411512e-03 1.069475415880678959e+00
-3.454545454545455141e-01 2.442564168185653271e-03 1.102972479026478991e+00
-3.392857142857143016e-01 6.794827330759360250e-04 3.408845427763786073e+00
-3.392857142857143016e-01 7.280022757270957238e-04 2.482102090468081279e+00
-3.392857142857143016e-01 7.781949060558813200e-04 1.834154872714423457e+00
-3.392857142857143016e-01 8.300606240622930305e-04 1.433023456525567951e+00
-3.392857142857143016e-01 8.738805971327530224e-04 1.235373281724096994e+00
-3.392857142857143016e-01 8.976815730884139637e-04 1.090032838450409436e+00
-3.392857142857143016e-01 9.196858827067091059e-04 9.655925923321602156e-01
-3.392857142857143016e-01 9.510796416151769692e-04 8.564280727959006079e-01
-3.392857142857143016e-01 9.815698330988920171e-04 7.652738274545779484e-01
-3.392857142857143016e-01 1.011074246251728254e-03 6.878067941709783417e-01
-3.392857142857143016e-01 1.039512418796551506e-03 6.214848797106071743e-01
-3.392857142857143016e-01 1.066805681252097366e-03 5.655105953149495157e-01
-3.392857142857143016e-01 1.092877203442531612e-03 5.203703400314735328e-01
-3.392857142857143016e-01 1.117652043531585032e-03 4.877907284961474077e-01
-3.392857142857143016e-01 1.156583977300369411e-03 4.576615255017729145e-01
-3.392857142857143016e-01 1.195385736352541856e-03 4.407191027358941526e-01
-3.392857142857143016e-01 1.217108549414074731e-03 4.247667771497334321e-01
-3.392857142857143016e-01 1.254813181287676082e-03 4.163573150574749748e-01
-3.392857142857143016e-01 1.292246954307591650e-03 4.144967718741990881e-01
-3.392857142857143016e-01 1.329367800611953821e-03 4.175675210560793604e-01
-3.392857142857143016e-01 1.366134103482106532e-03 4.243535563345353645e-01
-3.392857142857143016e-01 1.402504703631438001e-03 4.340474995396580993e-01
-3.392857142857143016e-01 1.438438905680820921e-03 4.462701398328148272e-01
-3.392857142857143016e-01 1.473896484828770160e-03 4.609583810824458006e-01
-3.392857142857143016e-01 1.508837693724881428e-03 4.784048997706221718e-01
-3.392857142857143016e-01 1.543223269555614842e-03 4.989228059203910659e-01
-3.392857142857143016e-01 1.577014441351991909e-03 5.232791868254853540e-01
-3.392857142857143016e-01 1.635417467544642662e-03 5.472546794879710186e-01
-3.392857142857143016e-01 1.668719928521424610e-03 5.699887126976733720e-01
-3.392857142857143016e-01 1.701322863284959264e-03 5.978410353425186452e-01
-3.392857142857143016e-01 1.761013888507205818e-03 6.263731212818753891e-01
-3.392857142857143016e-01 1.792950026985821316e-03 6.521861077636672555e-01
-3.392857142857143016e-01 1.824084544684672054e-03 6.858171126890643121e-01
-3.392857142857143016e-01 1.884883209926535531e-03 7.109619771283615108e-01
-3.392857142857143016e-01 1.915177088313432200e-03 7.442307575069353476e-01
-3.392857142857143016e-01 1.976953040474069886e-03 7.716382331342623857e-01
-3.392857142857143016e-01 2.006298947584192211e-03 8.057096003703632103e-01
-3.392857142857143016e-01 2.068992022083547197e-03 8.330127611285544909e-01
-3.392857142857143016e-01 2.132649605421355760e-03 8.694692922520561584e-01
-3.392857142857143016e-01 2.160834562238178689e-03 8.950632373643087059e-01
-3.392857142857143016e-01 2.225333547250940222e-03 9.284046382380050089e-01
-3.392857142857143016e-01 2.252317002358442209e-03 9.585930404239689784e-01
-3.392857142857143016e-01 2.317598174208798135e-03 9.877826959622293401e-01
-3.392857142857143016e-01 2.383811934228445041e-03 1.023086939258283534e+00
-3.392857142857143016e-01 2.409282241895237785e-03 1.049365155954951723e+00
-3.392857142857143016e-01 2.476203565522673133e-03 1.079190315262112287e+00
-3.333333333333333148e-01 6.865133023587179561e-04 3.751274556151222850e+00
-3.333333333333333148e-01 7.355348739645113654e-04 2.741986967490469773e+00
-3.333333333333333148e-01 7.862468445911941764e-04 2.017115936038936130e+00
-3.333333333333333148e-01 8.386492142387660638e-04 1.544458185924890481e+00
-3.333333333333333148e-01 8.927419829072278951e-04 1.294909413257949726e+00
-3.333333333333333148e-01 9.174507866334251664e-04 1.143070039280631445e+00
-3.333333333333333148e-01 9.403609980093397772e-04 1.011711662295092795e+00
-3.333333333333333148e-01 9.727617095060689606e-04 8.983176022289967033e-01
-3.333333333333333148e-01 9.922859907361197482e-04 8.020355005254535818e-01
-3.333333333333333148e-01 1.022223552951708999e-03 7.176033081334576291e-01
-3.333333333333333148e-01 1.051091615297097869e-03 6.473368055117058040e-01
-3.333333333333333148e-01 1.078810523643149383e-03 5.901083639704812756e-01
-3.333333333333333148e-01 1.119690675289920128e-03 5.402216108438734343e-01
-3.333333333333333148e-01 1.145500623956795120e-03 5.002765051049602452e-01
-3.333333333333333148e-01 1.185629347634114096e-03 4.724586492401854909e-01
-3.333333333333333148e-01 1.209262657647307716e-03 4.468531904267600829e-01
-3.333333333333333148e-01 1.248414797939982742e-03 4.311444852371453251e-01
-3.333333333333333148e-01 1.287352959988496753e-03 4.239715574911924190e-01
-3.333333333333333148e-01 1.307570627274029897e-03 4.165819510568735118e-01
-3.333333333333333148e-01 1.345216756281273924e-03 4.154644040965886354e-01
-3.333333333333333148e-01 1.382509789753990368e-03 4.192923467421328376e-01
-3.333333333333333148e-01 1.419408100954552918e-03 4.271271993562622549e-01
-3.333333333333333148e-01 1.455870523203632062e-03 4.384736811757186103e-01
-3.333333333333333148e-01 1.491856356550738541e-03 4.531682928828933421e-01
-3.333333333333333148e-01 1.527325374648738632e-03 4.713977301977434475e-01
-3.333333333333333148e-01 1.586063330100082438e-03 4.922753260817289700e-01
-3.333333333333333148e-01 1.621185053725931720e-03 5.103613909960788009e-01
-3.333333333333333148e-01 1.655681140536063248e-03 5.319714833576588697e-01
-3.333333333333333148e-01 1.689513045336769837e-03 5.580511693254217587e-01
-3.333333333333333148e-01 1.749848071468305477e-03 5.845263063292678307e-01
-3.333333333333333148e-01 1.783081762860321733e-03 6.085080098468631515e-01
-3.333333333333333148e-01 1.815546612129077808e-03 6.389709526888792679e-01
-3.333333333333333148e-01 1.877086219065166647e-03 6.654828698521755292e-01
-3.333333333333333148e-01 1.908775163669209187e-03 6.946551735805212013e-01
-3.333333333333333148e-01 1.971353819309365485e-03 7.251158644929496244e-01
-3.333333333333333148e-01 2.002157200270775293e-03 7.538263388868621240e-01
-3.333333333333333148e-01 2.065713805549382245e-03 7.854400819825293478e-01
-3.333333333333333148e-01 2.095523398674173279e-03 8.149950780665393690e-01
-3.333333333333333148e-01 2.159997284490849587e-03 8.457244730446231706e-01
-3.333333333333333148e-01 2.188706324409842637e-03 8.778971701593070165e-01
-3.333333333333333148e-01 2.254037256672062478e-03 9.061589457935654845e-01
-3.333333333333333148e-01 2.320328937938138589e-03 9.417827562125411500e-01
-3.333333333333333148e-01 2.347668646525810122e-03 9.677861793727378092e-01
-3.333333333333333148e-01 2.414741519682425328e-03 9.988929040218510469e-01
-3.333333333333333148e-01 2.440728333468089161e-03 1.032199629174368694e+00
-3.333333333333333148e-01 2.508523118093314991e-03 1.058262017914298969e+00
