-5.000000000000000278e-02 4.557331601412081996e-03 1.104391803944220207e+00
-5.000000000000000278e-02 4.753081929804113190e-03 9.375895793996326111e-01
-5.000000000000000278e-02 4.941630963512785857e-03 8.040772906637243533e-01
-5.000000000000000278e-02 5.173534897791172600e-03 6.978704772117398925e-01
-5.000000000000000278e-02 5.348215864957281060e-03 6.165511845675308855e-01
-5.000000000000000278e-02 5.571230888004827589e-03 5.533195638803557470e-01
-5.000000000000000278e-02 5.790482971175623869e-03 5.090806061494976831e-01
-5.000000000000000278e-02 6.070715044463656680e-03 4.797500260359389146e-01
-5.000000000000000278e-02 6.284307888210556581e-03 4.596605664004256853e-01
-5.000000000000000278e-02 6.492389283307243436e-03 4.557176834418136813e-01
-5.000000000000000278e-02 6.771188830190122410e-03 4.551666132982832846e-01
-5.000000000000000278e-02 7.051317587122307023e-03 4.666533938537270609e-01
-5.000000000000000278e-02 7.247414197041506141e-03 4.858670609957831954e-01
-5.000000000000000278e-02 7.525009634910006552e-03 5.057652534645348252e-01
-5.000000000000000278e-02 7.802898346779214671e-03 5.314559800801769152e-01
-5.000000000000000278e-02 8.080769830281647054e-03 5.614720820414553781e-01
-5.000000000000000278e-02 8.358314070691392345e-03 5.955704499631836457e-01
-5.000000000000000278e-02 8.742554748527930214e-03 6.321060110321712333e-01
-5.000000000000000278e-02 9.023273482655247424e-03 6.668122658793717017e-01
-5.000000000000000278e-02 9.302837348523287919e-03 7.040626196629647948e-01
-5.000000000000000278e-02 9.580938079656762738e-03 7.453980116556033764e-01
-5.000000000000000278e-02 9.984302226239536240e-03 7.888461290881924048e-01
-5.000000000000000278e-02 1.026371089592830778e-02 8.264749671306260703e-01
-5.000000000000000278e-02 1.054083315646429757e-02 8.706147256959843039e-01
-5.000000000000000278e-02 1.095825177050344622e-02 9.111332349776238848e-01
-5.000000000000000278e-02 1.123533786633580840e-02 9.530049976509551435e-01
-5.000000000000000278e-02 1.166331264444115876e-02 9.952838455531767270e-01
-5.000000000000000278e-02 1.193953550155466524e-02 1.036195756417575220e+00
-5.000000000000000278e-02 1.237764738276873715e-02 1.076848797560234550e+00
-5.000000000000000278e-02 1.265218144870153098e-02 1.119233644521402615e+00
-5.000000000000000278e-02 1.310001181699967446e-02 1.156359116101424611e+00
-5.000000000000000278e-02 1.355563053952909408e-02 1.200572493221806925e+00
-5.000000000000000278e-02 1.382916378934248743e-02 1.235192545981652401e+00
-5.000000000000000278e-02 1.429397735003983851e-02 1.273324223507483755e+00
-5.000000000000000278e-02 1.456386319869466470e-02 1.315551853967323215e+00
-5.000000000000000278e-02 1.503745396348051856e-02 1.347033804349435648e+00
-5.000000000000000278e-02 1.551862218050294867e-02 1.382879572723371586e+00
-5.000000000000000278e-02 1.600736784976194982e-02 1.422535781903327079e+00
-5.000000000000000278e-02 1.627424576254072816e-02 1.453593560231833948e+00
-5.000000000000000278e-02 1.677114077778818838e-02 1.485371469836976432e+00
-5.000000000000000278e-02 1.727550789852808424e-02 1.519951201976825983e+00
-5.000000000000000278e-02 1.753673745614736657e-02 1.556811010053649413e+00
-5.000000000000000278e-02 1.804873210147492010e-02 1.583296905539693489e+00
-5.000000000000000278e-02 1.856809357623164305e-02 1.612263407381845814e+00
-5.000000000000000278e-02 1.909482188041754236e-02 1.642818345062087237e+00
-5.000000000000000278e-02 1.962891701403261802e-02 1.675257376240044893e+00
-5.000000000000000278e-02 2.017037897707687003e-02 1.709027528977488330e+00
-5.000000000000000278e-02 2.071920776955028798e-02 1.744034854694310077e+00
-5.000000000000000278e-02 2.127540339145288575e-02 1.780178855492330348e+00
-5.000000000000000278e-02 2.183896584278465294e-02 1.816914289012362183e+00
-4.749999999999999362e-02 4.467551785142468562e-03 1.253470468413181660e+00
-4.749999999999999362e-02 4.662052578597317490e-03 1.062179952553731654e+00
-4.749999999999999362e-02 4.849843263850734179e-03 9.079728370436084273e-01
-4.749999999999999362e-02 5.079519806395053384e-03 7.823073958997932564e-01
-4.749999999999999362e-02 5.254400531140880626e-03 6.830549248439022891e-01
-4.749999999999999362e-02 5.475957046657374191e-03 6.047555235656483230e-01
-4.749999999999999362e-02 5.694107839440351766e-03 5.462941119126905054e-01
-4.749999999999999362e-02 5.908257898992286088e-03 5.045782217768605138e-01
-4.749999999999999362e-02 6.117813963317638055e-03 4.789490118724496481e-01
-4.749999999999999362e-02 6.392281382618786138e-03 4.597337340857597376e-01
-4.749999999999999362e-02 6.594642539761665437e-03 4.554561450279276391e-01
-4.749999999999999362e-02 6.868494949140539763e-03 4.553975568872460356e-01
-4.749999999999999362e-02 7.143441340636796054e-03 4.661780080761670497e-01
-4.749999999999999362e-02 7.419181647836167043e-03 4.843266362006642956e-01
-4.749999999999999362e-02 7.605373742571863716e-03 5.052444999051309837e-01
-4.749999999999999362e-02 7.877515217855896382e-03 5.298371861177598729e-01
-4.749999999999999362e-02 8.149456194792395122e-03 5.592079202909359115e-01
-4.749999999999999362e-02 8.524095451681095933e-03 5.914262708527893153e-01
-4.749999999999999362e-02 8.799319208341241719e-03 6.234500893522999521e-01
-4.749999999999999362e-02 9.073545526013814672e-03 6.576815791822111512e-01
-4.749999999999999362e-02 9.346477437953602807e-03 6.954133012297525340e-01
-4.749999999999999362e-02 9.617818458740656773e-03 7.376116279264670617e-01
-4.749999999999999362e-02 1.001438823275786760e-02 7.747265583176472514e-01
-4.749999999999999362e-02 1.028671840785701924e-02 8.139974002095334837e-01
-4.749999999999999362e-02 1.069407403877177185e-02 8.590646611412331435e-01
-4.749999999999999362e-02 1.096659557778937970e-02 8.950133096283821033e-01
-4.749999999999999362e-02 1.123623958891200453e-02 9.401397674273135330e-01
-4.749999999999999362e-02 1.165624991648107726e-02 9.766209339210073503e-01
-4.749999999999999362e-02 1.192479504901070714e-02 1.021548607406202125e+00
-4.749999999999999362e-02 1.235448313591702187e-02 1.057054567368374887e+00
-4.749999999999999362e-02 1.279177632170663305e-02 1.101406807566530421e+00
-4.749999999999999362e-02 1.306009875126944338e-02 1.136497988843002904e+00
-4.749999999999999362e-02 1.350656578700661081e-02 1.176264799115629867e+00
-4.749999999999999362e-02 1.377190212160368452e-02 1.216367962933576186e+00
-4.749999999999999362e-02 1.422714102538149943e-02 1.250332898957600580e+00
-4.749999999999999362e-02 1.468978218775732723e-02 1.289624244248225748e+00
-4.749999999999999362e-02 1.495230970425269132e-02 1.326436664168302748e+00
-4.749999999999999362e-02 1.542321984874697564e-02 1.358746314464839067e+00
-4.749999999999999362e-02 1.590143092571403780e-02 1.394948711430954669e+00
-4.749999999999999362e-02 1.615965948903866009e-02 1.433012201267863217e+00
-4.749999999999999362e-02 1.664563721927261528e-02 1.461675850592724313e+00
-4.749999999999999362e-02 1.713881461958411193e-02 1.493507895566312582e+00
-4.749999999999999362e-02 1.763919168997314657e-02 1.527680945868763907e+00
-4.749999999999999362e-02 1.789169924786709193e-02 1.561507420247511879e+00
-4.749999999999999362e-02 1.839924001208946558e-02 1.587661015730679193e+00
-4.749999999999999362e-02 1.891387924853872582e-02 1.616102176054849959e+00
-4.749999999999999362e-02 1.943561695721487612e-02 1.646246132125303241e+00
-4.749999999999999362e-02 1.996445313811791300e-02 1.677970745322061141e+00
-4.749999999999999362e-02 2.050038779124783647e-02 1.711153186277562854e+00
-4.749999999999999362e-02 2.104342091660463959e-02 1.745217994947074525e+00
-4.523809523809523697e-02 4.422348526965264384e-03 1.407782443017087992e+00
-4.523809523809523697e-02 4.618412771956941637e-03 1.197499935822586181e+00
-4.523809523809523697e-02 4.763648162341624186e-03 1.021831936690207776e+00
-4.523809523809523697e-02 4.991191146284059375e-03 8.764538462748313608e-01
-4.523809523809523697e-02 5.166191306873030124e-03 7.594592816701672966e-01
-4.523809523809523697e-02 5.386325944702491549e-03 6.668865819105955772e-01
-4.523809523809523697e-02 5.603385506271318060e-03 5.955041262773315136e-01
-4.523809523809523697e-02 5.816795754866845719e-03 5.407606916699991828e-01
-4.523809523809523697e-02 6.025984015378421481e-03 5.005899764303431976e-01
-4.523809523809523697e-02 6.230379233951758439e-03 4.754970239250430608e-01
-4.523809523809523697e-02 6.500542936180408148e-03 4.599816631983788540e-01
-4.523809523809523697e-02 6.697366623896384812e-03 4.548619119966520463e-01
-4.523809523809523697e-02 6.966485020152091492e-03 4.557508334580212539e-01
-4.523809523809523697e-02 7.236478014683872355e-03 4.663599151201567872e-01
-4.523809523809523697e-02 7.507056768445711376e-03 4.836431853009975912e-01
-4.523809523809523697e-02 7.687120203829414695e-03 5.048666682877842593e-01
-4.523809523809523697e-02 7.953781138756917460e-03 5.290534632224163092e-01
-4.523809523809523697e-02 8.319425003090269444e-03 5.567548135435196333e-01
-4.523809523809523697e-02 8.589466203267382555e-03 5.858719857336681658e-01
-4.523809523809523697e-02 8.858654887958974239e-03 6.170145963202994244e-01
-4.523809523809523697e-02 9.126704644417914236e-03 6.512215683366451291e-01
-4.523809523809523697e-02 9.393329494769035379e-03 6.892029875420113694e-01
-4.523809523809523697e-02 9.780642955819485174e-03 7.290961790096407436e-01
-4.523809523809523697e-02 1.004843695938843762e-02 7.639194392178897397e-01
-4.523809523809523697e-02 1.031404237047893122e-02 8.046468468768203097e-01
-4.523809523809523697e-02 1.071455067258702577e-02 8.443480755819203765e-01
-4.523809523809523697e-02 1.098007889861707387e-02 8.826626631047509441e-01
-4.523809523809523697e-02 1.139051394661064719e-02 9.253973537979668373e-01
-4.523809523809523697e-02 1.165519803479611420e-02 9.619531385761878051e-01
-4.523809523809523697e-02 1.207517168847339548e-02 1.004462540440614449e+00
-4.523809523809523697e-02 1.233824594747440391e-02 1.041285670444310529e+00
-4.523809523809523697e-02 1.276737043494601508e-02 1.081088483883989815e+00
-4.523809523809523697e-02 1.302807046496048081e-02 1.120700129126468436e+00
-4.523809523809523697e-02 1.346595838892165539e-02 1.156221316574038704e+00
-4.523809523809523697e-02 1.391108412980780404e-02 1.198150168523746562e+00
-4.523809523809523697e-02 1.416978545723500231e-02 1.231502316575934008e+00
-4.523809523809523697e-02 1.462319003094849322e-02 1.267142108238858533e+00
-4.523809523809523697e-02 1.508373483416928021e-02 1.307554289153144422e+00
-4.523809523809523697e-02 1.533900012575415382e-02 1.338656288756956414e+00
-4.523809523809523697e-02 1.580733966127419871e-02 1.371782619641331635e+00
-4.523809523809523697e-02 1.628272189657649707e-02 1.408423350120681317e+00
-4.523809523809523697e-02 1.653311639484530970e-02 1.442030244645617687e+00
-4.523809523809523697e-02 1.701580977415291171e-02 1.470820830495284115e+00
-4.523809523809523697e-02 1.750544838193975744e-02 1.502610676999192485e+00
-4.523809523809523697e-02 1.800203221820585384e-02 1.536465135126192649e+00
-4.523809523809523697e-02 1.824600665604608415e-02 1.566998391198481055e+00
-4.523809523809523697e-02 1.874932115753582054e-02 1.593126418873360484e+00
-4.523809523809523697e-02 1.925948347537234998e-02 1.621195189759012889e+00
-4.523809523809523697e-02 1.977649360955567939e-02 1.651058782155431892e+00
-4.523809523809523697e-02 2.030035156008580532e-02 1.682111591886635171e+00
-4.318181818181818232e-02 4.341874761346608061e-03 1.573691815614284284e+00
-4.318181818181818232e-02 4.536649630852720126e-03 1.338126127954053723e+00
-4.318181818181818232e-02 4.725680313142540008e-03 1.143021776965963854e+00
-4.318181818181818232e-02 4.908137090241916287e-03 9.794925948119105330e-01
-4.318181818181818232e-02 5.083193359700565080e-03 8.450187843079821626e-01
-4.318181818181818232e-02 5.301948539075198447e-03 7.389592492933019230e-01
-4.318181818181818232e-02 5.462863514888188603e-03 6.531055533467353680e-01
-4.318181818181818232e-02 5.672289149212057270e-03 5.856693871559904840e-01
-4.318181818181818232e-02 5.877749778127883996e-03 5.363503005541655488e-01
-4.318181818181818232e-02 6.143746078182722725e-03 4.978503701901994538e-01
-4.318181818181818232e-02 6.343126647522165373e-03 4.724363065901905356e-01
-4.318181818181818232e-02 6.609157624817610897e-03 4.608370726426623265e-01
-4.318181818181818232e-02 6.800615181631397728e-03 4.541863812851850146e-01
-4.318181818181818232e-02 7.065199010751671560e-03 4.563384190190801215e-01
-4.318181818181818232e-02 7.330452473567755645e-03 4.671267016485848300e-01
-4.318181818181818232e-02 7.596097176538205500e-03 4.835835170786222381e-01
-4.318181818181818232e-02 7.861855081849191546e-03 5.042348597717805081e-01
-4.318181818181818232e-02 8.127448514601579022e-03 5.277997907836575742e-01
-4.318181818181818232e-02 8.392600170253929071e-03 5.538169664392355029e-01
-4.318181818181818232e-02 8.657033122334008984e-03 5.818196151810255401e-01
-4.318181818181818232e-02 8.920470830432325124e-03 6.125889219730784596e-01
-4.318181818181818232e-02 9.182637148491967424e-03 6.465744416884403600e-01
-4.318181818181818232e-02 9.443256333410076156e-03 6.847483066762871662e-01
-4.318181818181818232e-02 9.824763889279844453e-03 7.201303391224684880e-01
-4.318181818181818232e-02 1.008625584695392596e-02 7.556958089973689896e-01
-4.318181818181818232e-02 1.034546430912905261e-02 7.976135369524595120e-01
-4.318181818181818232e-02 1.073954215928099414e-02 8.329198276399192302e-01
-4.318181818181818232e-02 1.099842174259705631e-02 8.728796128524939357e-01
-4.318181818181818232e-02 1.140200019331714769e-02 9.112206454215588947e-01
-4.318181818181818232e-02 1.165981141642272872e-02 9.503734069864667733e-01
-4.318181818181818232e-02 1.207251634498185920e-02 9.886211354860984235e-01
-4.318181818181818232e-02 1.232852089246822685e-02 1.028689920940386804e+00
-4.318181818181818232e-02 1.274997851562356330e-02 1.064585139386793111e+00
-4.318181818181818232e-02 1.300343926594097442e-02 1.107987668782373980e+00
-4.318181818181818232e-02 1.343327614573423812e-02 1.139734977817401740e+00
-4.318181818181818232e-02 1.387010224308511674e-02 1.178042000149014612e+00
-4.318181818181818232e-02 1.412130025001402493e-02 1.216080224920277786e+00
-4.318181818181818232e-02 1.456603846589581142e-02 1.248415677729383555e+00
-4.318181818181818232e-02 1.501767184791530201e-02 1.285544538604247888e+00
-4.318181818181818232e-02 1.526522111211767695e-02 1.322075648055359709e+00
-4.318181818181818232e-02 1.572429993816710364e-02 1.352217360871099894e+00
-4.318181818181818232e-02 1.619017993200986411e-02 1.386197080263152470e+00
-4.318181818181818232e-02 1.666286109364593926e-02 1.423130486777046233e+00
-4.318181818181818232e-02 1.690555606793740784e-02 1.451836962680462140e+00
-4.318181818181818232e-02 1.738512252652003875e-02 1.480859493117394843e+00
-4.318181818181818232e-02 1.787139620829962874e-02 1.512621219250914306e+00
-4.318181818181818232e-02 1.836437711327618821e-02 1.546477188530130498e+00
-4.318181818181818232e-02 1.859999917146941406e-02 1.573469732985658176e+00
-4.318181818181818232e-02 1.909930581589464049e-02 1.599671821963579488e+00
-4.318181818181818232e-02 1.960522579335860840e-02 1.627384848234333603e+00
-4.130434782608696093e-02 4.266244931273025474e-03 1.750312588514340462e+00
-4.130434782608696093e-02 4.459773085044311212e-03 1.488133339075596417e+00
-4.130434782608696093e-02 4.647947502412009928e-03 1.272064052346461471e+00
-4.130434782608696093e-02 4.829965711386481272e-03 1.090683475098082500e+00
-4.130434782608696093e-02 5.005028047247202586e-03 9.390510546855350693e-01
-4.130434782608696093e-02 5.172337799250725440e-03 8.172643474727416812e-01
-4.130434782608696093e-02 5.384234316032999144e-03 7.154155241336397353e-01
-4.130434782608696093e-02 5.593025123449228871e-03 6.356664596228154274e-01
-4.130434782608696093e-02 5.798175409078265216e-03 5.733604145587040124e-01
-4.130434782608696093e-02 5.999151684271920686e-03 5.266798264055994050e-01
-4.130434782608696093e-02 6.195421834536139413e-03 4.957742889995041535e-01
-4.130434782608696093e-02 6.456106240129456768e-03 4.703799319684617841e-01
-4.130434782608696093e-02 6.644927521275508994e-03 4.608654965695789807e-01
-4.130434782608696093e-02 6.904415950521743464e-03 4.537435872835308692e-01
-4.130434782608696093e-02 7.164651164521088772e-03 4.573442078939697342e-01
-4.130434782608696093e-02 7.425364184587819258e-03 4.681984574977566260e-01
-4.130434782608696093e-02 7.686286356076634831e-03 4.844058180033764538e-01
-4.130434782608696093e-02 7.947149354861690954e-03 5.042869073063069862e-01
-4.130434782608696093e-02 8.207685194043797677e-03 5.270385916154984862e-01
-4.130434782608696093e-02 8.467626230896955000e-03 5.518671147773609453e-01
-4.130434782608696093e-02 8.726705174066056239e-03 5.792928408295393572e-01
-4.130434782608696093e-02 8.984655091028416821e-03 6.095015357493432928e-01
-4.130434782608696093e-02 9.241209415832517954e-03 6.432445224785545701e-01
-4.130434782608696093e-02 9.496101957128308749e-03 6.815369661378490873e-01
-4.130434782608696093e-02 9.872149055007670496e-03 7.133013190429512429e-01
-4.130434782608696093e-02 1.012763644244463884e-02 7.493982478152012572e-01
-4.130434782608696093e-02 1.051341682668870299e-02 7.906122439995961759e-01
-4.130434782608696093e-02 1.076878337935918001e-02 8.237021575002168028e-01
-4.130434782608696093e-02 1.102133301243980908e-02 8.654154562160359943e-01
-4.130434782608696093e-02 1.141846650427835730e-02 8.998331799538628051e-01
-4.130434782608696093e-02 1.166973718189515986e-02 9.412900950686112767e-01
-4.130434782608696093e-02 1.207561091860197625e-02 9.757055768706330845e-01
-4.130434782608696093e-02 1.232488987583592668e-02 1.018787348314872609e+00
-4.130434782608696093e-02 1.273914311888485994e-02 1.050967545849895268e+00
-4.130434782608696093e-02 1.316024352297592154e-02 1.090923622396981374e+00
-4.130434782608696093e-02 1.340799102819015265e-02 1.126240982284282044e+00
-4.130434782608696093e-02 1.383701971566310418e-02 1.161224124599145702e+00
-4.130434782608696093e-02 1.427280476041909406e-02 1.202000452191320123e+00
-4.130434782608696093e-02 1.451768095361398794e-02 1.232735849301481057e+00
-4.130434782608696093e-02 1.496094348043462349e-02 1.266988990171909801e+00
-4.130434782608696093e-02 1.541087160916232782e-02 1.305517347835167818e+00
-4.130434782608696093e-02 1.565153878643870192e-02 1.335886958929742629e+00
-4.130434782608696093e-02 1.610849402511019268e-02 1.366949276423619297e+00
-4.130434782608696093e-02 1.657202415930213515e-02 1.401559287713137980e+00
-4.130434782608696093e-02 1.680714682729162954e-02 1.435455867228609961e+00
-4.130434782608696093e-02 1.727725413631116605e-02 1.462429339254729399e+00
-4.130434782608696093e-02 1.775384568407580715e-02 1.491910463128236497e+00
-4.130434782608696093e-02 1.823692147058553550e-02 1.523713432223732456e+00
-4.130434782608696093e-02 1.846480984930265468e-02 1.556774861671606613e+00
-4.130434782608696093e-02 1.895392271407815576e-02 1.580833390235046432e+00
-3.958333333333333148e-02 4.125042390396216861e-03 2.010733856245352058e+00
-3.958333333333333148e-02 4.387404022080349832e-03 1.646536702840279975e+00
-3.958333333333333148e-02 4.574740059466600797e-03 1.408802333427545239e+00
-3.958333333333333148e-02 4.756309639167286170e-03 1.209354656747409607e+00
-3.958333333333333148e-02 4.931338455468690929e-03 1.040930349518372822e+00
-3.958333333333333148e-02 5.099054871208790439e-03 9.014412792477958236e-01
-3.958333333333333148e-02 5.310031462819499518e-03 7.878880931941794064e-01
-3.958333333333333148e-02 5.518188127870815758e-03 6.975108118769945964e-01
-3.958333333333333148e-02 5.665534618297690672e-03 6.232023274192677320e-01
-3.958333333333333148e-02 5.923971796255153056e-03 5.654531728179701400e-01
-3.958333333333333148e-02 6.120566889801381909e-03 5.199215370071061937e-01
-3.958333333333333148e-02 6.312278329170335246e-03 4.889676403084631806e-01
-3.958333333333333148e-02 6.569349683729992263e-03 4.697025879705941098e-01
-3.958333333333333148e-02 6.753277182703987594e-03 4.580961500044030688e-01
-3.958333333333333148e-02 7.008778938116660105e-03 4.538919436097608728e-01
-3.958333333333333148e-02 7.264838515255271634e-03 4.586421647305199967e-01
-3.958333333333333148e-02 7.521196056333026743e-03 4.700225392495168686e-01
-3.958333333333333148e-02 7.777592005533645429e-03 4.859581097991779730e-01
-3.958333333333333148e-02 7.940471954432499341e-03 5.049264953280448998e-01
-3.958333333333333148e-02 8.289462451484588476e-03 5.269392976210711677e-01
-3.958333333333333148e-02 8.544419402104855635e-03 5.511214882896348088e-01
-3.958333333333333148e-02 8.798379681826926785e-03 5.777701191998153574e-01
-3.958333333333333148e-02 9.051085340077246258e-03 6.074128614842587703e-01
-3.958333333333333148e-02 9.302278768062079845e-03 6.408741377531765870e-01
-3.958333333333333148e-02 9.670650437846929973e-03 6.772148088320076864e-01
-3.958333333333333148e-02 9.922608321729703071e-03 7.080824921247155235e-01
-3.958333333333333148e-02 1.017236608610708193e-02 7.448076755527016646e-01
-3.958333333333333148e-02 1.055260885132850747e-02 7.824058721837428010e-01
-3.958333333333333148e-02 1.080200885785206899e-02 8.165608267355279892e-01
-3.958333333333333148e-02 1.119123940662033329e-02 8.583344360926382643e-01
-3.958333333333333148e-02 1.143959103536335183e-02 8.907338755916012207e-01
-3.958333333333333148e-02 1.183746028362063669e-02 9.330829638273483440e-01
-3.958333333333333148e-02 1.208407390124382509e-02 9.653387833244460037e-01
-3.958333333333333148e-02 1.249023305181341283e-02 1.005772282503611947e+00
-3.958333333333333148e-02 1.273442003498464342e-02 1.039773250071339694e+00
-3.958333333333333148e-02 1.314852058242820844e-02 1.076579560560559701e+00
-3.958333333333333148e-02 1.338959334220631188e-02 1.115163363097094518e+00
-3.958333333333333148e-02 1.381128707783731840e-02 1.147189250578790620e+00
-3.958333333333333148e-02 1.423951870084244793e-02 1.184960674740618058e+00
-3.958333333333333148e-02 1.447749810213515287e-02 1.219736344665400152e+00
-3.958333333333333148e-02 1.491288732997838110e-02 1.251222041298103660e+00
-3.958333333333333148e-02 1.535472676860447430e-02 1.287253356846710162e+00
-3.958333333333333148e-02 1.558831989152182317e-02 1.321805427278979206e+00
-3.958333333333333148e-02 1.603688174962479562e-02 1.350725197154270862e+00
-3.958333333333333148e-02 1.649180618727532840e-02 1.382677590391621303e+00
-3.958333333333333148e-02 1.695309320447342324e-02 1.417847397351577943e+00
-3.958333333333333148e-02 1.718093424297488514e-02 1.446546727570252378e+00
-3.958333333333333148e-02 1.764842131423186716e-02 1.474017936346020852e+00
-3.958333333333333148e-02 1.812218337973391796e-02 1.503997414544123057e+00
-3.958333333333333148e-02 1.860222043948102366e-02 1.535798434598019568e+00
-3.799999999999999906e-02 3.992616838761475252e-03 2.373431173862357468e+00
-3.799999999999999906e-02 4.282896379334695178e-03 1.829984843216226231e+00
-3.799999999999999906e-02 4.505711447802074852e-03 1.552523740792081108e+00
-3.799999999999999906e-02 4.686827878033953884e-03 1.334895076898495070e+00
-3.799999999999999906e-02 4.861791870691046895e-03 1.150081888758162307e+00
-3.799999999999999906e-02 5.029855439582260092e-03 9.938931420238522607e-01
-3.799999999999999906e-02 5.190273143258095946e-03 8.669085329373269477e-01
-3.799999999999999906e-02 5.394873837347556426e-03 7.596370096829152541e-01
-3.799999999999999906e-02 5.596339105450253218e-03 6.738634127765881221e-01
-3.799999999999999906e-02 5.794168646276544148e-03 6.055693583173744621e-01
-3.799999999999999906e-02 5.987863294353626062e-03 5.528233461694092021e-01
-3.799999999999999906e-02 6.176925063067079981e-03 5.159430084486626988e-01
-3.799999999999999906e-02 6.429291029428076468e-03 4.844343409211939733e-01
-3.799999999999999906e-02 6.611005591017582624e-03 4.689526220429902637e-01
-3.799999999999999906e-02 6.862037851629297983e-03 4.563947792554504668e-01
-3.799999999999999906e-02 7.113702103932739544e-03 4.545950977672240101e-01
-3.799999999999999906e-02 7.365746750882843155e-03 4.608092189806631822e-01
-3.799999999999999906e-02 7.531518792458452224e-03 4.720797378085018203e-01
-3.799999999999999906e-02 7.779725710004459227e-03 4.860855444146514048e-01
-3.799999999999999906e-02 8.027478335369190102e-03 5.049650008314602312e-01
-3.799999999999999906e-02 8.372707145627260317e-03 5.278730774651720914e-01
-3.799999999999999906e-02 8.622889691220297914e-03 5.511757672968767841e-01
-3.799999999999999906e-02 8.871949059263405449e-03 5.770392839462766821e-01
-3.799999999999999906e-02 9.119635712127831598e-03 6.060952211983828830e-01
-3.799999999999999906e-02 9.365700431745558815e-03 6.393356590181362709e-01
-3.799999999999999906e-02 9.729383325729760307e-03 6.734043095742160423e-01
-3.799999999999999906e-02 9.975952957123938869e-03 7.043754435148258386e-01
-3.799999999999999906e-02 1.022023516431896407e-02 7.411221860837248210e-01
-3.799999999999999906e-02 1.059525866952207469e-02 7.760735167464447581e-01
-3.799999999999999906e-02 1.083896017343935307e-02 8.109407689277482456e-01
-3.799999999999999906e-02 1.122261065664819334e-02 8.497718783750747296e-01
-3.799999999999999906e-02 1.146506334085888555e-02 8.834011648725074162e-01
-3.799999999999999906e-02 1.185700316779430934e-02 9.228557474740882727e-01
-3.799999999999999906e-02 1.209753983604799910e-02 9.567924663986023814e-01
-3.799999999999999906e-02 1.249743163928204899e-02 9.941962616214680137e-01
-3.799999999999999906e-02 1.273538603741815496e-02 1.030656029736357171e+00
-3.799999999999999906e-02 1.314289272090318934e-02 1.064585926498345492e+00
-3.799999999999999906e-02 1.355681683247460072e-02 1.105380601000886864e+00
-3.799999999999999906e-02 1.379238430340926774e-02 1.135388718265150310e+00
-3.799999999999999906e-02 1.421350163866028776e-02 1.170575263351444795e+00
-3.799999999999999906e-02 1.444490554710852262e-02 1.208842737949990864e+00
-3.799999999999999906e-02 1.487287960851723344e-02 1.238004098188818070e+00
-3.799999999999999906e-02 1.530710146644285660e-02 1.271315313751211207e+00
-3.799999999999999906e-02 1.574757112088539385e-02 1.308749048737736898e+00
-3.799999999999999906e-02 1.597460910814341509e-02 1.336560400342918564e+00
-3.799999999999999906e-02 1.642142977185498745e-02 1.366578908794612524e+00
-3.799999999999999906e-02 1.687441347920396600e-02 1.399546284368232474e+00
-3.799999999999999906e-02 1.709531270284192495e-02 1.432962636130163059e+00
-3.799999999999999906e-02 1.755422687495377526e-02 1.458668895591342718e+00
-3.799999999999999906e-02 1.801921938047107083e-02 1.486550953984583145e+00
-3.653846153846154049e-02 3.868206345624411371e-03 2.828947861623538174e+00
-3.653846153846154049e-02 4.149440735548635788e-03 2.102883096932775864e+00
-3.653846153846154049e-02 4.440542998803532516e-03 1.702585346999571758e+00
-3.653846153846154049e-02 4.621205927710505396e-03 1.466747857149407919e+00
-3.653846153846154049e-02 4.753414808928812900e-03 1.265031978644058919e+00
-3.653846153846154049e-02 4.964440729539722555e-03 1.094059279333740031e+00
-3.653846153846154049e-02 5.125563609605870638e-03 9.496465079540148402e-01
-3.653846153846154049e-02 5.329635394957548539e-03 8.326029217886471434e-01
-3.653846153846154049e-02 5.477018335614348976e-03 7.357747163089851661e-01
-3.653846153846154049e-02 5.671877204986693934e-03 6.563476439441791044e-01
-3.653846153846154049e-02 5.922703841258689095e-03 5.945800114785610990e-01
-3.653846153846154049e-02 6.112396873907745623e-03 5.433475990208733730e-01
-3.653846153846154049e-02 6.297287302693696867e-03 5.062382154415381308e-01
-3.653846153846154049e-02 6.546477797162024957e-03 4.825770841496059282e-01
-3.653846153846154049e-02 6.723701597473537121e-03 4.645037946403512419e-01
-3.653846153846154049e-02 6.971209915534788519e-03 4.557587684043919452e-01
-3.653846153846154049e-02 7.219175330853127431e-03 4.565070706746728324e-01
-3.653846153846154049e-02 7.383693018046135967e-03 4.628294828046677911e-01
-3.653846153846154049e-02 7.628117479173265533e-03 4.718630673210226223e-01
-3.653846153846154049e-02 7.872189928845767584e-03 4.861727312863892148e-01
-3.653846153846154049e-02 8.115667745334360222e-03 5.053637442216649678e-01
-3.653846153846154049e-02 8.358308586130141007e-03 5.288654086434636525e-01
-3.653846153846154049e-02 8.702945216711933246e-03 5.519191379522684349e-01
-3.653846153846154049e-02 8.947305157751469021e-03 5.769802032128805713e-01
-3.653846153846154049e-02 9.190181173326468153e-03 6.055069160010692064e-01
-3.653846153846154049e-02 9.431331919918141057e-03 6.382893410082763896e-01
-3.653846153846154049e-02 9.790588778384227975e-03 6.709655637526715788e-01
-3.653846153846154049e-02 1.003199999645186177e-02 7.014498365957975157e-01
-3.653846153846154049e-02 1.027104147529505837e-02 7.385018016313394940e-01
-3.653846153846154049e-02 1.064113958967909460e-02 7.711391874985632500e-01
-3.653846153846154049e-02 1.087939026768589522e-02 8.066182268976818115e-01
-3.653846153846154049e-02 1.125777571992110822e-02 8.428574693094026404e-01
-3.653846153846154049e-02 1.149458859844972210e-02 8.776780862697529662e-01
-3.653846153846154049e-02 1.188093449300872857e-02 9.143391395021484014e-01
-3.653846153846154049e-02 1.211566343390495064e-02 9.498008881895871891e-01
-3.653846153846154049e-02 1.250964312413338671e-02 9.846522713505773128e-01
-3.653846153846154049e-02 1.274164287028181457e-02 1.023175874510474648e+00
-3.653846153846154049e-02 1.314292996263199606e-02 1.054598065644832161e+00
-3.653846153846154049e-02 1.355043856028993396e-02 1.092762706374187154e+00
-3.653846153846154049e-02 1.377982451775669817e-02 1.125594153964063704e+00
-3.653846153846154049e-02 1.419423224996813754e-02 1.158309422742545891e+00
-3.653846153846154049e-02 1.461477935599012068e-02 1.196311536889149263e+00
-3.653846153846154049e-02 1.484033851688155124e-02 1.226479767064467596e+00
-3.653846153846154049e-02 1.526737682930610039e-02 1.257816216504280105e+00
-3.653846153846154049e-02 1.570047242275795021e-02 1.292761088040883521e+00
-3.653846153846154049e-02 1.592099352857830052e-02 1.324651113909775191e+00
-3.653846153846154049e-02 1.636017274582375614e-02 1.352567661206672600e+00
-3.653846153846154049e-02 1.680532719051472390e-02 1.383626103150700004e+00
-3.653846153846154049e-02 1.725645686265121076e-02 1.417573613771059948e+00
-3.653846153846154049e-02 1.747043161449220866e-02 1.445138518819628848e+00
-3.518518518518518740e-02 3.751129762225149499e-03 3.368749093457395816e+00
-3.518518518518518740e-02 4.023852206672642179e-03 2.462509197931456839e+00
-3.518518518518518740e-02 4.306143859697237133e-03 1.895751407411243594e+00
-3.518518518518518740e-02 4.520316362148591414e-03 1.604332978598771220e+00
-3.518518518518518740e-02 4.692572276160400860e-03 1.383926192286496271e+00
-3.518518518518518740e-02 4.858601727761749887e-03 1.198530994375551550e+00
-3.518518518518518740e-02 5.064295275153260327e-03 1.041072797629841729e+00
-3.518518518518518740e-02 5.218501983337648677e-03 9.086238278132495738e-01
-3.518518518518518740e-02 5.416608293006445335e-03 7.986020531578961190e-01
-3.518518518518518740e-02 5.611550837913176215e-03 7.089718736883922068e-01
-3.518518518518518740e-02 5.802859746335450528e-03 6.358123931577561727e-01
-3.518518518518518740e-02 5.990066131312941043e-03 5.776871883647205497e-01
-3.518518518518518740e-02 6.172702127787117223e-03 5.346403138113657860e-01
-3.518518518518518740e-02 6.417736005988525921e-03 5.003632273753932935e-01
-3.518518518518518740e-02 6.593110229031445835e-03 4.778940949068304911e-01
-3.518518518518518740e-02 6.836684674322066925e-03 4.618540632849543748e-01
-3.518518518518518740e-02 7.080787760097796181e-03 4.568730376814804650e-01
-3.518518518518518740e-02 7.244097764143780059e-03 4.580224539203696099e-01
-3.518518518518518740e-02 7.484937932444874452e-03 4.620642011032104479e-01
-3.518518518518518740e-02 7.725521743906254256e-03 4.718792561526186091e-01
-3.518518518518518740e-02 7.965613800589119164e-03 4.868087581953163268e-01
-3.518518518518518740e-02 8.204978961517285854e-03 5.060154433025946252e-01
-3.518518518518518740e-02 8.443382348041846355e-03 5.292946816039877378e-01
-3.518518518518518740e-02 8.784494994902735179e-03 5.533185488265888186e-01
-3.518518518518518740e-02 9.024342022599227478e-03 5.776179400586811674e-01
-3.518518518518518740e-02 9.262600240538619578e-03 6.053745975422193393e-01
-3.518518518518518740e-02 9.499035708338132364e-03 6.379432655094090521e-01
-3.518518518518518740e-02 9.854109402511265423e-03 6.692281717688609577e-01
-3.518518518518518740e-02 1.009057478655892882e-02 6.995322833405620555e-01
-3.518518518518518740e-02 1.032459271279109921e-02 7.365465885391370149e-01
-3.518518518518518740e-02 1.069003689930109365e-02 7.674340022596398692e-01
-3.518518518518518740e-02 1.092306575240817312e-02 8.032425667455789231e-01
-3.518518518518518740e-02 1.129647707804350316e-02 8.375111107277537492e-01
-3.518518518518518740e-02 1.152788971178652332e-02 8.729880680783189684e-01
-3.518518518518518740e-02 1.190895137116565125e-02 9.073308066969059116e-01
-3.518518518518518740e-02 1.213812144593910680e-02 9.441973690211414860e-01
-3.518518518518518740e-02 1.252651686635590338e-02 9.767257001245011061e-01
-3.518518518518518740e-02 1.275281886850796950e-02 1.017092586627632356e+00
-3.518518518518518740e-02 1.314823171389839160e-02 1.046199183500369889e+00
-3.518518518518518740e-02 1.354968139662302527e-02 1.082150948734051044e+00
-3.518518518518518740e-02 1.377315515088666995e-02 1.117346573144229360e+00
-3.518518518518518740e-02 1.418122657296095289e-02 1.148024971422593854e+00
-3.518518518518518740e-02 1.459525524207281287e-02 1.183571151414925193e+00
-3.518518518518518740e-02 1.481472487360437941e-02 1.216959254740917373e+00
-3.518518518518518740e-02 1.523497991366099848e-02 1.245924107752503174e+00
-3.518518518518518740e-02 1.566111264658554339e-02 1.279092975625224504e+00
-3.518518518518518740e-02 1.587540391880267257e-02 1.314365770395277577e+00
-3.518518518518518740e-02 1.630736797722151868e-02 1.340479788945806439e+00
-3.518518518518518740e-02 1.674513021092115597e-02 1.369883002131484728e+00
-3.518518518518518740e-02 1.718869061990158098e-02 1.401810769157324943e+00
-3.392857142857142599e-02 3.905476617943057140e-03 2.901363462807985627e+00
-3.392857142857142599e-02 4.179463681508620819e-03 2.170046146725538527e+00
-3.392857142857142599e-02 4.462738442144206612e-03 1.746309953012423977e+00
-3.392857142857142599e-02 4.634943776603906926e-03 1.508733712963767237e+00
-3.392857142857142599e-02 4.801266083184281726e-03 1.307111033635559139e+00
-3.392857142857142599e-02 4.961023138120374681e-03 1.136629214678686495e+00
-3.392857142857142599e-02 5.161388510858435676e-03 9.913284385049102587e-01
-3.392857142857142599e-02 5.308703208238055825e-03 8.708792970159118241e-01
-3.392857142857142599e-02 5.500885622919122163e-03 7.685045578908136221e-01
-3.392857142857142599e-02 5.689625718281035582e-03 6.853647005168881368e-01
-3.392857142857142599e-02 5.874468113873123482e-03 6.191786946751631771e-01
-3.392857142857142599e-02 6.117261336159908643e-03 5.673826872449180270e-01
-3.392857142857142599e-02 6.296055683895675388e-03 5.238075255057529356e-01
-3.392857142857142599e-02 6.469664572944561556e-03 4.962628376346164827e-01
-3.392857142857142599e-02 6.709511232698023644e-03 4.726197225001521618e-01
-3.392857142857142599e-02 6.949953413648542536e-03 4.616786204537541849e-01
-3.392857142857142599e-02 7.112101467444695811e-03 4.574600679953317872e-01
-3.392857142857142599e-02 7.349541717963260258e-03 4.565040397477415635e-01
-3.392857142857142599e-02 7.586815254106765369e-03 4.619062791115610134e-01
-3.392857142857142599e-02 7.823693497898446050e-03 4.727443282149588200e-01
-3.392857142857142599e-02 8.059948108416576870e-03 4.879145245441410816e-01
-3.392857142857142599e-02 8.295350986688035042e-03 5.069846039619679834e-01
-3.392857142857142599e-02 8.529674280758015037e-03 5.299358803662481687e-01
-3.392857142857142599e-02 8.867450694029095290e-03 5.554481982702407228e-01
-3.392857142857142599e-02 9.102957584380011458e-03 5.787309403484710568e-01
-3.392857142857142599e-02 9.336776603752140052e-03 6.059751717222812140e-01
-3.392857142857142599e-02 9.568680783432474690e-03 6.377253256903894219e-01
-3.392857142857142599e-02 9.919796012179914885e-03 6.684737855314868415e-01
-3.392857142857142599e-02 1.015151233747392523e-02 6.982766585000177439e-01
-3.392857142857142599e-02 1.038070772640550983e-02 7.352491645038954360e-01
-3.392857142857142599e-02 1.074174898799571537e-02 7.646503763960709188e-01
-3.392857142857142599e-02 1.096976793127385497e-02 8.008264172399155445e-01
-3.392857142857142599e-02 1.133847402007500706e-02 8.331581889348085301e-01
-3.392857142857142599e-02 1.156470806583541171e-02 8.692206240583668642e-01
-3.392857142857142599e-02 1.194077167359540621e-02 9.017183206881823621e-01
-3.392857142857142599e-02 1.216461312784841882e-02 9.396427831809762710e-01
-3.392857142857142599e-02 1.254772716434559600e-02 9.702040058585772453e-01
-3.392857142857142599e-02 1.293678095334660667e-02 1.008543448341031601e+00
-3.392857142857142599e-02 1.315842670594642543e-02 1.039272454001681778e+00
-3.392857142857142599e-02 1.355414682296642026e-02 1.073120422317228151e+00
-3.392857142857142599e-02 1.377195753265186319e-02 1.110580456519257186e+00
-3.392857142857142599e-02 1.417403736819872369e-02 1.138986302575363707e+00
-3.392857142857142599e-02 1.458190252512035941e-02 1.172771977487004458e+00
-3.392857142857142599e-02 1.479554109764107638e-02 1.208549542392851395e+00
-3.392857142857142599e-02 1.520938242849716182e-02 1.235893670358401808e+00
-3.392857142857142599e-02 1.562893191564092288e-02 1.267118275073777944e+00
-3.392857142857142599e-02 1.605418955907235087e-02 1.301928711465901056e+00
-3.392857142857142599e-02 1.626240140568130377e-02 1.330165121507813852e+00
-3.392857142857142599e-02 1.669317485011849803e-02 1.357645015935385002e+00
-3.275862068965516849e-02 3.793727282824263785e-03 3.412628840245961470e+00
-3.275862068965516849e-02 4.059874618955809991e-03 2.518856301372830231e+00
-3.275862068965516849e-02 4.335043898685038942e-03 1.944612295264212642e+00
-3.275862068965516849e-02 4.580297037577922212e-03 1.639036780803703408e+00
-3.275862068965516849e-02 4.746876668715917409e-03 1.422203058088918892e+00
-3.275862068965516849e-02 4.907233511343870452e-03 1.236127124488160200e+00
-3.275862068965516849e-02 5.060705953542468487e-03 1.079211255692721139e+00
-3.275862068965516849e-02 5.255748494905875152e-03 9.445820211807565148e-01
-3.275862068965516849e-02 5.448044199463764059e-03 8.341140180835460161e-01
-3.275862068965516849e-02 5.637149375307294943e-03 7.419923412955882203e-01
-3.275862068965516849e-02 5.822621161705523150e-03 6.651115558002345107e-01
-3.275862068965516849e-02 6.004017559510075805e-03 6.018306681720951845e-01
-3.275862068965516849e-02 6.180897463483201772e-03 5.525625410433503415e-01
-3.275862068965516849e-02 6.419440166636867715e-03 5.185037700514973924e-01
-3.275862068965516849e-02 6.589130968594361301e-03 4.878109581051878196e-01
-3.275862068965516849e-02 6.826099415710601762e-03 4.707088072829305747e-01
-3.275862068965516849e-02 6.987129983510784875e-03 4.609545071026363017e-01
-3.275862068965516849e-02 7.221341933506078038e-03 4.550069997437126701e-01
-3.275862068965516849e-02 7.455471341041949862e-03 4.560839271690195762e-01
-3.275862068965516849e-02 7.689296075859724730e-03 4.630002073916337224e-01
-3.275862068965516849e-02 7.922594226891298969e-03 4.743864085724303070e-01
-3.275862068965516849e-02 8.155144106733498363e-03 4.895826478759781608e-01
-3.275862068965516849e-02 8.386724256281685025e-03 5.083746593398147384e-01
-3.275862068965516849e-02 8.617113449530465832e-03 5.310435134440206761e-01
-3.275862068965516849e-02 8.846090698549831724e-03 5.577417310935012251e-01
-3.275862068965516849e-02 9.183054637583233995e-03 5.806527439810150737e-01
-3.275862068965516849e-02 9.412600019685534586e-03 6.067689280431795007e-01
-3.275862068965516849e-02 9.640143445727718946e-03 6.380504712268287859e-01
-3.275862068965516849e-02 9.987508308408594646e-03 6.684024450236938364e-01
-3.275862068965516849e-02 1.021465789960753455e-02 6.977090880083479663e-01
-3.275862068965516849e-02 1.043921699283668555e-02 7.343776175842388065e-01
-3.275862068965516849e-02 1.079608766854699142e-02 7.628614731467593391e-01
-3.275862068965516849e-02 1.101929300534120089e-02 7.989026424832437190e-01
-3.275862068965516849e-02 1.138354268006760983e-02 8.297385539250814457e-01
-3.275862068965516849e-02 1.160480344089184074e-02 8.663546151867212997e-01
-3.275862068965516849e-02 1.197613376011412781e-02 8.971761987069907240e-01
-3.275862068965516849e-02 1.219485983901713241e-02 9.360112769913269126e-01
-3.275862068965516849e-02 1.257297265296061957e-02 9.647771422877366998e-01
-3.275862068965516849e-02 1.295685818162080685e-02 1.001348508655875769e+00
-3.275862068965516849e-02 1.317317204189932811e-02 1.033455143876684135e+00
-3.275862068965516849e-02 1.356346714781200488e-02 1.065611874512254253e+00
-3.275862068965516849e-02 1.395945999249712834e-02 1.103386896414910501e+00
-3.275862068965516849e-02 1.417225255554635695e-02 1.131534808951366378e+00
-3.275862068965516849e-02 1.457428233444798930e-02 1.163212081641367357e+00
-3.275862068965516849e-02 1.498193490746013191e-02 1.199634460883355125e+00
-3.275862068965516849e-02 1.519009850997448535e-02 1.227155811695834542e+00
-3.275862068965516849e-02 1.560341565350739125e-02 1.256747144541485062e+00
-3.275862068965516849e-02 1.602228067816154761e-02 1.290041135024066588e+00
-3.275862068965516849e-02 1.622470910786471751e-02 1.320995734596236426e+00
-3.166666666666666935e-02 3.946812559094655184e-03 2.936140844559210539e+00
-3.166666666666666935e-02 4.214318743655516390e-03 2.213036077448955918e+00
-3.166666666666666935e-02 4.490595622792141646e-03 1.779955322819844810e+00
-3.166666666666666935e-02 4.695225375796061723e-03 1.543377914219464797e+00
-3.166666666666666935e-02 4.856132116345472302e-03 1.343110185844306859e+00
-3.166666666666666935e-02 5.010495498991859344e-03 1.170475630838294201e+00
-3.166666666666666935e-02 5.157673350237860187e-03 1.025775704143952360e+00
-3.166666666666666935e-02 5.347399219093654753e-03 9.012321839642887245e-01
-3.166666666666666935e-02 5.534102339334826676e-03 7.981054900687450937e-01
-3.166666666666666935e-02 5.717351967850386497e-03 7.124901923208295518e-01
-3.166666666666666935e-02 5.896718160504862451e-03 6.419907148208319203e-01
-3.166666666666666935e-02 6.071771801820808646e-03 5.863050505500571052e-01
-3.166666666666666935e-02 6.306816014382817664e-03 5.429473577583407984e-01
-3.166666666666666935e-02 6.475036429561475786e-03 5.071981978805329971e-01
-3.166666666666666935e-02 6.708705208962863209e-03 4.837610980528564975e-01
-3.166666666666666935e-02 6.868661273682753407e-03 4.683279934111067022e-01
-3.166666666666666935e-02 7.099804764677485752e-03 4.574062346117475086e-01
-3.166666666666666935e-02 7.330944893974797663e-03 4.542502575783955443e-01
-3.166666666666666935e-02 7.561865635352377560e-03 4.574137110924313965e-01
-3.166666666666666935e-02 7.792351165697553213e-03 4.652624293237070940e-01
-3.166666666666666935e-02 8.022185869107478079e-03 4.769093019687207780e-01
-3.166666666666666935e-02 8.251154341133623213e-03 4.919447180911873940e-01
-3.166666666666666935e-02 8.479041393177583902e-03 5.104520504347779264e-01
-3.166666666666666935e-02 8.705632057045704572e-03 5.324104055687054471e-01
-3.166666666666666935e-02 8.930711589670471337e-03 5.587810321562570737e-01
-3.166666666666666935e-02 9.264541343879691485e-03 5.828674901541489595e-01
-3.166666666666666935e-02 9.489966723646320670e-03 6.081996056050347210e-01
-3.166666666666666935e-02 9.713307625614293894e-03 6.386441730645489034e-01
-3.166666666666666935e-02 1.005711506696413751e-02 6.690667080204465433e-01
-3.166666666666666935e-02 1.027986704430260655e-02 6.976230998465282607e-01
-3.166666666666666935e-02 1.049996258587041105e-02 7.340710150939090406e-01
-3.166666666666666935e-02 1.085287799500661392e-02 7.615869870927046703e-01
-3.166666666666666935e-02 1.107145177170781002e-02 7.974800969686132168e-01
-3.166666666666666935e-02 1.143147556761401999e-02 8.272748619561208772e-01
-3.166666666666666935e-02 1.164795341619678098e-02 8.641213018436290083e-01
-3.166666666666666935e-02 1.201479569907992762e-02 8.935972546696485663e-01
-3.166666666666666935e-02 1.238732545921708041e-02 9.319207923179267938e-01
-3.166666666666666935e-02 1.260197519224388885e-02 9.604163923276199943e-01
-3.166666666666666935e-02 1.298096085741495646e-02 9.953158295788206988e-01
-3.166666666666666935e-02 1.319215173538790080e-02 1.028747803881180145e+00
-3.166666666666666935e-02 1.357730382344060280e-02 1.059000211623640109e+00
-3.166666666666666935e-02 1.396799766815593272e-02 1.095271197683831854e+00
-3.166666666666666935e-02 1.417549315108794505e-02 1.124896096665518375e+00
-3.166666666666666935e-02 1.457199131985872920e-02 1.155184582185727837e+00
-3.166666666666666935e-02 1.497395842888842553e-02 1.189856851003177729e+00
-3.166666666666666935e-02 1.517668200804274219e-02 1.219664392108684936e+00
-3.166666666666666935e-02 1.558409160505864859e-02 1.247882593970780940e+00
-3.166666666666666935e-02 1.599689735567740717e-02 1.279388842207117571e+00
-3.064516129032257563e-02 3.839769673696297788e-03 3.416373826812165948e+00
-3.064516129032257563e-02 4.100020729357937120e-03 2.546212537190857716e+00
-3.064516129032257563e-02 4.368804606516676729e-03 1.976502553685310914e+00
-3.064516129032257563e-02 4.607036391712612117e-03 1.666011779473306476e+00
-3.064516129032257563e-02 4.766075597093525490e-03 1.451454827938983172e+00
-3.064516129032257563e-02 4.918826899486982568e-03 1.268500093408341023e+00
-3.064516129032257563e-02 5.111070265727497841e-03 1.109225245034792362e+00
-3.064516129032257563e-02 5.251945389917719691e-03 9.764486031934789256e-01
-3.064516129032257563e-02 5.436361309172165097e-03 8.612847790359513533e-01
-3.064516129032257563e-02 5.617493601646684175e-03 7.660102440575088378e-01
-3.064516129032257563e-02 5.794923756734365709e-03 6.874936180530309970e-01
-3.064516129032257563e-02 5.968234033548635437e-03 6.247340637295412114e-01
-3.064516129032257563e-02 6.199953145013066894e-03 5.717747982225330761e-01
-3.064516129032257563e-02 6.366766336348010473e-03 5.305659413887330311e-01
-3.064516129032257563e-02 6.597297476599945504e-03 5.006446117130866069e-01
-3.064516129032257563e-02 6.756220412160392035e-03 4.794121227480243608e-01
-3.064516129032257563e-02 6.984444432546785091e-03 4.635430939590206023e-01
-3.064516129032257563e-02 7.212739706564385254e-03 4.562507997615881661e-01
-3.064516129032257563e-02 7.440895994205299138e-03 4.558293057046238772e-01
-3.064516129032257563e-02 7.668703244053393618e-03 4.603811040121476572e-01
-3.064516129032257563e-02 7.895951597049522680e-03 4.687925811912085905e-01
-3.064516129032257563e-02 8.122431390387813491e-03 4.804593228268825289e-01
-3.064516129032257563e-02 8.347933161549289660e-03 4.952659207539996666e-01
-3.064516129032257563e-02 8.572247652479582369e-03 5.130176911591870503e-01
-3.064516129032257563e-02 8.795165813917829589e-03 5.345353279196152219e-01
-3.064516129032257563e-02 9.016478809884318976e-03 5.598932366702623620e-01
-3.064516129032257563e-02 9.347331420759412077e-03 5.858385149213912735e-01
-3.064516129032257563e-02 9.568779526328508034e-03 6.100193235586518492e-01
-3.064516129032257563e-02 9.788064884073145386e-03 6.396788452188860719e-01
-3.064516129032257563e-02 1.012849401351326520e-02 6.702801731879185487e-01
-3.064516129032257563e-02 1.034700543283960557e-02 6.982044396970118472e-01
-3.064516129032257563e-02 1.056279783620250011e-02 7.339353525678962153e-01
-3.064516129032257563e-02 1.091195777542660998e-02 7.608748476112432435e-01
-3.064516129032257563e-02 1.112606901896020205e-02 7.966535398498967302e-01
-3.064516129032257563e-02 1.148208080162785999e-02 8.255017735018301828e-01
-3.064516129032257563e-02 1.169395247954101331e-02 8.624845939365581859e-01
-3.064516129032257563e-02 1.205653420139186915e-02 8.907561103381815837e-01
-3.064516129032257563e-02 1.242465152204961197e-02 9.278216554655379644e-01
-3.064516129032257563e-02 1.263447848264172974e-02 9.568383731648146817e-01
-3.064516129032257563e-02 1.300881316086878979e-02 9.904448267449726950e-01
-3.064516129032257563e-02 1.321507498979746127e-02 1.024531745510043779e+00
-3.064516129032257563e-02 1.359534551501407999e-02 1.053633002036144184e+00
-3.064516129032257563e-02 1.398100994838980156e-02 1.088105577164722115e+00
-3.064516129032257563e-02 1.418341097297032630e-02 1.119442145338448213e+00
-3.064516129032257563e-02 1.457465912703800708e-02 1.148175775107175056e+00
-3.064516129032257563e-02 1.497123038524265405e-02 1.181414842600261084e+00
-3.064516129032257563e-02 1.516872357448170033e-02 1.213364936663865024e+00
-3.064516129032257563e-02 1.557052667470602489e-02 1.239939895507564671e+00
-2.968750000000000208e-02 3.991660747914281028e-03 2.939208957256881583e+00
-2.968750000000000208e-02 4.253340901003353942e-03 2.234291908226711421e+00
-2.968750000000000208e-02 4.523328360539700596e-03 1.802446323573049458e+00
-2.968750000000000208e-02 4.720921628896029322e-03 1.564788491869581133e+00
-2.968750000000000208e-02 4.874508268118996242e-03 1.367312538638075559e+00
-2.968750000000000208e-02 5.021504809623663669e-03 1.198096140639377527e+00
-2.968750000000000208e-02 5.208973739571147801e-03 1.052272290409567379e+00
-2.968750000000000208e-02 5.393794496097946076e-03 9.307731967540058271e-01
-2.968750000000000208e-02 5.522652587373892002e-03 8.252532030167027965e-01
-2.968750000000000208e-02 5.698235008461816596e-03 7.379963912122803338e-01
-2.968750000000000208e-02 5.928285705035655009e-03 6.659293092000114767e-01
-2.968750000000000208e-02 6.098435260921924832e-03 6.047429480206729657e-01
-2.968750000000000208e-02 6.263900994664944356e-03 5.577117168722534046e-01
-2.968750000000000208e-02 6.491445471219019735e-03 5.211792692185266418e-01
-2.968750000000000208e-02 6.649374976200173211e-03 4.940472513343212579e-01
-2.968750000000000208e-02 6.874818519744674804e-03 4.732666230857273115e-01
-2.968750000000000208e-02 7.100403746053860106e-03 4.619381292961595165e-01
-2.968750000000000208e-02 7.325925906956998711e-03 4.580982243383840413e-01
-2.968750000000000208e-02 7.468034788915914497e-03 4.587101444515473414e-01
-2.968750000000000208e-02 7.689416732180551564e-03 4.627628591325147478e-01
-2.968750000000000208e-02 7.910055724252683038e-03 4.719234949973967752e-01
-2.968750000000000208e-02 8.223295147396869273e-03 4.852882642913936007e-01
-2.968750000000000208e-02 8.445437023219131562e-03 4.993454207045378568e-01
-2.968750000000000208e-02 8.666291154590138879e-03 5.165900417304187808e-01
-2.968750000000000208e-02 8.885654098616626792e-03 5.369511633937344985e-01
-2.968750000000000208e-02 9.103322614822034059e-03 5.616270623061800915e-01
-2.968750000000000208e-02 9.431344124858668035e-03 5.893387510681048491e-01
-2.968750000000000208e-02 9.648947708359896513e-03 6.124098711064639433e-01
-2.968750000000000208e-02 9.864314214653139776e-03 6.410075760578687332e-01
-2.968750000000000208e-02 1.020153150610494247e-02 6.722715208030433098e-01
-2.968750000000000208e-02 1.041594839731889433e-02 6.990329382930907665e-01
-2.968750000000000208e-02 1.062758680796769932e-02 7.340677145839280549e-01
-2.968750000000000208e-02 1.097317690968360911e-02 7.608545513820230699e-01
-2.968750000000000208e-02 1.118298275332782477e-02 7.961981055665087181e-01
-2.968750000000000208e-02 1.153518118476807956e-02 8.243939994915784331e-01
-2.968750000000000208e-02 1.174261098375061103e-02 8.612533251838340176e-01
-2.968750000000000208e-02 1.210114341277697576e-02 8.886912980427669195e-01
-2.968750000000000208e-02 1.246506730690147627e-02 9.245749233435706094e-01
-2.968750000000000208e-02 1.267024655800294032e-02 9.540908172879138949e-01
-2.968750000000000208e-02 1.304016133883940422e-02 9.862129885865555945e-01
-2.968750000000000208e-02 1.324167437639805871e-02 1.021334242378668877e+00
-2.968750000000000208e-02 1.361730608356427966e-02 1.048853954020967372e+00
-2.968750000000000208e-02 1.399819138104051869e-02 1.082203063418144540e+00
-2.968750000000000208e-02 1.419568628481124653e-02 1.114706552223894365e+00
-2.968750000000000208e-02 1.458194582762294654e-02 1.142196838380777901e+00
-2.968750000000000208e-02 1.497339006228447233e-02 1.174255268553344500e+00
-2.968750000000000208e-02 1.516584773143069692e-02 1.207708702906079790e+00
-2.878787878787878937e-02 3.888796746571454317e-03 3.387487749904777079e+00
-2.878787878787878937e-02 4.143733473974160406e-03 2.548909775469182293e+00
-2.878787878787878937e-02 4.406763430818225018e-03 1.992592246939749234e+00
-2.878787878787878937e-02 4.638605098188343379e-03 1.684062723590181276e+00
-2.878787878787878937e-02 4.790657814247892450e-03 1.474015791682533827e+00
-2.878787878787878937e-02 4.980338102598030718e-03 1.290300822909568712e+00
-2.878787878787878937e-02 5.121545568655121172e-03 1.133360349084961971e+00
-2.878787878787878937e-02 5.304219906510807166e-03 9.991054399993353208e-01
-2.878787878787878937e-02 5.483988045910789463e-03 8.863696385571789849e-01
-2.878787878787878937e-02 5.660452460261359252e-03 7.904709329304546728e-01
-2.878787878787878937e-02 5.833216282447153782e-03 7.090472013117364858e-01
-2.878787878787878937e-02 6.001883328958318442e-03 6.416241396499776650e-01
-2.878787878787878937e-02 6.166058125536537197e-03 5.884451288485852416e-01
-2.878787878787878937e-02 6.390756764245928735e-03 5.451950445996707195e-01
-2.878787878787878937e-02 6.547730839495980414e-03 5.120819307579178581e-01
-2.878787878787878937e-02 6.770523698920030871e-03 4.864330995766024679e-01
-2.878787878787878937e-02 6.993524822890820683e-03 4.711714713222635575e-01
-2.878787878787878937e-02 7.138805251693585048e-03 4.620335558969281275e-01
-2.878787878787878937e-02 7.358376689606418650e-03 4.561894072057650629e-01
-2.878787878787878937e-02 7.577493125539533879e-03 4.564826560274041212e-01
-2.878787878787878937e-02 7.795955630226091178e-03 4.618621165303264386e-01
-2.878787878787878937e-02 8.013565450249145530e-03 4.718890865759266529e-01
-2.878787878787878937e-02 8.230124011670931702e-03 4.859020916926638511e-01
-2.878787878787878937e-02 8.445432923791993535e-03 5.044614742617214986e-01
-2.878787878787878937e-02 8.761122974784218281e-03 5.206990568428414567e-01
-2.878787878787878937e-02 8.977039977135349222e-03 5.402054731356735751e-01
-2.878787878787878937e-02 9.191177715627850409e-03 5.637416088404989534e-01
-2.878787878787878937e-02 9.403338453967621108e-03 5.925043128723871400e-01
-2.878787878787878937e-02 9.730386789019407692e-03 6.152303997303597560e-01
-2.878787878787878937e-02 9.941961725032146327e-03 6.428939436271574603e-01
-2.878787878787878937e-02 1.027612210523461828e-02 6.745898960574027159e-01
-2.878787878787878937e-02 1.048658041551568491e-02 7.002350475922418660e-01
-2.878787878787878937e-02 1.069420367590672230e-02 7.346528984202695955e-01
-2.878787878787878937e-02 1.103639663807355446e-02 7.612957087953832191e-01
-2.878787878787878937e-02 1.124204334302357673e-02 7.961459186730722726e-01
-2.878787878787878937e-02 1.159061320762383440e-02 8.237914182350801751e-01
-2.878787878787878937e-02 1.179375404096121883e-02 8.605263936367056887e-01
-2.878787878787878937e-02 1.214843365680656762e-02 8.871839081890915413e-01
-2.878787878787878937e-02 1.250836778547925396e-02 9.222204096679504914e-01
-2.878787878787878937e-02 1.270906225204503082e-02 9.516483624429030730e-01
-2.878787878787878937e-02 1.307477200256305927e-02 9.829509428111892211e-01
-2.878787878787878937e-02 1.327170401024193626e-02 1.018407137416551977e+00
-2.878787878787878937e-02 1.364292258305927277e-02 1.045047049468542655e+00
-2.878787878787878937e-02 1.401926141205340690e-02 1.077099100687709088e+00
-2.878787878787878937e-02 1.421202547997039642e-02 1.110732755597843679e+00
-2.878787878787878937e-02 1.459353940841049378e-02 1.137231106185045082e+00
-2.878787878787878937e-02 1.498010650146568666e-02 1.167832599311925179e+00
-2.794117647058823317e-02 4.039555765570241111e-03 2.916279939480184602e+00
-2.794117647058823317e-02 4.295972879595697826e-03 2.236715615352102837e+00
-2.794117647058823317e-02 4.560279750975781109e-03 1.813977965898702749e+00
-2.794117647058823317e-02 4.751392912464370670e-03 1.579502871554829158e+00
-2.794117647058823317e-02 4.898180049517886561e-03 1.385784895038968623e+00
-2.794117647058823317e-02 5.083572049200498454e-03 1.219640551319304933e+00
-2.794117647058823317e-02 5.218959346292858549e-03 1.073479566523712680e+00
-2.794117647058823317e-02 5.396821098325834884e-03 9.498908250428756972e-01
-2.794117647058823317e-02 5.571531701406250148e-03 8.451644880360635881e-01
-2.794117647058823317e-02 5.742704082566585898e-03 7.562864110348284097e-01
-2.794117647058823317e-02 5.909951807143636743e-03 6.822050109948307739e-01
-2.794117647058823317e-02 6.072889102484718346e-03 6.225869873960154788e-01
-2.794117647058823317e-02 6.294873406062975220e-03 5.725312776240265578e-01
-2.794117647058823317e-02 6.450928363525475218e-03 5.333723867674420305e-01
-2.794117647058823317e-02 6.671191860706342062e-03 5.029056036665953133e-01
-2.794117647058823317e-02 6.891726660484686837e-03 4.838163309709095361e-01
-2.794117647058823317e-02 7.036586869135636781e-03 4.671374152941930591e-01
-2.794117647058823317e-02 7.253914643240710891e-03 4.576276357166050301e-01
-2.794117647058823317e-02 7.470866882998613082e-03 4.544868570921557493e-01
-2.794117647058823317e-02 7.687249584048221410e-03 4.564730978473769407e-01
-2.794117647058823317e-02 7.902868906073022559e-03 4.629488901215808583e-01
-2.794117647058823317e-02 8.117531176148275532e-03 4.730800287212170718e-01
-2.794117647058823317e-02 8.331042892206643943e-03 4.872843984823390096e-01
-2.794117647058823317e-02 8.543210726628060539e-03 5.051704604065199167e-01
-2.794117647058823317e-02 8.856697136762181621e-03 5.258837891149912291e-01
-2.794117647058823317e-02 9.069270131007646507e-03 5.440631372072801675e-01
-2.794117647058823317e-02 9.279983137636742610e-03 5.665089209427457417e-01
-2.794117647058823317e-02 9.488643451846370813e-03 5.940992085337832851e-01
-2.794117647058823317e-02 9.813018220812106188e-03 6.187762903923161861e-01
-2.794117647058823317e-02 1.002092025077411935e-02 6.449486085112060563e-01
-2.794117647058823317e-02 1.035216808491688095e-02 6.773886923129162074e-01
-2.794117647058823317e-02 1.055879453397600212e-02 7.020224496245446311e-01
-2.794117647058823317e-02 1.076253205826458240e-02 7.354868813103778713e-01
-2.794117647058823317e-02 1.110148875638863539e-02 7.622343592374509758e-01
-2.794117647058823317e-02 1.130311263725557354e-02 7.963586130506299376e-01
-2.794117647058823317e-02 1.164822603963275478e-02 8.237812348490011205e-01
-2.794117647058823317e-02 1.184722041239417989e-02 8.601177124709934452e-01
-2.794117647058823317e-02 1.219823018672333385e-02 8.863118135952494647e-01
-2.794117647058823317e-02 1.255436419133466354e-02 9.203314311573329576e-01
-2.794117647058823317e-02 1.275072569735334442e-02 9.500150735660164436e-01
-2.794117647058823317e-02 1.311243047313622768e-02 9.801206530265021977e-01
-2.794117647058823317e-02 1.330493778378237339e-02 1.016201958448170295e+00
-2.794117647058823317e-02 1.367195333158046505e-02 1.041789962512622125e+00
-2.794117647058823317e-02 1.404396228819212999e-02 1.072853690612609823e+00
-2.794117647058823317e-02 1.423215886745087672e-02 1.107536989141760575e+00
-2.794117647058823317e-02 1.460915338038716073e-02 1.132765021125976546e+00
-2.714285714285714565e-02 3.940420731964322520e-03 3.332633756001517789e+00
-2.714285714285714565e-02 4.190545094833152129e-03 2.531147436789797922e+00
-2.714285714285714565e-02 4.448365591944098904e-03 1.994611184721903463e+00
-2.714285714285714565e-02 4.713882223297163714e-03 1.692622457139002723e+00
-2.714285714285714565e-02 4.861689042746124116e-03 1.485869316042150334e+00
-2.714285714285714565e-02 5.003154719595711251e-03 1.305811465141477612e+00
-2.714285714285714565e-02 5.137715887196118818e-03 1.153471732649875570e+00
-2.714285714285714565e-02 5.313755178148221736e-03 1.018366347497728475e+00
-2.714285714285714565e-02 5.486788230988956516e-03 9.042276115192596775e-01
-2.714285714285714565e-02 5.656437306120538043e-03 8.074057353182679808e-01
-2.714285714285714565e-02 5.822325260922634783e-03 7.262854375182661304e-01
-2.714285714285714565e-02 5.984075571702638513e-03 6.599685111276831773e-01
-2.714285714285714565e-02 6.203468474018459210e-03 6.030360422209164462e-01
-2.714285714285714565e-02 6.358638967412399978e-03 5.577820379290505670e-01
-2.714285714285714565e-02 6.576486623145518136e-03 5.225536194914033317e-01
-2.714285714285714565e-02 6.723821417518957393e-03 4.974254230901268281e-01
-2.714285714285714565e-02 6.939115239012470446e-03 4.758019643401917298e-01
-2.714285714285714565e-02 7.154298408692393203e-03 4.628832905806342657e-01
-2.714285714285714565e-02 7.369181464243511510e-03 4.566229473227543800e-01
-2.714285714285714565e-02 7.583575093646988986e-03 4.555896600610985780e-01
-2.714285714285714565e-02 7.797290138169507209e-03 4.589470799232691633e-01
-2.714285714285714565e-02 8.010137595455688736e-03 4.656888809283049047e-01
-2.714285714285714565e-02 8.221928622728736508e-03 4.760900083692139462e-01
-2.714285714285714565e-02 8.432474540104517233e-03 4.896159001983396708e-01
-2.714285714285714565e-02 8.641586834024614708e-03 5.070732734550466025e-01
-2.714285714285714565e-02 8.849077160814353485e-03 5.286704057993053540e-01
-2.714285714285714565e-02 9.162294727294392760e-03 5.487863099560760238e-01
-2.714285714285714565e-02 9.369682026350968987e-03 5.698006786626521603e-01
-2.714285714285714565e-02 9.574944520535314668e-03 5.963348243442285757e-01
-2.714285714285714565e-02 9.896769044697753884e-03 6.226169915592704163e-01
-2.714285714285714565e-02 1.010110893638759173e-02 6.473509303564051187e-01
-2.714285714285714565e-02 1.030282223004445018e-02 6.799415873731282645e-01
-2.714285714285714565e-02 1.063249177482037365e-02 7.041778250797194882e-01
-2.714285714285714565e-02 1.083246434108855148e-02 7.366511128798480801e-01
-2.714285714285714565e-02 1.116833483308443155e-02 7.635585747162635384e-01
-2.714285714285714565e-02 1.136606309565956624e-02 7.969733766830314758e-01
-2.714285714285714565e-02 1.170788054228777929e-02 8.241959264726985701e-01
-2.714285714285714565e-02 1.190286142928740840e-02 8.601376358522959675e-01
-2.714285714285714565e-02 1.225037198141321060e-02 8.856371328939952603e-01
-2.714285714285714565e-02 1.260288268536816081e-02 9.192002876432083802e-01
-2.714285714285714565e-02 1.279505289188315187e-02 9.485523616775841660e-01
-2.714285714285714565e-02 1.315293920926799941e-02 9.781017308733734872e-01
-2.714285714285714565e-02 1.351576188965126525e-02 1.013614390966927292e+00
-2.714285714285714565e-02 1.370417609047594465e-02 1.039168906219595234e+00
-2.714285714285714565e-02 1.407205708419361108e-02 1.069479806241749875e+00
-2.714285714285714565e-02 1.444481067385455612e-02 1.104317384473231911e+00
-2.638888888888889228e-02 3.845976506921798457e-03 3.794483367954518904e+00
-2.638888888888889228e-02 4.090105875036952748e-03 2.872483364280413731e+00
-2.638888888888889228e-02 4.341746916017186209e-03 2.223203600497490218e+00
-2.638888888888889228e-02 4.600899629862502740e-03 1.816000591902101613e+00
-2.638888888888889228e-02 4.786014112329701857e-03 1.587049327244660191e+00
-2.638888888888889228e-02 4.926452553384250317e-03 1.398260964560317232e+00
-2.638888888888889228e-02 5.105583869262814850e-03 1.232545566820342886e+00
-2.638888888888889228e-02 5.234513967251774869e-03 1.091467928871292514e+00
-2.638888888888889228e-02 5.405941120967837354e-03 9.673878990501749708e-01
-2.638888888888889228e-02 5.574131003233957771e-03 8.621795702646039006e-01
-2.638888888888889228e-02 5.738715337185676217e-03 7.736775569484337645e-01
-2.638888888888889228e-02 5.899326425508411367e-03 7.004305967273144473e-01
-2.638888888888889228e-02 6.116242979061529798e-03 6.365655654578686873e-01
-2.638888888888889228e-02 6.270562049519939722e-03 5.851810505939871732e-01
-2.638888888888889228e-02 6.486100196545619041e-03 5.452526646139367328e-01
-2.638888888888889228e-02 6.632900828646726490e-03 5.132431463389754978e-01
-2.638888888888889228e-02 6.846075789922119112e-03 4.878987373824495988e-01
-2.638888888888889228e-02 7.059207285329224292e-03 4.718205853738439703e-01
-2.638888888888889228e-02 7.272110337631073305e-03 4.627445549262731439e-01
-2.638888888888889228e-02 7.484600110281423857e-03 4.590517455621660470e-01
-2.638888888888889228e-02 7.612016240429880093e-03 4.586387002997288076e-01
-2.638888888888889228e-02 7.819870248007279243e-03 4.630010772108180683e-01
-2.638888888888889228e-02 8.117743554001145487e-03 4.706603608830866037e-01
-2.638888888888889228e-02 8.326734755269670288e-03 4.804136506059338285e-01
-2.638888888888889228e-02 8.534390704776573244e-03 4.934585421874821409e-01
-2.638888888888889228e-02 8.740527471704744381e-03 5.098919865253356276e-01
-2.638888888888889228e-02 8.944961287450833506e-03 5.306077910164788136e-01
-2.638888888888889228e-02 9.256067253750400667e-03 5.542373440317951427e-01
-2.638888888888889228e-02 9.460221424007552588e-03 5.739509770066281158e-01
-2.638888888888889228e-02 9.662182013558224050e-03 5.988275532224393016e-01
-2.638888888888889228e-02 9.981571529190488151e-03 6.269508024599260709e-01
-2.638888888888889228e-02 1.018245280683872413e-02 6.503732434999238698e-01
-2.638888888888889228e-02 1.038065087069632228e-02 6.816261212139806958e-01
-2.638888888888889228e-02 1.070758054899705915e-02 7.067805105900394347e-01
-2.638888888888889228e-02 1.090390101649552773e-02 7.380444150673304282e-01
-2.638888888888889228e-02 1.123682545065391065e-02 7.653876803804920970e-01
-2.638888888888889228e-02 1.143077695003462055e-02 7.978466737419774857e-01
-2.638888888888889228e-02 1.176944832593313991e-02 8.251281232651810349e-01
-2.638888888888889228e-02 1.196053996599971171e-02 8.601308601362884776e-01
-2.638888888888889228e-02 1.230471060583765951e-02 8.856200501882451892e-01
-2.638888888888889228e-02 1.265376309872295706e-02 9.184079315477964300e-01
-2.638888888888889228e-02 1.284187435214811414e-02 9.477006863259220815e-01
-2.638888888888889228e-02 1.319611633559074869e-02 9.765109375805566261e-01
-2.638888888888889228e-02 1.355517793785572522e-02 1.011315104785310615e+00
-2.638888888888889228e-02 1.373938636841562366e-02 1.037224561312717341e+00
-2.638888888888889228e-02 1.410332787021056390e-02 1.066495910028703031e+00
-2.567567567567567710e-02 3.994314385718374452e-03 3.257561603382814752e+00
-2.567567567567567710e-02 4.240061919091312435e-03 2.496674852313610415e+00
-2.567567567567567710e-02 4.493145199729116530e-03 1.985087482269470627e+00
-2.567567567567567710e-02 4.753564227631782400e-03 1.694237471995393651e+00
-2.567567567567567710e-02 4.895230533220783047e-03 1.492154527094518457e+00
-2.567567567567567710e-02 5.030502902575475360e-03 1.316140504914378173e+00
-2.567567567567567710e-02 5.205469350383511162e-03 1.165373847561461895e+00
-2.567567567567567710e-02 5.328733324314443784e-03 1.034391154068929453e+00
-2.567567567567567710e-02 5.495524383166540926e-03 9.203967319092596355e-01
-2.567567567567567710e-02 5.658858062815789146e-03 8.242048773692941532e-01
-2.567567567567567710e-02 5.818375097299655942e-03 7.438231486932876946e-01
-2.567567567567567710e-02 6.032923099314631103e-03 6.729836924079556360e-01
-2.567567567567567710e-02 6.186422230908339773e-03 6.154459269847163405e-01
-2.567567567567567710e-02 6.399750574253505048e-03 5.708839454716434503e-01
-2.567567567567567710e-02 6.546033524083560984e-03 5.321769834834921831e-01
-2.567567567567567710e-02 6.757180162594723059e-03 5.033045600215013682e-01
-2.567567567567567710e-02 6.968347245245701087e-03 4.843092059131265392e-01
-2.567567567567567710e-02 7.103056606043461028e-03 4.694274361188927602e-01
-2.567567567567567710e-02 7.310661543825363630e-03 4.592462859035265632e-01
-2.567567567567567710e-02 7.517686118350117887e-03 4.553098220603603585e-01
-2.567567567567567710e-02 7.723950118491820782e-03 4.561554911613534546e-01
-2.567567567567567710e-02 7.929273474929757551e-03 4.617983871651991645e-01
-2.567567567567567710e-02 8.133476263061531486e-03 4.713910929768256874e-01
-2.567567567567567710e-02 8.336378706019624898e-03 4.854837062373095202e-01
-2.567567567567567710e-02 8.636764800975050074e-03 4.985242189711762140e-01
-2.567567567567567710e-02 8.840000973255584399e-03 5.139342149747019306e-01
-2.567567567567567710e-02 9.041456897374948454e-03 5.333524905429321006e-01
-2.567567567567567710e-02 9.240953323604641015e-03 5.579780110868135523e-01
-2.567567567567567710e-02 9.551552032536910278e-03 5.785259836900190633e-01
-2.567567567567567710e-02 9.750300487839187388e-03 6.017874706107975147e-01
-2.567567567567567710e-02 1.006736280859358255e-02 6.320685875829146205e-01
-2.567567567567567710e-02 1.026488234449982745e-02 6.537923193063475136e-01
-2.567567567567567710e-02 1.045966459612988723e-02 6.836767852243836874e-01
-2.567567567567567710e-02 1.078397609011639766e-02 7.097517787709201054e-01
-2.567567567567567710e-02 1.097675004865512026e-02 7.398269065994226290e-01
-2.567567567567567710e-02 1.130685948429077312e-02 7.675940400419751786e-01
-2.567567567567567710e-02 1.149714541101901424e-02 7.990951000291834916e-01
-2.567567567567567710e-02 1.183281086200234540e-02 8.262225152818046814e-01
-2.567567567567567710e-02 1.202012947664792344e-02 8.607245399391859619e-01
-2.567567567567567710e-02 1.236110914638818316e-02 8.857330631126885123e-01
-2.567567567567567710e-02 1.270685776255837778e-02 9.183144181084251789e-01
-2.567567567567567710e-02 1.289103386202327360e-02 9.471112990626392447e-01
-2.567567567567567710e-02 1.324179427937927436e-02 9.754699457270535889e-01
-2.567567567567567710e-02 1.359726289025683585e-02 1.009780550063137827e+00
-2.567567567567567710e-02 1.377739585644201063e-02 1.035500961012716159e+00
-2.500000000000000139e-02 3.902859610496697308e-03 3.683442947702301851e+00
-2.500000000000000139e-02 4.142980449709991568e-03 2.812154702871120016e+00
-2.500000000000000139e-02 4.390269075168460461e-03 2.197091436287648136e+00
-2.500000000000000139e-02 4.644725486872100517e-03 1.809611423334735125e+00
-2.500000000000000139e-02 4.824260270803992431e-03 1.588496811291094213e+00
-2.500000000000000139e-02 4.958742600433787250e-03 1.404575852202212927e+00
-2.500000000000000139e-02 5.132055056193248789e-03 1.241543232279726849e+00
-2.500000000000000139e-02 5.302812845382613369e-03 1.103059072588188139e+00
-2.500000000000000139e-02 5.420378416923798438e-03 9.818593795460446305e-01
-2.500000000000000139e-02 5.582511435116481111e-03 8.777014606186346324e-01
-2.500000000000000139e-02 5.796237147786886985e-03 7.895543699418088313e-01
-2.500000000000000139e-02 5.953257708857928945e-03 7.121613927304100145e-01
-2.500000000000000139e-02 6.105966890278026644e-03 6.484591235253519548e-01
-2.500000000000000139e-02 6.317179019046718219e-03 5.993340366142098086e-01
-2.500000000000000139e-02 6.462960298369066665e-03 5.541127282080670069e-01
-2.500000000000000139e-02 6.672163674658382164e-03 5.219012853880317104e-01
-2.500000000000000139e-02 6.809848497969526147e-03 4.974199980055332704e-01
-2.500000000000000139e-02 7.016104739731229833e-03 4.766574312247331413e-01
-2.500000000000000139e-02 7.222031311134415391e-03 4.635246345973247362e-01
-2.500000000000000139e-02 7.427451932458141795e-03 4.566742051590848006e-01
-2.500000000000000139e-02 7.632190454394318681e-03 4.544752055815232672e-01
-2.500000000000000139e-02 7.836070860658758339e-03 4.567998500001453355e-01
-2.500000000000000139e-02 8.038917270692726505e-03 4.626615999696242487e-01
-2.500000000000000139e-02 8.240553942459356504e-03 4.724682451032087283e-01
-2.500000000000000139e-02 8.440805275339519423e-03 4.860171700112864701e-01
-2.500000000000000139e-02 8.639495813132030966e-03 5.040130293648354964e-01
-2.500000000000000139e-02 8.939977682970451020e-03 5.190375390477039996e-01
-2.500000000000000139e-02 9.138529413900661411e-03 5.372534329693704480e-01
-2.500000000000000139e-02 9.335051948335037694e-03 5.602005953787355663e-01
-2.500000000000000139e-02 9.643627973501715106e-03 5.837478114588838807e-01
-2.500000000000000139e-02 9.839248413144022556e-03 6.055287499427169928e-01
-2.500000000000000139e-02 1.003237214189160557e-02 6.342771316243607238e-01
-2.500000000000000139e-02 1.034833308093067138e-02 6.577149908932642397e-01
-2.500000000000000139e-02 1.053979265744639689e-02 6.860158814403766181e-01
-2.500000000000000139e-02 1.086159991718936742e-02 7.132283188593986356e-01
-2.500000000000000139e-02 1.105092627531539459e-02 7.418870986340355689e-01
-2.500000000000000139e-02 1.137834342490843566e-02 7.702711498223325792e-01
-2.500000000000000139e-02 1.156506792621978495e-02 8.003389356948337197e-01
-2.500000000000000139e-02 1.189785865634161895e-02 8.278762407698083692e-01
-2.500000000000000139e-02 1.208151310032159337e-02 8.612755342886523335e-01
-2.500000000000000139e-02 1.241944122523413845e-02 8.863910465086910495e-01
-2.500000000000000139e-02 1.276203042773168747e-02 9.185712339524951808e-01
-2.500000000000000139e-02 1.294238731952765051e-02 9.469230706587138391e-01
-2.500000000000000139e-02 1.328981851690519585e-02 9.750367328621495355e-01
-2.500000000000000139e-02 1.364185145199634484e-02 1.008558453832386848e+00
