-1.000000000000000000e+03 -0.000000000000000000e+00 3.861009095222718202e+01
-1.000000000000000000e+03 -0.000000000000000000e+00 2.263867255363678765e+01
-1.000000000000000000e+03 -0.000000000000000000e+00 1.287499940050302882e+01
-1.000000000000000000e+03 -0.000000000000000000e+00 6.680838186039585125e+00
-1.000000000000000000e+03 -0.000000000000000000e+00 3.540143097278365403e+00
-1.000000000000000000e+03 -0.000000000000000000e+00 2.321706856905227045e+00
-1.000000000000000000e+03 -0.000000000000000000e+00 3.085041297041445585e+00
-1.000000000000000000e+03 -0.000000000000000000e+00 3.085565058610961753e+00
-1.000000000000000000e+03 -0.000000000000000000e+00 3.086081992103042460e+00
-1.000000000000000000e+03 -0.000000000000000000e+00 3.086587971402825481e+00
-1.000000000000000000e+03 -0.000000000000000000e+00 3.087080054549555808e+00
-1.000000000000000000e+03 -0.000000000000000000e+00 3.087556253428837216e+00
-1.000000000000000000e+03 -0.000000000000000000e+00 3.088015325152345447e+00
-1.000000000000000000e+03 -0.000000000000000000e+00 3.088456520333104027e+00
-1.000000000000000000e+03 -0.000000000000000000e+00 3.088879507242541678e+00
-1.000000000000000000e+03 -0.000000000000000000e+00 3.089284274717492007e+00
-1.000000000000000000e+03 -0.000000000000000000e+00 3.089670987695015469e+00
-1.000000000000000000e+03 -0.000000000000000000e+00 3.090039994315561867e+00
-1.000000000000000000e+03 -0.000000000000000000e+00 3.090391753361671157e+00
-1.000000000000000000e+03 -0.000000000000000000e+00 3.090726867832320313e+00
-1.000000000000000000e+03 -0.000000000000000000e+00 3.091045902849393734e+00
-1.000000000000000000e+03 -0.000000000000000000e+00 3.091349548850852003e+00
-1.000000000000000000e+03 -0.000000000000000000e+00 3.091638423946625913e+00
-1.000000000000000000e+03 -0.000000000000000000e+00 3.091913255245344327e+00
-1.000000000000000000e+03 -0.000000000000000000e+00 3.092174570610428663e+00
-1.000000000000000000e+03 -0.000000000000000000e+00 3.092423205593135549e+00
-1.000000000000000000e+03 -0.000000000000000000e+00 3.092659657343916901e+00
-1.000000000000000000e+03 -0.000000000000000000e+00 3.092884617218208732e+00
-1.000000000000000000e+03 -0.000000000000000000e+00 3.093098558139861343e+00
-1.000000000000000000e+03 -0.000000000000000000e+00 3.093302304114191159e+00
-1.000000000000000000e+03 -0.000000000000000000e+00 3.093496151516935910e+00
-1.000000000000000000e+03 -0.000000000000000000e+00 3.093680681645170072e+00
-1.000000000000000000e+03 -0.000000000000000000e+00 3.093856547177969318e+00
-1.000000000000000000e+03 -0.000000000000000000e+00 3.094023898643212256e+00
-1.000000000000000000e+03 -0.000000000000000000e+00 3.094183463675242773e+00
-1.000000000000000000e+03 -0.000000000000000000e+00 3.094335661163769124e+00
-1.000000000000000000e+03 -0.000000000000000000e+00 3.094480693703019369e+00
-1.000000000000000000e+03 -0.000000000000000000e+00 3.094618884392469127e+00
-1.000000000000000000e+03 -0.000000000000000000e+00 3.094751006968821105e+00
-1.000000000000000000e+03 -0.000000000000000000e+00 3.094877204755535516e+00
-1.000000000000000000e+03 -0.000000000000000000e+00 3.094997485089170386e+00
-1.000000000000000000e+03 -0.000000000000000000e+00 3.095112282051601493e+00
-1.000000000000000000e+03 -0.000000000000000000e+00 3.095222180170595916e+00
-1.000000000000000000e+03 -0.000000000000000000e+00 3.095327371505582903e+00
-1.000000000000000000e+03 -0.000000000000000000e+00 3.095428042760591580e+00
-1.000000000000000000e+03 -0.000000000000000000e+00 3.095523782233189358e+00
-1.000000000000000000e+03 -0.000000000000000000e+00 3.095615553758572336e+00
-1.000000000000000000e+03 -0.000000000000000000e+00 3.095703583471654419e+00
-1.000000000000000000e+03 -0.000000000000000000e+00 3.095788078033485213e+00
-1.000000000000000000e+03 -0.000000000000000000e+00 3.095869214561128846e+00
-1.866404715127701408e+01 -6.244418700742675585e-53 3.574763644876369995e+01
-1.866404715127701408e+01 -1.133786485235326912e-54 2.035914601166546589e+01
-1.866404715127701408e+01 -3.022171284930363181e-56 1.064065020338249745e+01
-1.866404715127701408e+01 -2.009174074228506563e-57 4.825428780629879455e+00
-1.866404715127701408e+01 -3.683179915466229323e-58 2.198026109044966869e+00
-1.866404715127701408e+01 -1.588492078565297713e-58 2.138759284001057637e+00
-1.866404715127701408e+01 -1.100924451221005713e-58 2.315853359100365605e+00
-1.866404715127701408e+01 -1.280264963906759152e-58 2.350950042419944985e+00
-1.866404715127701408e+01 -1.473131809148785555e-58 2.392791886867913220e+00
-1.866404715127701408e+01 -9.742964954880107272e-59 2.432976397241927380e+00
-1.866404715127701408e+01 -1.101872333831074954e-58 2.448392879909401465e+00
-1.866404715127701408e+01 -1.237294830311888892e-58 2.468223559918841570e+00
-1.866404715127701408e+01 -1.380563984930452010e-58 2.491230891059958097e+00
-1.866404715127701408e+01 -1.531679797686764662e-58 2.516458081742584785e+00
-1.866404715127701408e+01 -1.690642268580827025e-58 2.543163961813115215e+00
-1.866404715127701408e+01 -1.857451397612638215e-58 2.570775544869658980e+00
-1.866404715127701408e+01 -2.032107184782199115e-58 2.598847243614677005e+00
-1.866404715127701408e+01 -2.214609630089509019e-58 2.627035640278736928e+00
-1.866404715127701408e+01 -1.373650090369185694e-58 2.654014425160370561e+00
-1.866404715127701408e+01 -1.486854372011427233e-58 2.665447729294755597e+00
-1.866404715127701408e+01 -1.604540461391041185e-58 2.677494480089470219e+00
-1.866404715127701408e+01 -1.726708358508026489e-58 2.689950998450872266e+00
-1.866404715127701408e+01 -1.853358063362384205e-58 2.702646792903740991e+00
-1.866404715127701408e+01 -1.984489575954113628e-58 2.715449444443778670e+00
-1.866404715127701408e+01 -2.120102896283215463e-58 2.728250963303811005e+00
-1.866404715127701408e+01 -2.260198024349689004e-58 2.740968935977739385e+00
-1.866404715127701408e+01 -2.404774960153533543e-58 2.753537613094476200e+00
-1.866404715127701408e+01 -2.553833703694751203e-58 2.765899850143551220e+00
-1.866404715127701408e+01 -2.707374254973340922e-58 2.778021478927549914e+00
-1.866404715127701408e+01 -2.865396613989302700e-58 2.789873228570124652e+00
-1.866404715127701408e+01 -3.027900780742636184e-58 2.801429301713640463e+00
-1.866404715127701408e+01 -3.194886755233341727e-58 2.812674571572153059e+00
-1.866404715127701408e+01 -3.366354537461420390e-58 2.823600328511519209e+00
-1.866404715127701408e+01 -3.542304127426869345e-58 2.834199826563084113e+00
-1.866404715127701408e+01 -3.722735525129690712e-58 2.844473437558634465e+00
-1.866404715127701408e+01 -3.907648730569883785e-58 2.854416763599981088e+00
-1.866404715127701408e+01 -4.097043743747449271e-58 2.864036682967648684e+00
-1.866404715127701408e+01 -4.290920564662387170e-58 2.873331751890414232e+00
-1.866404715127701408e+01 -4.489279193314697482e-58 2.882318177272082504e+00
-1.866404715127701408e+01 -4.692119629704379500e-58 2.890991973969402107e+00
-1.866404715127701408e+01 -4.899441873831433931e-58 2.899368279344613164e+00
-1.866404715127701408e+01 -5.111245925695858652e-58 2.907448568692511781e+00
-1.866404715127701408e+01 -5.327531785297655787e-58 2.915246949258055498e+00
-1.866404715127701408e+01 -5.548299452636826042e-58 2.922768422291448509e+00
-1.866404715127701408e+01 -5.773548927713367295e-58 2.930024811848520372e+00
-1.866404715127701408e+01 -6.003280210527281669e-58 2.937022789639860854e+00
-1.866404715127701408e+01 -6.237493301078568455e-58 2.943773175907969719e+00
-1.866404715127701408e+01 -6.476188199367225533e-58 2.950284538325442352e+00
-1.866404715127701408e+01 -6.719364905393255731e-58 2.956565655937906545e+00
-1.866404715127701408e+01 -6.967023419156656927e-58 2.962625438146865964e+00
-9.419930589985126446e+00 -1.695070892145564398e-28 3.153699363434169456e+01
-9.419930589985126446e+00 -1.605277308481612750e-29 1.853856475782385616e+01
-9.419930589985126446e+00 -3.337351147978919261e-30 9.025881454059621944e+00
-9.419930589985126446e+00 -1.173177391280962974e-30 3.571082977967001693e+00
-9.419930589985126446e+00 -5.598698741735380436e-31 1.335544345392458920e+00
-9.419930589985126446e+00 -3.125564693641838515e-31 1.664289042921113015e+00
-9.419930589985126446e+00 -3.679791251877499975e-31 1.700951007240961932e+00
-9.419930589985126446e+00 -4.279228978014243143e-31 1.774804360501577971e+00
-9.419930589985126446e+00 -3.772264254995755075e-31 1.803418220017587004e+00
-9.419930589985126446e+00 -4.300777455408814673e-31 1.855729180143492085e+00
-9.419930589985126446e+00 -3.700375083821932200e-31 1.920070209955989426e+00
-9.419930589985126446e+00 -4.155159196627682694e-31 1.947720459940935900e+00
-9.419930589985126446e+00 -4.636294436848750133e-31 1.988884210224873161e+00
-9.419930589985126446e+00 -5.143780804485135832e-31 2.040150028463318943e+00
-9.419930589985126446e+00 -4.287705872290895898e-31 2.097443549212782088e+00
-9.419930589985126446e+00 -4.710757215199652883e-31 2.120852954808310376e+00
-9.419930589985126446e+00 -5.153708783484492480e-31 2.150750788096618127e+00
-9.419930589985126446e+00 -5.616560577145411186e-31 2.185569562776897179e+00
-9.419930589985126446e+00 -6.099312596182411627e-31 2.224046160874741496e+00
-9.419930589985126446e+00 -6.601964840595494679e-31 2.265168200300300860e+00
-9.419930589985126446e+00 -7.124517310384659467e-31 2.308112220170147832e+00
-9.419930589985126446e+00 -5.745204164797211388e-31 2.334595636813605601e+00
-9.419930589985126446e+00 -6.166600405925218523e-31 2.354622217810031781e+00
-9.419930589985126446e+00 -6.602908777611751643e-31 2.376399351216343714e+00
-9.419930589985126446e+00 -7.054129279856810749e-31 2.399468945961199751e+00
-9.419930589985126446e+00 -7.520261912660395842e-31 2.423459597629939122e+00
-9.419930589985126446e+00 -8.001306676022502540e-31 2.448065381954606767e+00
-9.419930589985126446e+00 -8.497263569943140480e-31 2.473024144340974839e+00
-9.419930589985126446e+00 -9.008132594422303529e-31 2.498140295351844564e+00
-9.419930589985126446e+00 -9.533913749459995192e-31 2.523247360224270430e+00
-9.419930589985126446e+00 -1.007460703505621021e-30 2.548202850785645790e+00
-9.419930589985126446e+00 -1.063021245121095034e-30 2.572897756341627318e+00
-9.419930589985126446e+00 -1.120072999792422084e-30 2.597247816320268576e+00
-9.419930589985126446e+00 -8.759605289563372502e-31 2.614829253624105121e+00
-9.419930589985126446e+00 -9.205786015120956244e-31 2.626289469994568471e+00
-9.419930589985126446e+00 -9.663049602384038854e-31 2.637864680308632526e+00
-9.419930589985126446e+00 -1.013139605135262208e-30 2.649489760876043487e+00
-9.419930589985126446e+00 -1.061082536202670418e-30 2.661096516431229464e+00
-9.419930589985126446e+00 -1.110133753440628690e-30 2.672654109227706964e+00
-9.419930589985126446e+00 -1.160293256849136499e-30 2.684103528607912459e+00
-9.419930589985126446e+00 -1.211561046428194545e-30 2.695426089895684996e+00
-9.419930589985126446e+00 -1.263937122177802127e-30 2.706582351802728326e+00
-9.419930589985126446e+00 -1.317421484097959421e-30 2.717560810046855124e+00
-9.419930589985126446e+00 -1.372014132188667128e-30 2.728337599397904434e+00
-9.419930589985126446e+00 -1.427715066449924371e-30 2.738904793371065072e+00
-9.419930589985126446e+00 -1.484524286881731851e-30 2.749248585925098798e+00
-9.419930589985126446e+00 -1.542441793484089218e-30 2.759364453733587741e+00
-9.419930589985126446e+00 -1.601467586256996122e-30 2.769246632727777158e+00
-9.419930589985126446e+00 -1.661601665200453087e-30 2.778893173415737383e+00
-9.419930589985126446e+00 -1.722844030314460115e-30 2.788301819553552274e+00
-6.299734748010610730e+00 -2.226482829724048873e-20 2.797396879233989253e+01
-6.299734748010610730e+00 -6.527760564942592951e-21 1.522000359966793681e+01
-6.299734748010610730e+00 -2.487973476998885452e-21 6.901599497566406782e+00
-6.299734748010610730e+00 -1.156834985254199268e-21 2.422626862875867371e+00
-6.299734748010610730e+00 -7.512643759319621399e-22 9.089470154045978800e-01
-6.299734748010610730e+00 -7.605414896479474259e-22 1.164006212542658902e+00
-6.299734748010610730e+00 -7.559289764374767570e-22 1.216459059899978712e+00
-6.299734748010610730e+00 -7.391632878062032561e-22 1.281100211760000773e+00
-6.299734748010610730e+00 -8.505153090338099099e-22 1.346732903718189656e+00
-6.299734748010610730e+00 -8.119190737112058278e-22 1.397059425008948086e+00
-6.299734748010610730e+00 -9.182329699174618399e-22 1.464955328255153733e+00
-6.299734748010610730e+00 -8.595238299759834299e-22 1.515430390074117728e+00
-6.299734748010610730e+00 -9.590500297776326241e-22 1.569075689226441028e+00
-6.299734748010610730e+00 -8.828661653670759719e-22 1.642490982326943794e+00
-6.299734748010610730e+00 -9.744927490221389170e-22 1.675317512307050727e+00
-6.299734748010610730e+00 -1.070642176806557713e-21 1.725106424539746941e+00
-6.299734748010610730e+00 -1.171314448720333299e-21 1.787993921929667884e+00
-6.299734748010610730e+00 -1.053996615002166597e-21 1.831937859493811382e+00
-6.299734748010610730e+00 -1.144589244950985804e-21 1.866482744740270761e+00
-6.299734748010610730e+00 -1.238916325885612769e-21 1.909347430088544240e+00
-6.299734748010610730e+00 -1.336977857806048057e-21 1.958651167831813922e+00
-6.299734748010610730e+00 -1.438773840712290351e-21 2.012864875557315081e+00
-6.299734748010610730e+00 -1.268546375567653700e-21 2.044435615306087861e+00
-6.299734748010610730e+00 -1.358300432438431814e-21 2.071985484022627055e+00
-6.299734748010610730e+00 -1.451122099974210203e-21 2.103230832296870023e+00
-6.299734748010610730e+00 -1.547011378174988305e-21 2.137343928175864605e+00
-6.299734748010610730e+00 -1.645968267040766118e-21 2.173635366478182451e+00
-6.299734748010610730e+00 -1.747992766571544584e-21 2.211515368802013271e+00
-6.299734748010610730e+00 -1.853084876767323326e-21 2.250519873070641275e+00
-6.299734748010610730e+00 -1.602283635066164396e-21 2.285432985370314363e+00
-6.299734748010610730e+00 -1.693153347743189694e-21 2.303932091348191769e+00
-6.299734748010610730e+00 -1.786529215120770430e-21 2.323710246353950737e+00
-6.299734748010610730e+00 -1.882411237198906603e-21 2.344470594311082401e+00
-6.299734748010610730e+00 -1.980799413977597274e-21 2.365960666254291134e+00
-6.299734748010610730e+00 -2.081693745456842817e-21 2.387973920026522201e+00
-6.299734748010610730e+00 -2.185094231636643986e-21 2.410320389790186368e+00
-6.299734748010610730e+00 -2.291000872517000780e-21 2.432859887750961736e+00
-6.299734748010610730e+00 -2.399413668097912071e-21 2.455452123918251406e+00
-6.299734748010610730e+00 -2.510332618379378612e-21 2.478018217454588168e+00
-6.299734748010610730e+00 -2.623757723361400402e-21 2.500443299733990710e+00
-6.299734748010610730e+00 -2.739688983043977817e-21 2.522675376641603240e+00
-6.299734748010610730e+00 -2.858126397427109729e-21 2.544637311766243748e+00
-6.299734748010610730e+00 -2.979069966510796138e-21 2.566294510466068157e+00
-6.299734748010610730e+00 -3.102519690295038549e-21 2.587598623108078755e+00
-6.299734748010610730e+00 -2.622433715765456889e-21 2.600720453652979991e+00
-6.299734748010610730e+00 -2.726781157721900589e-21 2.611197041672663310e+00
-6.299734748010610730e+00 -2.833164304903192222e-21 2.621697771812887101e+00
-6.299734748010610730e+00 -2.941583157309332165e-21 2.632183142528841557e+00
-6.299734748010610730e+00 -3.052037714940320041e-21 2.642623924528634927e+00
-6.299734748010610730e+00 -3.164527977796156603e-21 2.652989513650553466e+00
-4.732254047322540735e+00 -2.759600970775905578e-16 2.541608204774114199e+01
-4.732254047322540735e+00 -1.443605312379142524e-16 1.262256695771418080e+01
-4.732254047322540735e+00 -7.457490001530820545e-17 5.005572351241839968e+00
-4.732254047322540735e+00 -4.465574945833422058e-17 1.322713177075322655e+00
-4.732254047322540735e+00 -3.418157419937093083e-17 7.309592598416383424e-01
-4.732254047322540735e+00 -3.615337003718861924e-17 7.860854752047543581e-01
-4.732254047322540735e+00 -3.758846572777595722e-17 8.459908581948504258e-01
-4.732254047322540735e+00 -3.849561108081132976e-17 9.072101424305449857e-01
-4.732254047322540735e+00 -3.889700147513541587e-17 9.731106800203687124e-01
-4.732254047322540735e+00 -4.434666707289149399e-17 1.050702198760660622e+00
-4.732254047322540735e+00 -4.390915898315144458e-17 1.095748497529701826e+00
-4.732254047322540735e+00 -4.303082645838738774e-17 1.162360853505815861e+00
-4.732254047322540735e+00 -4.801346275347093908e-17 1.222116633400489816e+00
-4.732254047322540735e+00 -4.633605492217849568e-17 1.283652112435655690e+00
-4.732254047322540735e+00 -5.114495414056381317e-17 1.337841004703535841e+00
-4.732254047322540735e+00 -4.870834039243343005e-17 1.411257285163369124e+00
-4.732254047322540735e+00 -5.328837599600163081e-17 1.449623256137577254e+00
-4.732254047322540735e+00 -5.807417617354885183e-17 1.508752507963397438e+00
-4.732254047322540735e+00 -5.446798547701610949e-17 1.574971423728745101e+00
-4.732254047322540735e+00 -5.895676264935148946e-17 1.609539770981048390e+00
-4.732254047322540735e+00 -6.362325250154726934e-17 1.657051762797030703e+00
-4.732254047322540735e+00 -6.846745503360341216e-17 1.714850154091651424e+00
-4.732254047322540735e+00 -6.322692368356204150e-17 1.769236805418858971e+00
-4.732254047322540735e+00 -6.770044787893832283e-17 1.799674885683284487e+00
-4.732254047322540735e+00 -7.232686801027913198e-17 1.837171208552872415e+00
-4.732254047322540735e+00 -7.710618407758450594e-17 1.880306547374002379e+00
-4.732254047322540735e+00 -8.203839608085435842e-17 1.927890624847837797e+00
-4.732254047322540735e+00 -8.712350402008878803e-17 1.978904419484379451e+00
-4.732254047322540735e+00 -7.914222007839529311e-17 2.008098400575924369e+00
-4.732254047322540735e+00 -8.376154461085509756e-17 2.034301363732004209e+00
-4.732254047322540735e+00 -8.851188177064137040e-17 2.063351005505687841e+00
-4.732254047322540735e+00 -9.339323155775416095e-17 2.094658034789046219e+00
-4.732254047322540735e+00 -9.840559397219343223e-17 2.127724790401815280e+00
-4.732254047322540735e+00 -1.035489690139591842e-16 2.162126882757291479e+00
-4.732254047322540735e+00 -1.088233566830513923e-16 2.197513469978224165e+00
-4.732254047322540735e+00 -1.142287569794701428e-16 2.233564405440253253e+00
-4.732254047322540735e+00 -1.021856542702538000e-16 2.264806896353431576e+00
-4.732254047322540735e+00 -1.070211969278747265e-16 2.282328579909969957e+00
-4.732254047322540735e+00 -1.119685217593266808e-16 2.300802463860511793e+00
-4.732254047322540735e+00 -1.170276287646096384e-16 2.319991082614480504e+00
-4.732254047322540735e+00 -1.221985179437236238e-16 2.339743196599933572e+00
-4.732254047322540735e+00 -1.274811892966685877e-16 2.359885224919329616e+00
-4.732254047322540735e+00 -1.328756428234445549e-16 2.380304569769557954e+00
-4.732254047322540735e+00 -1.383818785240515746e-16 2.400879247107126080e+00
-4.732254047322540735e+00 -1.439998963984895975e-16 2.421523383512421912e+00
-4.732254047322540735e+00 -1.497296964467586729e-16 2.442151171875929894e+00
-4.732254047322540735e+00 -1.555712786688587269e-16 2.462698741903763366e+00
-4.732254047322540735e+00 -1.615246430647897841e-16 2.483107634541396713e+00
-4.732254047322540735e+00 -1.675897896345518445e-16 2.503330293667962003e+00
-4.732254047322540735e+00 -1.737667183781449574e-16 2.523326216045300718e+00
-3.789389708815317448e+00 -8.243094708088974224e-14 2.355573617581649160e+01
-3.789389708815317448e+00 -6.161762304481478317e-14 1.058945105997256597e+01
-3.789389708815317448e+00 -3.532889615160290633e-14 3.628052068963393495e+00
-3.789389708815317448e+00 -2.662077448693480725e-14 6.299820343534126010e-01
-3.789389708815317448e+00 -2.468538276498899765e-14 4.794848470427339748e-01
-3.789389708815317448e+00 -2.440259658576249164e-14 5.355425503666944032e-01
-3.789389708815317448e+00 -2.606020088234322293e-14 5.774547667483825863e-01
-3.789389708815317448e+00 -2.743385160679585721e-14 6.329755864703179302e-01
-3.789389708815317448e+00 -2.851527032079257874e-14 6.912856303765374522e-01
-3.789389708815317448e+00 -2.930311482176199628e-14 7.495530046016231074e-01
-3.789389708815317448e+00 -2.980199736932828334e-14 8.105031529835918791e-01
-3.789389708815317448e+00 -3.002157069359803316e-14 8.807664415759938192e-01
-3.789389708815317448e+00 -3.349783596863277700e-14 9.399727129092548816e-01
-3.789389708815317448e+00 -3.325680222353028503e-14 9.947114675757106061e-01
-3.789389708815317448e+00 -3.670829610852611244e-14 1.072000222755776555e+00
-3.789389708815317448e+00 -3.599452710801707554e-14 1.115230301734749130e+00
-3.789389708815317448e+00 -3.937908536559894889e-14 1.188912854132607499e+00
-3.789389708815317448e+00 -3.819628978356597287e-14 1.234605914914252978e+00
-3.789389708815317448e+00 -4.147931963065266068e-14 1.293357418433933370e+00
-3.789389708815317448e+00 -3.984441703039297149e-14 1.360592459996104564e+00
-3.789389708815317448e+00 -4.299814459926976029e-14 1.399235283001803998e+00
-3.789389708815317448e+00 -4.627197472822196187e-14 1.454900014536354425e+00
-3.789389708815317448e+00 -4.966590741724957624e-14 1.524244078798100865e+00
-3.789389708815317448e+00 -4.705063022787891145e-14 1.557153422212418814e+00
-3.789389708815317448e+00 -5.026591151032742390e-14 1.599131647338193796e+00
-3.789389708815317448e+00 -5.358745280097081619e-14 1.650241091503352742e+00
-3.789389708815317448e+00 -5.701525409980906938e-14 1.708695160708948224e+00
-3.789389708815317448e+00 -5.339877177348931186e-14 1.747101831001374617e+00
-3.789389708815317448e+00 -5.660919101254917263e-14 1.778711825332498719e+00
-3.789389708815317448e+00 -5.991332153286997102e-14 1.815717793890766263e+00
-3.789389708815317448e+00 -6.331116333445170072e-14 1.857084913936897674e+00
-3.789389708815317448e+00 -6.680271641729436172e-14 1.901940022769389671e+00
-3.789389708815317448e+00 -7.038798078139796666e-14 1.949543661706248932e+00
-3.789389708815317448e+00 -6.509921642433245628e-14 1.981206845222930113e+00
-3.789389708815317448e+00 -6.841512104072488892e-14 2.005513612085026764e+00
-3.789389708815317448e+00 -7.181339073966584232e-14 2.032236814870014729e+00
-3.789389708815317448e+00 -7.529402552115531647e-14 2.060926635230547088e+00
-3.789389708815317448e+00 -7.885702538519328614e-14 2.091165507016118585e+00
-3.789389708815317448e+00 -8.250239033177977657e-14 2.122648656928384447e+00
-3.789389708815317448e+00 -8.623012036091473726e-14 2.155043263257059749e+00
-3.789389708815317448e+00 -9.004021547259825658e-14 2.188126810802255129e+00
-3.789389708815317448e+00 -9.393267566683022092e-14 2.221657662904997110e+00
-3.789389708815317448e+00 -8.574622123897927019e-14 2.251119478157640685e+00
-3.789389708815317448e+00 -8.929946015128737024e-14 2.267618186511608958e+00
-3.789389708815317448e+00 -9.292483342023313749e-14 2.284864630525065721e+00
-3.789389708815317448e+00 -9.662234104581660982e-14 2.302697793442819663e+00
-3.789389708815317448e+00 -1.003919830280377746e-13 2.320988225939044192e+00
-3.789389708815317448e+00 -1.042337593668966066e-13 2.339617842214833487e+00
-3.789389708815317448e+00 -1.081476700623931310e-13 2.358488846050763144e+00
-3.789389708815317448e+00 -1.121337151145273479e-13 2.377510297527638095e+00
-3.159820389156827058e+00 -3.810989104909502714e-12 2.190544289817075452e+01
-3.159820389156827058e+00 -3.640488309600238599e-12 8.549873872457972368e+00
-3.159820389156827058e+00 -2.549736959302354680e-12 2.458508832904367836e+00
-3.159820389156827058e+00 -1.964463045378676451e-12 3.230339037500519761e-01
-3.159820389156827058e+00 -2.061346941778237648e-12 3.343067402822140766e-01
-3.159820389156827058e+00 -2.114382488556456202e-12 3.623715062724993663e-01
-3.159820389156827058e+00 -2.125177924288696619e-12 4.012855643729608679e-01
-3.159820389156827058e+00 -2.278198086821715768e-12 4.433151018114679931e-01
-3.159820389156827058e+00 -2.412579850260856454e-12 5.024936614762274267e-01
-3.159820389156827058e+00 -2.317878460275339885e-12 5.477909746750708742e-01
-3.159820389156827058e+00 -2.399846425282640985e-12 6.018308028891817818e-01
-3.159820389156827058e+00 -2.462330594359952613e-12 6.638859320853941481e-01
-3.159820389156827058e+00 -2.747449398708669714e-12 7.158726120701168760e-01
-3.159820389156827058e+00 -2.779672318253716204e-12 7.665512974269091950e-01
-3.159820389156827058e+00 -2.792041549304947326e-12 8.299116719664855202e-01
-3.159820389156827058e+00 -3.067521482414120282e-12 8.946941801943102401e-01
-3.159820389156827058e+00 -3.047272265741000969e-12 9.446452890274458225e-01
-3.159820389156827058e+00 -3.320946136971609801e-12 1.017125007998508135e+00
-3.159820389156827058e+00 -3.267169019891468998e-12 1.062008294192224422e+00
-3.159820389156827058e+00 -3.536420646993387055e-12 1.126620184339765629e+00
-3.159820389156827058e+00 -3.449069107139631591e-12 1.181521274833559065e+00
-3.159820389156827058e+00 -3.711677330471755186e-12 1.230033385506161592e+00
-3.159820389156827058e+00 -3.983919505070965684e-12 1.298841001779838855e+00
-3.159820389156827058e+00 -3.845565017816704286e-12 1.342303246814514628e+00
-3.159820389156827058e+00 -4.108357953051363159e-12 1.387138710726004476e+00
-3.159820389156827058e+00 -4.379835783011724900e-12 1.445227021214327445e+00
-3.159820389156827058e+00 -4.189809062820381996e-12 1.504053996663302861e+00
-3.159820389156827058e+00 -4.449512230447235721e-12 1.536366947761786950e+00
-3.159820389156827058e+00 -4.717023995130780640e-12 1.577883190650140932e+00
-3.159820389156827058e+00 -4.992344356871015943e-12 1.626964518046885022e+00
-3.159820389156827058e+00 -5.275473315667943248e-12 1.682200152481366340e+00
-3.159820389156827058e+00 -4.990816594519440524e-12 1.721781922908883100e+00
-3.159820389156827058e+00 -5.258670925057937354e-12 1.751207926321588504e+00
-3.159820389156827058e+00 -5.533526405290545509e-12 1.785361784055618850e+00
-3.159820389156827058e+00 -5.815383035217261755e-12 1.823414207643000884e+00
-3.159820389156827058e+00 -6.104240814838093364e-12 1.864623529056681495e+00
-3.159820389156827058e+00 -6.400099744153033874e-12 1.908385689523893758e+00
-3.159820389156827058e+00 -5.992189405662162560e-12 1.952798313309362488e+00
-3.159820389156827058e+00 -6.269193478615811086e-12 1.974404509722926360e+00
-3.159820389156827058e+00 -6.552456311301172170e-12 1.998305013335988534e+00
-3.159820389156827058e+00 -6.841977903718249851e-12 2.024129677577957143e+00
-3.159820389156827058e+00 -7.137758255867040897e-12 2.051498990378945120e+00
-3.159820389156827058e+00 -7.439797367747544501e-12 2.080130177803135361e+00
-3.159820389156827058e+00 -7.748095239359765510e-12 2.109745200124333309e+00
-3.159820389156827058e+00 -8.062651870703700693e-12 2.140124797262813683e+00
-3.159820389156827058e+00 -8.383467261779351664e-12 2.171064255470628090e+00
-3.159820389156827058e+00 -8.710541412586716809e-12 2.202396703232334829e+00
-3.159820389156827058e+00 -9.043874323125796127e-12 2.233972815645439258e+00
-3.159820389156827058e+00 -8.362459084950106479e-12 2.251609799563766057e+00
-3.159820389156827058e+00 -8.670677825492639695e-12 2.267611796603430374e+00
-2.709640616086708587e+00 -6.071877016120023296e-11 2.029408905728637080e+01
-2.709640616086708587e+00 -7.289554447817739699e-11 6.432270923299736154e+00
-2.709640616086708587e+00 -5.607999816545021750e-11 1.447886194526249559e+00
-2.709640616086708587e+00 -4.957754985490432562e-11 2.917825123039911039e-01
-2.709640616086708587e+00 -5.022484453502728339e-11 2.786898824683353704e-01
-2.709640616086708587e+00 -4.953703985367069135e-11 2.928995101058265438e-01
-2.709640616086708587e+00 -5.103634345673472984e-11 3.094606561838678105e-01
-2.709640616086708587e+00 -5.541770629339837335e-11 3.270823915545874039e-01
-2.709640616086708587e+00 -5.537838427499968880e-11 3.579631914197258791e-01
-2.709640616086708587e+00 -5.871704369319551020e-11 3.951496261720426895e-01
-2.709640616086708587e+00 -6.166721258208451397e-11 4.441960059602498845e-01
-2.709640616086708587e+00 -6.420836001360601001e-11 4.951072844283390118e-01
-2.709640616086708587e+00 -6.632669893426927475e-11 5.440281768814716479e-01
-2.709640616086708587e+00 -6.801464992301593091e-11 5.916815379917280682e-01
-2.709640616086708587e+00 -6.927031887595438648e-11 6.422245822055333564e-01
-2.709640616086708587e+00 -7.009698875068371392e-11 7.024014731978562853e-01
-2.709640616086708587e+00 -7.668819472474158331e-11 7.664122336047567430e-01
-2.709640616086708587e+00 -7.683442810810845240e-11 8.114582019385253586e-01
-2.709640616086708587e+00 -7.655893010598508276e-11 8.843532489497298865e-01
-2.709640616086708587e+00 -8.286825061395905934e-11 9.254885665992981236e-01
-2.709640616086708587e+00 -8.188653375852030139e-11 1.000582285562309437e+00
-2.709640616086708587e+00 -8.812128188248140858e-11 1.037537182207745712e+00
-2.709640616086708587e+00 -9.458475574407042537e-11 1.102241227250281508e+00
-2.709640616086708587e+00 -9.253841717461756406e-11 1.153182985491005619e+00
-2.709640616086708587e+00 -9.886218030399347622e-11 1.199384741474399441e+00
-2.709640616086708587e+00 -1.053949338957647114e-10 1.263509515929632787e+00
-2.709640616086708587e+00 -1.022308706075658823e-10 1.311033881149597846e+00
-2.709640616086708587e+00 -1.085675987323945185e-10 1.351112484909568368e+00
-2.709640616086708587e+00 -1.150948557484828992e-10 1.403338278409325124e+00
-2.709640616086708587e+00 -1.218126416558310631e-10 1.465595277250138162e+00
-2.709640616086708587e+00 -1.170729618918701554e-10 1.500748081835468373e+00
-2.709640616086708587e+00 -1.235294292742763784e-10 1.536674441493906862e+00
-2.709640616086708587e+00 -1.301591845364510422e-10 1.579855012404763670e+00
-2.709640616086708587e+00 -1.369622276783941212e-10 1.629045209614339518e+00
-2.709640616086708587e+00 -1.439385587001055893e-10 1.683180715856607668e+00
-2.709640616086708587e+00 -1.370745731940955475e-10 1.712701225917851122e+00
-2.709640616086708587e+00 -1.437182718442090426e-10 1.741916776110222997e+00
-2.709640616086708587e+00 -1.505191857214570321e-10 1.775072927162698377e+00
-2.709640616086708587e+00 -1.574773148258394901e-10 1.811543079875765239e+00
-2.709640616086708587e+00 -1.645926591573564167e-10 1.850697544724281496e+00
-2.709640616086708587e+00 -1.718652187160078119e-10 1.892065212388109874e+00
-2.709640616086708587e+00 -1.792949935017936757e-10 1.935174821008660784e+00
-2.709640616086708587e+00 -1.691043054059705899e-10 1.958528238802874410e+00
-2.709640616086708587e+00 -1.761118211836358902e-10 1.980838478842601003e+00
-2.709640616086708587e+00 -1.832615966445719486e-10 2.004883650257098360e+00
-2.709640616086708587e+00 -1.905536317887788168e-10 2.030359474831087141e+00
-2.709640616086708587e+00 -1.979879266162564171e-10 2.057010825262978404e+00
-2.709640616086708587e+00 -2.055644811270048015e-10 2.084608166406743734e+00
-2.709640616086708587e+00 -2.132832953210239180e-10 2.112953678633699095e+00
-2.709640616086708587e+00 -2.211443691983138701e-10 2.141870471129104558e+00
-2.371738859068780680e+00 -4.982486804056840354e-10 1.944749982832760793e+01
-2.371738859068780680e+00 -6.565972367122488491e-10 4.864839337829302224e+00
-2.371738859068780680e+00 -5.613701138351688022e-10 8.171104671956448406e-01
-2.371738859068780680e+00 -5.459729586457871333e-10 3.401844350180581178e-01
-2.371738859068780680e+00 -5.681046580201399048e-10 3.016440506275735456e-01
-2.371738859068780680e+00 -5.766182700676601345e-10 2.790697701592860791e-01
-2.371738859068780680e+00 -6.062484017299690041e-10 2.716485034683224220e-01
-2.371738859068780680e+00 -6.271255917060778856e-10 2.757128018358326327e-01
-2.371738859068780680e+00 -6.391888063939529746e-10 2.856389162270327464e-01
-2.371738859068780680e+00 -6.426015195432470811e-10 3.141532127845934053e-01
-2.371738859068780680e+00 -6.812113695298354722e-10 3.359629106313044566e-01
-2.371738859068780680e+00 -7.161005553645946713e-10 3.749225508041484356e-01
-2.371738859068780680e+00 -7.470261632627569647e-10 4.194309271500096803e-01
-2.371738859068780680e+00 -7.738035002961845653e-10 4.638732801972894615e-01
-2.371738859068780680e+00 -7.963025315957824970e-10 5.072042039738504648e-01
-2.371738859068780680e+00 -8.144443647121449081e-10 5.518788805239743800e-01
-2.371738859068780680e+00 -8.281977820845090295e-10 6.030321824191410274e-01
-2.371738859068780680e+00 -8.375758226149688705e-10 6.678711156013311667e-01
-2.371738859068780680e+00 -9.095667526352512184e-10 7.117833755719704669e-01
-2.371738859068780680e+00 -9.120748410672613968e-10 7.665124342395974733e-01
-2.371738859068780680e+00 -9.842665252612760419e-10 8.254813686252675531e-01
-2.371738859068780680e+00 -9.795228260097604829e-10 8.749382456660869112e-01
-2.371738859068780680e+00 -1.051368355801157379e-09 9.323719616206715965e-01
-2.371738859068780680e+00 -1.039133358573724921e-09 9.880102647240709413e-01
-2.371738859068780680e+00 -1.110144225412449166e-09 1.034211028959932221e+00
-2.371738859068780680e+00 -1.183501890129603941e-09 1.103481974801967747e+00
-2.371738859068780680e+00 -1.160053245715750720e-09 1.141196431119071653e+00
-2.371738859068780680e+00 -1.231958551664321210e-09 1.189409902388774976e+00
-2.371738859068780680e+00 -1.306025862664740889e-09 1.253021715348411558e+00
-2.371738859068780680e+00 -1.270811640134503439e-09 1.294863117711874345e+00
-2.371738859068780680e+00 -1.342882705505443929e-09 1.333949036641234320e+00
-2.371738859068780680e+00 -1.416941465499073303e-09 1.383785383794526647e+00
-2.371738859068780680e+00 -1.492987920115391561e-09 1.442588728248269669e+00
-2.371738859068780680e+00 -1.441258123019378958e-09 1.480527120085625592e+00
-2.371738859068780680e+00 -1.514670288726288425e-09 1.513653546959754292e+00
-2.371738859068780680e+00 -1.589905968613498449e-09 1.553455903105075198e+00
-2.371738859068780680e+00 -1.666965162681008410e-09 1.598866703294507641e+00
-2.371738859068780680e+00 -1.745847870928818515e-09 1.648914936551982624e+00
-2.371738859068780680e+00 -1.671897125425913746e-09 1.689223896276178971e+00
-2.371738859068780680e+00 -1.747438950275004665e-09 1.715277096188090322e+00
-2.371738859068780680e+00 -1.824649889730284968e-09 1.745168762401071438e+00
-2.371738859068780680e+00 -1.903529943791754655e-09 1.778259412753127044e+00
-2.371738859068780680e+00 -1.984079112459413519e-09 1.814042935543723978e+00
-2.371738859068780680e+00 -2.066297395733261974e-09 1.852040284562131323e+00
-2.371738859068780680e+00 -2.150184793613300019e-09 1.891855090930031125e+00
-2.371738859068780680e+00 -2.041564661752326506e-09 1.932682194390941577e+00
-2.371738859068780680e+00 -2.121214645131547226e-09 1.952381846117578812e+00
-2.371738859068780680e+00 -2.202388778638117251e-09 1.973867958676855050e+00
-2.371738859068780680e+00 -2.285087062272035754e-09 1.996865565262083919e+00
-2.371738859068780680e+00 -2.369309496033303562e-09 2.021119876186984410e+00
-2.108768035516093153e+00 -2.635379157640615403e-09 1.921573754078954011e+01
-2.108768035516093153e+00 -3.472929765086321682e-09 4.208655959770497113e+00
-2.108768035516093153e+00 -3.627001698921268501e-09 5.696888360243094196e-01
-2.108768035516093153e+00 -3.802523166077122491e-09 4.709214479447757506e-01
-2.108768035516093153e+00 -3.865521227148353987e-09 3.953960032324169149e-01
-2.108768035516093153e+00 -4.009893069881515809e-09 3.412050223103992863e-01
-2.108768035516093153e+00 -4.072292258473858742e-09 3.034746756687767832e-01
-2.108768035516093153e+00 -4.273938637880426989e-09 2.823732361481388620e-01
-2.108768035516093153e+00 -4.422791784806925474e-09 2.742075074504617405e-01
-2.108768035516093153e+00 -4.517933346241690580e-09 2.728200863885547611e-01
-2.108768035516093153e+00 -4.559646153217383182e-09 2.886933256177688367e-01
-2.108768035516093153e+00 -4.828947488135822493e-09 3.038857815158574338e-01
-2.108768035516093153e+00 -5.076067849065617158e-09 3.377016134346349507e-01
-2.108768035516093153e+00 -4.980593130260263847e-09 3.745287828840584421e-01
-2.108768035516093153e+00 -5.160285254368796910e-09 4.100865937519295179e-01
-2.108768035516093153e+00 -5.314677588227241013e-09 4.549599362321493090e-01
-2.108768035516093153e+00 -5.814415669620547244e-09 4.922126401231496917e-01
-2.108768035516093153e+00 -5.931963065833619554e-09 5.318277206413802860e-01
-2.108768035516093153e+00 -6.021839070813064521e-09 5.804926003632729925e-01
-2.108768035516093153e+00 -6.084048079111454191e-09 6.459576714700366873e-01
-2.108768035516093153e+00 -6.565606891801063813e-09 6.814086864324182535e-01
-2.108768035516093153e+00 -6.584697897511903967e-09 7.399786410056937713e-01
-2.108768035516093153e+00 -7.067668887468524241e-09 7.873314503099771988e-01
-2.108768035516093153e+00 -7.041227034953369987e-09 8.451462620701378770e-01
-2.108768035516093153e+00 -7.522400727660709386e-09 8.900930068106274184e-01
-2.108768035516093153e+00 -7.448776755359729388e-09 9.588135474924043278e-01
-2.108768035516093153e+00 -7.925248864075367085e-09 9.928715436171663411e-01
-2.108768035516093153e+00 -8.416491353499456417e-09 1.049508025335541328e+00
-2.108768035516093153e+00 -8.272671862258271879e-09 1.106002308406380363e+00
-2.108768035516093153e+00 -8.755526096628575869e-09 1.142840475377420395e+00
-2.108768035516093153e+00 -9.252074974320870877e-09 1.195135436171824939e+00
-2.108768035516093153e+00 -9.762318495335161867e-09 1.260405156977427055e+00
-2.108768035516093153e+00 -9.519137401268815515e-09 1.289669488920350604e+00
-2.108768035516093153e+00 -1.001667510977205231e-08 1.329855240512746617e+00
-2.108768035516093153e+00 -1.052688615472376527e-08 1.379378696916431890e+00
-2.108768035516093153e+00 -1.104977053612395936e-08 1.436723544470715375e+00
-2.108768035516093153e+00 -1.070010182148627206e-08 1.470321545568560762e+00
-2.108768035516093153e+00 -1.120644294312594644e-08 1.502433681984514546e+00
-2.108768035516093153e+00 -1.172448904087367248e-08 1.540575176792239320e+00
-2.108768035516093153e+00 -1.225424011472945017e-08 1.583762377529713827e+00
-2.108768035516093153e+00 -1.279569616469327952e-08 1.631217381777284370e+00
-2.108768035516093153e+00 -1.230319223778972092e-08 1.675115866479244708e+00
-2.108768035516093153e+00 -1.282381021385281384e-08 1.699336628885461442e+00
-2.108768035516093153e+00 -1.335521627230664055e-08 1.727118447780509269e+00
-2.108768035516093153e+00 -1.389741041315119940e-08 1.757934517854865542e+00
-2.108768035516093153e+00 -1.445039263638649370e-08 1.791305629248184594e+00
-2.108768035516093153e+00 -1.501416294201251518e-08 1.826820835528740083e+00
-2.108768035516093153e+00 -1.558872133002927376e-08 1.864112487089433889e+00
-2.108768035516093153e+00 -1.617406780043675952e-08 1.902856771198477182e+00
-2.108768035516093153e+00 -1.542259157972908945e-08 1.933544633771366428e+00
-1.898291537616145552e+00 -1.029112700008834794e-08 1.980271708984609091e+01
-1.898291537616145552e+00 -1.356175302945315864e-08 4.617544157547399664e+00
-1.898291537616145552e+00 -1.728296411749530682e-08 8.213029803271141294e-01
-1.898291537616145552e+00 -1.851244432149299280e-08 6.691739548029824736e-01
-1.898291537616145552e+00 -1.850330484124012990e-08 5.539751752517503292e-01
-1.898291537616145552e+00 -1.952462589392359673e-08 4.651510098999738219e-01
-1.898291537616145552e+00 -2.019308223859201284e-08 3.989873130065031970e-01
-1.898291537616145552e+00 -2.050387682301699862e-08 3.414220566047136418e-01
-1.898291537616145552e+00 -2.147412257126034775e-08 3.144926925307812704e-01
-1.898291537616145552e+00 -2.113326064047865740e-08 2.948071824430049670e-01
-1.898291537616145552e+00 -2.271784183166249643e-08 2.806330296712756800e-01
-1.898291537616145552e+00 -2.298461352720514769e-08 2.778567314358815765e-01
-1.898291537616145552e+00 -2.430854904359886168e-08 2.949771331929365026e-01
-1.898291537616145552e+00 -2.415553625356823874e-08 3.130409312081844919e-01
-1.898291537616145552e+00 -2.519263099361055668e-08 3.333427577791678864e-01
-1.898291537616145552e+00 -2.612287091771289683e-08 3.627829734278357199e-01
-1.898291537616145552e+00 -2.694140397217953959e-08 3.984894238590798721e-01
-1.898291537616145552e+00 -2.764446718288422621e-08 4.409212070855688115e-01
-1.898291537616145552e+00 -2.822934086536146311e-08 4.931750030700100540e-01
-1.898291537616145552e+00 -3.055575737878253063e-08 5.254321252426382705e-01
-1.898291537616145552e+00 -3.096548693729898105e-08 5.682818950943948622e-01
-1.898291537616145552e+00 -3.124954617307731867e-08 6.305938641250129484e-01
-1.898291537616145552e+00 -3.354162160095824771e-08 6.653725090093093320e-01
-1.898291537616145552e+00 -3.363089687307950663e-08 7.230820100234091052e-01
-1.898291537616145552e+00 -3.592911886722182689e-08 7.656271960941816168e-01
-1.898291537616145552e+00 -3.581286738380595946e-08 8.262595998875905678e-01
-1.898291537616145552e+00 -3.810369083065410480e-08 8.645350407460795639e-01
-1.898291537616145552e+00 -4.046552857997002508e-08 9.298132181259795015e-01
-1.898291537616145552e+00 -4.004520365649022633e-08 9.669116884542886536e-01
-1.898291537616145552e+00 -4.238253752802603014e-08 1.015330953926823154e+00
-1.898291537616145552e+00 -4.478616253137066790e-08 1.082028005941355175e+00
-1.898291537616145552e+00 -4.403927760306304051e-08 1.112825096598434760e+00
-1.898291537616145552e+00 -4.640284095915211499e-08 1.157049223701520413e+00
-1.898291537616145552e+00 -4.882818289777980682e-08 1.214091003173129124e+00
-1.898291537616145552e+00 -4.773820067082187540e-08 1.260749268857942029e+00
-1.898291537616145552e+00 -5.010942034205580345e-08 1.293709794427361448e+00
-1.898291537616145552e+00 -5.253811211564307198e-08 1.336064014716370929e+00
-1.898291537616145552e+00 -5.502427599158370085e-08 1.386369705568736732e+00
-1.898291537616145552e+00 -5.345609389687502499e-08 1.441502192171805197e+00
-1.898291537616145552e+00 -5.587141647914548626e-08 1.467543917947095711e+00
-1.898291537616145552e+00 -5.834010618894803560e-08 1.499795132687294918e+00
-1.898291537616145552e+00 -6.086216302628263990e-08 1.537316399576353243e+00
-1.898291537616145552e+00 -6.343758699114929918e-08 1.579337860681261363e+00
-1.898291537616145552e+00 -6.606637808354805975e-08 1.625144993866995735e+00
-1.898291537616145552e+00 -6.371411942463108182e-08 1.667405872663072941e+00
-1.898291537616145552e+00 -6.624932378022602295e-08 1.690687140397509891e+00
-1.898291537616145552e+00 -6.883398721843936666e-08 1.717229693838776328e+00
-1.898291537616145552e+00 -7.146810973927111296e-08 1.746561924694092660e+00
-1.898291537616145552e+00 -7.415169134272124860e-08 1.778270463449903138e+00
-1.898291537616145552e+00 -7.688473202878978682e-08 1.811981017228947444e+00
-1.726017441860465240e+00 -3.238928831964910367e-08 2.104567731371575334e+01
-1.726017441860465240e+00 -4.268293734855881794e-08 5.982092686299340656e+00
-1.726017441860465240e+00 -5.439471379712830333e-08 1.933416996813906552e+00
-1.726017441860465240e+00 -6.752461766535757970e-08 9.250866609223838966e-01
-1.726017441860465240e+00 -7.144079236489568989e-08 7.662351803267953843e-01
-1.726017441860465240e+00 -7.373301862125590653e-08 6.409635165252296485e-01
-1.726017441860465240e+00 -7.438319919495927621e-08 5.302103851507956600e-01
-1.726017441860465240e+00 -7.657506360742245331e-08 4.480620330546682406e-01
-1.726017441860465240e+00 -7.755712148930094314e-08 3.902376819821591347e-01
-1.726017441860465240e+00 -8.093438878451317402e-08 3.394768648642296771e-01
-1.726017441860465240e+00 -8.353146625614654015e-08 3.082175928401644227e-01
-1.726017441860465240e+00 -8.532762561561614550e-08 2.930549806877379426e-01
-1.726017441860465240e+00 -9.069305067348718533e-08 2.878241211738354344e-01
-1.726017441860465240e+00 -9.105939530096288813e-08 2.880594752581011053e-01
-1.726017441860465240e+00 -9.548116221798026142e-08 2.964166417410371568e-01
-1.726017441860465240e+00 -9.955540930595493961e-08 3.171552450570979675e-01
-1.726017441860465240e+00 -1.032597188221629968e-07 3.432646046404525531e-01
-1.726017441860465240e+00 -1.065752072715575018e-07 3.716740609630795333e-01
-1.726017441860465240e+00 -1.094864140315246851e-07 4.024580027015738359e-01
-1.726017441860465240e+00 -1.119811889108374070e-07 4.382305174534806280e-01
-1.726017441860465240e+00 -1.140505785999972816e-07 4.836141057953358136e-01
-1.726017441860465240e+00 -1.227342607431435978e-07 5.313043280686945424e-01
-1.726017441860465240e+00 -1.241741873247105576e-07 5.648878716423721968e-01
-1.726017441860465240e+00 -1.251632470753824017e-07 6.204262243742671989e-01
-1.726017441860465240e+00 -1.337164809773057925e-07 6.595196541435157656e-01
-1.726017441860465240e+00 -1.340094784534466534e-07 7.123852006915932789e-01
-1.726017441860465240e+00 -1.425815945046697561e-07 7.547930915771992044e-01
-1.726017441860465240e+00 -1.421412348289837643e-07 8.137850324770798949e-01
-1.726017441860465240e+00 -1.506869923399318203e-07 8.495290654442525513e-01
-1.726017441860465240e+00 -1.594821982331823224e-07 9.104125133233589295e-01
-1.726017441860465240e+00 -1.579630095176810760e-07 9.503258543800355840e-01
-1.726017441860465240e+00 -1.666745258413187036e-07 9.938561124990789031e-01
-1.726017441860465240e+00 -1.756198542643413606e-07 1.054728319550210180e+00
-1.726017441860465240e+00 -1.729426105393477563e-07 1.093027773885188569e+00
-1.726017441860465240e+00 -1.817516443827111156e-07 1.131813938286820642e+00
-1.726017441860465240e+00 -1.907794893450959839e-07 1.182985841677376415e+00
-1.726017441860465240e+00 -1.868835971355343656e-07 1.241319620414007119e+00
-1.726017441860465240e+00 -1.957271438389543760e-07 1.269069327412612580e+00
-1.726017441860465240e+00 -2.047751248623419085e-07 1.306083688253053321e+00
-1.726017441860465240e+00 -2.140275402056968043e-07 1.350984930483959401e+00
-1.726017441860465240e+00 -2.234843898690192486e-07 1.402645794520185341e+00
-1.726017441860465240e+00 -2.174488292265774146e-07 1.443304711195258161e+00
-1.726017441860465240e+00 -2.266503248369205306e-07 1.470912904318182557e+00
-1.726017441860465240e+00 -2.360424909529442737e-07 1.503876798730471087e+00
-1.726017441860465240e+00 -2.456253275746485911e-07 1.541442891366448187e+00
-1.726017441860465240e+00 -2.553988347020334827e-07 1.582932205787402680e+00
-1.726017441860465240e+00 -2.653630123350988955e-07 1.627753953540192366e+00
-1.726017441860465240e+00 -2.564986909224772321e-07 1.664474098131176083e+00
-1.726017441860465240e+00 -2.661300519697999318e-07 1.687439321070895559e+00
-1.726017441860465240e+00 -2.759389214190117652e-07 1.713332294987664373e+00
-1.582410260681269332e+00 -8.726353592587409942e-08 2.300741732072287959e+01
-1.582410260681269332e+00 -1.149967853562936178e-07 8.368873908226106551e+00
-1.582410260681269332e+00 -1.465507674873409902e-07 4.144098184444192867e+00
-1.582410260681269332e+00 -1.819254823190162828e-07 1.840870150064662036e+00
-1.582410260681269332e+00 -2.211209298513194029e-07 1.022300818881290096e+00
-1.582410260681269332e+00 -2.238804040244800463e-07 8.578446250877510559e-01
-1.582410260681269332e+00 -2.374141200707823309e-07 7.191771510164290948e-01
-1.582410260681269332e+00 -2.385068865434458201e-07 5.981146808789910008e-01
-1.582410260681269332e+00 -2.445125721954198412e-07 5.066089617931648359e-01
-1.582410260681269332e+00 -2.573522886446109720e-07 4.347053786564486488e-01
-1.582410260681269332e+00 -2.569146495440768091e-07 3.847759313102044887e-01
-1.582410260681269332e+00 -2.645454438630606732e-07 3.460232768073610021e-01
-1.582410260681269332e+00 -2.823475703296361692e-07 3.131718464793711854e-01
-1.582410260681269332e+00 -2.859370931514113956e-07 2.957291544512110626e-01
-1.582410260681269332e+00 -3.011646957885395147e-07 2.944325462689686423e-01
-1.582410260681269332e+00 -3.004879149330606999e-07 3.035014290785755242e-01
-1.582410260681269332e+00 -3.128487409225659797e-07 3.096206733245915332e-01
-1.582410260681269332e+00 -3.241471020988712147e-07 3.265101434611785702e-01
-1.582410260681269332e+00 -3.343273071194022395e-07 3.510763901904344064e-01
-1.582410260681269332e+00 -3.433426040947266315e-07 3.831999525947785701e-01
-1.582410260681269332e+00 -3.511549459922030744e-07 4.251423142737001393e-01
-1.582410260681269332e+00 -3.778914866693415234e-07 4.499522524755772412e-01
-1.582410260681269332e+00 -3.839736947212599592e-07 4.843971299036909373e-01
-1.582410260681269332e+00 -3.887484701101212635e-07 5.358944621819520249e-01
-1.582410260681269332e+00 -4.153142286020222242e-07 5.705757269002225129e-01
-1.582410260681269332e+00 -4.181238166606230317e-07 6.159362154260108468e-01
-1.582410260681269332e+00 -4.448697298718313808e-07 6.623686100171046753e-01
-1.582410260681269332e+00 -4.455802560157540444e-07 7.069134228110193208e-01
-1.582410260681269332e+00 -4.723692509485625182e-07 7.522235671462802475e-01
-1.582410260681269332e+00 -4.708723534998433464e-07 8.059100595713157844e-01
-1.582410260681269332e+00 -4.975767612174684987e-07 8.420322102149694343e-01
-1.582410260681269332e+00 -5.250176671032451434e-07 9.012790986343519606e-01
-1.582410260681269332e+00 -5.202901785326788698e-07 9.399199354000322693e-01
-1.582410260681269332e+00 -5.474842374344218576e-07 9.810461066153055576e-01
-1.582410260681269332e+00 -5.753709864619007508e-07 1.038438972530872695e+00
-1.582410260681269332e+00 -5.671798074219862708e-07 1.079861377577668646e+00
-1.582410260681269332e+00 -5.946697468989848088e-07 1.115233016382944919e+00
-1.582410260681269332e+00 -6.228102030996332546e-07 1.162401883241447553e+00
-1.582410260681269332e+00 -6.516011760239317140e-07 1.219722877448833342e+00
-1.582410260681269332e+00 -6.385775204033493553e-07 1.252094629095053868e+00
-1.582410260681269332e+00 -6.667931958394534846e-07 1.285251541155592259e+00
-1.582410260681269332e+00 -6.956188262421227343e-07 1.326096650870746352e+00
-1.582410260681269332e+00 -7.250544116113567870e-07 1.373566179139636301e+00
-1.582410260681269332e+00 -7.068525031137431116e-07 1.426179468777625026e+00
-1.582410260681269332e+00 -7.355492518458687285e-07 1.450233325333566192e+00
-1.582410260681269332e+00 -7.648169821994229486e-07 1.479611947796911187e+00
-1.582410260681269332e+00 -7.946556941744052424e-07 1.513599591464647842e+00
-1.582410260681269332e+00 -8.250653877708158218e-07 1.551554536767930648e+00
-1.582410260681269332e+00 -8.560460629886544749e-07 1.592906512494592697e+00
-1.582410260681269332e+00 -8.875977198279216253e-07 1.637146976247025876e+00
-1.460864216515454395e+00 -2.103799647752585090e-07 2.667074086808392153e+01
-1.460864216515454395e+00 -2.772408818395319205e-07 1.289059367575515580e+01
-1.460864216515454395e+00 -3.533130416347503956e-07 7.225859236535514540e+00
-1.460864216515454395e+00 -4.385964441609140664e-07 3.662744492972526800e+00
-1.460864216515454395e+00 -5.330910894180225095e-07 1.743877562771991130e+00
-1.460864216515454395e+00 -6.175333268599571807e-07 1.117212196901307353e+00
-1.460864216515454395e+00 -6.404162965357354984e-07 9.345089120066822908e-01
-1.460864216515454395e+00 -6.515037526575765408e-07 7.878715646254434990e-01
-1.460864216515454395e+00 -6.747180280194339429e-07 6.604908477364015429e-01
-1.460864216515454395e+00 -6.891054818514094341e-07 5.624477322737775342e-01
-1.460864216515454395e+00 -7.221740705316099557e-07 4.774311650786640659e-01
-1.460864216515454395e+00 -7.496230019839551801e-07 4.168054344788508780e-01
-1.460864216515454395e+00 -7.711850738475789460e-07 3.682592758227920537e-01
-1.460864216515454395e+00 -7.866812358125919861e-07 3.327193287413359180e-01
-1.460864216515454395e+00 -7.960173876949333067e-07 3.218814077663158524e-01
-1.460864216515454395e+00 -8.363651605864572205e-07 3.004706557904363584e-01
-1.460864216515454395e+00 -8.743279079709246970e-07 3.005708583364443132e-01
-1.460864216515454395e+00 -9.097085642572786246e-07 3.118036065039431759e-01
-1.460864216515454395e+00 -9.423319989382404920e-07 3.279273962348609461e-01
-1.460864216515454395e+00 -9.720446057449825134e-07 3.460904641777712287e-01
-1.460864216515454395e+00 -9.987138844434023006e-07 3.661747240167305129e-01
-1.460864216515454395e+00 -1.022228014930733684e-06 3.903287876857459149e-01
-1.460864216515454395e+00 -1.042495423266485239e-06 4.225350700595836839e-01
-1.460864216515454395e+00 -1.059444339244520180e-06 4.682994427308160290e-01
-1.460864216515454395e+00 -1.131843189956418547e-06 4.976909337338669692e-01
-1.460864216515454395e+00 -1.143927018208343988e-06 5.357585004693884434e-01
-1.460864216515454395e+00 -1.217100015128990533e-06 5.860893390503674194e-01
-1.460864216515454395e+00 -1.223920295948146316e-06 6.181198050636563801e-01
-1.460864216515454395e+00 -1.297504334207590745e-06 6.735095899523387830e-01
-1.460864216515454395e+00 -1.298723967780527695e-06 7.067174926949083558e-01
-1.460864216515454395e+00 -1.372378014552408690e-06 7.568504253119108238e-01
-1.460864216515454395e+00 -1.367719834346952319e-06 8.021053080967011084e-01
-1.460864216515454395e+00 -1.441124591595600965e-06 8.405221480730505901e-01
-1.460864216515454395e+00 -1.516447995045430966e-06 9.000625161188837708e-01
-1.460864216515454395e+00 -1.503227468334408788e-06 9.341283897405433523e-01
-1.460864216515454395e+00 -1.577894768173222302e-06 9.746524407215926278e-01
-1.460864216515454395e+00 -1.654371806161075806e-06 1.030271030189212178e+00
-1.460864216515454395e+00 -1.631986166893812677e-06 1.071283931985439253e+00
-1.460864216515454395e+00 -1.707428844791549085e-06 1.104809510340533762e+00
-1.460864216515454395e+00 -1.784576109879806640e-06 1.149452908917292904e+00
-1.460864216515454395e+00 -1.863427962158585766e-06 1.203707263650982018e+00
-1.460864216515454395e+00 -1.828302718231955360e-06 1.240376317883319812e+00
-1.460864216515454395e+00 -1.905668595509962674e-06 1.270872484394977686e+00
-1.460864216515454395e+00 -1.984637624228529197e-06 1.308772008665650466e+00
-1.460864216515454395e+00 -2.065209804387654507e-06 1.353072727581669854e+00
-1.460864216515454395e+00 -2.147385135987339238e-06 1.402876694301324223e+00
-1.460864216515454395e+00 -2.095103348643254960e-06 1.435306887692733513e+00
-1.460864216515454395e+00 -2.175278261315650612e-06 1.461937901018452557e+00
-1.460864216515454395e+00 -2.256958562442238846e-06 1.493112483617613506e+00
-1.460864216515454395e+00 -2.340144252023018393e-06 1.528217199223553147e+00
-1.356658336308461221e+00 -4.703697536594315606e-07 3.072130795137726622e+01
-1.356658336308461221e+00 -6.198581002449166481e-07 1.803239180520432683e+01
-1.356658336308461221e+00 -7.899410408968105908e-07 1.099531905838250623e+01
-1.356658336308461221e+00 -9.806185756151137592e-07 6.217289054850807517e+00
-1.356658336308461221e+00 -1.191890704399825306e-06 3.225549443748088052e+00
-1.356658336308461221e+00 -1.423757427250946291e-06 1.657727205327938158e+00
-1.356658336308461221e+00 -1.627627468213221695e-06 1.193300707707177999e+00
-1.356658336308461221e+00 -1.676245218663859805e-06 1.008421820178382777e+00
-1.356658336308461221e+00 -1.696880441063079493e-06 8.473619602411208707e-01
-1.356658336308461221e+00 -1.749026819006919717e-06 7.156898504427555707e-01
-1.356658336308461221e+00 -1.780239583398838626e-06 6.111594572904484046e-01
-1.356658336308461221e+00 -1.858392177232988022e-06 5.195100897677784602e-01
-1.356658336308461221e+00 -1.923204685396459294e-06 4.505926746630996016e-01
-1.356658336308461221e+00 -1.974070864537281950e-06 3.961312766723469880e-01
-1.356658336308461221e+00 -2.010571830140331712e-06 3.595865523633696159e-01
-1.356658336308461221e+00 -2.119651744433755069e-06 3.324304328785510076e-01
-1.356658336308461221e+00 -2.130503631658722186e-06 3.188139358337348517e-01
-1.356658336308461221e+00 -2.222892478346518172e-06 3.064808506756752648e-01
-1.356658336308461221e+00 -2.309183087842426368e-06 3.076660911010823951e-01
-1.356658336308461221e+00 -2.388968061490467643e-06 3.167315838206893330e-01
-1.356658336308461221e+00 -2.461886146969731625e-06 3.311228345555715658e-01
-1.356658336308461221e+00 -2.527621544700664768e-06 3.508553391887317408e-01
-1.356658336308461221e+00 -2.585903199005395545e-06 3.780412389137617346e-01
-1.356658336308461221e+00 -2.636504073247666857e-06 4.165423884923547537e-01
-1.356658336308461221e+00 -2.816673863891396529e-06 4.398428393818963333e-01
-1.356658336308461221e+00 -2.856283007679717212e-06 4.707882157257555766e-01
-1.356658336308461221e+00 -2.887574160354345610e-06 5.230542868339650431e-01
-1.356658336308461221e+00 -3.066558964902137740e-06 5.461249874054729947e-01
-1.356658336308461221e+00 -3.085452821593697463e-06 5.966974577710350003e-01
-1.356658336308461221e+00 -3.265542638361749764e-06 6.279112186238847704e-01
-1.356658336308461221e+00 -3.271220376509998882e-06 6.833552959165238860e-01
-1.356658336308461221e+00 -3.451625205432893944e-06 7.121842319485928163e-01
-1.356658336308461221e+00 -3.636871996446269389e-06 7.681963559147154674e-01
-1.356658336308461221e+00 -3.623375378352599222e-06 8.023768962912046776e-01
-1.356658336308461221e+00 -3.807936234902498293e-06 8.443398835731097396e-01
-1.356658336308461221e+00 -3.997081472471625346e-06 9.054657431719701499e-01
-1.356658336308461221e+00 -3.962722075602225087e-06 9.322030287961629025e-01
-1.356658336308461221e+00 -4.150242640731577459e-06 9.733809376788179479e-01
-1.356658336308461221e+00 -4.342098077434267879e-06 1.028491147281533458e+00
-1.356658336308461221e+00 -4.285449657753540530e-06 1.066226577177704860e+00
-1.356658336308461221e+00 -4.474803107847683748e-06 1.099051686698230501e+00
-1.356658336308461221e+00 -4.668249923616616674e-06 1.142271490503393272e+00
-1.356658336308461221e+00 -4.865790105060337612e-06 1.194506334388622193e+00
-1.356658336308461221e+00 -4.778271451280453820e-06 1.232438557148453517e+00
-1.356658336308461221e+00 -4.972259383143547059e-06 1.261231200305251043e+00
-1.356658336308461221e+00 -5.170107109191223736e-06 1.297072621965477346e+00
-1.356658336308461221e+00 -5.371814629423482156e-06 1.339040143511417202e+00
-1.356658336308461221e+00 -5.577381943840324862e-06 1.386307460663242841e+00
-1.356658336308461221e+00 -5.448416607182079897e-06 1.424526816656084938e+00
-1.356658336308461221e+00 -5.649231234501324562e-06 1.449108189138069491e+00
-1.266328978938949579e+00 -1.008358490036903677e-06 3.501809578916649457e+01
-1.266328978938949579e+00 -1.328825191537855222e-06 2.364131297350729710e+01
-1.266328978938949579e+00 -1.693441699896419757e-06 1.530413555216548538e+01
-1.266328978938949579e+00 -2.102208015112598553e-06 9.362438644385951747e+00
-1.266328978938949579e+00 -2.555124137186389280e-06 5.332510838836467926e+00
-1.266328978938949579e+00 -3.052190066117794692e-06 2.841158954885880661e+00
-1.266328978938949579e+00 -3.593405801906811824e-06 1.594519242875603648e+00
-1.266328978938949579e+00 -3.947492479295960338e-06 1.255218094434612741e+00
-1.266328978938949579e+00 -4.035180363128488915e-06 1.063473139673350110e+00
-1.266328978938949579e+00 -4.191947226072105845e-06 9.030021478224649067e-01
-1.266328978938949579e+00 -4.302641112710528668e-06 7.654301033642737506e-01
-1.266328978938949579e+00 -4.365889825762616619e-06 6.524603939741201453e-01
-1.266328978938949579e+00 -4.541376417645517613e-06 5.579111557681283307e-01
-1.266328978938949579e+00 -4.686589677381076609e-06 4.834251154628284031e-01
-1.266328978938949579e+00 -4.800218454404852562e-06 4.244756919818085117e-01
-1.266328978938949579e+00 -4.881334638825760388e-06 3.869541033328767199e-01
-1.266328978938949579e+00 -5.132557367913386789e-06 3.483325314189321675e-01
-1.266328978938949579e+00 -5.372090465888770731e-06 3.366592920813386014e-01
-1.266328978938949579e+00 -5.369143172835973542e-06 3.204718892251163243e-01
-1.266328978938949579e+00 -5.568848404585366452e-06 3.144908884915940117e-01
-1.266328978938949579e+00 -5.753870694165595658e-06 3.184026285227944952e-01
-1.266328978938949579e+00 -5.923403671174732082e-06 3.300810685087085528e-01
-1.266328978938949579e+00 -6.076734831293798904e-06 3.497505932034743470e-01
-1.266328978938949579e+00 -6.213244443802338022e-06 3.796052630038411202e-01
-1.266328978938949579e+00 -6.637836600521159885e-06 3.960837889901413500e-01
-1.266328978938949579e+00 -6.750845918493926656e-06 4.200432551135090398e-01
-1.266328978938949579e+00 -6.845323367722528507e-06 4.604980325924507012e-01
-1.266328978938949579e+00 -7.269627228679610020e-06 4.897571629140815008e-01
-1.266328978938949579e+00 -7.337068000822996255e-06 5.245533992536189904e-01
-1.266328978938949579e+00 -7.765313483183170767e-06 5.679568999735380430e-01
-1.266328978938949579e+00 -7.803643491446432553e-06 6.010482934319277826e-01
-1.266328978938949579e+00 -8.234007333381051838e-06 6.459826312867901210e-01
-1.266328978938949579e+00 -8.241428926588433460e-06 6.855342339136473173e-01
-1.266328978938949579e+00 -8.672184518201234396e-06 7.236900823564318408e-01
-1.266328978938949579e+00 -8.647172759794200910e-06 7.808012787925914244e-01
-1.266328978938949579e+00 -9.076689286610315350e-06 8.069664958094091567e-01
-1.266328978938949579e+00 -9.516616159667692709e-06 8.531732642866577399e-01
-1.266328978938949579e+00 -9.444729690260440916e-06 9.057974758592201026e-01
-1.266328978938949579e+00 -9.881336148273308728e-06 9.338427211251334459e-01
-1.266328978938949579e+00 -1.032780749703987240e-05 9.765517497614873976e-01
-1.266328978938949579e+00 -1.078414373656014040e-05 1.032017553795136600e+00
-1.266328978938949579e+00 -1.064692956583613594e-05 1.064090658555542079e+00
-1.266328978938949579e+00 -1.109746165659111960e-05 1.097050235394256168e+00
-1.266328978938949579e+00 -1.155732953200626746e-05 1.139675735663943978e+00
-1.266328978938949579e+00 -1.202653319208157614e-05 1.190699933049034653e+00
-1.266328978938949579e+00 -1.181810519777535076e-05 1.227387415071674592e+00
-1.266328978938949579e+00 -1.227917895175027434e-05 1.255220667039257609e+00
-1.266328978938949579e+00 -1.274907562810412887e-05 1.289716545715285489e+00
-1.266328978938949579e+00 -1.322779522683691943e-05 1.330024081845912143e+00
-1.266328978938949579e+00 -1.371533774794864093e-05 1.375377301907945826e+00
-1.187277385490220549e+00 -2.155613164231635195e-06 4.232074839778014308e+01
-1.187277385490220549e+00 -2.840689203436758645e-06 2.959516273756898386e+01
-1.187277385490220549e+00 -3.620146264670141526e-06 2.003195150732238616e+01
-1.187277385490220549e+00 -4.493984347931784262e-06 1.298143982320860701e+01
-1.187277385490220549e+00 -5.462203453221684312e-06 7.952752857411026000e+00
-1.187277385490220549e+00 -6.524803580539846758e-06 4.564886526869643468e+00
-1.187277385490220549e+00 -7.681784729886265671e-06 2.516053395329024944e+00
-1.187277385490220549e+00 -8.933146901260945286e-06 1.563453695522631470e+00
-1.187277385490220549e+00 -9.460636999384007214e-06 1.305666937494150748e+00
-1.187277385490220549e+00 -9.607306458512349724e-06 1.116221381825042158e+00
-1.187277385490220549e+00 -9.920143306224490278e-06 9.476592795092251276e-01
-1.187277385490220549e+00 -1.046083673845009122e-05 8.128802151865626158e-01
-1.187277385490220549e+00 -1.058474509651655517e-05 6.881583045633592466e-01
-1.187277385490220549e+00 -1.097453197098712145e-05 5.923616656787478174e-01
-1.187277385490220549e+00 -1.129599415441883461e-05 5.135064285875250434e-01
-1.187277385490220549e+00 -1.154631621020043174e-05 4.504717678592811136e-01
-1.187277385490220549e+00 -1.172346599738982137e-05 4.114360960741288986e-01
-1.187277385490220549e+00 -1.229628197239671778e-05 3.661188281755228813e-01
-1.187277385490220549e+00 -1.284266159642202560e-05 3.462048121274386991e-01
-1.187277385490220549e+00 -1.283086662898436400e-05 3.370950714375267609e-01
-1.187277385490220549e+00 -1.328778934957522714e-05 3.262854864909152108e-01
-1.187277385490220549e+00 -1.371173244774568377e-05 3.266708893408925563e-01
-1.187277385490220549e+00 -1.410091483391558235e-05 3.365851058124240680e-01
-1.187277385490220549e+00 -1.509860347684510686e-05 3.559373933268440426e-01
-1.187277385490220549e+00 -1.544146925592154840e-05 3.655344000386737680e-01
-1.187277385490220549e+00 -1.574475463217824895e-05 3.826156448225401241e-01
-1.187277385490220549e+00 -1.600735307137480441e-05 4.123000865422452588e-01
-1.187277385490220549e+00 -1.699956064828979138e-05 4.479410398077272593e-01
-1.187277385490220549e+00 -1.720401999100631054e-05 4.692392744211578703e-01
-1.187277385490220549e+00 -1.736463469864703833e-05 5.154490270746262537e-01
-1.187277385490220549e+00 -1.834942873340756088e-05 5.396202823502022072e-01
-1.187277385490220549e+00 -1.844501258919663641e-05 5.873254852697715744e-01
-1.187277385490220549e+00 -1.943494608109830392e-05 6.147656992079074678e-01
-1.187277385490220549e+00 -1.946141966546764541e-05 6.717698149062508728e-01
-1.187277385490220549e+00 -2.045270980465515993e-05 6.942207168511722593e-01
-1.187277385490220549e+00 -2.146862299655054573e-05 7.415421287574802678e-01
-1.187277385490220549e+00 -2.139562201457825943e-05 7.832948750464074905e-01
-1.187277385490220549e+00 -2.240808744993383298e-05 8.160841078146578997e-01
-1.187277385490220549e+00 -2.344395782560452501e-05 8.668970500307322524e-01
-1.187277385490220549e+00 -2.326300241832663450e-05 9.075074654542267805e-01
-1.187277385490220549e+00 -2.429088283210978415e-05 9.389483163435887736e-01
-1.187277385490220549e+00 -2.534098354555726557e-05 9.837290599867437590e-01
-1.187277385490220549e+00 -2.641330455866908216e-05 1.040138820472062964e+00
-1.187277385490220549e+00 -2.608256073374619761e-05 1.064575303285495211e+00
-1.187277385490220549e+00 -2.714145871935082067e-05 1.098271963627103220e+00
-1.187277385490220549e+00 -2.822142568717330571e-05 1.140902330200273873e+00
-1.187277385490220549e+00 -2.932246163721365274e-05 1.191324589079178375e+00
-1.187277385490220549e+00 -2.882885200101250906e-05 1.224692882097263347e+00
-1.187277385490220549e+00 -2.991135687151690479e-05 1.252143020398060136e+00
-1.187277385490220549e+00 -3.101381257852886021e-05 1.285840952344428745e+00
-1.117515586401599759e+00 -4.904407061642483908e-06 4.977503195664912994e+01
-1.117515586401599759e+00 -6.463078079332849009e-06 3.579614046196153510e+01
-1.117515586401599759e+00 -8.236482871431862347e-06 2.508087133581022954e+01
-1.117515586401599759e+00 -1.022462143793952646e-05 1.697807035173360646e+01
-1.117515586401599759e+00 -1.242749377885583627e-05 1.099293193536713531e+01
-1.117515586401599759e+00 -1.484509989418080025e-05 6.739245274361795879e+00
-1.117515586401599759e+00 -1.747743978391440653e-05 3.909419236411861842e+00
-1.117515586401599759e+00 -2.032451344805666528e-05 2.254640158655144333e+00
-1.117515586401599759e+00 -2.338632088660757481e-05 1.571246099264161256e+00
-1.117515586401599759e+00 -2.393889375262212943e-05 1.344706269257668563e+00
-1.117515586401599759e+00 -2.487766472313649501e-05 1.149488299534530800e+00
-1.117515586401599759e+00 -2.557927792662203793e-05 9.821039463557983407e-01
-1.117515586401599759e+00 -2.603436323139071031e-05 8.394585149127191670e-01
-1.117515586401599759e+00 -2.710474357132178745e-05 7.209557967671973433e-01
-1.117515586401599759e+00 -2.801954518653851326e-05 6.240489512023565943e-01
-1.117515586401599759e+00 -2.877063008784323640e-05 5.408471770516179999e-01
-1.117515586401599759e+00 -2.935158525876352821e-05 4.733125911230608995e-01
-1.117515586401599759e+00 -2.975770739195045646e-05 4.317532350250247175e-01
-1.117515586401599759e+00 -3.113921201583080297e-05 3.832716753474643689e-01
-1.117515586401599759e+00 -3.245717079690111539e-05 3.581500970582350285e-01
-1.117515586401599759e+00 -3.370592379226377134e-05 3.465784358110911012e-01
-1.117515586401599759e+00 -3.351694709811165634e-05 3.393947571155491727e-01
-1.117515586401599759e+00 -3.454279421342946766e-05 3.375462185700881523e-01
-1.117515586401599759e+00 -3.698681673875525526e-05 3.427343801549723734e-01
-1.117515586401599759e+00 -3.791075731853700450e-05 3.473777198617720163e-01
-1.117515586401599759e+00 -3.874363226859269785e-05 3.576647822188834258e-01
-1.117515586401599759e+00 -3.948234306203910274e-05 3.775118768805447722e-01
-1.117515586401599759e+00 -4.012421051513207068e-05 4.119987539087253681e-01
-1.117515586401599759e+00 -4.253654198103707697e-05 4.295527076408560685e-01
-1.117515586401599759e+00 -4.304059733704944049e-05 4.586047374236819629e-01
-1.117515586401599759e+00 -4.548154264028454752e-05 4.974895497791682608e-01
-1.117515586401599759e+00 -4.583585397040447251e-05 5.224027312129937428e-01
-1.117515586401599759e+00 -4.829583857360248881e-05 5.682998613715235514e-01
-1.117515586401599759e+00 -4.848974443318479022e-05 5.949769557627122563e-01
-1.117515586401599759e+00 -5.095962619590271880e-05 6.381656816776513086e-01
-1.117515586401599759e+00 -5.098372835111501892e-05 6.757553565322999001e-01
-1.117515586401599759e+00 -5.345479588268730318e-05 7.097909000286647396e-01
-1.117515586401599759e+00 -5.598433828852770859e-05 7.658486360627643208e-01
-1.117515586401599759e+00 -5.576492275330653464e-05 7.905777477433488798e-01
-1.117515586401599759e+00 -5.828456583617876066e-05 8.299281057474110490e-01
-1.117515586401599759e+00 -6.085988103288207435e-05 8.854209689827033936e-01
-1.117515586401599759e+00 -6.037721843964182384e-05 9.124136790995478474e-01
-1.117515586401599759e+00 -6.293212164336616974e-05 9.474763764507453390e-01
-1.117515586401599759e+00 -6.553996674984724610e-05 9.946496672056122090e-01
-1.117515586401599759e+00 -6.477684354433524460e-05 1.042074439443770650e+00
-1.117515586401599759e+00 -6.735433401863354531e-05 1.067538667105369043e+00
-1.117515586401599759e+00 -6.998210853178462871e-05 1.102384332215975649e+00
-1.117515586401599759e+00 -7.266016708378846771e-05 1.145459505167873537e+00
-1.117515586401599759e+00 -7.538850967464508939e-05 1.195725047412451225e+00
-1.117515586401599759e+00 -7.414759874965260768e-05 1.224047544289345923e+00
-1.055496916837953547e+00 -1.420559511443538918e-05 5.730639825134304033e+01
-1.055496916837953547e+00 -1.872027938016168874e-05 4.216587930253723471e+01
-1.055496916837953547e+00 -2.385693915042985498e-05 3.037111038008642439e+01
-1.055496916837953547e+00 -2.961557442523989807e-05 2.127283600054658663e+01
-1.055496916837953547e+00 -3.599618520459178751e-05 1.437505339150818529e+01
-1.055496916837953547e+00 -4.299877148848556057e-05 9.288583277696481844e+00
-1.055496916837953547e+00 -5.062333327692118337e-05 5.701879508095043292e+00
-1.055496916837953547e+00 -5.886987056989868302e-05 3.361651771290612878e+00
-1.055496916837953547e+00 -6.773838336741804596e-05 2.059536474274610285e+00
-1.055496916837953547e+00 -7.527255086818321578e-05 1.597189428208114714e+00
-1.055496916837953547e+00 -7.657010388302805501e-05 1.373159758105436445e+00
-1.055496916837953547e+00 -7.911542731964657700e-05 1.175900450383491336e+00
-1.055496916837953547e+00 -8.094303447094174033e-05 1.010097025796341086e+00
-1.055496916837953547e+00 -8.458006257614976724e-05 8.674386666233595555e-01
-1.055496916837953547e+00 -8.504273527309213023e-05 7.525316289996546448e-01
-1.055496916837953547e+00 -8.758591976212607637e-05 6.511770146331007370e-01
-1.055496916837953547e+00 -9.270241913403851931e-05 5.664185116772338935e-01
-1.055496916837953547e+00 -9.440249899794585036e-05 4.933515418362917071e-01
-1.055496916837953547e+00 -9.557194362442196511e-05 4.478679830179264076e-01
-1.055496916837953547e+00 -9.979115489834579843e-05 3.987536842119199232e-01
-1.055496916837953547e+00 -1.038161766822582981e-04 3.706307381411381163e-01
-1.055496916837953547e+00 -1.076305128512305292e-04 3.549815761303187212e-01
-1.055496916837953547e+00 -1.112188648168898990e-04 3.463583298037145597e-01
-1.055496916837953547e+00 -1.145671289550533576e-04 3.418796379171239463e-01
-1.055496916837953547e+00 -1.176623939558902210e-04 3.408539700325101673e-01
-1.055496916837953547e+00 -1.204929380922484375e-04 3.444114072912746183e-01
-1.055496916837953547e+00 -1.230482264014238179e-04 3.552582944289298106e-01
-1.055496916837953547e+00 -1.253189077752627509e-04 3.773887364691079771e-01
-1.055496916837953547e+00 -1.328532801807983993e-04 4.043912071576867828e-01
-1.055496916837953547e+00 -1.347267941518886971e-04 4.188939115601650331e-01
-1.055496916837953547e+00 -1.362894543212954509e-04 4.544438631015851882e-01
-1.055496916837953547e+00 -1.438056937857425837e-04 4.788927748316073596e-01
-1.055496916837953547e+00 -1.449175210031747611e-04 5.128764222368529246e-01
-1.055496916837953547e+00 -1.524919395962164655e-04 5.450630910797537032e-01
-1.055496916837953547e+00 -1.531209047772248732e-04 5.833334950012346587e-01
-1.055496916837953547e+00 -1.607266229731939245e-04 6.137854030763666424e-01
-1.055496916837953547e+00 -1.608442472730733756e-04 6.652521397887575239e-01
-1.055496916837953547e+00 -1.684555819998138199e-04 6.876417617710796071e-01
-1.055496916837953547e+00 -1.762428662738443896e-04 7.323910400539538346e-01
-1.055496916837953547e+00 -1.756293892563712581e-04 7.737429419241701467e-01
-1.055496916837953547e+00 -1.833896089414752627e-04 8.029057144092897058e-01
-1.055496916837953547e+00 -1.913175858914827206e-04 8.485502002349534223e-01
-1.055496916837953547e+00 -1.899133978221707365e-04 8.944027983858668929e-01
-1.055496916837953547e+00 -1.977832218839175303e-04 9.206653275709603124e-01
-1.055496916837953547e+00 -2.058128113623886393e-04 9.594174602297480536e-01
-1.055496916837953547e+00 -2.140021662575840365e-04 1.009127772781734711e+00
-1.055496916837953547e+00 -2.115073276182581174e-04 1.045251378059550929e+00
-1.055496916837953547e+00 -2.196012393254524546e-04 1.072926251013537557e+00
-1.055496916837953547e+00 -2.278471247714027525e-04 1.109189833415255011e+00
-1.055496916837953547e+00 -2.362449839561090652e-04 1.152997929423478674e+00
-1.000000000000000000e+00 -inf 6.485653787597610176e+01
-1.000000000000000000e+00 -inf 4.864155962596021965e+01
-1.000000000000000000e+00 -inf 3.583754850887937948e+01
-1.000000000000000000e+00 -inf 2.579992852962147509e+01
-1.000000000000000000e+00 -inf 1.803379539916937091e+01
-1.000000000000000000e+00 -inf 1.214891324163771813e+01
-1.000000000000000000e+00 -inf 7.831383444290311857e+00
-1.000000000000000000e+00 -inf 4.824789390403444678e+00
-1.000000000000000000e+00 -inf 2.917207780387517602e+00
-1.000000000000000000e+00 -inf 1.931819912782718252e+00
-1.000000000000000000e+00 -inf 1.612219341343145373e+00
-1.000000000000000000e+00 -inf 1.392205704277665657e+00
-1.000000000000000000e+00 -inf 1.198502904305371208e+00
-1.000000000000000000e+00 -inf 1.030226907431323724e+00
-1.000000000000000000e+00 -inf 8.881016735019582331e-01
-1.000000000000000000e+00 -inf 7.651047060751881013e-01
-1.000000000000000000e+00 -inf 6.643504642934727755e-01
-1.000000000000000000e+00 -inf 5.858672799334465608e-01
-1.000000000000000000e+00 -inf 5.115466024603839701e-01
-1.000000000000000000e+00 -inf 4.604624707261243954e-01
-1.000000000000000000e+00 -inf 4.124062478476213656e-01
-1.000000000000000000e+00 -inf 3.828176344166691614e-01
-1.000000000000000000e+00 -inf 3.643992784763885329e-01
-1.000000000000000000e+00 -inf 3.526068244013836894e-01
-1.000000000000000000e+00 -inf 3.452558094982330905e-01
-1.000000000000000000e+00 -inf 3.421322143691794548e-01
-1.000000000000000000e+00 -inf 3.447308193828871881e-01
-1.000000000000000000e+00 -inf 3.559565733683371369e-01
-1.000000000000000000e+00 -inf 3.799720381035510686e-01
-1.000000000000000000e+00 -inf 3.950745283513712458e-01
-1.000000000000000000e+00 -inf 4.133316591674437990e-01
-1.000000000000000000e+00 -inf 4.543032957290250584e-01
-1.000000000000000000e+00 -inf 4.668818412086743197e-01
-1.000000000000000000e+00 -inf 5.085304867866928813e-01
-1.000000000000000000e+00 -inf 5.291849701825779295e-01
-1.000000000000000000e+00 -inf 5.773461045823740090e-01
-1.000000000000000000e+00 -inf 5.969093495791349957e-01
-1.000000000000000000e+00 -inf 6.434326999096946498e-01
-1.000000000000000000e+00 -inf 6.726752500427348735e-01
-1.000000000000000000e+00 -inf 7.074585645535353962e-01
-1.000000000000000000e+00 -inf 7.619641160105883326e-01
-1.000000000000000000e+00 -inf 7.834946984950281745e-01
-1.000000000000000000e+00 -inf 8.203554683191053298e-01
-1.000000000000000000e+00 -inf 8.719253000434681322e-01
-1.000000000000000000e+00 -inf 9.012236623766706201e-01
-1.000000000000000000e+00 -inf 9.323490116019697016e-01
-1.000000000000000000e+00 -inf 9.747373284245710590e-01
-1.000000000000000000e+00 -inf 1.027029376680007822e+00
-1.000000000000000000e+00 -inf 1.050722884859344175e+00
-1.000000000000000000e+00 -inf 1.080707758496461501e+00
