-1.666666666666666574e-01 2.139747426731498665e-03 1.478868170577577468e+00
-1.666666666666666574e-01 2.295315798317845019e-03 1.153528673701348151e+00
-1.666666666666666574e-01 2.391824385810309775e-03 9.911258247275533950e-01
-1.666666666666666574e-01 2.485310174336769103e-03 8.578950059843375442e-01
-1.666666666666666574e-01 2.575400594527159533e-03 7.476362116907822042e-01
-1.666666666666666574e-01 2.661728046377335056e-03 6.583499535145739268e-01
-1.666666666666666574e-01 2.771078473657568632e-03 5.896371135925108087e-01
-1.666666666666666574e-01 2.850295880193344077e-03 5.350393619871305351e-01
-1.666666666666666574e-01 2.954927730690269129e-03 4.941113817305714528e-01
-1.666666666666666574e-01 3.057576582531130755e-03 4.662365302135988432e-01
-1.666666666666666574e-01 3.157995655472293876e-03 4.503160975775765684e-01
-1.666666666666666574e-01 3.291139800698159035e-03 4.390006840114452635e-01
-1.666666666666666574e-01 3.388082099725432499e-03 4.385145956356205632e-01
-1.666666666666666574e-01 3.520822183194008415e-03 4.439276222810777384e-01
-1.666666666666666574e-01 3.613463555837237266e-03 4.575898578939782135e-01
-1.666666666666666574e-01 3.745126937377729788e-03 4.718308170151041536e-01
-1.666666666666666574e-01 3.876963886740456867e-03 4.921142568991636601e-01
-1.666666666666666574e-01 4.008847164181175877e-03 5.166652696670640532e-01
-1.666666666666666574e-01 4.140650097391352855e-03 5.441736039919685686e-01
-1.666666666666666574e-01 4.272246590459284274e-03 5.738946022982810424e-01
-1.666666666666666574e-01 4.403511133098668949e-03 6.053774957580461136e-01
-1.666666666666666574e-01 4.534318810156026322e-03 6.386455399852286607e-01
-1.666666666666666574e-01 4.664545311408883031e-03 6.739104116832712599e-01
-1.666666666666666574e-01 4.794066941667363482e-03 7.116944523055177552e-01
-1.666666666666666574e-01 4.983912729822587845e-03 7.484088507070860707e-01
-1.666666666666666574e-01 5.113918126116722383e-03 7.837159167374629920e-01
-1.666666666666666574e-01 5.242886973240971742e-03 8.225319838615978707e-01
-1.666666666666666574e-01 5.438865944462942942e-03 8.618256505562498226e-01
-1.666666666666666574e-01 5.567771302230097724e-03 8.976759543321398693e-01
-1.666666666666666574e-01 5.695312229000227752e-03 9.392877528218784855e-01
-1.666666666666666574e-01 5.896900688937138299e-03 9.739713868823527410e-01
-1.666666666666666574e-01 6.023836189184609245e-03 1.014302248207609392e+00
-1.666666666666666574e-01 6.229764516249525381e-03 1.049425566146212407e+00
-1.666666666666666574e-01 6.355760838348885333e-03 1.089604435713944941e+00
-1.666666666666666574e-01 6.565854518305056300e-03 1.123141429554401771e+00
-1.666666666666666574e-01 6.779364355658887287e-03 1.163225812860464670e+00
-1.666666666666666574e-01 6.904664820906849035e-03 1.195538619411266046e+00
-1.666666666666666574e-01 7.122121305744977433e-03 1.231722275862363158e+00
-1.666666666666666574e-01 7.245691983272459398e-03 1.267695817311466522e+00
-1.666666666666666574e-01 7.466921789005986909e-03 1.299284662027925474e+00
-1.666666666666666574e-01 7.691478358735505567e-03 1.334987197016122451e+00
-1.666666666666666574e-01 7.813265404640714826e-03 1.367864513786681835e+00
-1.666666666666666574e-01 8.041377963188300546e-03 1.398030321462220282e+00
-1.666666666666666574e-01 8.272772716822900801e-03 1.431317320486401146e+00
-1.666666666666666574e-01 8.392150722323708789e-03 1.464227212380809551e+00
-1.666666666666666574e-01 8.626884876401048549e-03 1.491574635512247005e+00
-1.666666666666666574e-01 8.864856742948425822e-03 1.521294320672699651e+00
-1.666666666666666574e-01 9.106066321965830199e-03 1.553116877004396823e+00
-1.666666666666666574e-01 9.222299467849675442e-03 1.581354719453089031e+00
-1.666666666666666574e-01 9.466588217604002264e-03 1.606898625979252593e+00
-1.610169491525423879e-01 2.127282644466544238e-03 1.762075298148220170e+00
-1.610169491525423879e-01 2.281944775505566174e-03 1.298896830072479691e+00
-1.610169491525423879e-01 2.420728966887240874e-03 1.082012637610002326e+00
-1.610169491525423879e-01 2.494085051633991839e-03 9.351228925258100455e-01
-1.610169491525423879e-01 2.585409880279282077e-03 8.132095676897004299e-01
-1.610169491525423879e-01 2.698513019981936718e-03 7.134275909193464882e-01
-1.610169491525423879e-01 2.783581123179357155e-03 6.319411901563978251e-01
-1.610169491525423879e-01 2.892727987021383347e-03 5.692165893458932535e-01
-1.610169491525423879e-01 3.000247616531782815e-03 5.218812845885014706e-01
-1.610169491525423879e-01 3.105891104591842946e-03 4.863167526199084212e-01
-1.610169491525423879e-01 3.209411700833577491e-03 4.607005039231467092e-01
-1.610169491525423879e-01 3.310564875557959249e-03 4.448755783363098071e-01
-1.610169491525423879e-01 3.409108387174580260e-03 4.400296012168550264e-01
-1.610169491525423879e-01 3.543219498547817408e-03 4.395234615724961103e-01
-1.610169491525423879e-01 3.637600459242556691e-03 4.489927308566313835e-01
-1.610169491525423879e-01 3.770753880510089272e-03 4.590653589901374509e-01
-1.610169491525423879e-01 3.904135374885400050e-03 4.760520020409482744e-01
-1.610169491525423879e-01 4.037618230141856723e-03 4.979031932668555593e-01
-1.610169491525423879e-01 4.171076272402683000e-03 5.230607422471018619e-01
-1.610169491525423879e-01 4.304383874603130537e-03 5.505595123265337731e-01
-1.610169491525423879e-01 4.437415965203295870e-03 5.797495158536105642e-01
-1.610169491525423879e-01 4.570048037162109493e-03 6.104818686872292011e-01
-1.610169491525423879e-01 4.702156157183631432e-03 6.428061005009845230e-01
-1.610169491525423879e-01 4.833616975247308906e-03 6.771103981651297454e-01
-1.610169491525423879e-01 4.964307734434575056e-03 7.139279160990115169e-01
-1.610169491525423879e-01 5.157078559921124059e-03 7.514408311732895251e-01
-1.610169491525423879e-01 5.288150201347471824e-03 7.855777704340588530e-01
-1.610169491525423879e-01 5.418122600254665459e-03 8.234585149956524797e-01
-1.610169491525423879e-01 5.616936355173101324e-03 8.624971079663615869e-01
-1.610169491525423879e-01 5.746746566196733220e-03 8.974783987792157580e-01
-1.610169491525423879e-01 5.875132009022798925e-03 9.385970483285497323e-01
-1.610169491525423879e-01 6.079469240014376101e-03 9.724866551213665611e-01
-1.610169491525423879e-01 6.207154545178891931e-03 1.012604628625125791e+00
-1.610169491525423879e-01 6.415783906280740981e-03 1.046619622260482219e+00
-1.610169491525423879e-01 6.542437745160234637e-03 1.086889489624490723e+00
-1.610169491525423879e-01 6.755186110962790001e-03 1.119258436889381647e+00
-1.610169491525423879e-01 6.971338450618187396e-03 1.158023828380303488e+00
-1.610169491525423879e-01 7.097173700605845063e-03 1.190894444530948393e+00
-1.610169491525423879e-01 7.317228080435280238e-03 1.225737691666988205e+00
-1.610169491525423879e-01 7.441246862816513000e-03 1.262625553357566321e+00
-1.610169491525423879e-01 7.665031297318679326e-03 1.292935402406324208e+00
-1.610169491525423879e-01 7.892131056776436129e-03 1.327316283464409885e+00
-1.610169491525423879e-01 8.014251212711043237e-03 1.361528826445146834e+00
-1.610169491525423879e-01 8.244865380260481616e-03 1.390454527456478351e+00
-1.610169491525423879e-01 8.478750670753884902e-03 1.422483249894501700e+00
-1.610169491525423879e-01 8.598351133804455967e-03 1.457173548877515268e+00
-1.610169491525423879e-01 8.835535899552111883e-03 1.483312176111168723e+00
-1.610169491525423879e-01 9.075947668915382294e-03 1.511855202412770938e+00
-1.610169491525423879e-01 9.319586441894267201e-03 1.542622838383823192e+00
-1.610169491525423879e-01 9.435908001361624151e-03 1.572951565151371911e+00
-1.557377049180327933e-01 2.113436925996717460e-03 2.107731179252168463e+00
-1.557377049180327933e-01 2.267092416789846625e-03 1.507372361871279765e+00
-1.557377049180327933e-01 2.426139328312558029e-03 1.178520288985857256e+00
-1.557377049180327933e-01 2.523162569270286093e-03 1.015573302923093557e+00
-1.557377049180327933e-01 2.616995934989407510e-03 8.812904447485412351e-01
-1.557377049180327933e-01 2.707273055684696061e-03 7.707924050334269417e-01
-1.557377049180327933e-01 2.820332836155931867e-03 6.819623651535062780e-01
-1.557377049180327933e-01 2.903900808620774130e-03 6.078247591508338932e-01
-1.557377049180327933e-01 3.012611919646748185e-03 5.507875429518849231e-01
-1.557377049180327933e-01 3.119517656067119504e-03 5.077304858302487123e-01
-1.557377049180327933e-01 3.224372205863679491e-03 4.761251268845776985e-01
-1.557377049180327933e-01 3.326931865303362369e-03 4.551742192945423815e-01
-1.557377049180327933e-01 3.426955102672762845e-03 4.454793530957587011e-01
-1.557377049180327933e-01 3.562296179232306466e-03 4.388143204264379760e-01
-1.557377049180327933e-01 3.658295144441543571e-03 4.438618364689203011e-01
-1.557377049180327933e-01 3.792795265802306227e-03 4.496965499474178674e-01
-1.557377049180327933e-01 3.927576407685171543e-03 4.633840955498240155e-01
-1.557377049180327933e-01 4.062512491390731818e-03 4.826009785397213370e-01
-1.557377049180327933e-01 4.197477949259215309e-03 5.055408686526394746e-01
-1.557377049180327933e-01 4.282811232812939149e-03 5.293746584068970140e-01
-1.557377049180327933e-01 4.415410862762437702e-03 5.566104353662311155e-01
-1.557377049180327933e-01 4.601302726342280415e-03 5.867062975669666836e-01
-1.557377049180327933e-01 4.735140509807953327e-03 6.164815991227075020e-01
-1.557377049180327933e-01 4.868387782911485703e-03 6.477581272301164983e-01
-1.557377049180327933e-01 5.000922220655294043e-03 6.809431047882079646e-01
-1.557377049180327933e-01 5.132622070325590716e-03 7.167236567243031597e-01
-1.557377049180327933e-01 5.328133128184201622e-03 7.551826460623586312e-01
-1.557377049180327933e-01 5.460110644066389421e-03 7.880756440450390476e-01
-1.557377049180327933e-01 5.590927060827292731e-03 8.249509912915458099e-01
-1.557377049180327933e-01 5.792385848414498967e-03 8.638531384998981988e-01
-1.557377049180327933e-01 5.922941333579755975e-03 8.979516125717796893e-01
-1.557377049180327933e-01 6.052012735210184242e-03 9.384426137986606742e-01
-1.557377049180327933e-01 6.258904293811166399e-03 9.717688280370356813e-01
-1.557377049180327933e-01 6.387181098692990867e-03 1.011460445539952069e+00
-1.557377049180327933e-01 6.598313395156102899e-03 1.044617495444835953e+00
-1.557377049180327933e-01 6.725466883202788071e-03 1.084850468837441628e+00
-1.557377049180327933e-01 6.940668267472566329e-03 1.116218252239977060e+00
-1.557377049180327933e-01 7.159258649919821027e-03 1.153854674739165587e+00
-1.557377049180327933e-01 7.285470754837024970e-03 1.187083327211329919e+00
-1.557377049180327933e-01 7.507915109840086233e-03 1.220774386042037474e+00
-1.557377049180327933e-01 7.632224954803006577e-03 1.258394047794270110e+00
-1.557377049180327933e-01 7.858352727036575780e-03 1.287570412611665160e+00
-1.557377049180327933e-01 8.087781634631214384e-03 1.320753580117532522e+00
-1.557377049180327933e-01 8.210078412762097932e-03 1.356125985131110490e+00
-1.557377049180327933e-01 8.442976887871198044e-03 1.383918110304695359e+00
-1.557377049180327933e-01 8.679132684310498017e-03 1.414825497449802016e+00
-1.557377049180327933e-01 8.918545802079994381e-03 1.448408983548352902e+00
-1.557377049180327933e-01 9.038212234178296875e-03 1.476075281436885600e+00
-1.557377049180327933e-01 9.280838020375796124e-03 1.503647026199708803e+00
-1.557377049180327933e-01 9.526677393145444039e-03 1.533252013267352609e+00
-1.507936507936507853e-01 2.098440828989886747e-03 2.511232829797152455e+00
-1.507936507936507853e-01 2.251006042322059759e-03 1.774547272274670906e+00
-1.507936507936507853e-01 2.408924421034308334e-03 1.320632161284842621e+00
-1.507936507936507853e-01 2.549952467690825165e-03 1.101566421418709307e+00
-1.507936507936507853e-01 2.646176912721668294e-03 9.559655029893816547e-01
-1.507936507936507853e-01 2.738966047373699812e-03 8.337117486411522727e-01
-1.507936507936507853e-01 2.827958607202763971e-03 7.326096684933909309e-01
-1.507936507936507853e-01 2.940748946738236391e-03 6.528838085815360515e-01
-1.507936507936507853e-01 3.022590702018999702e-03 5.860509362729149352e-01
-1.507936507936507853e-01 3.130648260218568246e-03 5.346541146752438189e-01
-1.507936507936507853e-01 3.236725860786950591e-03 4.963370521166377003e-01
-1.507936507936507853e-01 3.340580832890213073e-03 4.696713237418935760e-01
-1.507936507936507853e-01 3.478006279522845908e-03 4.533607961136384978e-01
-1.507936507936507853e-01 3.578416375208433829e-03 4.416401548541690758e-01
-1.507936507936507853e-01 3.675921501060928388e-03 4.420596572217524445e-01
-1.507936507936507853e-01 3.811638659623225837e-03 4.435985373165383661e-01
-1.507936507936507853e-01 3.947688229202972986e-03 4.539915641228869370e-01
-1.507936507936507853e-01 4.083944854461605579e-03 4.706421336597927940e-01
-1.507936507936507853e-01 4.173166085780602962e-03 4.873221966445317466e-01
-1.507936507936507853e-01 4.307464513833658346e-03 5.083418805490196313e-01
-1.507936507936507853e-01 4.441559226718616409e-03 5.328097149894266416e-01
-1.507936507936507853e-01 4.575327146952996339e-03 5.601885463999884962e-01
-1.507936507936507853e-01 4.708645719723563751e-03 5.901844055660271371e-01
-1.507936507936507853e-01 4.841392921566666646e-03 6.228641396495541160e-01
-1.507936507936507853e-01 5.033112825804025164e-03 6.535068845242490987e-01
-1.507936507936507853e-01 5.166572995381358419e-03 6.854794979620926210e-01
-1.507936507936507853e-01 5.299134820342968517e-03 7.200553814456662760e-01
-1.507936507936507853e-01 5.430678167618552266e-03 7.581333679002522086e-01
-1.507936507936507853e-01 5.629952639223729204e-03 7.912240156062602114e-01
-1.507936507936507853e-01 5.761466904991010760e-03 8.269023347894223219e-01
-1.507936507936507853e-01 5.965396943179364884e-03 8.659343385938363946e-01
-1.507936507936507853e-01 6.096551794878068281e-03 8.990299072373497680e-01
-1.507936507936507853e-01 6.226164315374538294e-03 9.388011963374983671e-01
-1.507936507936507853e-01 6.435432615974629421e-03 9.716527788122103493e-01
-1.507936507936507853e-01 6.564156583251431337e-03 1.010844695914853153e+00
-1.507936507936507853e-01 6.777611206796286918e-03 1.043338514656906746e+00
-1.507936507936507853e-01 6.994481104317861082e-03 1.083086357211647366e+00
-1.507936507936507853e-01 7.122591501352349558e-03 1.113934899406292756e+00
-1.507936507936507853e-01 7.343433983406113391e-03 1.150573662155789156e+00
-1.507936507936507853e-01 7.469879565993237970e-03 1.184024600221890378e+00
-1.507936507936507853e-01 7.694525086467527385e-03 1.216708116090859715e+00
-1.507936507936507853e-01 7.922498688726622648e-03 1.253986269092420169e+00
-1.507936507936507853e-01 8.047263142971737560e-03 1.283046251242709435e+00
-1.507936507936507853e-01 8.278827245657248771e-03 1.315165570858777055e+00
-1.507936507936507853e-01 8.513675945543974777e-03 1.350776955474245922e+00
-1.507936507936507853e-01 8.636145223439339533e-03 1.378317804021275350e+00
-1.507936507936507853e-01 8.874372535851724267e-03 1.408137162499781603e+00
-1.507936507936507853e-01 9.115841036188083307e-03 1.440642038060161445e+00
-1.507936507936507853e-01 9.235404362317024482e-03 1.469851646939943191e+00
-1.507936507936507853e-01 9.480040246568149920e-03 1.496339418658295894e+00
-1.461538461538461620e-01 2.082493134066163484e-03 2.968330498688104946e+00
-1.461538461538461620e-01 2.233898884884749896e-03 2.096339694362536310e+00
-1.461538461538461620e-01 2.390617118188197773e-03 1.517943517869133174e+00
-1.461538461538461620e-01 2.552647833976509281e-03 1.194809446288787935e+00
-1.461538461538461620e-01 2.649787512086695766e-03 1.033920842657050310e+00
-1.461538461538461620e-01 2.743578524041335922e-03 9.006093373337823449e-01
-1.461538461538461620e-01 2.859868729689231132e-03 7.912883065955426121e-01
-1.461538461538461620e-01 2.947353460910698709e-03 6.979853719762877384e-01
-1.461538461538461620e-01 3.059661432047512328e-03 6.259981730417342183e-01
-1.461538461538461620e-01 3.139564550441197033e-03 5.667677784625075876e-01
-1.461538461538461620e-01 3.246764115265662973e-03 5.210758717775372251e-01
-1.461538461538461620e-01 3.351812815156395963e-03 4.881548002752836846e-01
-1.461538461538461620e-01 3.490164441542627140e-03 4.639815429441394024e-01
-1.461538461538461620e-01 3.591902831901693047e-03 4.478491886069618233e-01
-1.461538461538461620e-01 3.690811180924397864e-03 4.434552348696589874e-01
-1.461538461538461620e-01 3.827627990923095427e-03 4.406510618236831878e-01
-1.461538461538461620e-01 3.964827059036014553e-03 4.477603914185581679e-01
-1.461538461538461620e-01 4.057535570701766361e-03 4.589677700956334427e-01
-1.461538461538461620e-01 4.193180705083016623e-03 4.725704623843731134e-01
-1.461538461538461620e-01 4.328797964451486235e-03 4.910007963754225990e-01
-1.461538461538461620e-01 4.464264468440459072e-03 5.129823315795726257e-01
-1.461538461538461620e-01 4.599457825257354145e-03 5.378028926137333743e-01
-1.461538461538461620e-01 4.734256139637766682e-03 5.650024191419785735e-01
-1.461538461538461620e-01 4.868538021040370346e-03 5.945092995154372950e-01
-1.461538461538461620e-01 5.002182592092987469e-03 6.264533074298895832e-01
-1.461538461538461620e-01 5.196424149848077358e-03 6.601228632739548630e-01
-1.461538461538461620e-01 5.330673782174762641e-03 6.907039252792097628e-01
-1.461538461538461620e-01 5.463962177257713874e-03 7.239808705642637454e-01
-1.461538461538461620e-01 5.596170283084758029e-03 7.608976045596616000e-01
-1.461538461538461620e-01 5.797818000555604763e-03 7.949205500404715741e-01
-1.461538461538461620e-01 5.929896022069626980e-03 8.293800417977805761e-01
-1.461538461538461620e-01 6.136137946737328132e-03 8.686919598559185163e-01
-1.461538461538461620e-01 6.267758588988803052e-03 9.006937538654445907e-01
-1.461538461538461620e-01 6.397779753042441044e-03 9.395432941018463380e-01
-1.461538461538461620e-01 6.609262394704418751e-03 9.721354415170921914e-01
-1.461538461538461620e-01 6.738301759984658898e-03 1.010728091453393818e+00
-1.461538461538461620e-01 6.953913834441209640e-03 1.042695403548780986e+00
-1.461538461538461620e-01 7.172921374637232332e-03 1.081720084559796513e+00
-1.461538461538461620e-01 7.301221322385567127e-03 1.112289067409488963e+00
-1.461538461538461620e-01 7.524146583147111982e-03 1.148096826567589046e+00
-1.461538461538461620e-01 7.650695327427349014e-03 1.181626353840346644e+00
-1.461538461538461620e-01 7.877370340372322199e-03 1.213434414713986831e+00
-1.461538461538461620e-01 8.107354477593860936e-03 1.249736241862256403e+00
-1.461538461538461620e-01 8.232105680674454279e-03 1.279284248965874893e+00
-1.461538461538461620e-01 8.465629011826297443e-03 1.310448451606437859e+00
-1.461538461538461620e-01 8.702418403553693893e-03 1.345085616552372798e+00
-1.461538461538461620e-01 8.824763358013016160e-03 1.373473533795529278e+00
-1.461538461538461620e-01 9.064882010376773894e-03 1.402328371833565068e+00
-1.461538461538461620e-01 9.308223731899777781e-03 1.433963702915360017e+00
-1.461538461538461620e-01 9.427556882813343392e-03 1.464327746062766833e+00
-1.417910447761193959e-01 2.065765281784184750e-03 3.475096599488574522e+00
-1.417910447761193959e-01 2.215954849464922896e-03 2.468966097198873832e+00
-1.417910447761193959e-01 2.371414226537966845e-03 1.766825169043310106e+00
-1.417910447761193959e-01 2.532143413003318765e-03 1.329874366693556187e+00
-1.417910447761193959e-01 2.674991513196760089e-03 1.114825237995817897e+00
-1.417910447761193959e-01 2.771088765214405839e-03 9.705700913079442493e-01
-1.417910447761193959e-01 2.863599254159506901e-03 8.493238576785984151e-01
-1.417910447761193959e-01 2.952168600910409346e-03 7.498455863888489059e-01
-1.417910447761193959e-01 3.065355249765669594e-03 6.664615841580139310e-01
-1.417910447761193959e-01 3.176980206706734016e-03 6.012726732779831718e-01
-1.417910447761193959e-01 3.286801046117057874e-03 5.496898387118842599e-01
-1.417910447761193959e-01 3.394577134837841164e-03 5.090172627947691097e-01
-1.417910447761193959e-01 3.500069685007670562e-03 4.781378828445592699e-01
-1.417910447761193959e-01 3.603041809763644129e-03 4.572973933927963475e-01
-1.417910447761193959e-01 3.703258582022901733e-03 4.479237849478363565e-01
-1.417910447761193959e-01 3.841068681928508453e-03 4.407391500669530782e-01
-1.417910447761193959e-01 3.979309366678425788e-03 4.445812634600437296e-01
-1.417910447761193959e-01 4.073530725740581900e-03 4.503043917997817669e-01
-1.417910447761193959e-01 4.210332501438121718e-03 4.611749562414313997e-01
-1.417910447761193959e-01 4.347157358250792678e-03 4.772326857619714202e-01
-1.417910447761193959e-01 4.483883196141266562e-03 4.970003217999142131e-01
-1.417910447761193959e-01 4.620388379536609184e-03 5.195899802854556659e-01
-1.417910447761193959e-01 4.756551744842353081e-03 5.443743986902150889e-01
-1.417910447761193959e-01 4.892252608182230851e-03 5.711424276942310696e-01
-1.417910447761193959e-01 5.027370773373081476e-03 5.998939093795330191e-01
-1.417910447761193959e-01 5.161786540145066500e-03 6.309410424909187576e-01
-1.417910447761193959e-01 5.295380712617802146e-03 6.647222719853779216e-01
-1.417910447761193959e-01 5.493321898377521474e-03 6.966737438667323090e-01
-1.417910447761193959e-01 5.627212076305741599e-03 7.285497114972030452e-01
-1.417910447761193959e-01 5.759961123686739744e-03 7.641107325416623963e-01
-1.417910447761193959e-01 5.963837863983438223e-03 7.992425735506512030e-01
-1.417910447761193959e-01 6.096356466391381936e-03 8.323680025232808033e-01
-1.417910447761193959e-01 6.227417507454295446e-03 8.713519500855234634e-01
-1.417910447761193959e-01 6.436727929232622866e-03 9.028166855261827717e-01
-1.417910447761193959e-01 6.567036415084821603e-03 9.406929061853464002e-01
-1.417910447761193959e-01 6.780584685606569004e-03 9.731829761923677102e-01
-1.417910447761193959e-01 6.909819010135219257e-03 1.011046237272124726e+00
-1.417910447761193959e-01 7.127437821733714415e-03 1.042642498636652038e+00
-1.417910447761193959e-01 7.348430568395753620e-03 1.081056420650704286e+00
-1.417910447761193959e-01 7.476800370224805266e-03 1.111235561651745529e+00
-1.417910447761193959e-01 7.701654023595344047e-03 1.146342989908416987e+00
-1.417910447761193959e-01 7.828187344758727115e-03 1.179814917537441943e+00
-1.417910447761193959e-01 8.056735557512656465e-03 1.210847858507588803e+00
-1.417910447761193959e-01 8.288572233759448557e-03 1.246287732652013869e+00
-1.417910447761193959e-01 8.413192656694016766e-03 1.276181887313145635e+00
-1.417910447761193959e-01 8.648515367963427805e-03 1.306526940601518971e+00
-1.417910447761193959e-01 8.887083909733110507e-03 1.340215678118484854e+00
-1.417910447761193959e-01 9.009188254664353412e-03 1.369317435972384978e+00
-1.417910447761193959e-01 9.251034908256234104e-03 1.397418156157161917e+00
-1.417910447761193959e-01 9.496084828783103032e-03 1.428063627514106981e+00
-1.376811594202898559e-01 2.197332589701612385e-03 2.888916213549696188e+00
-1.376811594202898559e-01 2.351485530001725180e-03 2.063900895720227169e+00
-1.376811594202898559e-01 2.510863993701842496e-03 1.513638214460574893e+00
-1.376811594202898559e-01 2.675467980801962600e-03 1.203176547809973629e+00
-1.376811594202898559e-01 2.772395642788341632e-03 1.045858515117052079e+00
-1.376811594202898559e-01 2.865823861549868755e-03 9.149144113876978013e-01
-1.376811594202898559e-01 2.982530594832755264e-03 8.038864392607500964e-01
-1.376811594202898559e-01 3.069382951313859992e-03 7.124805864310308490e-01
-1.376811594202898559e-01 3.181871104220987054e-03 6.377717278223644648e-01
-1.376811594202898559e-01 3.292623862835316381e-03 5.786618444700991626e-01
-1.376811594202898559e-01 3.401402109161240795e-03 5.318516981671201904e-01
-1.376811594202898559e-01 3.507968481140671772e-03 4.956671004527992697e-01
-1.376811594202898559e-01 3.612087425358089399e-03 4.698480076705696673e-01
-1.376811594202898559e-01 3.713525252638377305e-03 4.553463383635164008e-01
-1.376811594202898559e-01 3.852232185240838866e-03 4.437528274316515642e-01
-1.376811594202898559e-01 3.949397491084138956e-03 4.441458497035110642e-01
-1.376811594202898559e-01 4.087061345553528839e-03 4.447313385254061946e-01
-1.376811594202898559e-01 4.224919635384894595e-03 4.530274852706488997e-01
-1.376811594202898559e-01 4.362850664007053916e-03 4.669232117446352470e-01
-1.376811594202898559e-01 4.500733169765801928e-03 4.847404360377473576e-01
-1.376811594202898559e-01 4.638446332822465830e-03 5.054151066097233302e-01
-1.376811594202898559e-01 4.775869782255484641e-03 5.281518737980076539e-01
-1.376811594202898559e-01 4.912883603373432648e-03 5.525991645777814654e-01
-1.376811594202898559e-01 5.049368345248387430e-03 5.786258041318773637e-01
-1.376811594202898559e-01 5.185205028478984818e-03 6.064214523076495444e-01
-1.376811594202898559e-01 5.320275153193052171e-03 6.363251290554876594e-01
-1.376811594202898559e-01 5.454460707300216177e-03 6.689361128543344082e-01
-1.376811594202898559e-01 5.654607860526770363e-03 7.034387245648510145e-01
-1.376811594202898559e-01 5.788984669831888363e-03 7.337053547971456036e-01
-1.376811594202898559e-01 5.922160525510265609e-03 7.678615636631473951e-01
-1.376811594202898559e-01 6.128133409423672066e-03 8.041833125582996677e-01
-1.376811594202898559e-01 6.260979298761111186e-03 8.358894196132297116e-01
-1.376811594202898559e-01 6.392310852112004227e-03 8.735769511545794508e-01
-1.376811594202898559e-01 6.603612715807186118e-03 9.054394816703450477e-01
-1.376811594202898559e-01 6.734097271826849744e-03 9.422581829023295441e-01
-1.376811594202898559e-01 6.949574811137004815e-03 9.747457738169166275e-01
-1.376811594202898559e-01 7.078893867382311106e-03 1.011790889560919338e+00
-1.376811594202898559e-01 7.298381464217123561e-03 1.043101153664272918e+00
-1.376811594202898559e-01 7.521220016728805309e-03 1.081043085975879059e+00
-1.376811594202898559e-01 7.649550432064882756e-03 1.110719191208804579e+00
-1.376811594202898559e-01 7.876191524018362825e-03 1.145240070985101610e+00
-1.376811594202898559e-01 8.002601382903432731e-03 1.178500081502068308e+00
-1.376811594202898559e-01 8.232880320656367490e-03 1.208890853178639757e+00
-1.376811594202898559e-01 8.466425626320691136e-03 1.243577024124091102e+00
-1.376811594202898559e-01 8.590808459883020679e-03 1.273697013796071698e+00
-1.376811594202898559e-01 8.827785161628716806e-03 1.303245194027071729e+00
-1.376811594202898559e-01 9.067986036187277235e-03 1.336102748151455799e+00
-1.376811594202898559e-01 9.189744338155914419e-03 1.365891796673779357e+00
-1.376811594202898559e-01 9.433170737695015587e-03 1.393110258953720315e+00
-1.338028169014084390e-01 2.178168998738377882e-03 3.352930387226523479e+00
-1.338028169014084390e-01 2.330977525403733243e-03 2.406027112688224001e+00
-1.338028169014084390e-01 2.488966002125542806e-03 1.743081574200883610e+00
-1.338028169014084390e-01 2.652134428903803534e-03 1.328727951252946404e+00
-1.338028169014084390e-01 2.796450781238123042e-03 1.122154810315144857e+00
-1.338028169014084390e-01 2.892124579850912335e-03 9.804639017239296095e-01
-1.338028169014084390e-01 2.984068119321915073e-03 8.610297553039794050e-01
-1.338028169014084390e-01 3.100266365378176892e-03 7.631888416284182686e-01
-1.338028169014084390e-01 3.185209274093551285e-03 6.788564577524047738e-01
-1.338028169014084390e-01 3.296816599700355503e-03 6.116669965121805941e-01
-1.338028169014084390e-01 3.406518670185447375e-03 5.582607563889101510e-01
-1.338028169014084390e-01 3.514079661418523931e-03 5.164151826845820858e-01
-1.338028169014084390e-01 3.619265471097260576e-03 4.853710907341448610e-01
-1.338028169014084390e-01 3.721843771357734049e-03 4.656094078563314254e-01
-1.338028169014084390e-01 3.861359983572979545e-03 4.495868497725857837e-01
-1.338028169014084390e-01 3.959802618116747136e-03 4.446634514611800260e-01
-1.338028169014084390e-01 4.098384258776802992e-03 4.421475635665423343e-01
-1.338028169014084390e-01 4.237207789898589025e-03 4.480238752915631784e-01
-1.338028169014084390e-01 4.376152422754812400e-03 4.599622265392662168e-01
-1.338028169014084390e-01 4.465906164472705810e-03 4.721035976142550772e-01
-1.338028169014084390e-01 4.602727846660525576e-03 4.887147866363938942e-01
-1.338028169014084390e-01 4.739274149919725856e-03 5.089160145928350865e-01
-1.338028169014084390e-01 4.875426230350075364e-03 5.321695621584714431e-01
-1.338028169014084390e-01 5.011065690279297574e-03 5.581940096214166314e-01
-1.338028169014084390e-01 5.146074585763714057e-03 5.870414629683576857e-01
-1.338028169014084390e-01 5.342098074790668435e-03 6.140832645090910091e-01
-1.338028169014084390e-01 5.477714227990550765e-03 6.426798088573174583e-01
-1.338028169014084390e-01 5.612383839678110331e-03 6.739659361555492278e-01
-1.338028169014084390e-01 5.745990579401318889e-03 7.086693290353257568e-01
-1.338028169014084390e-01 5.949372825209613830e-03 7.395378247211930045e-01
-1.338028169014084390e-01 6.082870144460146740e-03 7.721630995872904579e-01
-1.338028169014084390e-01 6.290816581458354845e-03 8.097601933155917919e-01
-1.338028169014084390e-01 6.423885414768439051e-03 8.398392979325659535e-01
-1.338028169014084390e-01 6.555384244566082701e-03 8.761878359638279878e-01
-1.338028169014084390e-01 6.768553607357643415e-03 9.085605273888816003e-01
-1.338028169014084390e-01 6.899112083119251712e-03 9.442037941855827565e-01
-1.338028169014084390e-01 7.116393689252644914e-03 9.768063170075321766e-01
-1.338028169014084390e-01 7.245696465496520057e-03 1.012896124918512442e+00
-1.338028169014084390e-01 7.466926408083995881e-03 1.044051409004726816e+00
-1.338028169014084390e-01 7.691483116725417353e-03 1.081633402230059993e+00
-1.338028169014084390e-01 7.819674323706640034e-03 1.110693165403881411e+00
-1.338028169014084390e-01 8.047973994153021990e-03 1.144713777706485081e+00
-1.338028169014084390e-01 8.174161840872181881e-03 1.177672527397242375e+00
-1.338028169014084390e-01 8.406041456671569864e-03 1.207495962401204492e+00
-1.338028169014084390e-01 8.641164144020600790e-03 1.241551094651895948e+00
-1.338028169014084390e-01 8.765212210676109894e-03 1.271694492590109027e+00
-1.338028169014084390e-01 9.003710497635703316e-03 1.300557357870846253e+00
-1.338028169014084390e-01 9.245410103883348885e-03 1.332793009834965181e+00
-1.338028169014084390e-01 9.366726668296103051e-03 1.362912480487988409e+00
-1.301369863013698558e-01 2.310016622446532490e-03 2.790274412640963764e+00
-1.301369863013698558e-01 2.466584415745686973e-03 2.015383767107465474e+00
-1.301369863013698558e-01 2.628285579316943545e-03 1.497570573098852886e+00
-1.301369863013698558e-01 2.795120113160304808e-03 1.204835629379753970e+00
-1.301369863013698558e-01 2.891563314393696179e-03 1.052001800215460747e+00
-1.301369863013698558e-01 2.984363971501112055e-03 9.240394420850934765e-01
-1.301369863013698558e-01 3.101200653917911276e-03 8.134846607513548378e-01
-1.301369863013698558e-01 3.187169510820903485e-03 7.242679566896654819e-01
-1.301369863013698558e-01 3.299560708255515860e-03 6.484920363341513116e-01
-1.301369863013698558e-01 3.410114838353698209e-03 5.880687646793206769e-01
-1.301369863013698558e-01 3.518597709432611225e-03 5.402362613043409922e-01
-1.301369863013698558e-01 3.624776769997524201e-03 5.037431091135986527e-01
-1.301369863013698558e-01 3.728421158549067530e-03 4.786046773258962328e-01
-1.301369863013698558e-01 3.868667108510824570e-03 4.581404524290625391e-01
-1.301369863013698558e-01 3.968310972620955196e-03 4.479681135883463727e-01
-1.301369863013698558e-01 4.107728442577474395e-03 4.424558509730155409e-01
-1.301369863013698558e-01 4.247433935803060154e-03 4.460637909795520106e-01
-1.301369863013698558e-01 4.340560378429626429e-03 4.513678928368852761e-01
-1.301369863013698558e-01 4.478532774506408139e-03 4.611117342563476607e-01
-1.301369863013698558e-01 4.616398144467546288e-03 4.755373112198056917e-01
-1.301369863013698558e-01 4.754038080485866596e-03 4.935036160865493016e-01
-1.301369863013698558e-01 4.891334592672301647e-03 5.143318828170109214e-01
-1.301369863013698558e-01 5.028170115956420889e-03 5.376086415954830500e-01
-1.301369863013698558e-01 5.164427517175344297e-03 5.632615730754177985e-01
-1.301369863013698558e-01 5.299990102379869422e-03 5.913889118872733830e-01
-1.301369863013698558e-01 5.434741624367203650e-03 6.223812128317736114e-01
-1.301369863013698558e-01 5.634165201327455581e-03 6.500523191856779626e-01
-1.301369863013698558e-01 5.769219348747640051e-03 6.797783265580777945e-01
-1.301369863013698558e-01 5.903150896852032113e-03 7.130270377765501877e-01
-1.301369863013698558e-01 6.108462625428633629e-03 7.460628196113132660e-01
-1.301369863013698558e-01 6.242184048250051104e-03 7.770634069427759805e-01
-1.301369863013698558e-01 6.374474083704809342e-03 8.133008531132702723e-01
-1.301369863013698558e-01 6.585186341779438769e-03 8.442874805349325218e-01
-1.301369863013698558e-01 6.716757339151282862e-03 8.792165835651586381e-01
-1.301369863013698558e-01 6.931680035566553134e-03 9.121558318366680407e-01
-1.301369863013698558e-01 7.062218515266651710e-03 9.465425303960964820e-01
-1.301369863013698558e-01 7.281189077515155296e-03 9.793170569275202464e-01
-1.301369863013698558e-01 7.410382888656182575e-03 1.014370633296801216e+00
-1.301369863013698558e-01 7.633239135029225644e-03 1.045466795925974468e+00
-1.301369863013698558e-01 7.859396955422608480e-03 1.082779917782268342e+00
-1.301369863013698558e-01 7.987357625715670734e-03 1.111093308639764077e+00
-1.301369863013698558e-01 8.217197916578098879e-03 1.144720368608985073e+00
-1.301369863013698558e-01 8.343073749112805970e-03 1.177257599051768855e+00
-1.301369863013698558e-01 8.576435186925567347e-03 1.206639753746753696e+00
-1.301369863013698558e-01 8.813015403190922054e-03 1.240073927314590208e+00
-1.301369863013698558e-01 8.936640188485996811e-03 1.270144770791448385e+00
-1.301369863013698558e-01 9.176539329545801288e-03 1.298529797291923193e+00
-1.301369863013698558e-01 9.419615942672619757e-03 1.330004982116092194e+00
-1.266666666666666774e-01 2.288711886348489960e-03 3.213910793645019304e+00
-1.266666666666666774e-01 2.443835691978776467e-03 2.327907745669151041e+00
-1.266666666666666774e-01 2.604045524023170053e-03 1.707168709569930609e+00
-1.266666666666666774e-01 2.769341382481673320e-03 1.319336289245057525e+00
-1.266666666666666774e-01 2.914832233028501023e-03 1.124589989171619120e+00
-1.266666666666666774e-01 3.009836670614727053e-03 9.859110519124121286e-01
-1.266666666666666774e-01 3.100974887481832646e-03 8.686583021153471140e-01
-1.266666666666666774e-01 3.217122862003461876e-03 7.711605115811844824e-01
-1.266666666666666774e-01 3.301017377924850543e-03 6.889361498121386873e-01
-1.266666666666666774e-01 3.412357760165570658e-03 6.211098015940663686e-01
-1.266666666666666774e-01 3.521695646022413983e-03 5.669920971917228325e-01
-1.266666666666666774e-01 3.628800118763185218e-03 5.248465526026910855e-01
-1.266666666666666774e-01 3.733441872210861798e-03 4.942287122072911432e-01
-1.266666666666666774e-01 3.874345232181345723e-03 4.693171152634039167e-01
-1.266666666666666774e-01 3.975119708918217580e-03 4.539666532475070126e-01
-1.266666666666666774e-01 4.115298248989892813e-03 4.455626391201109593e-01
-1.266666666666666774e-01 4.211438726658271389e-03 4.447195445178680484e-01
-1.266666666666666774e-01 4.350268783901541786e-03 4.459528625261336976e-01
-1.266666666666666774e-01 4.489157595103089766e-03 4.536582561735117980e-01
-1.266666666666666774e-01 4.627987271769870570e-03 4.662094389629974356e-01
-1.266666666666666774e-01 4.766640317266710239e-03 4.822969917954473273e-01
-1.266666666666666774e-01 4.904999633136673462e-03 5.011007466439526548e-01
-1.266666666666666774e-01 5.042948525608947213e-03 5.220746028916543047e-01
-1.266666666666666774e-01 5.180370712302057729e-03 5.450207627719397818e-01
-1.266666666666666774e-01 5.317150329130682432e-03 5.699358725899171807e-01
-1.266666666666666774e-01 5.453171937424736507e-03 5.971099310563837692e-01
-1.266666666666666774e-01 5.588320531269917735e-03 6.270005990701499332e-01
-1.266666666666666774e-01 5.789685397352028161e-03 6.583938900325322363e-01
-1.266666666666666774e-01 5.925031676714987740e-03 6.864550544770080531e-01
-1.266666666666666774e-01 6.059196711818279867e-03 7.180983581327633480e-01
-1.266666666666666774e-01 6.266333858818102370e-03 7.533164801573426494e-01
-1.266666666666666774e-01 6.400189288003519175e-03 7.824637991504780343e-01
-1.266666666666666774e-01 6.532557902844168818e-03 8.170961570587890188e-01
-1.266666666666666774e-01 6.744984993857570769e-03 8.492514830617746702e-01
-1.266666666666666774e-01 6.876540423142367929e-03 8.826457759254509039e-01
-1.266666666666666774e-01 7.093111154242308196e-03 9.162250447240357643e-01
-1.266666666666666774e-01 7.223543181363424083e-03 9.492329217722970114e-01
-1.266666666666666774e-01 7.444096726616257487e-03 9.822739485795491943e-01
-1.266666666666666774e-01 7.573096419549528446e-03 1.016204614772252990e+00
-1.266666666666666774e-01 7.797472329903830553e-03 1.047320130260665394e+00
-1.266666666666666774e-01 7.924732065892090699e-03 1.083759360952427864e+00
-1.266666666666666774e-01 8.152770274318779653e-03 1.111920443007077486e+00
-1.266666666666666774e-01 8.384043067262161864e-03 1.145223086695564829e+00
-1.266666666666666774e-01 8.509524592186578501e-03 1.177259345737449170e+00
-1.266666666666666774e-01 8.744259085534569764e-03 1.206203658261703504e+00
-1.266666666666666774e-01 8.982187245458720173e-03 1.239117519172766357e+00
-1.266666666666666774e-01 9.105308035420594734e-03 1.269132408814458213e+00
-1.266666666666666774e-01 9.346497808519512243e-03 1.296890721497280019e+00
-1.233766233766233900e-01 2.267157390426098248e-03 3.674386395871221289e+00
-1.233766233766233900e-01 2.420820280221645977e-03 2.678186310648409396e+00
-1.233766233766233900e-01 2.579521297551472161e-03 1.955144582507242212e+00
-1.233766233766233900e-01 2.743260442415579835e-03 1.472581171023614299e+00
-1.233766233766233900e-01 2.912037714813966831e-03 1.201398049442446769e+00
-1.233766233766233900e-01 3.007769216302355348e-03 1.053208782696376744e+00
-1.233766233766233900e-01 3.099722374420694170e-03 9.284222906709274081e-01
-1.233766233766233900e-01 3.216451553353782879e-03 8.199582782533600955e-01
-1.233766233766233900e-01 3.301329945443385455e-03 7.328101219287201928e-01
-1.233766233766233900e-01 3.413396178517192313e-03 6.572270586945971882e-01
-1.233766233766233900e-01 3.523527556729713368e-03 5.965516027475538108e-01
-1.233766233766233900e-01 3.631494868277592054e-03 5.485695774734310470e-01
-1.233766233766233900e-01 3.737070437141581936e-03 5.123826892391908361e-01
-1.233766233766233900e-01 3.878565381801090360e-03 4.830243425265747792e-01
-1.233766233766233900e-01 3.980404888163455862e-03 4.625695139508329001e-01
-1.233766233766233900e-01 4.121276241929853860e-03 4.513778540017365781e-01
-1.233766233766233900e-01 4.218618491850387175e-03 4.446376177416602737e-01
-1.233766233766233900e-01 4.358247481773947114e-03 4.437074562087218177e-01
-1.233766233766233900e-01 4.497980986473657482e-03 4.496316345940147285e-01
-1.233766233766233900e-01 4.637702076582132620e-03 4.606088616696850657e-01
-1.233766233766233900e-01 4.725722000726750166e-03 4.724814345787856640e-01
-1.233766233766233900e-01 4.863049690205181567e-03 4.882900771786466976e-01
-1.233766233766233900e-01 4.999980845804336514e-03 5.075522352659681546e-01
-1.233766233766233900e-01 5.136400295233730859e-03 5.299327587693606345e-01
-1.233766233766233900e-01 5.332055272659863045e-03 5.543502229897900868e-01
-1.233766233766233900e-01 5.469267709151806600e-03 5.782572351258475907e-01
-1.233766233766233900e-01 5.605660034145780110e-03 6.042264897623403908e-01
-1.233766233766233900e-01 5.741118485003490410e-03 6.327393528430768077e-01
-1.233766233766233900e-01 5.875529725914668648e-03 6.645312174127224747e-01
-1.233766233766233900e-01 6.079880789509203853e-03 6.940172044910045690e-01
-1.233766233766233900e-01 6.214194507283250270e-03 7.239404375387200608e-01
-1.233766233766233900e-01 6.347157161744610733e-03 7.584688186230760243e-01
-1.233766233766233900e-01 6.556966441748530994e-03 7.884500388329623854e-01
-1.233766233766233900e-01 6.689331261685463846e-03 8.213902290987169508e-01
-1.233766233766233900e-01 6.903376378902407844e-03 8.547221664321221768e-01
-1.233766233766233900e-01 7.034835201938874176e-03 8.864989806616540013e-01
-1.233766233766233900e-01 7.252956719442776694e-03 9.207430927768264217e-01
-1.233766233766233900e-01 7.383202602647912643e-03 9.522940946056355216e-01
-1.233766233766233900e-01 7.605241442335475104e-03 9.856719746049974473e-01
-1.233766233766233900e-01 7.733968685421974305e-03 1.018388133916528382e+00
-1.233766233766233900e-01 7.959766132864455612e-03 1.049567393383550096e+00
-1.233766233766233900e-01 8.086670302186146561e-03 1.085069704604008090e+00
-1.233766233766233900e-01 8.316068011611383107e-03 1.113126243832931683e+00
-1.233766233766233900e-01 8.548674080609001275e-03 1.146212184507751974e+00
-1.233766233766233900e-01 8.673685964408303639e-03 1.177574530414382759e+00
-1.233766233766233900e-01 8.909693854966527909e-03 1.206172920317065023e+00
-1.233766233766233900e-01 9.148869636673188574e-03 1.238768584871138279e+00
-1.233766233766233900e-01 9.271412749160812955e-03 1.268393551212774639e+00
-1.202531645569620278e-01 2.397624778749206289e-03 3.063909518875958859e+00
-1.202531645569620278e-01 2.554805175274908139e-03 2.239266967007417009e+00
-1.202531645569620278e-01 2.716975425658569969e-03 1.662422807281828785e+00
-1.202531645569620278e-01 2.884135529900189177e-03 1.303969529934523308e+00
-1.202531645569620278e-01 3.030554193047122532e-03 1.123238142714630738e+00
-1.202531645569620278e-01 3.124684062830014597e-03 9.875871759312910836e-01
-1.202531645569620278e-01 3.214818854907005793e-03 8.725998634609013482e-01
-1.202531645569620278e-01 3.330701936460812255e-03 7.766459410110049255e-01
-1.202531645569620278e-01 3.413362594957191232e-03 6.962722505593201827e-01
-1.202531645569620278e-01 3.524230805778506143e-03 6.287903992228585093e-01
-1.202531645569620278e-01 3.633003185884039164e-03 5.748056746647867143e-01
-1.202531645569620278e-01 3.739453751853528008e-03 5.329721441169521512e-01
-1.202531645569620278e-01 3.881480322547703910e-03 4.991734564564974108e-01
-1.202531645569620278e-01 3.984323899507146403e-03 4.736905929233802826e-01
-1.202531645569620278e-01 4.125825690991277717e-03 4.598147516189232675e-01
-1.202531645569620278e-01 4.224306816358034712e-03 4.474182080400445072e-01
-1.202531645569620278e-01 4.364670080962002909e-03 4.445325486883178190e-01
-1.202531645569620278e-01 4.458041307490074462e-03 4.477954467428725827e-01
-1.202531645569620278e-01 4.596657837407991561e-03 4.522175000589545579e-01
-1.202531645569620278e-01 4.735156080257985935e-03 4.618580298585564514e-01
-1.202531645569620278e-01 4.873421014427509711e-03 4.755718020763133325e-01
-1.202531645569620278e-01 5.011337990261206625e-03 4.925310601633910434e-01
-1.202531645569620278e-01 5.148792736196346198e-03 5.122742242571536320e-01
-1.202531645569620278e-01 5.285671365083213259e-03 5.345552274916923752e-01
-1.202531645569620278e-01 5.421860380698317189e-03 5.594516624388911064e-01
-1.202531645569620278e-01 5.557246684458664286e-03 5.872147090348086573e-01
-1.202531645569620278e-01 5.757491861545342877e-03 6.126866313897362248e-01
-1.202531645569620278e-01 5.893178807944378719e-03 6.396527488381690274e-01
-1.202531645569620278e-01 6.027760022925701330e-03 6.698763348447359656e-01
-1.202531645569620278e-01 6.233822488518394982e-03 7.025045571920469634e-01
-1.202531645569620278e-01 6.368206038408765271e-03 7.304475350844867876e-01
-1.202531645569620278e-01 6.501183281066674931e-03 7.631966411468210643e-01
-1.202531645569620278e-01 6.712590125534242773e-03 7.950470346807978483e-01
-1.202531645569620278e-01 6.844874805989613516e-03 8.261736040374308976e-01
-1.202531645569620278e-01 7.060448255689967881e-03 8.607064414075964454e-01
-1.202531645569620278e-01 7.191735525619954994e-03 8.907511918641006776e-01
-1.202531645569620278e-01 7.411317900483926739e-03 9.257133598124666074e-01
-1.202531645569620278e-01 7.541304091756810025e-03 9.557327607564478633e-01
-1.202531645569620278e-01 7.764738058143204856e-03 9.894969044358318255e-01
-1.202531645569620278e-01 7.893120705378607951e-03 1.020879639113230208e+00
-1.202531645569620278e-01 8.120249280778278622e-03 1.052213169561405426e+00
-1.202531645569620278e-01 8.246727144686398850e-03 1.086664884354707317e+00
-1.202531645569620278e-01 8.477393702552819474e-03 1.114725352909295975e+00
-1.202531645569620278e-01 8.711241868113952028e-03 1.147581810392652057e+00
-1.202531645569620278e-01 8.835715068801631988e-03 1.178199680246852843e+00
-1.202531645569620278e-01 9.072904931093018349e-03 1.206649722934127755e+00
-1.202531645569620278e-01 9.313236380964423980e-03 1.238765545084015152e+00
-1.172839506172839441e-01 2.374323788730579345e-03 3.482913165038171499e+00
-1.172839506172839441e-01 2.529976648969940040e-03 2.557440763257456950e+00
-1.172839506172839441e-01 2.690570869851821416e-03 1.886840529863031746e+00
-1.172839506172839441e-01 2.856106451376221739e-03 1.441424456070910187e+00
-1.172839506172839441e-01 3.026583393543141442e-03 1.194349216348485454e+00
-1.172839506172839441e-01 3.121412647690233536e-03 1.050569138015045922e+00
-1.172839506172839441e-01 3.212334670110580589e-03 9.288734168381860279e-01
-1.172839506172839441e-01 3.328758595187873183e-03 8.234758196658438223e-01
-1.172839506172839441e-01 3.443640902258445456e-03 7.377290155793481130e-01
-1.172839506172839441e-01 3.523927975958667230e-03 6.635904060579764785e-01
-1.172839506172839441e-01 3.633452039097705231e-03 6.034533609351805383e-01
-1.172839506172839441e-01 3.740723113022352813e-03 5.559067356559024287e-01
-1.172839506172839441e-01 3.883226649519661618e-03 5.176794036069147786e-01
-1.172839506172839441e-01 3.987017587461666804e-03 4.872470783504711522e-01
-1.172839506172839441e-01 4.087923592219757860e-03 4.682345294254950385e-01
-1.172839506172839441e-01 4.228654001363651473e-03 4.529718406038621970e-01
-1.172839506172839441e-01 4.369692203131843485e-03 4.483325252776639291e-01
-1.172839506172839441e-01 4.464281825798489117e-03 4.446491494515754095e-01
-1.172839506172839441e-01 4.603679726781260452e-03 4.472905939581253154e-01
-1.172839506172839441e-01 4.743004949630827416e-03 4.552555814019663138e-01
-1.172839506172839441e-01 4.882143430606345966e-03 4.672579186622174974e-01
-1.172839506172839441e-01 5.020981460914493953e-03 4.823369453254633399e-01
-1.172839506172839441e-01 5.159405692519296836e-03 4.999039844172143421e-01
-1.172839506172839441e-01 5.297303144125565383e-03 5.196103962882849814e-01
-1.172839506172839441e-01 5.434561207343188705e-03 5.414310454067194911e-01
-1.172839506172839441e-01 5.571067653040008213e-03 5.655272930333746784e-01
-1.172839506172839441e-01 5.706710637891312943e-03 5.922150582224179338e-01
-1.172839506172839441e-01 5.841378711134529236e-03 6.220508673376349273e-01
-1.172839506172839441e-01 6.044542001622858936e-03 6.477523074174064144e-01
-1.172839506172839441e-01 6.179218315868156494e-03 6.762611273202189244e-01
-1.172839506172839441e-01 6.312621020503850384e-03 7.088480554123437472e-01
-1.172839506172839441e-01 6.521288686594141001e-03 7.377096527151935090e-01
-1.172839506172839441e-01 6.654208219587949384e-03 7.685764603429300346e-01
-1.172839506172839441e-01 6.867129470252517076e-03 8.022508856458827609e-01
-1.172839506172839441e-01 6.999263166814735128e-03 8.314713732079057618e-01
-1.172839506172839441e-01 7.216281740744375298e-03 8.671939445287977222e-01
-1.172839506172839441e-01 7.347328057700017699e-03 8.954240090101535099e-01
-1.172839506172839441e-01 7.568288023792576688e-03 9.311456705787650723e-01
-1.172839506172839441e-01 7.697946560804073100e-03 9.595476289570193940e-01
-1.172839506172839441e-01 7.922692322608686569e-03 9.937194999196562462e-01
-1.172839506172839441e-01 8.050663844123555346e-03 1.023723078916960683e+00
-1.172839506172839441e-01 8.279040144403193927e-03 1.055231773014084773e+00
-1.172839506172839441e-01 8.405026602361248891e-03 1.088582095103866498e+00
-1.172839506172839441e-01 8.636878527778234921e-03 1.116624388435785376e+00
-1.172839506172839441e-01 8.871884901160075401e-03 1.149328344845764294e+00
-1.172839506172839441e-01 8.995756071044349808e-03 1.179250690157802817e+00
-1.172839506172839441e-01 9.234043930959478716e-03 1.207378277084017126e+00
-1.144578313253012125e-01 2.505104126980335286e-03 2.907697423454017382e+00
-1.144578313253012125e-01 2.664119525665610815e-03 2.143931802318981727e+00
-1.144578313253012125e-01 2.828027705848893975e-03 1.611930306477136643e+00
-1.144578313253012125e-01 2.996828667530186067e-03 1.284559006112422352e+00
-1.144578313253012125e-01 3.117434303452830662e-03 1.117603403170539966e+00
-1.144578313253012125e-01 3.237050028304913098e-03 9.864624379271274002e-01
-1.144578313253012125e-01 3.326015952364636246e-03 8.733832624629687125e-01
-1.144578313253012125e-01 3.441455333932809304e-03 7.797874704155918213e-01
-1.144578313253012125e-01 3.522728569202837785e-03 7.008394595910603098e-01
-1.144578313253012125e-01 3.632954935846741552e-03 6.344158911507825627e-01
-1.144578313253012125e-01 3.740995992785113231e-03 5.811000252100181340e-01
-1.144578313253012125e-01 3.883926625005439549e-03 5.384605729880667102e-01
-1.144578313253012125e-01 3.988612121741629685e-03 5.031592958444066621e-01
-1.144578313253012125e-01 4.090485268713054019e-03 4.787259016536925538e-01
-1.144578313253012125e-01 4.231794858799386300e-03 4.612122128383432385e-01
-1.144578313253012125e-01 4.329167248304136018e-03 4.510659428461475939e-01
-1.144578313253012125e-01 4.469204582517826568e-03 4.447700742524054451e-01
-1.144578313253012125e-01 4.609327173919548770e-03 4.459250819633755469e-01
-1.144578313253012125e-01 4.749421599314296305e-03 4.525464548841390822e-01
-1.144578313253012125e-01 4.837507876644030376e-03 4.612642836885972875e-01
-1.144578313253012125e-01 4.975212414268415269e-03 4.730925525911175988e-01
-1.144578313253012125e-01 5.112515792717264862e-03 4.886295936503457504e-01
-1.144578313253012125e-01 5.249306158065227164e-03 5.073870439915111330e-01
-1.144578313253012125e-01 5.385472016396272883e-03 5.292293469400891626e-01
-1.144578313253012125e-01 5.583087683774781186e-03 5.505099452309365482e-01
-1.144578313253012125e-01 5.719837811739034682e-03 5.734435177927710292e-01
-1.144578313253012125e-01 5.855664866486470256e-03 5.988110753387111407e-01
-1.144578313253012125e-01 5.990458633495325362e-03 6.272175239437184358e-01
-1.144578313253012125e-01 6.195245929498183549e-03 6.570681446230889344e-01
-1.144578313253012125e-01 6.329947403843612028e-03 6.835610388916848468e-01
-1.144578313253012125e-01 6.463320187624524253e-03 7.142793718021237526e-01
-1.144578313253012125e-01 6.673495792060804739e-03 7.457485741545647473e-01
-1.144578313253012125e-01 6.806290299987402537e-03 7.745978776313118264e-01
-1.144578313253012125e-01 6.937463050925869040e-03 8.097250005277689677e-01
-1.144578313253012125e-01 7.152565455581794997e-03 8.372678031801520371e-01
-1.144578313253012125e-01 7.282677200592243758e-03 8.719901575175060815e-01
-1.144578313253012125e-01 7.501692888291052602e-03 9.005344921578773976e-01
-1.144578313253012125e-01 7.630446206387824296e-03 9.358692933066541375e-01
-1.144578313253012125e-01 7.853221258412168906e-03 9.637079026637608292e-01
-1.144578313253012125e-01 8.079201706868517976e-03 9.983421935079674903e-01
-1.144578313253012125e-01 8.206700678327398524e-03 1.026874371898829352e+00
-1.144578313253012125e-01 8.436247668751293075e-03 1.058644005400152688e+00
-1.144578313253012125e-01 8.561682739031656331e-03 1.090738565213679623e+00
-1.144578313253012125e-01 8.794643061916190482e-03 1.118828328392715399e+00
-1.144578313253012125e-01 9.030730369000521812e-03 1.151568264251874085e+00
-1.144578313253012125e-01 9.153941320493406628e-03 1.180476000860275931e+00
-1.117647058823529327e-01 2.480246399199612355e-03 3.288186154111568449e+00
-1.117647058823529327e-01 2.637683914773807092e-03 2.431904236170108202e+00
-1.117647058823529327e-01 2.799965661596437536e-03 1.813757326965613093e+00
-1.117647058823529327e-01 2.967091639667504988e-03 1.406345621575476379e+00
-1.117647058823529327e-01 3.139061848987009015e-03 1.185141641076740804e+00
-1.117647058823529327e-01 3.232828258506408644e-03 1.045330366962633262e+00
-1.117647058823529327e-01 3.322565065891643250e-03 9.262109825136848329e-01
-1.117647058823529327e-01 3.438518253324854366e-03 8.244904422778216446e-01
-1.117647058823529327e-01 3.520730498411864424e-03 7.404309587391862957e-01
-1.117647058823529327e-01 3.631613452125087051e-03 6.676009900453006018e-01
-1.117647058823529327e-01 3.740377600018549627e-03 6.084692701992582275e-01
-1.117647058823529327e-01 3.883689793027037332e-03 5.614386251765262070e-01
-1.117647058823529327e-01 3.989220641654358038e-03 5.213505635172268615e-01
-1.117647058823529327e-01 4.092010652604531271e-03 4.916645129291686289e-01
-1.117647058823529327e-01 4.233850432678414738e-03 4.720560596629517214e-01
-1.117647058823529327e-01 4.332271146723357808e-03 4.559006551437290167e-01
-1.117647058823529327e-01 4.472938451057595875e-03 4.480568344517699142e-01
-1.117647058823529327e-01 4.566263771084710932e-03 4.475779778724480740e-01
-1.117647058823529327e-01 4.705168322707626270e-03 4.476547639017933178e-01
-1.117647058823529327e-01 4.843941114743796107e-03 4.532959497783438652e-01
-1.117647058823529327e-01 4.982470553528082872e-03 4.632622994297729835e-01
-1.117647058823529327e-01 5.120645378041065524e-03 4.767020073972662031e-01
-1.117647058823529327e-01 5.258354665398233714e-03 4.930241117347079483e-01
-1.117647058823529327e-01 5.395487836503854058e-03 5.119895646003398415e-01
-1.117647058823529327e-01 5.531934661876410954e-03 5.335505848272708018e-01
-1.117647058823529327e-01 5.667585267652951175e-03 5.578566535550375516e-01
-1.117647058823529327e-01 5.868192317754547874e-03 5.831929065317701388e-01
-1.117647058823529327e-01 6.004135322097557681e-03 6.069916540367110702e-01
-1.117647058823529327e-01 6.138987792426619378e-03 6.337808484112255059e-01
-1.117647058823529327e-01 6.272641118276862937e-03 6.642182495180560808e-01
-1.117647058823529327e-01 6.479987223503428859e-03 6.918599400986265024e-01
-1.117647058823529327e-01 6.613265788846419725e-03 7.205823853643031907e-01
-1.117647058823529327e-01 6.824876964251684261e-03 7.545570592967685286e-01
-1.117647058823529327e-01 6.957483696364657327e-03 7.812791622976479333e-01
-1.117647058823529327e-01 7.088417900220384850e-03 8.144316423599424759e-01
-1.117647058823529327e-01 7.304845719487905800e-03 8.435797161984620596e-01
-1.117647058823529327e-01 7.434630651934316659e-03 8.764184551353315644e-01
-1.117647058823529327e-01 7.654904094692753340e-03 9.060842903401933324e-01
-1.117647058823529327e-01 7.783245577910978888e-03 9.396418441223215456e-01
-1.117647058823529327e-01 8.007212440459028288e-03 9.682524279295093850e-01
-1.117647058823529327e-01 8.234356137936837267e-03 1.003358565573937877e+00
-1.117647058823529327e-01 8.361325782250140712e-03 1.030374172164882696e+00
-1.117647058823529327e-01 8.591972224357626031e-03 1.062362977586515100e+00
-1.117647058823529327e-01 8.716800578327944804e-03 1.093146146531436935e+00
-1.117647058823529327e-01 8.950798247186173701e-03 1.121464941798362869e+00
-1.117647058823529327e-01 9.187895222916691793e-03 1.154052031760413266e+00
-1.091954022988505663e-01 2.455453901019290664e-03 3.697165822392799672e+00
-1.091954022988505663e-01 2.611317674033210908e-03 2.749068229606899560e+00
-1.091954022988505663e-01 2.771977255447558627e-03 2.045271850255680590e+00
-1.091954022988505663e-01 2.937432645262335554e-03 1.558134501947638473e+00
-1.091954022988505663e-01 3.107683843477539089e-03 1.262907154743996951e+00
-1.091954022988505663e-01 3.228021270561409403e-03 1.107440542152259511e+00
-1.091954022988505663e-01 3.318487272580889890e-03 9.818103405732651057e-01
-1.091954022988505663e-01 3.434914401873306617e-03 8.717131395117372339e-01
-1.091954022988505663e-01 3.549760430625456195e-03 7.809644099120820471e-01
-1.091954022988505663e-01 3.629518574109852087e-03 7.029206019344643730e-01
-1.091954022988505663e-01 3.738962252913770844e-03 6.379352306966179498e-01
-1.091954022988505663e-01 3.846134904439045977e-03 5.855735948370054400e-01
-1.091954022988505663e-01 3.988944703260734713e-03 5.417470550929097683e-01
-1.091954022988505663e-01 4.092604568426989192e-03 5.069737987149142144e-01
-1.091954022988505663e-01 4.193380057656215763e-03 4.835844209271432659e-01
-1.091954022988505663e-01 4.334349355653814920e-03 4.635631878770802849e-01
-1.091954022988505663e-01 4.475599415906186471e-03 4.544115820058838295e-01
-1.091954022988505663e-01 4.570058860597137930e-03 4.466594520015215730e-01
-1.091954022988505663e-01 4.709648741482375806e-03 4.452895860391006821e-01
-1.091954022988505663e-01 4.849150455708024256e-03 4.495432632218760993e-01
-1.091954022988505663e-01 4.988453382504317614e-03 4.580491003392034854e-01
-1.091954022988505663e-01 5.127447219030036550e-03 4.698276133662354082e-01
-1.091954022988505663e-01 5.266021985576721000e-03 4.841852106760434760e-01
-1.091954022988505663e-01 5.404068030927553640e-03 5.007788560449667470e-01
-1.091954022988505663e-01 5.541476037877433002e-03 5.194693102616499969e-01
-1.091954022988505663e-01 5.678137028920951339e-03 5.403193463919665485e-01
-1.091954022988505663e-01 5.813942372115494563e-03 5.636302099324341786e-01
-1.091954022988505663e-01 5.948783787126967794e-03 5.898590274636685837e-01
-1.091954022988505663e-01 6.152146404382960974e-03 6.167655150264378383e-01
-1.091954022988505663e-01 6.286994728001512982e-03 6.415871360476673724e-01
-1.091954022988505663e-01 6.420588992371765134e-03 6.701450185805182258e-01
-1.091954022988505663e-01 6.629375054818816872e-03 7.011670686323621116e-01
-1.091954022988505663e-01 6.762499267225392796e-03 7.277378432077584725e-01
-1.091954022988505663e-01 6.894081444647714302e-03 7.598144415085072989e-01
-1.091954022988505663e-01 7.107838762813122567e-03 7.886073858358534361e-01
-1.091954022988505663e-01 7.238476929012369401e-03 8.196908648037878331e-01
-1.091954022988505663e-01 7.456163359267808238e-03 8.504289219541044664e-01
-1.091954022988505663e-01 7.585565517120122607e-03 8.812956096143992335e-01
-1.091954022988505663e-01 7.807030252864650618e-03 9.120487856611134703e-01
-1.091954022988505663e-01 7.934905442701242761e-03 9.438053209817750533e-01
-1.091954022988505663e-01 8.159997979560254522e-03 9.731529106792911055e-01
-1.091954022988505663e-01 8.286056299320660248e-03 1.007270283219346974e+00
-1.091954022988505663e-01 8.514626439309429945e-03 1.034143689797019983e+00
-1.091954022988505663e-01 8.746306377121171663e-03 1.066398894436051403e+00
-1.091954022988505663e-01 8.870476921196015704e-03 1.095942349097055901e+00
-1.091954022988505663e-01 9.105446271774786382e-03 1.124287030517489017e+00
-1.067415730337078622e-01 2.585066716706992812e-03 3.093830173427886798e+00
-1.067415730337078622e-01 2.744111225448377447e-03 2.304930117394630606e+00
-1.067415730337078622e-01 2.907903331465625223e-03 1.738435090595181531e+00
-1.067415730337078622e-01 3.076443034758734405e-03 1.369394501379126883e+00
-1.067415730337078622e-01 3.222699018353987043e-03 1.172617914856708410e+00
-1.067415730337078622e-01 3.342297888361273148e-03 1.038563161368753818e+00
-1.067415730337078622e-01 3.430719601087941183e-03 9.213372356355473691e-01
-1.067415730337078622e-01 3.546062936070248656e-03 8.235994926919730785e-01
-1.067415730337078622e-01 3.626751878367066688e-03 7.402906570023408683e-01
-1.067415730337078622e-01 3.736834586735248570e-03 6.694219881151104445e-01
-1.067415730337078622e-01 3.844712178577808920e-03 6.115214525366430287e-01
-1.067415730337078622e-01 3.987875554042095289e-03 5.642776705355931899e-01
-1.067415730337078622e-01 4.092361282862984860e-03 5.245799039970782118e-01
-1.067415730337078622e-01 4.194033545145880483e-03 4.956457431787001933e-01
-1.067415730337078622e-01 4.335502730382332498e-03 4.739669037027518517e-01
-1.067415730337078622e-01 4.432672001685562628e-03 4.592475288975509384e-01
-1.067415730337078622e-01 4.572837173849247233e-03 4.491495468221017862e-01
-1.067415730337078622e-01 4.713066686526122540e-03 4.466528640080216772e-01
-1.067415730337078622e-01 4.803076697527484430e-03 4.496546703562603886e-01
-1.067415730337078622e-01 4.941170976787710549e-03 4.535216717327275049e-01
-1.067415730337078622e-01 5.078966640209029750e-03 4.619420916369236241e-01
-1.067415730337078622e-01 5.216354838478706908e-03 4.740843447365697960e-01
-1.067415730337078622e-01 5.353227039886749618e-03 4.894959363107648231e-01
-1.067415730337078622e-01 5.489475035676545656e-03 5.079195814329903191e-01
-1.067415730337078622e-01 5.624990945558460374e-03 5.293379867604786071e-01
-1.067415730337078622e-01 5.824090348063606232e-03 5.494673467355194463e-01
-1.067415730337078622e-01 5.959988586394885171e-03 5.714751505801121123e-01
-1.067415730337078622e-01 6.094865839411891216e-03 5.962686881343812750e-01
-1.067415730337078622e-01 6.228615393618438904e-03 6.243707289574804697e-01
-1.067415730337078622e-01 6.434506200771105029e-03 6.507049277780416752e-01
-1.067415730337078622e-01 6.567983481138284924e-03 6.772242890094981593e-01
-1.067415730337078622e-01 6.700047045873131456e-03 7.084717465169653172e-01
-1.067415730337078622e-01 6.911059269729975113e-03 7.357496687594515805e-01
-1.067415730337078622e-01 7.042380168536786084e-03 7.656647296957390658e-01
-1.067415730337078622e-01 7.257402336217089363e-03 7.965879926262379174e-01
-1.067415730337078622e-01 7.387690803987663479e-03 8.255251207253303525e-01
-1.067415730337078622e-01 7.606573511631762284e-03 8.578147939314884063e-01
-1.067415730337078622e-01 7.735540771019682946e-03 8.865894103888284361e-01
-1.067415730337078622e-01 7.958134903410248040e-03 9.184564860805471964e-01
-1.067415730337078622e-01 8.085493183812866858e-03 9.483071032477380369e-01
-1.067415730337078622e-01 8.311649918313806021e-03 9.784495591330301112e-01
-1.067415730337078622e-01 8.437112475507498044e-03 1.010834944197346541e+00
-1.067415730337078622e-01 8.666683286108414416e-03 1.038197643645240031e+00
-1.067415730337078622e-01 8.899335584099946767e-03 1.070888423908185061e+00
-1.067415730337078622e-01 9.022801084038800656e-03 1.098880926348933862e+00
-1.043956043956044133e-01 2.558970236933166484e-03 3.464686174490987369e+00
-1.043956043956044133e-01 2.716409177130155953e-03 2.591272557963898215e+00
-1.043956043956044133e-01 2.878547787183773424e-03 1.945835633700152334e+00
-1.043956043956044133e-01 3.045386067094015426e-03 1.503242261751069009e+00
-1.043956043956044133e-01 3.216924016860885863e-03 1.240697282206781882e+00
-1.043956043956044133e-01 3.336854297267044522e-03 1.096333395708577685e+00
-1.043956043956044133e-01 3.426001748947637982e-03 9.732504762566860368e-01
-1.043956043956044133e-01 3.541807216985687779e-03 8.683600353711082853e-01
-1.043956043956044133e-01 3.623386570730761404e-03 7.796308528949742467e-01
-1.043956043956044133e-01 3.734070617605556464e-03 7.028567751136047814e-01
-1.043956043956044133e-01 3.842614261819586249e-03 6.394614930271896869e-01
-1.043956043956044133e-01 3.948804800849075626e-03 5.882831336151385093e-01
-1.043956043956044133e-01 4.091365649534846501e-03 5.444115679252750084e-01
-1.043956043956044133e-01 4.193892344414934352e-03 5.101700215250259962e-01
-1.043956043956044133e-01 4.335822179125804060e-03 4.870281391046900055e-01
-1.043956043956044133e-01 4.433973777344707608e-03 4.661224351996149373e-01
-1.043956043956044133e-01 4.574695655002937456e-03 4.549427030463782939e-01
-1.043956043956044133e-01 4.667767376666211859e-03 4.493082185578977095e-01
-1.043956043956044133e-01 4.806708818436825070e-03 4.461020101882808842e-01
-1.043956043956044133e-01 4.945503581220410741e-03 4.485413895466205392e-01
-1.043956043956044133e-01 5.084043467319527589e-03 4.553862902819001413e-01
-1.043956043956044133e-01 5.222220577897311242e-03 4.657029927517942758e-01
-1.043956043956044133e-01 5.359927317905268523e-03 4.789347676305918400e-01
-1.043956043956044133e-01 5.497056401158055723e-03 4.947323070185610794e-01
-1.043956043956044133e-01 5.633500855561434685e-03 5.129912061584293026e-01
-1.043956043956044133e-01 5.769154028499819988e-03 5.338288152582554291e-01
-1.043956043956044133e-01 5.903909592390277176e-03 5.575533420431734166e-01
-1.043956043956044133e-01 6.105738159323471394e-03 5.813684704135169135e-01
-1.043956043956044133e-01 6.240594063632240451e-03 6.043201222937764072e-01
-1.043956043956044133e-01 6.374267537706958253e-03 6.306041674505876715e-01
-1.043956043956044133e-01 6.506653408189736615e-03 6.610611010845416358e-01
-1.043956043956044133e-01 6.714853202304146319e-03 6.854209017183596764e-01
-1.043956043956044133e-01 6.846693836136755369e-03 7.145319103729182997e-01
-1.043956043956044133e-01 7.058981858038272141e-03 7.446019275525574965e-01
-1.043956043956044133e-01 7.189989763814854176e-03 7.722405633286593130e-01
-1.043956043956044133e-01 7.406218014675848213e-03 8.052424594237889144e-01
-1.043956043956044133e-01 7.536106642031061877e-03 8.319370792910671941e-01
-1.043956043956044133e-01 7.756127398855744252e-03 8.657147122760733282e-01
-1.043956043956044133e-01 7.884611156355525452e-03 8.923606699541574150e-01
-1.043956043956044133e-01 8.108276975708596582e-03 9.252920795785639640e-01
-1.043956043956044133e-01 8.235071249349898426e-03 9.532032958669258704e-01
-1.043956043956044133e-01 8.462234971184097454e-03 9.840646308189255898e-01
-1.043956043956044133e-01 8.587056143532485405e-03 1.014668106811822623e+00
-1.043956043956044133e-01 8.817570895118871654e-03 1.042680296790712502e+00
-1.043956043956044133e-01 9.051138822222953156e-03 1.075587196435918713e+00
-1.021505376344086086e-01 2.688906507024290630e-03 2.902918490285383513e+00
-1.021505376344086086e-01 2.849403521716917416e-03 2.178998351362517738e+00
-1.021505376344086086e-01 3.014552623791938012e-03 1.663158223584554563e+00
-1.021505376344086086e-01 3.184353813249354587e-03 1.332383342757822664e+00
-1.021505376344086086e-01 3.330983885541374638e-03 1.156603289732027307e+00
-1.021505376344086086e-01 3.420821696706505960e-03 1.027346313613057838e+00
-1.021505376344086086e-01 3.537056725547606164e-03 9.151550446682893414e-01
-1.021505376344086086e-01 3.619488401767193865e-03 8.208644504680304710e-01
-1.021505376344086086e-01 3.730738680471185845e-03 7.381698159154119754e-01
-1.021505376344086086e-01 3.839912068452009698e-03 6.693272243309957847e-01
-1.021505376344086086e-01 3.946797653457866963e-03 6.128243301108342589e-01
-1.021505376344086086e-01 4.089694119986901112e-03 5.664000142961493900e-01
-1.021505376344086086e-01 4.193035468678651782e-03 5.270822735714043583e-01
-1.021505376344086086e-01 4.293494058538837102e-03 4.988914025103232674e-01
-1.021505376344086086e-01 4.434481630959171729e-03 4.759309796188788133e-01
-1.021505376344086086e-01 4.530309214339719309e-03 4.625479490784972225e-01
-1.021505376344086086e-01 4.669865355037321197e-03 4.508520738825851915e-01
-1.021505376344086086e-01 4.809424125782752781e-03 4.465883612473003361e-01
-1.021505376344086086e-01 4.948878014844816653e-03 4.479811617385751621e-01
-1.021505376344086086e-01 5.088119792007824230e-03 4.536629610460670148e-01
-1.021505376344086086e-01 5.172202728654548901e-03 4.623204585938922029e-01
-1.021505376344086086e-01 5.308705682043751706e-03 4.735435989019737835e-01
-1.021505376344086086e-01 5.503504469054283470e-03 4.878028298739254809e-01
-1.021505376344086086e-01 5.640831288670095436e-03 5.034389950505070432e-01
-1.021505376344086086e-01 5.777414231874312099e-03 5.210754657567332471e-01
-1.021505376344086086e-01 5.913147857830665551e-03 5.409578926988072300e-01
-1.021505376344086086e-01 6.047927042022189364e-03 5.635064954947085480e-01
-1.021505376344086086e-01 6.181646981850663115e-03 5.891076947803048913e-01
-1.021505376344086086e-01 6.385985218552525308e-03 6.140583937390661218e-01
-1.021505376344086086e-01 6.519529789380744400e-03 6.383270858094705069e-01
-1.021505376344086086e-01 6.651734300797023866e-03 6.667585779141845803e-01
-1.021505376344086086e-01 6.861224956266460083e-03 6.947176552738999478e-01
-1.021505376344086086e-01 6.992792573995348059e-03 7.215352792481910527e-01
-1.021505376344086086e-01 7.206300703550304505e-03 7.542826783075678998e-01
-1.021505376344086086e-01 7.336947140135790038e-03 7.795605790540859337e-01
-1.021505376344086086e-01 7.465800174024114430e-03 8.119842420073483114e-01
-1.021505376344086086e-01 7.683768295046872025e-03 8.388933599716892342e-01
-1.021505376344086086e-01 7.811242977434645733e-03 8.717082827430914227e-01
-1.021505376344086086e-01 8.032827533231741077e-03 8.985667386140235857e-01
-1.021505376344086086e-01 8.257511173725298401e-03 9.325917001339061319e-01
-1.021505376344086086e-01 8.383697569528997598e-03 9.584204218940426401e-01
-1.021505376344086086e-01 8.611814979656793809e-03 9.900128724621756193e-01
-1.021505376344086086e-01 8.735952361492800924e-03 1.018920260121635835e+00
-1.021505376344086086e-01 8.967358301816276758e-03 1.047346566223193332e+00
-1.000000000000000056e-01 2.661633203546712959e-03 3.238561206515051083e+00
-1.000000000000000056e-01 2.820502313446993092e-03 2.436654950745403614e+00
-1.000000000000000056e-01 2.983976325083511922e-03 1.847915293540922654e+00
-1.000000000000000056e-01 3.152055238456272050e-03 1.449124437878090976e+00
-1.000000000000000056e-01 3.324739053565272176e-03 1.219247947514104258e+00
-1.000000000000000056e-01 3.415234021365461115e-03 1.083523566535482541e+00
-1.000000000000000056e-01 3.531868422023593228e-03 9.638978451821196280e-01
-1.000000000000000056e-01 3.615116474396642444e-03 8.639180826304544425e-01
-1.000000000000000056e-01 3.726900257049656738e-03 7.752941762970200212e-01
-1.000000000000000056e-01 3.836669459294872984e-03 7.010546734809983693e-01
-1.000000000000000056e-01 3.944214969316633609e-03 6.393415202602240610e-01
-1.000000000000000056e-01 4.049328796881603715e-03 5.894085202219763175e-01
-1.000000000000000056e-01 4.191534238407842311e-03 5.463100667834408508e-01
-1.000000000000000056e-01 4.292839177840524975e-03 5.125857895235008677e-01
-1.000000000000000056e-01 4.434271997022760405e-03 4.885837842079336912e-01
-1.000000000000000056e-01 4.531072416744578654e-03 4.685581816867949723e-01
-1.000000000000000056e-01 4.671168449146678031e-03 4.559707573213043208e-01
-1.000000000000000056e-01 4.811306968835558223e-03 4.509870155805452696e-01
-1.000000000000000056e-01 4.900974120554383098e-03 4.476712049808448945e-01
-1.000000000000000056e-01 5.038969823180723152e-03 4.487884534059093933e-01
-1.000000000000000056e-01 5.176656107364448894e-03 4.543517724951114389e-01
-1.000000000000000056e-01 5.313927424984179332e-03 4.635921547255385522e-01
-1.000000000000000056e-01 5.450678514087042500e-03 4.759508495323399035e-01
-1.000000000000000056e-01 5.586804403701657942e-03 4.911567465935936516e-01
-1.000000000000000056e-01 5.722200418796868915e-03 5.091426546487758387e-01
-1.000000000000000056e-01 5.856762185392352243e-03 5.300672505247613353e-01
-1.000000000000000056e-01 6.056978990925731415e-03 5.506614048523877925e-01
-1.000000000000000056e-01 6.191729153031847593e-03 5.715650075806084640e-01
-1.000000000000000056e-01 6.325365547586910171e-03 5.954767024588822899e-01
-1.000000000000000056e-01 6.457784869529623051e-03 6.231263323473198446e-01
-1.000000000000000056e-01 6.664420968907364823e-03 6.474821497726525044e-01
-1.000000000000000056e-01 6.796395382371580793e-03 6.737145814880493022e-01
-1.000000000000000056e-01 7.007123854582391481e-03 7.050903945355015967e-01
-1.000000000000000056e-01 7.138371363219177951e-03 7.294739188083799730e-01
-1.000000000000000056e-01 7.267951673164104245e-03 7.600017424943672495e-01
-1.000000000000000056e-01 7.483286746525586591e-03 7.876173409391563629e-01
-1.000000000000000056e-01 7.611686449407127283e-03 8.177054846215385808e-01
-1.000000000000000056e-01 7.830716610502309882e-03 8.464372348112797484e-01
-1.000000000000000056e-01 7.957656151654751708e-03 8.770202333568410946e-01
-1.000000000000000056e-01 8.180237197563304183e-03 9.052574756863605021e-01
-1.000000000000000056e-01 8.305437941772761054e-03 9.375336221565081507e-01
-1.000000000000000056e-01 8.531425935440426975e-03 9.639741595411805974e-01
-1.000000000000000056e-01 8.760447324996251464e-03 9.964426386803829638e-01
-1.000000000000000056e-01 8.883861459001414843e-03 1.023344375409892093e+00
