-1.000000000000000021e-02 5.707469259124732693e-03 1.146654230749463377e+00
-1.000000000000000021e-02 5.907953659254240250e-03 9.975270548095980239e-01
-1.000000000000000021e-02 6.102015119607890996e-03 8.735078104269000665e-01
-1.000000000000000021e-02 6.341463834297089187e-03 7.700146999813277660e-01
-1.000000000000000021e-02 6.523488270162162636e-03 6.865116478956287960e-01
-1.000000000000000021e-02 6.755420233601959652e-03 6.161629732367419621e-01
-1.000000000000000021e-02 6.984304264208572761e-03 5.618049391324130282e-01
-1.000000000000000021e-02 7.209681986821384059e-03 5.208671843059743400e-01
-1.000000000000000021e-02 7.498714582390633189e-03 4.888753105106742325e-01
-1.000000000000000021e-02 7.718957080546629511e-03 4.667489905184422638e-01
-1.000000000000000021e-02 8.008599868552670684e-03 4.561626346829465994e-01
-1.000000000000000021e-02 8.222178974264384571e-03 4.483118168890533606e-01
-1.000000000000000021e-02 8.511207967531646615e-03 4.490191453446046865e-01
-1.000000000000000021e-02 8.801252452442075852e-03 4.578595034759070925e-01
-1.000000000000000021e-02 9.003788950034622568e-03 4.687065600390066811e-01
-1.000000000000000021e-02 9.291461271902334840e-03 4.829198753687103385e-01
-1.000000000000000021e-02 9.579384322184721426e-03 5.013827913696874417e-01
-1.000000000000000021e-02 9.867328688578100651e-03 5.236584199527899441e-01
-1.000000000000000021e-02 1.015506502118059158e-02 5.483927369531124141e-01
-1.000000000000000021e-02 1.044236403367845671e-02 5.769577367951697067e-01
-1.000000000000000021e-02 1.084071653705048939e-02 6.053868782219242739e-01
-1.000000000000000021e-02 1.113062346646517820e-02 6.335087120442792763e-01
-1.000000000000000021e-02 1.141948144928497250e-02 6.644110039547790336e-01
-1.000000000000000021e-02 1.170706142585142828e-02 6.971921128077454011e-01
-1.000000000000000021e-02 1.212200363771108631e-02 7.294665647195400782e-01
-1.000000000000000021e-02 1.241081459259801151e-02 7.598570545598216652e-01
-1.000000000000000021e-02 1.269773647583784248e-02 7.955731803603163232e-01
-1.000000000000000021e-02 1.312507390367484428e-02 8.276563998353908547e-01
-1.000000000000000021e-02 1.341223278816333631e-02 8.624195152973999079e-01
-1.000000000000000021e-02 1.384892072396435442e-02 8.971239938117756552e-01
-1.000000000000000021e-02 1.413570489683290202e-02 9.304433885508434088e-01
-1.000000000000000021e-02 1.458143666293109340e-02 9.661890009010752900e-01
-1.000000000000000021e-02 1.486723460463174398e-02 1.000147488910714255e+00
-1.000000000000000021e-02 1.532170357948034467e-02 1.034269522946124731e+00
-1.000000000000000021e-02 1.560590396795024336e-02 1.069997671915210224e+00
-1.000000000000000021e-02 1.606880358698652839e-02 1.101481930060973946e+00
-1.000000000000000021e-02 1.653846846183785677e-02 1.138882601295013952e+00
-1.000000000000000021e-02 1.682181905849964784e-02 1.170342340286764982e+00
-1.000000000000000021e-02 1.729953130092656832e-02 1.202992581474324751e+00
-1.000000000000000021e-02 1.778393202924636457e-02 1.240009995248548158e+00
-1.000000000000000021e-02 1.806528580296213812e-02 1.267891546089956467e+00
-1.000000000000000021e-02 1.855735069847995120e-02 1.300361975727148067e+00
-1.000000000000000021e-02 1.905602731869207242e-02 1.335527333107441539e+00
-1.000000000000000021e-02 1.933423762873807614e-02 1.363885396590036603e+00
-1.000000000000000021e-02 1.984019529324453079e-02 1.394255822561988101e+00
-1.000000000000000021e-02 2.035268793006948448e-02 1.426651968985706231e+00
-1.000000000000000021e-02 2.062660853505310712e-02 1.458790772776076494e+00
-1.000000000000000021e-02 2.114599917201926207e-02 1.485610558403984927e+00
-1.000000000000000021e-02 2.167184803785253411e-02 1.513765415467937858e+00
-1.000000000000000021e-02 2.220415513255290588e-02 1.544072050989252931e+00
-9.743589743589744015e-03 5.611910915395429932e-03 1.221445696244251478e+00
-9.743589743589744015e-03 5.810131149954676777e-03 1.062488607986461719e+00
-9.743589743589744015e-03 6.050648524974471497e-03 9.299688627846975919e-01
-9.743589743589744015e-03 6.238543893430564813e-03 8.164770516537456224e-01
-9.743589743589744015e-03 6.472998194841037174e-03 7.254851797237578115e-01
-9.743589743589744015e-03 6.648184755126581615e-03 6.490569175599564256e-01
-9.743589743589744015e-03 6.874488779916672690e-03 5.880436866415326147e-01
-9.743589743589744015e-03 7.097448073259886997e-03 5.409191614980500828e-01
-9.743589743589744015e-03 7.382581889365036516e-03 5.045185972982215716e-01
-9.743589743589744015e-03 7.600683273622611986e-03 4.770056983469875833e-01
-9.743589743589744015e-03 7.814173202751701491e-03 4.619446324228616008e-01
-9.743589743589744015e-03 8.098316900432523183e-03 4.500495556096782424e-01
-9.743589743589744015e-03 8.383751436588196201e-03 4.490304133774911111e-01
-9.743589743589744015e-03 8.587664698770381896e-03 4.517009841135130044e-01
-9.743589743589744015e-03 8.871458980926451646e-03 4.590884254940141296e-01
-9.743589743589744015e-03 9.155797673745504073e-03 4.714535285939951414e-01
-9.743589743589744015e-03 9.440456865863661867e-03 4.879283735669229238e-01
-9.743589743589744015e-03 9.725212703418764648e-03 5.079967879786916329e-01
-9.743589743589744015e-03 1.000984139111755523e-02 5.301058129632291172e-01
-9.743589743589744015e-03 1.029411919333711976e-02 5.555681590664204306e-01
-9.743589743589744015e-03 1.057782243526208046e-02 5.826656341943177164e-01
-9.743589743589744015e-03 1.086072750405911620e-02 6.127023157445289359e-01
-9.743589743589744015e-03 1.125981656778958506e-02 6.440570861382221013e-01
-9.743589743589744015e-03 1.154467153459807528e-02 6.717255547593931064e-01
-9.743589743589744015e-03 1.182813182164459131e-02 7.024590155193470853e-01
-9.743589743589744015e-03 1.210997403694325653e-02 7.375207501391186637e-01
-9.743589743589744015e-03 1.252450550919408274e-02 7.665721460585976921e-01
-9.743589743589744015e-03 1.280695468513642042e-02 8.004203204487312373e-01
-9.743589743589744015e-03 1.323083551715949560e-02 8.348204630483024857e-01
-9.743589743589744015e-03 1.351329471409763727e-02 8.672129529877535825e-01
-9.743589743589744015e-03 1.394622567874113581e-02 9.030003469989921205e-01
-9.743589743589744015e-03 1.422809813766384539e-02 9.354204608358160922e-01
-9.743589743589744015e-03 1.466978006040559057e-02 9.713801850070477029e-01
-9.743589743589744015e-03 1.495046920677899245e-02 1.004097774627199513e+00
-9.743589743589744015e-03 1.540060296652703137e-02 1.038126233444210955e+00
-9.743589743589744015e-03 1.567951241427500281e-02 1.073034897591606862e+00
-9.743589743589744015e-03 1.613779894419090782e-02 1.105215744048803295e+00
-9.743589743589744015e-03 1.660268683132442788e-02 1.142527256463404361e+00
-9.743589743589744015e-03 1.688047278816788913e-02 1.172565563427180546e+00
-9.743589743589744015e-03 1.735313954258643765e-02 1.205260825037680172e+00
-9.743589743589744015e-03 1.762772954606645417e-02 1.241298414358736446e+00
-9.743589743589744015e-03 1.810787622029616517e-02 1.269918762633081899e+00
-9.743589743589744015e-03 1.859447447774551301e-02 1.301603746531505568e+00
-9.743589743589744015e-03 1.908752431841446995e-02 1.336136424744093665e+00
-9.743589743589744015e-03 1.935970663948770668e-02 1.365284158318234020e+00
-9.743589743589744015e-03 1.985978776052419945e-02 1.394828621845196626e+00
-9.743589743589744015e-03 2.036624559031349410e-02 1.426808193995573681e+00
-9.743589743589744015e-03 2.063394851943288130e-02 1.459229200270521831e+00
-9.743589743589744015e-03 2.114706394795154085e-02 1.484949015049525256e+00
-9.743589743589744015e-03 2.166648121923896511e-02 1.512998277910660772e+00
-9.499999999999999764e-03 5.563087562908616834e-03 1.297933663134960280e+00
-9.499999999999999764e-03 5.761665021592934054e-03 1.129744437095992593e+00
-9.499999999999999764e-03 5.954346484603346285e-03 9.861257374602505621e-01
-9.499999999999999764e-03 6.140477596925377271e-03 8.660364397321849150e-01
-9.499999999999999764e-03 6.372129200384345216e-03 7.665069226786660472e-01
-9.499999999999999764e-03 6.546002645627964703e-03 6.844525352884653913e-01
-9.499999999999999764e-03 6.769846606761621352e-03 6.166742293235265571e-01
-9.499999999999999764e-03 6.990499672758035757e-03 5.633370493481426600e-01
-9.499999999999999764e-03 7.271917401260188409e-03 5.225717051804614766e-01
-9.499999999999999764e-03 7.487976574031546609e-03 4.897940996694707394e-01
-9.499999999999999764e-03 7.699608042147773265e-03 4.688580270076353473e-01
-9.499999999999999764e-03 7.980281832022612792e-03 4.547382614327973305e-01
-9.499999999999999764e-03 8.185063840947092578e-03 4.491943757057936248e-01
-9.499999999999999764e-03 8.464794638400757049e-03 4.476181684370629243e-01
-9.499999999999999764e-03 8.745349614211235176e-03 4.534567031454829755e-01
-9.499999999999999764e-03 9.026510103694337581e-03 4.643598280160498026e-01
-9.499999999999999764e-03 9.308057495259078329e-03 4.792728208532239798e-01
-9.499999999999999764e-03 9.589773231370094311e-03 4.976008967399835892e-01
-9.499999999999999764e-03 9.871438809540304324e-03 5.175914159172116946e-01
-9.499999999999999764e-03 1.015283578335503777e-02 5.404966822405246063e-01
-9.499999999999999764e-03 1.043374576352908492e-02 5.644163831329186420e-01
-9.499999999999999764e-03 1.071395041899811038e-02 5.907420939734047138e-01
-9.499999999999999764e-03 1.099323147804590582e-02 6.197965705796124603e-01
-9.499999999999999764e-03 1.127137072946923085e-02 6.504912048678693770e-01
-9.499999999999999764e-03 1.167087042721990167e-02 6.800641465926087204e-01
-9.499999999999999764e-03 1.195033291421146796e-02 7.087882209176370463e-01
-9.499999999999999764e-03 1.222807148242934482e-02 7.422126721950328410e-01
-9.499999999999999764e-03 1.263960251590541366e-02 7.741636070261235236e-01
-9.499999999999999764e-03 1.291771749847411485e-02 8.063558627067243245e-01
-9.499999999999999764e-03 1.333830454604218937e-02 8.422835792413541078e-01
-9.499999999999999764e-03 1.361621325244263998e-02 8.724134098776001878e-01
-9.499999999999999764e-03 1.404556423457446572e-02 9.104093722122181820e-01
-9.499999999999999764e-03 1.432268414687096550e-02 9.403205961813009273e-01
-9.499999999999999764e-03 1.476050703420745021e-02 9.774444561829315203e-01
-9.499999999999999764e-03 1.503625581072303395e-02 1.007935314203192156e+00
-9.499999999999999764e-03 1.548225862483813137e-02 1.043021916016444006e+00
-9.499999999999999764e-03 1.575605410396366604e-02 1.076949361184470710e+00
-9.499999999999999764e-03 1.620994491814993499e-02 1.109260789072379128e+00
-9.499999999999999764e-03 1.667028093231919667e-02 1.146293980060157924e+00
-9.499999999999999764e-03 1.694269206237038888e-02 1.175253674239998158e+00
-9.499999999999999764e-03 1.741055110039831447e-02 1.207473947500552702e+00
-9.499999999999999764e-03 1.767962644719982962e-02 1.243786633540426401e+00
-9.499999999999999764e-03 1.815471669615571423e-02 1.271845777872645300e+00
-9.499999999999999764e-03 1.863610594892231923e-02 1.303043202353930008e+00
-9.499999999999999764e-03 1.912379420549967235e-02 1.338473270699773954e+00
-9.499999999999999764e-03 1.939016002908672612e-02 1.366664637772924351e+00
-9.499999999999999764e-03 1.988464156564768298e-02 1.395871721780145958e+00
-9.499999999999999764e-03 2.038534901986024245e-02 1.427714189577247828e+00
-9.499999999999999764e-03 2.064705460475231916e-02 1.459349219714244583e+00
-9.499999999999999764e-03 2.115419057357137422e-02 1.485033832476572169e+00
-9.268292682926828827e-03 5.434016848228456070e-03 1.385008694440624799e+00
-9.268292682926828827e-03 5.671712046079491545e-03 1.197605432585333585e+00
-9.268292682926828827e-03 5.862483745888354483e-03 1.045712811341077852e+00
-9.268292682926828827e-03 6.046930061163894969e-03 9.185270050368117278e-01
-9.268292682926828827e-03 6.275906783259028315e-03 8.102005333415254196e-01
-9.268292682926828827e-03 6.448525508937938758e-03 7.222378791053944980e-01
-9.268292682926828827e-03 6.670021194824144600e-03 6.475994686238661924e-01
-9.268292682926828827e-03 6.888472624021275276e-03 5.880332623413107029e-01
-9.268292682926828827e-03 7.103453374039839924e-03 5.427154619703031813e-01
-9.268292682926828827e-03 7.380453619400509542e-03 5.050314162204766477e-01
-9.268292682926828827e-03 7.590310277071569967e-03 4.784366760381252304e-01
-9.268292682926828827e-03 7.867672729989484692e-03 4.622860231896327443e-01
-9.268292682926828827e-03 8.070983628173947211e-03 4.501524852649236297e-01
-9.268292682926828827e-03 8.347569673687195435e-03 4.470633146598933516e-01
-9.268292682926828827e-03 8.625033055937704821e-03 4.516858889349669171e-01
-9.268292682926828827e-03 8.817586078998433316e-03 4.576019767440862029e-01
-9.268292682926828827e-03 9.092637242231726633e-03 4.679494127680283166e-01
-9.268292682926828827e-03 9.367854290411785009e-03 4.830742291473373862e-01
-9.268292682926828827e-03 9.643023800279251420e-03 5.011602729295926428e-01
-9.268292682926828827e-03 9.917932402004919767e-03 5.233209432035124120e-01
-9.268292682926828827e-03 1.019236678019721197e-02 5.474997993706700594e-01
-9.268292682926828827e-03 1.046611367494235112e-02 5.748351042608194073e-01
-9.268292682926828827e-03 1.085070223089943178e-02 6.011207805169461738e-01
-9.268292682926828827e-03 1.112645556225754992e-02 6.271260162399581173e-01
-9.268292682926828827e-03 1.140095253230564987e-02 6.559213599596536159e-01
-9.268292682926828827e-03 1.167398007875456063e-02 6.885882196876628170e-01
-9.268292682926828827e-03 1.207358722360145700e-02 7.165767705083893047e-01
-9.268292682926828827e-03 1.234734051597192843e-02 7.480683793648843505e-01
-9.268292682926828827e-03 1.275600917295224151e-02 7.830007046940291593e-01
-9.268292682926828827e-03 1.302991894454916429e-02 8.126244423622202007e-01
-9.268292682926828827e-03 1.330143563794176226e-02 8.488306005522023856e-01
-9.268292682926828827e-03 1.372086094724272141e-02 8.791053966690556276e-01
-9.268292682926828827e-03 1.399160987372874941e-02 9.156441976513031156e-01
-9.268292682926828827e-03 1.441931231906542869e-02 9.460449570645473871e-01
-9.268292682926828827e-03 1.485345382843150999e-02 9.834605019066010589e-01
-9.268292682926828827e-03 1.512441907151751766e-02 1.012742844424912247e+00
-9.268292682926828827e-03 1.556648112996324336e-02 1.048793013302999233e+00
-9.268292682926828827e-03 1.583532743696575845e-02 1.081109639728481397e+00
-9.268292682926828827e-03 1.628502492527961545e-02 1.113369433121168983e+00
-9.268292682926828827e-03 1.655118387317797840e-02 1.149899962523822206e+00
-9.268292682926828827e-03 1.700823172228142430e-02 1.177956474026364830e+00
-9.268292682926828827e-03 1.747150442422754427e-02 1.211291863265792523e+00
-9.268292682926828827e-03 1.773524825976264749e-02 1.246180501246596961e+00
-9.268292682926828827e-03 1.820551491554611018e-02 1.273906677486891681e+00
-9.268292682926828827e-03 1.868193503537104658e-02 1.306042424745149422e+00
-9.268292682926828827e-03 1.916450861923742199e-02 1.340632054061927203e+00
-9.268292682926828827e-03 1.942525489678834788e-02 1.368415559906739354e+00
-9.268292682926828827e-03 1.991439471329899472e-02 1.397544634703781430e+00
-9.268292682926828827e-03 2.040961661265483507e-02 1.428347996501238226e+00
-9.268292682926828827e-03 2.066553004255981471e-02 1.460131661531713698e+00
-9.047619047619047394e-03 5.310792474101628559e-03 1.503613621674025236e+00
-9.047619047619047394e-03 5.585814289448671338e-03 1.269256245916529080e+00
-9.047619047619047394e-03 5.774760720587836238e-03 1.108534184024892344e+00
-9.047619047619047394e-03 5.957596464463523096e-03 9.737925174960535557e-01
-9.047619047619047394e-03 6.184017591162160009e-03 8.564351181877913888e-01
-9.047619047619047394e-03 6.408437660580819546e-03 7.611789583221577615e-01
-9.047619047619047394e-03 6.574687964707439866e-03 6.807269126946813298e-01
-9.047619047619047394e-03 6.791035407401522193e-03 6.149240276666931848e-01
-9.047619047619047394e-03 7.004061722870413495e-03 5.636903877489762849e-01
-9.047619047619047394e-03 7.277765391411681987e-03 5.226379975942470058e-01
-9.047619047619047394e-03 7.485925382146977301e-03 4.905968513976035617e-01
-9.047619047619047394e-03 7.689583786398226754e-03 4.703151602614157323e-01
-9.047619047619047394e-03 7.962028534286451353e-03 4.542443367523407161e-01
-9.047619047619047394e-03 8.235610140668965171e-03 4.499267459801019053e-01
-9.047619047619047394e-03 8.429869765569291545e-03 4.477008032044387797e-01
-9.047619047619047394e-03 8.701721747192784143e-03 4.509075662220239922e-01
-9.047619047619047394e-03 8.974015035657147490e-03 4.597011250663412540e-01
-9.047619047619047394e-03 9.246540978205292083e-03 4.731563372696466208e-01
-9.047619047619047394e-03 9.519090971502944948e-03 4.892582931553732806e-01
-9.047619047619047394e-03 9.791456462548590173e-03 5.090578375305967462e-01
-9.047619047619047394e-03 1.006342894961232380e-02 5.303166125841306533e-01
-9.047619047619047394e-03 1.033479998320491373e-02 5.542623131083824761e-01
-9.047619047619047394e-03 1.060536116707838129e-02 5.809911884959668704e-01
-9.047619047619047394e-03 1.087490415925955467e-02 6.092301442458444294e-01
-9.047619047619047394e-03 1.126035159320233799e-02 6.359304177926118351e-01
-9.047619047619047394e-03 1.153130124790972821e-02 6.627722858484127455e-01
-9.047619047619047394e-03 1.180067693920021019e-02 6.937889338376986847e-01
-9.047619047619047394e-03 1.219782417402660510e-02 7.255490876147431267e-01
-9.047619047619047394e-03 1.246770259837143464e-02 7.551909497611024591e-01
-9.047619047619047394e-03 1.273545162096877126e-02 7.902179480305145942e-01
-9.047619047619047394e-03 1.314346250743930918e-02 8.194384544087033317e-01
-9.047619047619047394e-03 1.341081079732602335e-02 8.544225737290835898e-01
-9.047619047619047394e-03 1.382712172245303441e-02 8.858795805951625857e-01
-9.047619047619047394e-03 1.409351326097459459e-02 9.206846996709991959e-01
-9.047619047619047394e-03 1.451784550262389534e-02 9.517473327514385240e-01
-9.047619047619047394e-03 1.478272443197218254e-02 9.879685976847124573e-01
-9.047619047619047394e-03 1.521479931438139178e-02 1.018448971438195683e+00
-9.047619047619047394e-03 1.565309799011061279e-02 1.054870948325158597e+00
-9.047619047619047394e-03 1.591714883557146520e-02 1.085294083734745785e+00
-9.047619047619047394e-03 1.636284174797496271e-02 1.117909527448852414e+00
-9.047619047619047394e-03 1.662405995980384410e-02 1.152856352402937823e+00
-9.047619047619047394e-03 1.707686853512466532e-02 1.182083513610063807e+00
-9.047619047619047394e-03 1.753576136003637265e-02 1.214926162360391970e+00
-9.047619047619047394e-03 1.779434451409948881e-02 1.248659315485257215e+00
-9.047619047619047394e-03 1.826000471568896624e-02 1.277370178328632422e+00
-9.047619047619047394e-03 1.873167940572419837e-02 1.308910599619999449e+00
-9.047619047619047394e-03 1.920936858420520255e-02 1.343191576979152702e+00
-9.047619047619047394e-03 1.946467902745693812e-02 1.370686435088853905e+00
-9.047619047619047394e-03 1.994871760643979197e-02 1.398894406140942293e+00
-9.047619047619047394e-03 2.043870091997794167e-02 1.429697781022804648e+00
-8.837209302325581620e-03 5.193026495243664546e-03 1.652145505679549320e+00
-8.837209302325581620e-03 5.503703956137839456e-03 1.344468221372782546e+00
-8.837209302325581620e-03 5.690904141210156517e-03 1.174405714623336872e+00
-8.837209302325581620e-03 5.918846771100483989e-03 1.029361357305839109e+00
-8.837209302325581620e-03 6.096175781369381208e-03 9.050869099793747985e-01
-8.837209302325581620e-03 6.318265493945426220e-03 8.023453604121675298e-01
-8.837209302325581620e-03 6.483550809474067887e-03 7.159684089393730799e-01
-8.837209302325581620e-03 6.697885574705090585e-03 6.439291798100341691e-01
-8.837209302325581620e-03 6.909042085721674338e-03 5.868555625457264613e-01
-8.837209302325581620e-03 7.179593461550337619e-03 5.425371761274155880e-01
-8.837209302325581620e-03 7.386129893072260200e-03 5.052578185218458140e-01
-8.837209302325581620e-03 7.588333636778193600e-03 4.789601144506929198e-01
-8.837209302325581620e-03 7.857861301936230197e-03 4.613734229316051039e-01
-8.837209302325581620e-03 8.053339612753708521e-03 4.514339553097324598e-01
-8.837209302325581620e-03 8.321790096456005426e-03 4.463367259833577183e-01
-8.837209302325581620e-03 8.590945133867745886e-03 4.483978819090956303e-01
-8.837209302325581620e-03 8.860600636935002730e-03 4.560433842638940694e-01
-8.837209302325581620e-03 9.041986711826405232e-03 4.668963484013021192e-01
-8.837209302325581620e-03 9.308526395235305548e-03 4.801140973056405858e-01
-8.837209302325581620e-03 9.574886945172339167e-03 4.982313919662050283e-01
-8.837209302325581620e-03 9.840864490170068979e-03 5.188577482530405405e-01
-8.837209302325581620e-03 1.020924530806966574e-02 5.408477223061849415e-01
-8.837209302325581620e-03 1.047762037986389554e-02 5.639392918367880370e-01
-8.837209302325581620e-03 1.074506863132212303e-02 5.879040122290244419e-01
-8.837209302325581620e-03 1.101138636537065708e-02 6.144846500449255844e-01
-8.837209302325581620e-03 1.127636993810935198e-02 6.445783904193039815e-01
-8.837209302325581620e-03 1.166236665600729749e-02 6.714211117285039387e-01
-8.837209302325581620e-03 1.192818381223764886e-02 7.005168254514919646e-01
-8.837209302325581620e-03 1.219212355568897663e-02 7.348813307912052117e-01
-8.837209302325581620e-03 1.258908604155214127e-02 7.629013875460162186e-01
-8.837209302325581620e-03 1.285297577435855383e-02 7.955483068491546739e-01
-8.837209302325581620e-03 1.325826009751994786e-02 8.278970731310629771e-01
-8.837209302325581620e-03 1.352155603521557926e-02 8.601992909311263480e-01
-8.837209302325581620e-03 1.393488964251386741e-02 8.935047743810365928e-01
-8.837209302325581620e-03 1.419704815161177032e-02 9.257540852058103731e-01
-8.837209302325581620e-03 1.461815853357473390e-02 9.585199001670111629e-01
-8.837209302325581620e-03 1.487863613479290838e-02 9.933226355182286360e-01
-8.837209302325581620e-03 1.530725082630399365e-02 1.024422395946999131e+00
-8.837209302325581620e-03 1.574195179961699470e-02 1.061128451588155386e+00
-8.837209302325581620e-03 1.600135077889281929e-02 1.089817493573182361e+00
-8.837209302325581620e-03 1.644321542206764533e-02 1.122406496580664381e+00
-8.837209302325581620e-03 1.669964285629441450e-02 1.157068846119519101e+00
-8.837209302325581620e-03 1.714839880177582154e-02 1.186052061799658164e+00
-8.837209302325581620e-03 1.760310459661086971e-02 1.218680592619532543e+00
-8.837209302325581620e-03 1.785668666132794041e-02 1.252394047362818119e+00
-8.837209302325581620e-03 1.831794323147556414e-02 1.280765390267687653e+00
-8.837209302325581620e-03 1.878508144498947097e-02 1.312091359327118845e+00
-8.837209302325581620e-03 1.925810130186964703e-02 1.346467625043790362e+00
-8.837209302325581620e-03 1.950814754128955830e-02 1.372594562705811372e+00
-8.837209302325581620e-03 1.998730950858245217e-02 1.400885319184091315e+00
-8.636363636363636465e-03 5.080364505114853997e-03 1.829089318183854784e+00
-8.636363636363636465e-03 5.384301861550758878e-03 1.443348833508937279e+00
-8.636363636363636465e-03 5.653865046944130980e-03 1.240382245951717977e+00
-8.636363636363636465e-03 5.836113150221667115e-03 1.086938031142012928e+00
-8.636363636363636465e-03 6.012120071892810419e-03 9.560388105235748668e-01
-8.636363636363636465e-03 6.231978808355832788e-03 8.456692337964240025e-01
-8.636363636363636465e-03 6.396339045138242120e-03 7.532398950080916311e-01
-8.636363636363636465e-03 6.608746636629450957e-03 6.749719684719264201e-01
-8.636363636363636465e-03 6.818112605007586868e-03 6.121372413544252655e-01
-8.636363636363636465e-03 7.024038320095338933e-03 5.623860196084007335e-01
-8.636363636363636465e-03 7.290628084148390031e-03 5.223417069079758779e-01
-8.636363636363636465e-03 7.491438300386339504e-03 4.903148759422589764e-01
-8.636363636363636465e-03 7.687679248803138028e-03 4.713017299498692969e-01
-8.636363636363636465e-03 7.952539266952626459e-03 4.547745348027616430e-01
-8.636363636363636465e-03 8.218355695924235010e-03 4.486682869302690557e-01
-8.636363636363636465e-03 8.404948807323226259e-03 4.480917446868585285e-01
-8.636363636363636465e-03 8.668782697840882179e-03 4.497364498816760481e-01
-8.636363636363636465e-03 8.932907762482596506e-03 4.573849019444805597e-01
-8.636363636363636465e-03 9.197124440377393503e-03 4.687659099006358798e-01
-8.636363636363636465e-03 9.461233216037704535e-03 4.847257536716816917e-01
-8.636363636363636465e-03 9.725034620197114607e-03 5.026928096178814309e-01
-8.636363636363636465e-03 9.988329230674664050e-03 5.237295262835235388e-01
-8.636363636363636465e-03 1.025091767326709140e-02 5.477004196236877620e-01
-8.636363636363636465e-03 1.051260062267009125e-02 5.731511539448582715e-01
-8.636363636363636465e-03 1.088520665898382901e-02 5.968284699631483115e-01
-8.636363636363636465e-03 1.114837207519695124e-02 6.215960536976224970e-01
-8.636363636363636465e-03 1.141010028950216471e-02 6.501057472618254618e-01
-8.636363636363636465e-03 1.179410281769736023e-02 6.816261285377812618e-01
-8.636363636363636465e-03 1.205644874955785067e-02 7.087452261722630986e-01
-8.636363636363636465e-03 1.231682607113581025e-02 7.405535410431136611e-01
-8.636363636363636465e-03 1.271142527918535034e-02 7.713421348369857711e-01
-8.636363636363636465e-03 1.297155598689746746e-02 8.025483939510049680e-01
-8.636363636363636465e-03 1.337423115358603483e-02 8.366401630453114135e-01
-8.636363636363636465e-03 1.363358331506037309e-02 8.668373281794596874e-01
-8.636363636363636465e-03 1.404406783106898135e-02 9.012328176442870875e-01
-8.636363636363636465e-03 1.430210965882327059e-02 9.318752777978185353e-01
-8.636363636363636465e-03 1.472013695666523313e-02 9.662319173388548288e-01
-8.636363636363636465e-03 1.497633681120749335e-02 9.989241831291292284e-01
-8.636363636363636465e-03 1.540164036586722657e-02 1.030560002551361709e+00
-8.636363636363636465e-03 1.565546675890954614e-02 1.066241411356388502e+00
-8.636363636363636465e-03 1.608778008849955782e-02 1.094410030240678511e+00
-8.636363636363636465e-03 1.652598139429141758e-02 1.128485456046600000e+00
-8.636363636363636465e-03 1.677775835272736146e-02 1.161164691944365002e+00
-8.636363636363636465e-03 1.722263627022349933e-02 1.190107939748702881e+00
-8.636363636363636465e-03 1.767333543877898372e-02 1.223983338651324804e+00
-8.636363636363636465e-03 1.792206573137404210e-02 1.256138403541451787e+00
-8.636363636363636465e-03 1.837910840600397860e-02 1.284396553859295631e+00
-8.636363636363636465e-03 1.884190561309898038e-02 1.315890151586422974e+00
-8.636363636363636465e-03 1.908659230607222604e-02 1.349400297603872589e+00
-8.636363636363636465e-03 1.955539997214806452e-02 1.375078655446875242e+00
-8.444444444444445391e-03 4.972482092800174086e-03 2.033012314530929565e+00
-8.444444444444445391e-03 5.269965287301076745e-03 1.569547303067706512e+00
-8.444444444444445391e-03 5.576090451698094419e-03 1.308268205371859283e+00
-8.444444444444445391e-03 5.756871888970712357e-03 1.147002205409473952e+00
-8.444444444444445391e-03 5.931611163313265517e-03 1.009179967375433362e+00
-8.444444444444445391e-03 6.149332091067691124e-03 8.910558441250563400e-01
-8.444444444444445391e-03 6.312804744150328148e-03 7.924611667762009315e-01
-8.444444444444445391e-03 6.523365340966517760e-03 7.079788788038434699e-01
-8.444444444444445391e-03 6.731015103619493109e-03 6.394645468923263465e-01
-8.444444444444445391e-03 6.935363821256603466e-03 5.841276192858920746e-01
-8.444444444444445391e-03 7.136021457657219617e-03 5.416445444641889706e-01
-8.444444444444445391e-03 7.398623119912999674e-03 5.042966020447114950e-01
-8.444444444444445391e-03 7.593690947821253069e-03 4.790282264729565642e-01
-8.444444444444445391e-03 7.855981336021229666e-03 4.613846488449416805e-01
-8.444444444444445391e-03 8.044158948338165846e-03 4.526049290423685978e-01
-8.444444444444445391e-03 8.305096599487747297e-03 4.458206733039604130e-01
-8.444444444444445391e-03 8.566580542009124069e-03 4.463437575376277833e-01
-8.444444444444445391e-03 8.828415394633401525e-03 4.528454209607491454e-01
-8.444444444444445391e-03 9.090405818229514712e-03 4.628571202467999801e-01
-8.444444444444445391e-03 9.352356516564047650e-03 4.771598939396585193e-01
-8.444444444444445391e-03 9.614072237084693440e-03 4.930008088172777025e-01
-8.444444444444445391e-03 9.875357771728425493e-03 5.115365128073139367e-01
-8.444444444444445391e-03 1.013601795775538605e-02 5.322212907090405620e-01
-8.444444444444445391e-03 1.039585767860970456e-02 5.538046771945128732e-01
-8.444444444444445391e-03 1.065468186480837166e-02 5.779224996114773472e-01
-8.444444444444445391e-03 1.091229549485948046e-02 6.052862558426003181e-01
-8.444444444444445391e-03 1.128582973228398588e-02 6.309124734822024738e-01
-8.444444444444445391e-03 1.154437528079640431e-02 6.575839294682317426e-01
-8.444444444444445391e-03 1.180119003376528357e-02 6.888659466114765983e-01
-8.444444444444445391e-03 1.218542414282343563e-02 7.178711747202607407e-01
-8.444444444444445391e-03 1.244232469218298914e-02 7.471325119163333417e-01
-8.444444444444445391e-03 1.283466022832285489e-02 7.816202464479776735e-01
-8.444444444444445391e-03 1.309112585236998569e-02 8.099715327903052042e-01
-8.444444444444445391e-03 1.334501574401667466e-02 8.459810323695645673e-01
-8.444444444444445391e-03 1.374681197045398567e-02 8.736603333698024221e-01
-8.444444444444445391e-03 1.415456752483616396e-02 9.101581918882453159e-01
-8.444444444444445391e-03 1.440860168124390508e-02 9.390070341719691793e-01
-8.444444444444445391e-03 1.482367590637875127e-02 9.742528612822106693e-01
-8.444444444444445391e-03 1.507571380180893449e-02 1.004691640516160112e+00
-8.444444444444445391e-03 1.549784585952231064e-02 1.037035550601343559e+00
-8.444444444444445391e-03 1.574736733518327866e-02 1.070706538286948950e+00
-8.444444444444445391e-03 1.617629642863814554e-02 1.100431492841630332e+00
-8.444444444444445391e-03 1.661098891042885051e-02 1.134348108324931603e+00
-8.444444444444445391e-03 1.685824684854751038e-02 1.165328744283272044e+00
-8.444444444444445391e-03 1.729941031032715751e-02 1.195577539744778317e+00
-8.444444444444445391e-03 1.774627185954160205e-02 1.229120499065353700e+00
-8.444444444444445391e-03 1.799029028435135055e-02 1.260053254565419945e+00
-8.444444444444445391e-03 1.844329681298721366e-02 1.288556622122004391e+00
-8.444444444444445391e-03 1.890193613442296000e-02 1.319338671634997517e+00
-8.444444444444445391e-03 1.914173935563471055e-02 1.352232973537016436e+00
-8.260869565217390798e-03 4.869081739177934937e-03 2.262558824688604364e+00
-8.260869565217390798e-03 5.160378914919191810e-03 1.721753752998713694e+00
-8.260869565217390798e-03 5.460138354983657717e-03 1.388639692481707044e+00
-8.260869565217390798e-03 5.680906695805761422e-03 1.209424026507932570e+00
-8.260869565217390798e-03 5.854429478143947582e-03 1.064405381626154945e+00
-8.260869565217390798e-03 6.070100057546207531e-03 9.384151416267421109e-01
-8.260869565217390798e-03 6.232720397015415088e-03 8.335556619690944746e-01
-8.260869565217390798e-03 6.441509285622615613e-03 7.428794630392190346e-01
-8.260869565217390798e-03 6.647512653234749665e-03 6.687693320257446228e-01
-8.260869565217390798e-03 6.850348361146276106e-03 6.079991434300565656e-01
-8.260869565217390798e-03 7.049634435954701094e-03 5.599258411331275997e-01
-8.260869565217390798e-03 7.309636024034667050e-03 5.208252899883348830e-01
-8.260869565217390798e-03 7.503577832603324817e-03 4.896540849372580384e-01
-8.260869565217390798e-03 7.763403859388309097e-03 4.711641552019209533e-01
-8.260869565217390798e-03 7.950727882993991608e-03 4.551608230451107406e-01
-8.260869565217390798e-03 8.209358454903066538e-03 4.475589161888289258e-01
-8.260869565217390798e-03 8.468588490895658308e-03 4.473464427639596286e-01
-8.260869565217390798e-03 8.645207929021955090e-03 4.497094383310245025e-01
-8.260869565217390798e-03 8.901777159563190392e-03 4.556176279977289245e-01
-8.260869565217390798e-03 9.158308545942496492e-03 4.670733288612225476e-01
-8.260869565217390798e-03 9.414610902451381325e-03 4.811773434117036508e-01
-8.260869565217390798e-03 9.670493085995008481e-03 4.988262320395506766e-01
-8.260869565217390798e-03 9.925763996891061661e-03 5.196482475104710064e-01
-8.260869565217390798e-03 1.018023257969441486e-02 5.420117051278099396e-01
-8.260869565217390798e-03 1.054105824466754736e-02 5.625347491120704646e-01
-8.260869565217390798e-03 1.079707847319443664e-02 5.850576227087249670e-01
-8.260869565217390798e-03 1.105178673399975602e-02 6.109766333856915255e-01
-8.260869565217390798e-03 1.130499212908763276e-02 6.411010023654961643e-01
-8.260869565217390798e-03 1.167916144470592353e-02 6.668471887346099081e-01
-8.260869565217390798e-03 1.193277119618201161e-02 6.955545529623052836e-01
-8.260869565217390798e-03 1.231506628069931747e-02 7.279554075391041490e-01
-8.260869565217390798e-03 1.256857041717254937e-02 7.556086642908292905e-01
-8.260869565217390798e-03 1.281974413331167170e-02 7.893237568875159926e-01
-8.260869565217390798e-03 1.321162440755396100e-02 8.183418332011622720e-01
-8.260869565217390798e-03 1.346186446048910912e-02 8.516014843834577297e-01
-8.260869565217390798e-03 1.386116795121134122e-02 8.816886489450882491e-01
-8.260869565217390798e-03 1.410996473009042997e-02 9.168266210435063179e-01
-8.260869565217390798e-03 1.451643600374955684e-02 9.464514489604924918e-01
-8.260869565217390798e-03 1.492867912509582805e-02 9.826017968560266658e-01
-8.260869565217390798e-03 1.517666369593813347e-02 1.010740504522993355e+00
-8.260869565217390798e-03 1.559575525772277128e-02 1.043553316281953691e+00
-8.260869565217390798e-03 1.584108633727716181e-02 1.076458974404428171e+00
-8.260869565217390798e-03 1.626677099041080529e-02 1.106296210388963308e+00
-8.260869565217390798e-03 1.669809960120964554e-02 1.140308101099776206e+00
-8.260869565217390798e-03 1.694096185536404439e-02 1.170781649219557741e+00
-8.260869565217390798e-03 1.737856431256176726e-02 1.200974217719730675e+00
-8.260869565217390798e-03 1.782174679128335423e-02 1.234446628685814229e+00
-8.260869565217390798e-03 1.806118461338790740e-02 1.264416943247329339e+00
-8.260869565217390798e-03 1.851032174648316320e-02 1.292349390954362631e+00
-8.260869565217390798e-03 1.896497497096267387e-02 1.323347863279867198e+00
-8.085106382978723277e-03 4.769890090206185991e-03 2.516445426979159627e+00
-8.085106382978723277e-03 5.055253036712780389e-03 1.898725905242321099e+00
-8.085106382978723277e-03 5.348905856525711620e-03 1.494047610675126148e+00
-8.085106382978723277e-03 5.608018755041509554e-03 1.274080815391921639e+00
-8.085106382978723277e-03 5.780373173097860806e-03 1.121615544189432656e+00
-8.085106382978723277e-03 5.994075613314676573e-03 9.876614836828589983e-01
-8.085106382978723277e-03 6.155876855969131742e-03 8.764502582161248778e-01
-8.085106382978723277e-03 6.362964819457680131e-03 7.796061826768796443e-01
-8.085106382978723277e-03 6.567387435730496874e-03 6.999860501940660118e-01
-8.085106382978723277e-03 6.768770312046291926e-03 6.339335110792716499e-01
-8.085106382978723277e-03 6.966739212297090068e-03 5.804910081343098716e-01
-8.085106382978723277e-03 7.160920062307544846e-03 5.386086035522008597e-01
-8.085106382978723277e-03 7.417105372979217182e-03 5.030913963331313798e-01
-8.085106382978723277e-03 7.605491552204000222e-03 4.791167782860097368e-01
-8.085106382978723277e-03 7.861069594106576477e-03 4.612590332014656624e-01
-8.085106382978723277e-03 8.042413892839930453e-03 4.530085670130126196e-01
-8.085106382978723277e-03 8.296385821595888416e-03 4.455050656205774007e-01
-8.085106382978723277e-03 8.550758546093939483e-03 4.454545770962577422e-01
-8.085106382978723277e-03 8.805344679966870675e-03 4.501407933796929273e-01
-8.085106382978723277e-03 9.059956875763134840e-03 4.601363859995730721e-01
-8.085106382978723277e-03 9.314407825650310516e-03 4.723623638559874549e-01
-8.085106382978723277e-03 9.568510262140467876e-03 4.878115024884443485e-01
-8.085106382978723277e-03 9.822076958838452110e-03 5.056936002558889420e-01
-8.085106382978723277e-03 1.007492073121401405e-02 5.245881810224308772e-01
-8.085106382978723277e-03 1.032685443739888784e-02 5.460211155734095989e-01
-8.085106382978723277e-03 1.057769097900992071e-02 5.705175166920936070e-01
-8.085106382978723277e-03 1.093977150875893693e-02 5.948677270720112986e-01
-8.085106382978723277e-03 1.119163000289256395e-02 6.190964610013696134e-01
-8.085106382978723277e-03 1.144189223789625690e-02 6.473544841508448444e-01
-8.085106382978723277e-03 1.181442799550957469e-02 6.773685692325122076e-01
-8.085106382978723277e-03 1.206490048877637521e-02 7.034155179160349602e-01
-8.085106382978723277e-03 1.231327789495374053e-02 7.358275980268985661e-01
-8.085106382978723277e-03 1.269551817775724060e-02 7.647840223073405497e-01
-8.085106382978723277e-03 1.294329451828785636e-02 7.961080947549580289e-01
-8.085106382978723277e-03 1.333299558682698484e-02 8.270833821718099887e-01
-8.085106382978723277e-03 1.357967154773587551e-02 8.584543833561329995e-01
-8.085106382978723277e-03 1.397658315994543266e-02 8.908110797964192695e-01
-8.085106382978723277e-03 1.422165955556089871e-02 9.234436735932127771e-01
-8.085106382978723277e-03 1.462553150625141817e-02 9.542472688780296863e-01
-8.085106382978723277e-03 1.486850928195950806e-02 9.888303650922734001e-01
-8.085106382978723277e-03 1.527909140338146003e-02 1.016982317964449489e+00
-8.085106382978723277e-03 1.569526552855246906e-02 1.051687453942345529e+00
-8.085106382978723277e-03 1.593651380090509856e-02 1.082129554239468883e+00
-8.085106382978723277e-03 1.635908533417208821e-02 1.112254044809524833e+00
-8.085106382978723277e-03 1.678718623828204595e-02 1.147849579611474935e+00
-8.085106382978723277e-03 1.702576867982320136e-02 1.176268226423837993e+00
-8.085106382978723277e-03 1.745995427939026762e-02 1.206505015974418393e+00
-8.085106382978723277e-03 1.789960662258383017e-02 1.240418352088845211e+00
-8.085106382978723277e-03 1.813458716369024254e-02 1.268406449912281575e+00
-8.085106382978723277e-03 1.858001154050546722e-02 1.296655338702989768e+00
-7.916666666666665603e-03 4.674655554999083799e-03 2.793456472393128998e+00
-7.916666666666665603e-03 4.954321010145932951e-03 2.099285009117830114e+00
-7.916666666666665603e-03 5.242110824883640038e-03 1.623353065209696799e+00
-7.916666666666665603e-03 5.538024999212205063e-03 1.340856609186916959e+00
-7.916666666666665603e-03 5.753522766939057898e-03 1.179843587970957675e+00
-7.916666666666665603e-03 5.921068056986614897e-03 1.038713376627361518e+00
-7.916666666666665603e-03 6.082081521869448296e-03 9.210750844203023924e-01
-7.916666666666665603e-03 6.287535191323406249e-03 8.180942604422237752e-01
-7.916666666666665603e-03 6.490438857369901053e-03 7.330516332820511405e-01
-7.916666666666665603e-03 6.690425566387452408e-03 6.618660284732401644e-01
-7.916666666666665603e-03 6.887128513319588398e-03 6.032703995619437265e-01
-7.916666666666665603e-03 7.080181046653690087e-03 5.557943851838549332e-01
-7.916666666666665603e-03 7.334057563455005473e-03 5.192552236579945912e-01
-7.916666666666665603e-03 7.521555065924248780e-03 4.891250638636452930e-01
-7.916666666666665603e-03 7.774960351382510793e-03 4.707908257962794552e-01
-7.916666666666665603e-03 7.955680367936314792e-03 4.548464125427072458e-01
-7.916666666666665603e-03 8.207635435188735326e-03 4.466483851561279250e-01
-7.916666666666665603e-03 8.460045175629257036e-03 4.459576853046262057e-01
-7.916666666666665603e-03 8.629882792307249501e-03 4.493530705247373858e-01
-7.916666666666665603e-03 8.879435707482879331e-03 4.557035586262343507e-01
-7.916666666666665603e-03 9.128831535993038593e-03 4.654274866505129227e-01
-7.916666666666665603e-03 9.377886754818265391e-03 4.792554995326879785e-01
-7.916666666666665603e-03 9.626417880369527239e-03 4.965756707430155070e-01
-7.916666666666665603e-03 9.973769521237914326e-03 5.150208101761468704e-01
-7.916666666666665603e-03 1.022422166038382436e-02 5.328381185070227843e-01
-7.916666666666665603e-03 1.047366027932313155e-02 5.529656337275806743e-01
-7.916666666666665603e-03 1.072190203478682810e-02 5.762242427175672255e-01
-7.916666666666665603e-03 1.096876362630309215e-02 6.033579272999988197e-01
-7.916666666666665603e-03 1.133180454949600686e-02 6.293329298715085729e-01
-7.916666666666665603e-03 1.157917963950094026e-02 6.550578694051278905e-01
-7.916666666666665603e-03 1.182468559196638187e-02 6.853142900686860495e-01
-7.916666666666665603e-03 1.219754552579563681e-02 7.134358030715539645e-01
-7.916666666666665603e-03 1.244276971873022226e-02 7.430570455642927508e-01
-7.916666666666665603e-03 1.282312645276513507e-02 7.750174693834100959e-01
-7.916666666666665603e-03 1.306757946346156878e-02 8.033955591624835080e-01
-7.916666666666665603e-03 1.345518774093049791e-02 8.372077575953364992e-01
-7.916666666666665603e-03 1.369838026770238068e-02 8.665156319812122865e-01
-7.916666666666665603e-03 1.409299486674570230e-02 9.003295119822751769e-01
-7.916666666666665603e-03 1.433443773149209975e-02 9.304509217425988021e-01
-7.916666666666665603e-03 1.473581346569003379e-02 9.623531215290986873e-01
-7.916666666666665603e-03 1.497501761655257654e-02 9.945855262953807729e-01
-7.916666666666665603e-03 1.538290933546787413e-02 1.024712761048580001e+00
-7.916666666666665603e-03 1.579628176998618128e-02 1.059630443496458740e+00
-7.916666666666665603e-03 1.603354843932111237e-02 1.087901614378894877e+00
-7.916666666666665603e-03 1.645313036842971366e-02 1.119679698887870334e+00
-7.916666666666665603e-03 1.668699690945964556e-02 1.154947552186988524e+00
-7.916666666666665603e-03 1.711254326183630353e-02 1.181844539900925861e+00
-7.916666666666665603e-03 1.754344758281430397e-02 1.212611546407124985e+00
-7.916666666666665603e-03 1.797970987239366075e-02 1.246051517425488919e+00
-7.916666666666665603e-03 1.821034913814702227e-02 1.272870466909767018e+00
-7.755102040816326710e-03 4.583146184490983870e-03 3.092439930374650814e+00
-7.755102040816326710e-03 4.857337009592421241e-03 2.322312054600570441e+00
-7.755102040816326710e-03 5.139493154752670934e-03 1.775473100302318752e+00
-7.755102040816326710e-03 5.429614619971732947e-03 1.426970350717745140e+00
-7.755102040816326710e-03 5.684303272838711618e-03 1.239118985985768528e+00
-7.755102040816326710e-03 5.850901491881587910e-03 1.091493235254521466e+00
-7.755102040816326710e-03 6.011156741446529311e-03 9.673633444323297415e-01
-7.755102040816326710e-03 6.215038913781062088e-03 8.582815413209552435e-01
-7.755102040816326710e-03 6.416481881636382743e-03 7.679053764379162317e-01
-7.755102040816326710e-03 6.615125841508399766e-03 6.917342857353609986e-01
-7.755102040816326710e-03 6.810611130939383737e-03 6.281967424216373663e-01
-7.755102040816326710e-03 7.002578233200529821e-03 5.754049174003690315e-01
-7.755102040816326710e-03 7.190667782239503619e-03 5.350242480583661253e-01
-7.755102040816326710e-03 7.440877418486467956e-03 5.021712654351964122e-01
-7.755102040816326710e-03 7.622983226923235253e-03 4.784428161719771477e-01
-7.755102040816326710e-03 7.872312557008903644e-03 4.605294117443947122e-01
-7.755102040816326710e-03 8.122328415039098415e-03 4.520038804867948512e-01
-7.755102040816326710e-03 8.294725884974082919e-03 4.455726962573126615e-01
-7.755102040816326710e-03 8.542481918979639988e-03 4.442638565842954579e-01
-7.755102040816326710e-03 8.790324517430584891e-03 4.493562002201785810e-01
-7.755102040816326710e-03 9.038073696855894804e-03 4.574515150568421173e-01
-7.755102040816326710e-03 9.285549510503142076e-03 4.693787134617279921e-01
-7.755102040816326710e-03 9.532572049012382268e-03 4.840998179425868297e-01
-7.755102040816326710e-03 9.778961441111394884e-03 5.000286352218449304e-01
-7.755102040816326710e-03 1.002453785433303837e-02 5.185784242675318678e-01
-7.755102040816326710e-03 1.026912149575590592e-02 5.400878777926223506e-01
-7.755102040816326710e-03 1.062063951217543517e-02 5.631127131790415463e-01
-7.755102040816326710e-03 1.086632784669460533e-02 5.848891883529919733e-01
-7.755102040816326710e-03 1.111054381059683321e-02 6.101860182976964753e-01
-7.755102040816326710e-03 1.135310775162620515e-02 6.393910493068515333e-01
-7.755102040816326710e-03 1.171683192064661497e-02 6.642364881873623617e-01
-7.755102040816326710e-03 1.195942089601089928e-02 6.928793756489414202e-01
-7.755102040816326710e-03 1.233067641906952783e-02 7.244668649354341072e-01
-7.755102040816326710e-03 1.257281051513185928e-02 7.514353979632242275e-01
-7.755102040816326710e-03 1.281251378059672721e-02 7.850263474461353086e-01
-7.755102040816326710e-03 1.319255634398271496e-02 8.121166972958347996e-01
-7.755102040816326710e-03 1.343102546271752844e-02 8.471002943414668307e-01
-7.755102040816326710e-03 1.381793826730708455e-02 8.750159332349115582e-01
-7.755102040816326710e-03 1.421034519145935975e-02 9.104064193927856596e-01
-7.755102040816326710e-03 1.444823632256880992e-02 9.377447587994869327e-01
-7.755102040816326710e-03 1.484721293869291359e-02 9.706527109130643760e-01
-7.755102040816326710e-03 1.508273070302535920e-02 1.001712131766528291e+00
-7.755102040816326710e-03 1.548803668084311122e-02 1.032343237544351089e+00
-7.755102040816326710e-03 1.572070176090938423e-02 1.067189424570728074e+00
-7.755102040816326710e-03 1.613209680529062787e-02 1.095036852519716275e+00
-7.755102040816326710e-03 1.654880544686705007e-02 1.127069404705888678e+00
-7.755102040816326710e-03 1.677867386223919413e-02 1.160414035670138677e+00
-7.755102040816326710e-03 1.720117114723619320e-02 1.187935127893141596e+00
-7.755102040816326710e-03 1.762892186571474520e-02 1.218383485699973345e+00
-7.755102040816326710e-03 1.785509427870589014e-02 1.251950523860636544e+00
-7.600000000000000852e-03 4.495147793221891501e-03 3.412303529707022776e+00
-7.600000000000000852e-03 4.764074035755284237e-03 2.566744247690851743e+00
-7.600000000000000852e-03 5.040812660753334409e-03 1.949377488309555151e+00
-7.600000000000000852e-03 5.325363668216041152e-03 1.535117124331900174e+00
-7.600000000000000852e-03 5.617727058143405332e-03 1.300190449596238196e+00
-7.600000000000000852e-03 5.783413418557382599e-03 1.145927158641019572e+00
-7.600000000000000852e-03 5.942938387021695114e-03 1.015251152097604859e+00
-7.600000000000000852e-03 6.145308313046839686e-03 9.001083620113465855e-01
-7.600000000000000852e-03 6.345345551748020167e-03 8.044888293672940449e-01
-7.600000000000000852e-03 6.542697177223508534e-03 7.234780589367130199e-01
-7.600000000000000852e-03 6.737010397602468184e-03 6.552050396114048603e-01
-7.600000000000000852e-03 6.927932559453266192e-03 5.973675589517672968e-01
-7.600000000000000852e-03 7.115111152438981929e-03 5.514649600787637773e-01
-7.600000000000000852e-03 7.363272634218879370e-03 5.181636328636978206e-01
-7.600000000000000852e-03 7.544701393189552109e-03 4.880085254426293484e-01
-7.600000000000000852e-03 7.792118482518315889e-03 4.699392279951661866e-01
-7.600000000000000852e-03 7.966622082432761598e-03 4.541386031255388867e-01
-7.600000000000000852e-03 8.212353546789216696e-03 4.462523079068753118e-01
-7.600000000000000852e-03 8.458405914764743558e-03 4.443086764074448136e-01
-7.600000000000000852e-03 8.704602610482035235e-03 4.486018817693008254e-01
-7.600000000000000852e-03 8.864876944742422146e-03 4.551234038831544204e-01
-7.600000000000000852e-03 9.107624023890981135e-03 4.647393611502452782e-01
-7.600000000000000852e-03 9.349927376922329350e-03 4.782394225528770471e-01
-7.600000000000000852e-03 9.687302364870552240e-03 4.921893132912150137e-01
-7.600000000000000852e-03 9.931573281653076693e-03 5.075390000938052593e-01
-7.600000000000000852e-03 1.017492981225979858e-02 5.251385791681137949e-01
-7.600000000000000852e-03 1.041719563412699980e-02 5.456797923447456178e-01
-7.600000000000000852e-03 1.065819446366456438e-02 5.698378518941288329e-01
-7.600000000000000852e-03 1.101095625975065211e-02 5.960457170821881201e-01
-7.600000000000000852e-03 1.125256912797273530e-02 6.189072092403473668e-01
-7.600000000000000852e-03 1.149244475683131213e-02 6.456693539330201626e-01
-7.600000000000000852e-03 1.185482836172646257e-02 6.758689131715928111e-01
-7.600000000000000852e-03 1.209455326097283803e-02 7.016793804999830186e-01
-7.600000000000000852e-03 1.233207091232003949e-02 7.333582093467944096e-01
-7.600000000000000852e-03 1.270336905477064890e-02 7.605577643506732377e-01
-7.600000000000000852e-03 1.293997153905002313e-02 7.920841211644942259e-01
-7.600000000000000852e-03 1.331818576517881762e-02 8.221676008226247445e-01
-7.600000000000000852e-03 1.355340262058716411e-02 8.543470139042336209e-01
-7.600000000000000852e-03 1.393829716355421064e-02 8.841330550574315605e-01
-7.600000000000000852e-03 1.417165804279707161e-02 9.173962951801185595e-01
-7.600000000000000852e-03 1.456299716852489830e-02 9.454179436931102742e-01
-7.600000000000000852e-03 1.495966621424691008e-02 9.806557001440766586e-01
-7.600000000000000852e-03 1.519157984895824764e-02 1.008843999172386763e+00
-7.600000000000000852e-03 1.559439876341604282e-02 1.040120922926832003e+00
-7.600000000000000852e-03 1.582333942703360169e-02 1.073864047082277118e+00
-7.600000000000000852e-03 1.623207254817873174e-02 1.102269138112945468e+00
-7.600000000000000852e-03 1.664601756787696674e-02 1.134522077958393993e+00
-7.600000000000000852e-03 1.687198198157672385e-02 1.166341466938688676e+00
-7.600000000000000852e-03 1.729154657709184792e-02 1.193704480952271885e+00
-7.600000000000000852e-03 1.771626406796993763e-02 1.224628190255928617e+00
-7.450980392156862815e-03 4.410462292381243758e-03 3.752011170543753327e+00
-7.450980392156862815e-03 4.674322148983461704e-03 2.831571727125375304e+00
-7.450980392156862815e-03 4.945847208123843423e-03 2.144085733191001264e+00
-7.450980392156862815e-03 5.225037469802389783e-03 1.664348197541337449e+00
-7.450980392156862815e-03 5.511892934019101652e-03 1.368487393075037195e+00
-7.450980392156862815e-03 5.718453484700229683e-03 1.201944721025345331e+00
-7.450980392156862815e-03 5.877274594946369120e-03 1.064677376832902311e+00
-7.450980392156862815e-03 6.078188240934427784e-03 9.435174282034826110e-01
-7.450980392156862815e-03 6.276871678181058893e-03 8.427456936782298236e-01
-7.450980392156862815e-03 6.472978601130577499e-03 7.570392172147535348e-01
-7.450980392156862815e-03 6.666162831704122889e-03 6.842324776243889906e-01
-7.450980392156862815e-03 6.856078323453751455e-03 6.216120796356774392e-01
-7.450980392156862815e-03 7.042379165947413450e-03 5.705164219279600379e-01
-7.450980392156862815e-03 7.224719589402493064e-03 5.315346893916814697e-01
-7.450980392156862815e-03 7.469344675743424047e-03 5.008705277267132550e-01
-7.450980392156862815e-03 7.645526325804318998e-03 4.767790489948448007e-01
-7.450980392156862815e-03 7.889018458035437081e-03 4.595257044726059892e-01
-7.450980392156862815e-03 8.133057041729103639e-03 4.514885802084698807e-01
-7.450980392156862815e-03 8.299324366118991311e-03 4.448043200791965135e-01
-7.450980392156862815e-03 8.540902666066418555e-03 4.444539806875159038e-01
-7.450980392156862815e-03 8.782450150426938940e-03 4.479516392621790133e-01
-7.450980392156862815e-03 9.023793643117967306e-03 4.559628497423149351e-01
-7.450980392156862815e-03 9.264760002196493344e-03 4.671990602543391602e-01
-7.450980392156862815e-03 9.505176120487148633e-03 4.799130933800528909e-01
-7.450980392156862815e-03 9.744868926230138007e-03 4.954032703138675497e-01
-7.450980392156862815e-03 9.983665383749911262e-03 5.138224007063424414e-01
-7.450980392156862815e-03 1.032541207101449199e-02 5.354816891046521032e-01
-7.450980392156862815e-03 1.056538951957376390e-02 5.548044143433074060e-01
-7.450980392156862815e-03 1.080400905319376693e-02 5.772065886522654843e-01
-7.450980392156862815e-03 1.104109776452288742e-02 6.030864971367333460e-01
-7.450980392156862815e-03 1.139482594162919381e-02 6.294411032008691009e-01
-7.450980392156862815e-03 1.163205660534166914e-02 6.545447980469891736e-01
-7.450980392156862815e-03 1.186729519682865400e-02 6.845824147813843741e-01
-7.450980392156862815e-03 1.223006054127598156e-02 7.117886384102702912e-01
-7.450980392156862815e-03 1.246469092704285964e-02 7.405163689801071980e-01
-7.450980392156862815e-03 1.283441642922349309e-02 7.713364363794124046e-01
-7.450980392156862815e-03 1.306797693900926816e-02 8.006246841699182770e-01
-7.450980392156862815e-03 1.344443126275534500e-02 8.327787287646941650e-01
-7.450980392156862815e-03 1.367646033456092203e-02 8.622827052511061741e-01
-7.450980392156862815e-03 1.405941217479622987e-02 8.935925394975428038e-01
-7.450980392156862815e-03 1.428944835718564885e-02 9.242438836166598781e-01
-7.450980392156862815e-03 1.467866644039653341e-02 9.546901199067182597e-01
-7.450980392156862815e-03 1.490624839488138842e-02 9.890691645684520639e-01
-7.450980392156862815e-03 1.530150147960095477e-02 1.016156782783588008e+00
-7.450980392156862815e-03 1.570192647182063958e-02 1.049460349710259255e+00
-7.450980392156862815e-03 1.592722486041819874e-02 1.080781029078590416e+00
-7.450980392156862815e-03 1.633339575381553138e-02 1.109539782768312000e+00
-7.450980392156862815e-03 1.674468066330405888e-02 1.142632647678903268e+00
-7.450980392156862815e-03 1.696682992545330698e-02 1.171970083930386819e+00
-7.450980392156862815e-03 1.738357167853862850e-02 1.199924078394169147e+00
-7.307692307692307578e-03 4.587886897676012737e-03 3.115834503530137134e+00
-7.307692307692307578e-03 4.854391049832444162e-03 2.358664271878095242e+00
-7.307692307692307578e-03 5.128418663396113256e-03 1.813758884434584662e+00
-7.307692307692307578e-03 5.409969738367021753e-03 1.457159480184505362e+00
-7.307692307692307578e-03 5.655882372251909949e-03 1.259478776583554227e+00
-7.307692307692307578e-03 5.814024642475070642e-03 1.115583498952591679e+00
-7.307692307692307578e-03 6.013534928096741020e-03 9.884536991341470458e-01
-7.307692307692307578e-03 6.210913670126663559e-03 8.826217258777516728e-01
-7.307692307692307578e-03 6.353362074317941977e-03 7.903296366907551773e-01
-7.307692307692307578e-03 6.542991879947114911e-03 7.123969292039982193e-01
-7.307692307692307578e-03 6.729414501875473006e-03 6.471779704612361517e-01
-7.307692307692307578e-03 6.972316479776418351e-03 5.921008705583268306e-01
-7.307692307692307578e-03 7.153941066005505348e-03 5.475510034970058060e-01
-7.307692307692307578e-03 7.331396440598906758e-03 5.148600557093030439e-01
-7.307692307692307578e-03 7.572446448556589479e-03 4.861323603860321363e-01
-7.307692307692307578e-03 7.814260147193882039e-03 4.689527114892631521e-01
-7.307692307692307578e-03 7.982892201912514599e-03 4.535234200257934889e-01
-7.307692307692307578e-03 8.222802102848451519e-03 4.451339037690719147e-01
-7.307692307692307578e-03 8.462908948352920388e-03 4.441783205895926123e-01
-7.307692307692307578e-03 8.703042719225766860e-03 4.467715690804991979e-01
-7.307692307692307578e-03 8.943033428152924111e-03 4.536818234939336003e-01
-7.307692307692307578e-03 9.182711120279541187e-03 4.631808702006888212e-01
-7.307692307692307578e-03 9.421905873800890535e-03 4.737533864351001767e-01
-7.307692307692307578e-03 9.660447800571715649e-03 4.864485868421493664e-01
-7.307692307692307578e-03 9.898167046734952096e-03 5.014041666155590882e-01
-7.307692307692307578e-03 1.013489379337049329e-02 5.191825451317811924e-01
-7.307692307692307578e-03 1.037045825716506435e-02 5.403867365610713902e-01
-7.307692307692307578e-03 1.060469069110401424e-02 5.650663338634333011e-01
-7.307692307692307578e-03 1.094996806295170724e-02 5.869527708117138198e-01
-7.307692307692307578e-03 1.118462429859854584e-02 6.104037828821945455e-01
-7.307692307692307578e-03 1.141749569483865336e-02 6.390960391814574093e-01
-7.307692307692307578e-03 1.177192826921362456e-02 6.650273454314534760e-01
-7.307692307692307578e-03 1.200448706776953423e-02 6.923030140591140968e-01
-7.307692307692307578e-03 1.236592220555180963e-02 7.229080857587327769e-01
-7.307692307692307578e-03 1.259771520696012156e-02 7.494202387517665542e-01
-7.307692307692307578e-03 1.296592583969704247e-02 7.835802392732794663e-01
-7.307692307692307578e-03 1.319649994694993035e-02 8.098042488472861899e-01
-7.307692307692307578e-03 1.357125903572153729e-02 8.442528853605186789e-01
-7.307692307692307578e-03 1.380016125641666223e-02 8.705677846753639981e-01
-7.307692307692307578e-03 1.418124179227774409e-02 9.034569745879216240e-01
-7.307692307692307578e-03 1.440801924084498219e-02 9.325957930528590012e-01
-7.307692307692307578e-03 1.479519424527944195e-02 9.639695689867315842e-01
-7.307692307692307578e-03 1.501939414528812022e-02 9.957469463132065934e-01
-7.307692307692307578e-03 1.541243667067616896e-02 1.024945428987093177e+00
-7.307692307692307578e-03 1.581055575128531565e-02 1.058838957424145244e+00
-7.307692307692307578e-03 1.603228948732554615e-02 1.087721268161439214e+00
-7.307692307692307578e-03 1.643599235659252977e-02 1.117424164338413517e+00
-7.307692307692307578e-03 1.684471496502783217e-02 1.150476242059259135e+00
-7.307692307692307578e-03 1.706313303818637883e-02 1.178034486241678058e+00
-7.169811320754717818e-03 4.504587917119669271e-03 3.418619603798035644e+00
-7.169811320754717818e-03 4.766253344023324394e-03 2.592223858598778907e+00
-7.169811320754717818e-03 5.035305634227191067e-03 1.982486155669265671e+00
-7.169811320754717818e-03 5.311744787731270158e-03 1.565371757482176163e+00
-7.169811320754717818e-03 5.595570804535561667e-03 1.318465277046476647e+00
-7.169811320754717818e-03 5.753057945691798965e-03 1.167913474032329146e+00
-7.169811320754717818e-03 5.951214960831926852e-03 1.034864278911635571e+00
-7.169811320754717818e-03 6.098198714184975902e-03 9.235875558642541172e-01
-7.169811320754717818e-03 6.289582816904494729e-03 8.249150421984137171e-01
-7.169811320754717818e-03 6.478207734639168658e-03 7.420557885317625724e-01
-7.169811320754717818e-03 6.663739957935590347e-03 6.717361556809600120e-01
-7.169811320754717818e-03 6.845846101983804263e-03 6.148134725368659126e-01
-7.169811320754717818e-03 7.085712693019434461e-03 5.663966265999766936e-01
-7.169811320754717818e-03 7.262609103443856511e-03 5.276256631913642803e-01
-7.169811320754717818e-03 7.501998365506800347e-03 4.990644191607709335e-01
-7.169811320754717818e-03 7.672573501782833406e-03 4.746277987296810830e-01
-7.169811320754717818e-03 7.910595352093551663e-03 4.588400902728775876e-01
-7.169811320754717818e-03 8.149033675684015654e-03 4.503759971250833050e-01
-7.169811320754717818e-03 8.309503178492260236e-03 4.450892574849752981e-01
-7.169811320754717818e-03 8.545295146977740369e-03 4.435668494346411417e-01
-7.169811320754717818e-03 8.780947364703783550e-03 4.473058670360401390e-01
-7.169811320754717818e-03 9.016292967149036608e-03 4.547648177165780625e-01
-7.169811320754717818e-03 9.251165121627928645e-03 4.640406365423648261e-01
-7.169811320754717818e-03 9.485397027877717074e-03 4.763146810290672661e-01
-7.169811320754717818e-03 9.718821918664169793e-03 4.915549069999301524e-01
-7.169811320754717818e-03 9.951273060406589516e-03 5.101174272162266599e-01
-7.169811320754717818e-03 1.028617932038685193e-02 5.286915449747772167e-01
-7.169811320754717818e-03 1.051960392605226155e-02 5.482688237876852666e-01
-7.169811320754717818e-03 1.075161002688956348e-02 5.709613038357118642e-01
-7.169811320754717818e-03 1.098203100896186918e-02 5.974239135405551293e-01
-7.169811320754717818e-03 1.132832007715445927e-02 6.206696279268725247e-01
-7.169811320754717818e-03 1.155871333317520788e-02 6.467916434893753452e-01
-7.169811320754717818e-03 1.191204579471183238e-02 6.770002777085417645e-01
-7.169811320754717818e-03 1.214196629244022191e-02 7.012332012131071712e-01
-7.169811320754717818e-03 1.236957940082078142e-02 7.323948675077209813e-01
-7.169811320754717818e-03 1.273112199668367459e-02 7.599618755820162219e-01
-7.169811320754717818e-03 1.295753967638877714e-02 7.913326701077874059e-01
-7.169811320754717818e-03 1.332551268297130914e-02 8.199366232712252955e-01
-7.169811320754717818e-03 1.355029017440199067e-02 8.516835854259721117e-01
-7.169811320754717818e-03 1.392447071800493111e-02 8.794750302023222055e-01
-7.169811320754717818e-03 1.414716336447034359e-02 9.143069606070777233e-01
-7.169811320754717818e-03 1.452732860070531616e-02 9.410880585968993683e-01
-7.169811320754717818e-03 1.491253427352472703e-02 9.734949186728810711e-01
-7.169811320754717818e-03 1.513341896488508420e-02 1.003822827729510481e+00
-7.169811320754717818e-03 1.552433073137013918e-02 1.033930552288709892e+00
-7.169811320754717818e-03 1.592022715010072212e-02 1.068238219423161217e+00
-7.169811320754717818e-03 1.613846966220693416e-02 1.095238625927611675e+00
-7.169811320754717818e-03 1.653979361474853388e-02 1.125073745480895449e+00
-7.169811320754717818e-03 1.694604643964066348e-02 1.158773346019989159e+00
-7.037037037037036959e-03 4.424257677599825224e-03 3.739058404932392055e+00
-7.037037037037036959e-03 4.681256829407072495e-03 2.843917118448903825e+00
-7.037037037037036959e-03 4.945511114707250300e-03 2.169706399300340038e+00
-7.037037037037036959e-03 5.217020533500357771e-03 1.692326290444333026e+00
-7.037037037037036959e-03 5.495785085786396643e-03 1.389066590270685575e+00
-7.037037037037036959e-03 5.694253163556044391e-03 1.221613605656843848e+00
-7.037037037037036959e-03 5.891104366214811386e-03 1.082698314147658269e+00
-7.037037037037036959e-03 6.037753507080211024e-03 9.648722108592071578e-01
-7.037037037037036959e-03 6.228063226795167544e-03 8.612049958322111065e-01
-7.037037037037036959e-03 6.415718235795304231e-03 7.736302622221467029e-01
-7.037037037037036959e-03 6.600390941348298172e-03 6.984751105272555272e-01
-7.037037037037036959e-03 6.781753869481501294e-03 6.364488065049547227e-01
-7.037037037037036959e-03 6.959479668951925289e-03 5.871845851652610637e-01
-7.037037037037036959e-03 7.196255668665319655e-03 5.435592996389987386e-01
-7.037037037037036959e-03 7.368374784893312254e-03 5.105357242783246097e-01
-7.037037037037036959e-03 7.604300721808863149e-03 4.839907250501956915e-01
-7.037037037037036959e-03 7.769721709858930583e-03 4.673253477242609866e-01
-7.037037037037036959e-03 8.003923575950836963e-03 4.519510563894637567e-01
-7.037037037037036959e-03 8.238371159121597384e-03 4.452620197153193682e-01
-7.037037037037036959e-03 8.472900498412044498e-03 4.430718355274047004e-01
-7.037037037037036959e-03 8.707347662115848957e-03 4.459881885942634239e-01
-7.037037037037036959e-03 8.941548748300012783e-03 4.520238318371262443e-01
-7.037037037037036959e-03 9.175339885341247601e-03 4.595141788303673813e-01
-7.037037037037036959e-03 9.408557232479054788e-03 4.693881192533742031e-01
-7.037037037037036959e-03 9.641036980386069599e-03 4.815987320392633997e-01
-7.037037037037036959e-03 9.872615351756529670e-03 4.965793274142366043e-01
-7.037037037037036959e-03 1.010312860191359130e-02 5.148573930628389528e-01
-7.037037037037036959e-03 1.033241301943638342e-02 5.362588383478171794e-01
-7.037037037037036959e-03 1.066882532188935355e-02 5.590509003617589734e-01
-7.037037037037036959e-03 1.089862974659580250e-02 5.793703127676705922e-01
-7.037037037037036959e-03 1.112676863622420916e-02 6.043560009075279460e-01
-7.037037037037036959e-03 1.147217618947552267e-02 6.329438673737760590e-01
-7.037037037037036959e-03 1.170012490873740575e-02 6.561364745003381849e-01
-7.037037037037036959e-03 1.192597159378834364e-02 6.846163390486496025e-01
-7.037037037037036959e-03 1.227971769646458988e-02 7.121721292873673947e-01
-7.037037037037036959e-03 1.250466431549858252e-02 7.410063940321610643e-01
-7.037037037037036959e-03 1.286489107213683106e-02 7.712980079769985453e-01
-7.037037037037036959e-03 1.308850073088986543e-02 7.999145216246178469e-01
-7.037037037037036959e-03 1.345498923143772195e-02 8.304990365513506001e-01
-7.037037037037036959e-03 1.367682513314170435e-02 8.594452459864259097e-01
-7.037037037037036959e-03 1.404935649542169047e-02 8.901382899467800147e-01
-7.037037037037036959e-03 1.426898194288305118e-02 9.218400185433603955e-01
-7.037037037037036959e-03 1.464733731301554910e-02 9.498833017376417942e-01
-7.037037037037036959e-03 1.503064348315986259e-02 9.847128477068048946e-01
-7.037037037037036959e-03 1.524827626360718627e-02 1.012263793192935690e+00
-7.037037037037036959e-03 1.563713283134174001e-02 1.042930285775327315e+00
-7.037037037037036959e-03 1.585151805972567773e-02 1.076030702684466434e+00
-7.037037037037036959e-03 1.624570623336715064e-02 1.102561743527749938e+00
-7.037037037037036959e-03 1.664473564107318490e-02 1.133169545240551246e+00
-6.909090909090908131e-03 4.599236639324562510e-03 3.112936257727179079e+00
-6.909090909090908131e-03 4.858860931548034459e-03 2.374633321571946176e+00
-6.909090909090908131e-03 5.125613240242266402e-03 1.837260242771908691e+00
-6.909090909090908131e-03 5.399493565407260075e-03 1.477827089246288139e+00
-6.909090909090908131e-03 5.637497395200483444e-03 1.276632425958138306e+00
-6.909090909090908131e-03 5.833087792422214472e-03 1.131906897470930318e+00
-6.909090909090908131e-03 5.979413201053683513e-03 1.007652043315148571e+00
-6.909090909090908131e-03 6.168685400580724981e-03 8.991477841081310096e-01
-6.909090909090908131e-03 6.355403686953539980e-03 8.070635416507490056e-01
-6.909090909090908131e-03 6.539246178511798520e-03 7.273306672922068561e-01
-6.909090909090908131e-03 6.719891106836952017e-03 6.605153788256814540e-01
-6.909090909090908131e-03 6.897016820502396665e-03 6.059089378719156871e-01
-6.909090909090908131e-03 7.132209305468040217e-03 5.625660052439694914e-01
-6.909090909090908131e-03 7.303934913711564517e-03 5.233100834760889830e-01
-6.909090909090908131e-03 7.471230221317186511e-03 4.968061956290611980e-01
-6.909090909090908131e-03 7.703653655036870641e-03 4.726839672307293072e-01
-6.909090909090908131e-03 7.936533755264912199e-03 4.573852560974974724e-01
-6.909090909090908131e-03 8.169709395948396291e-03 4.507091161626933240e-01
-6.909090909090908131e-03 8.324678689273622839e-03 4.440203768122626404e-01
-6.909090909090908131e-03 8.555034798259779014e-03 4.431656702199044395e-01
-6.909090909090908131e-03 8.785149787456651010e-03 4.465839091892319646e-01
-6.909090909090908131e-03 9.014862660312743942e-03 4.522215352350020812e-01
-6.909090909090908131e-03 9.244012450045557480e-03 4.611411901918924250e-01
-6.909090909090908131e-03 9.472438220191807187e-03 4.731274275187844491e-01
-6.909090909090908131e-03 9.699979065175097157e-03 4.884065628694986283e-01
-6.909090909090908131e-03 1.002642812258563824e-02 5.064066882151828652e-01
-6.909090909090908131e-03 1.025501764123343089e-02 5.232315902067763425e-01
-6.909090909090908131e-03 1.048229303082165442e-02 5.428732867334673529e-01
-6.909090909090908131e-03 1.070809349555766274e-02 5.658028506612361452e-01
-6.909090909090908131e-03 1.104574467462188063e-02 5.911056445101349199e-01
-6.909090909090908131e-03 1.127162765392975170e-02 6.135905134090340329e-01
-6.909090909090908131e-03 1.149560677537223713e-02 6.404967104042820214e-01
-6.909090909090908131e-03 1.184172037400344803e-02 6.670027386391779167e-01
-6.909090909090908131e-03 1.206508444798290620e-02 6.932408519336191732e-01
-6.909090909090908131e-03 1.241772715387307914e-02 7.249159096951059977e-01
-6.909090909090908131e-03 1.264004687969302529e-02 7.505236481786926594e-01
-6.909090909090908131e-03 1.299900360834886984e-02 7.838685803276970177e-01
-6.909090909090908131e-03 1.321984977776401692e-02 8.089614996448170059e-01
-6.909090909090908131e-03 1.358490547122345911e-02 8.417314451312134516e-01
-6.909090909090908131e-03 1.380384897038549122e-02 8.688890048866872995e-01
-6.909090909090908131e-03 1.417478859761548554e-02 9.009623430340256700e-01
-6.909090909090908131e-03 1.439140040908842844e-02 9.297433966936573535e-01
-6.909090909090908131e-03 1.476800896639386858e-02 9.603026542520463060e-01
-6.909090909090908131e-03 1.498186017124244519e-02 9.937882932130559510e-01
-6.909090909090908131e-03 1.536392268268662112e-02 1.020722227760950673e+00
-6.909090909090908131e-03 1.575079566642984333e-02 1.052674982348374977e+00
-6.909090909090908131e-03 1.596188598047833598e-02 1.082897895660226206e+00
-6.909090909090908131e-03 1.635394415370687929e-02 1.110331371734086137e+00
-6.785714285714285546e-03 4.520039237852302959e-03 3.398510919474078573e+00
-6.785714285714285546e-03 4.775192881810500639e-03 2.596515977605106329e+00
-6.785714285714285546e-03 5.037351800048440499e-03 1.999444071688154523e+00
-6.785714285714285546e-03 5.306515992566118202e-03 1.584040125471390059e+00
-6.785714285714285546e-03 5.582685459363535482e-03 1.332920583379140655e+00
-6.785714285714285546e-03 5.777057772907108479e-03 1.182442976518325750e+00
-6.785714285714285546e-03 5.923069810512641802e-03 1.051879807009944656e+00
-6.785714285714285546e-03 6.111339489371422212e-03 9.386934147086655189e-01
-6.785714285714285546e-03 6.297152566430190383e-03 8.423006609758725283e-01
-6.785714285714285546e-03 6.480192675969259804e-03 7.582407259528893828e-01
-6.785714285714285546e-03 6.660143560330557440e-03 6.869417292205390879e-01
-6.785714285714285546e-03 6.836689073463096677e-03 6.273541984391870496e-01
-6.785714285714285546e-03 7.009513184666159302e-03 5.789571438415299642e-01
-6.785714285714285546e-03 7.241696687307969810e-03 5.395239508793192584e-01
-6.785714285714285546e-03 7.408740667220840674e-03 5.060581128628879322e-01
-6.785714285714285546e-03 7.639841734722210669e-03 4.823625225291656160e-01
-6.785714285714285546e-03 7.800051869049178660e-03 4.643992852824012085e-01
-6.785714285714285546e-03 8.029226713924114689e-03 4.515385527682278521e-01
-6.785714285714285546e-03 8.258534291147525894e-03 4.441827838054347444e-01
-6.785714285714285546e-03 8.487816308530654608e-03 4.427804216224878187e-01
-6.785714285714285546e-03 8.716914501270534715e-03 4.450836664021350364e-01
-6.785714285714285546e-03 8.945670632438366618e-03 4.492838902116271238e-01
-6.785714285714285546e-03 9.173926493482857658e-03 4.561882199888279699e-01
-6.785714285714285546e-03 9.401523904749220159e-03 4.655666981097549284e-01
-6.785714285714285546e-03 9.628304716014392597e-03 4.777240818464356109e-01
-6.785714285714285546e-03 9.854110807039320047e-03 4.931091027423059048e-01
-6.785714285714285546e-03 1.007878408813891839e-02 5.113237996306888578e-01
-6.785714285714285546e-03 1.030216650077053764e-02 5.328086121513428974e-01
-6.785714285714285546e-03 1.063222123393960800e-02 5.524274974401800486e-01
-6.785714285714285546e-03 1.085594945344886021e-02 5.739385545196533656e-01
-6.785714285714285546e-03 1.107796518161332372e-02 5.996256091493648022e-01
-6.785714285714285546e-03 1.141660189606510598e-02 6.246967877347227027e-01
-6.785714285714285546e-03 1.163827778393212477e-02 6.487159237966797498e-01
-6.785714285714285546e-03 1.185781974779492702e-02 6.790412572956057158e-01
-6.785714285714285546e-03 1.220440444513779324e-02 7.038757493325502601e-01
-6.785714285714285546e-03 1.242292118508682604e-02 7.341171855639880839e-01
-6.785714285714285546e-03 1.277571189792130538e-02 7.613933957912362160e-01
-6.785714285714285546e-03 1.299278160433043131e-02 7.914504938801323330e-01
-6.785714285714285546e-03 1.335156698981293695e-02 8.189243111904350725e-01
-6.785714285714285546e-03 1.356676794416651101e-02 8.513492093200967226e-01
-6.785714285714285546e-03 1.393133668544450574e-02 8.786522104604779226e-01
-6.785714285714285546e-03 1.430073907653035652e-02 9.121721837191919535e-01
-6.785714285714285546e-03 1.451438806888949440e-02 9.392099503120012738e-01
-6.785714285714285546e-03 1.488930963107082048e-02 9.710509659772575963e-01
-6.785714285714285546e-03 1.510008834608482856e-02 1.001567008003629633e+00
-6.785714285714285546e-03 1.548031781963061376e-02 1.029904540981407157e+00
-6.785714285714285546e-03 1.586527515846200553e-02 1.062302707047336536e+00
-6.785714285714285546e-03 1.607313099977004597e-02 1.090219256702904094e+00
-6.666666666666667095e-03 4.443521463556142012e-03 3.699906173764305528e+00
-6.666666666666667095e-03 4.694355722678974704e-03 2.834636922838971174e+00
-6.666666666666667095e-03 4.952076666846364286e-03 2.178179831239901887e+00
-6.666666666666667095e-03 5.216684296058308155e-03 1.707028779081540382e+00
-6.666666666666667095e-03 5.488178610314807179e-03 1.403787999376591600e+00
-6.666666666666667095e-03 5.722914064593491966e-03 1.234261268051347393e+00
-6.666666666666667095e-03 5.868622605529717068e-03 1.097509894009090825e+00
-6.666666666666667095e-03 6.055923023234811159e-03 9.797935476241729225e-01
-6.666666666666667095e-03 6.240860841863971747e-03 8.792884259943741787e-01
-6.666666666666667095e-03 6.370557789269111655e-03 7.900055409818043106e-01
-6.666666666666667095e-03 6.547477065564177683e-03 7.155436825753201946e-01
-6.666666666666667095e-03 6.778388871651005489e-03 6.514400651738168069e-01
-6.666666666666667095e-03 6.950766991903593699e-03 5.977302349775021062e-01
-6.666666666666667095e-03 7.119228404020201857e-03 5.551412746050619074e-01
-6.666666666666667095e-03 7.348349657040469454e-03 5.191505308078415704e-01
-6.666666666666667095e-03 7.510663837977363602e-03 4.926115073849143267e-01
-6.666666666666667095e-03 7.738359115124523839e-03 4.699974291196564180e-01
-6.666666666666667095e-03 7.966392782090749025e-03 4.573377039964757751e-01
-6.666666666666667095e-03 8.118930411733763300e-03 4.490530993491866907e-01
-6.666666666666667095e-03 8.344345841791334095e-03 4.433149255505341446e-01
-6.666666666666667095e-03 8.569581142577109567e-03 4.424555256021926453e-01
-6.666666666666667095e-03 8.794480759663464431e-03 4.442764807510855007e-01
-6.666666666666667095e-03 9.018889166028951423e-03 4.497202156171911103e-01
-6.666666666666667095e-03 9.242650862559584346e-03 4.583896935284922369e-01
-6.666666666666667095e-03 9.465610378565808211e-03 4.703822819995440718e-01
-6.666666666666667095e-03 9.687612272315924977e-03 4.863963472638381247e-01
-6.666666666666667095e-03 1.000825002354276821e-02 5.019596640706879276e-01
-6.666666666666667095e-03 1.023111131695807891e-02 5.186859919216471049e-01
-6.666666666666667095e-03 1.045260035871193281e-02 5.382734078483641937e-01
-6.666666666666667095e-03 1.067256180996899347e-02 5.623229073046126514e-01
-6.666666666666667095e-03 1.100386945032950578e-02 5.848276688755220665e-01
-6.666666666666667095e-03 1.122375695387915762e-02 6.076273979692916605e-01
-6.666666666666667095e-03 1.144170249130450380e-02 6.353167260493165491e-01
-6.666666666666667095e-03 1.178108428778540211e-02 6.593671430038375858e-01
-6.666666666666667095e-03 1.199828199749360634e-02 6.873534962100060763e-01
-6.666666666666667095e-03 1.234392120060530396e-02 7.156030210211671294e-01
-6.666666666666667095e-03 1.255995635557551754e-02 7.430894356908354093e-01
-6.666666666666667095e-03 1.291164519040422995e-02 7.728317355349703099e-01
-6.666666666666667095e-03 1.312610315011733357e-02 7.999654507639205603e-01
-6.666666666666667095e-03 1.348363386651814724e-02 8.308431531799810310e-01
-6.666666666666667095e-03 1.369610007878005985e-02 8.598882465223656180e-01
-6.666666666666667095e-03 1.405926495174867480e-02 8.888798297642952484e-01
-6.666666666666667095e-03 1.426932495457892101e-02 9.213825860014224212e-01
-6.666666666666667095e-03 1.463791628463373580e-02 9.491955036487431663e-01
-6.666666666666667095e-03 1.501120765126601198e-02 9.818161379400056621e-01
-6.666666666666667095e-03 1.521896582179752336e-02 1.010055282848754787e+00
-6.666666666666667095e-03 1.559742398078284298e-02 1.039027307932379296e+00
-6.666666666666667095e-03 1.598053018517846952e-02 1.072391782971180652e+00
