-1.000000000000000056e-01 -2.493094827255635474e-03 3.482008895423185812e+00
-1.000000000000000056e-01 -2.508449170591077124e-03 3.118009005101555431e+00
-1.000000000000000056e-01 -2.544211782434457284e-03 2.777925310011935878e+00
-1.000000000000000056e-01 -2.575543800404723419e-03 2.461057389268714424e+00
-1.000000000000000056e-01 -2.602240977476163401e-03 2.165668560514841356e+00
-1.000000000000000056e-01 -2.624102039153978355e-03 1.891428871117085020e+00
-1.000000000000000056e-01 -2.640928870575544232e-03 1.639822951940957063e+00
-1.000000000000000056e-01 -2.685224092145091848e-03 1.408743995037843755e+00
-1.000000000000000056e-01 -2.692618100604269194e-03 1.198191539370951020e+00
-1.000000000000000056e-01 -2.729603481902395309e-03 1.005658574701501440e+00
-1.000000000000000056e-01 -2.763346177917687819e-03 8.337611801932093281e-01
-1.000000000000000056e-01 -2.793710939539219458e-03 6.807718809889153899e-01
-1.000000000000000056e-01 -2.820564027885920366e-03 5.456409221692214429e-01
-1.000000000000000056e-01 -2.843773289678781790e-03 4.281125299593543931e-01
-1.000000000000000056e-01 -2.863208239043457237e-03 3.287359198028921847e-01
-1.000000000000000056e-01 -2.921978666628173658e-03 2.487151183399989862e-01
-1.000000000000000056e-01 -2.934872213817068046e-03 1.772995480002484692e-01
-1.000000000000000056e-01 -2.943625310448477316e-03 1.267573876705458957e-01
-1.000000000000000056e-01 -2.995639557174850556e-03 8.915645038285993640e-02
-1.000000000000000056e-01 -2.997179946417894130e-03 6.847244940842570071e-02
-1.000000000000000056e-01 -3.044716361460335016e-03 5.779514717293457449e-02
-1.000000000000000056e-01 -3.090654419995273339e-03 6.623113322775531220e-02
-1.000000000000000056e-01 -3.081325165035393547e-03 8.415340970473841886e-02
-1.000000000000000056e-01 -3.122275440319989982e-03 1.126151147083966214e-01
-1.000000000000000056e-01 -3.161403106610941559e-03 1.555137530259748380e-01
-1.000000000000000056e-01 -3.198640883740866067e-03 2.113376829012341696e-01
-1.000000000000000056e-01 -3.233921947637422804e-03 2.788057920307061566e-01
-1.000000000000000056e-01 -3.267179945183091346e-03 3.568373393834826102e-01
-1.000000000000000056e-01 -3.298349009906080195e-03 4.445694313844276158e-01
-1.000000000000000056e-01 -3.327363778566489773e-03 5.413650479408714800e-01
-1.000000000000000056e-01 -3.354159408708072814e-03 6.468439132474630426e-01
-1.000000000000000056e-01 -3.378671597252950413e-03 7.608199190136450962e-01
-1.000000000000000056e-01 -3.400836600224551014e-03 8.832556562438760306e-01
-1.000000000000000056e-01 -3.420591253692831235e-03 1.014544535756822352e+00
-1.000000000000000056e-01 -3.437872996045838059e-03 1.155076165381509146e+00
-1.000000000000000056e-01 -3.452619891702873953e-03 1.305663017198662512e+00
-1.000000000000000056e-01 -3.464770656397235006e-03 1.467230912322867731e+00
-1.000000000000000056e-01 -3.553493587242052311e-03 1.623108433067837808e+00
-1.000000000000000056e-01 -3.562106090070438734e-03 1.788890368939173525e+00
-1.000000000000000056e-01 -3.567956136539506863e-03 1.966974631471914314e+00
-1.000000000000000056e-01 -3.655941886854857138e-03 2.153054686644149118e+00
-1.000000000000000056e-01 -3.657972718008839236e-03 2.332288792357237739e+00
-1.000000000000000056e-01 -3.657078734370426687e-03 2.526411633104769905e+00
-1.000000000000000056e-01 -3.744045464273048924e-03 2.729009704451164087e+00
-1.000000000000000056e-01 -3.739056633511905411e-03 2.923483194752356074e+00
-1.000000000000000056e-01 -3.730984971273170955e-03 3.136895623292733415e+00
-1.000000000000000056e-01 -3.816653476925985829e-03 3.343774194159479851e+00
-9.499999999999998723e-02 -2.567033906547101091e-03 3.304891815513079756e+00
-9.499999999999998723e-02 -2.602140199528218782e-03 2.959999694586230579e+00
-9.499999999999998723e-02 -2.632847473858812223e-03 2.637513899216641811e+00
-9.499999999999998723e-02 -2.658957366484260895e-03 2.335817707404185484e+00
-9.499999999999998723e-02 -2.680274241916514449e-03 2.054985637561383527e+00
-9.499999999999998723e-02 -2.696605363274624714e-03 1.796573824751431125e+00
-9.499999999999998723e-02 -2.740618473622581045e-03 1.556249396379523864e+00
-9.499999999999998723e-02 -2.747615077860626927e-03 1.338698182625617017e+00
-9.499999999999998723e-02 -2.784396271725793088e-03 1.136258466308003312e+00
-9.499999999999998723e-02 -2.817971779790992039e-03 9.541914857575393150e-01
-9.499999999999998723e-02 -2.848210034965346481e-03 7.908260839343751458e-01
-9.499999999999998723e-02 -2.874980849678165570e-03 6.452308148954783995e-01
-9.499999999999998723e-02 -2.898155484267009654e-03 5.172200969099106649e-01
-9.499999999999998723e-02 -2.917606721142022505e-03 4.073429162353431887e-01
-9.499999999999998723e-02 -2.976473108355902689e-03 3.124562101831891980e-01
-9.499999999999998723e-02 -2.989476485775854030e-03 2.306998943567285798e-01
-9.499999999999998723e-02 -2.998399199533573374e-03 1.696586905594487105e-01
-9.499999999999998723e-02 -3.050614423738514432e-03 1.173491654544793483e-01
-9.499999999999998723e-02 -3.052434269352454540e-03 8.619362297322301358e-02
-9.499999999999998723e-02 -3.100246544272121374e-03 6.094903370047288771e-02
-9.499999999999998723e-02 -3.146489828574360742e-03 5.476522515182496303e-02
-9.499999999999998723e-02 -3.137613816973111158e-03 6.226874558058075049e-02
-9.499999999999998723e-02 -3.178956945385530419e-03 7.642770620018121686e-02
-9.499999999999998723e-02 -3.218512536575803083e-03 1.051074278695248998e-01
-9.499999999999998723e-02 -3.256215009402323775e-03 1.468378498431718027e-01
-9.499999999999998723e-02 -3.291999196206660174e-03 2.003445714299961211e-01
-9.499999999999998723e-02 -3.325800356120986716e-03 2.645550274348833497e-01
-9.499999999999998723e-02 -3.357554189108898253e-03 3.386092203739923812e-01
-9.499999999999998723e-02 -3.387196850795237951e-03 4.218775166568057844e-01
-9.499999999999998723e-02 -3.414664968145938399e-03 5.139203928185558379e-01
-9.499999999999998723e-02 -3.439895656064917342e-03 6.144448372311895890e-01
-9.499999999999998723e-02 -3.462826534981670954e-03 7.235318860425358212e-01
-9.499999999999998723e-02 -3.483395749510812163e-03 8.412844342463877689e-01
-9.499999999999998723e-02 -3.501541988273178512e-03 9.681771820561959618e-01
-9.499999999999998723e-02 -3.517204504977672862e-03 1.104797423954621438e+00
-9.499999999999998723e-02 -3.530323140873698699e-03 1.252096439003050676e+00
-9.499999999999998723e-02 -3.619581898096995830e-03 1.397049759629910737e+00
-9.499999999999998723e-02 -3.629245392049512339e-03 1.549115794312473149e+00
-9.499999999999998723e-02 -3.636201895928597300e-03 1.712667637535406406e+00
-9.499999999999998723e-02 -3.640393376651667769e-03 1.889334210944183079e+00
-9.499999999999998723e-02 -3.728005004984468081e-03 2.054623756535375101e+00
-9.499999999999998723e-02 -3.728365005335037077e-03 2.233559297778263009e+00
-9.499999999999998723e-02 -3.725802104175528727e-03 2.428519708897123319e+00
-9.499999999999998723e-02 -3.812345144906901552e-03 2.608146668232926402e+00
-9.499999999999998723e-02 -3.805682962698135954e-03 2.804851825122244513e+00
-9.499999999999998723e-02 -3.892074830166607040e-03 3.006725435078558828e+00
-9.499999999999998723e-02 -3.881147794565014200e-03 3.204700236930647428e+00
-9.499999999999998723e-02 -3.967297174973492997e-03 3.424242457642846293e+00
-9.047619047619047394e-02 -2.625804806287966760e-03 3.473107097811690025e+00
-9.047619047619047394e-02 -2.660249473906292194e-03 3.125660264918435072e+00
-9.047619047619047394e-02 -2.690325085065321895e-03 2.799225168333908442e+00
-9.047619047619047394e-02 -2.715838912167469529e-03 2.492663892323247588e+00
-9.047619047619047394e-02 -2.736600738391224523e-03 2.206175574212982493e+00
-9.047619047619047394e-02 -2.752423014481457635e-03 1.941472154830802044e+00
-9.047619047619047394e-02 -2.796144884650486086e-03 1.695057322394438959e+00
-9.047619047619047394e-02 -2.802726345031550381e-03 1.470147187445686843e+00
-9.047619047619047394e-02 -2.839290321370409841e-03 1.260298886478228075e+00
-9.047619047619047394e-02 -2.872683738994236038e-03 1.070171025193894065e+00
-9.047619047619047394e-02 -2.902778582293013242e-03 8.982457669883420204e-01
-9.047619047619047394e-02 -2.929448099787074298e-03 7.437013339422279268e-01
-9.047619047619047394e-02 -2.952566866353820933e-03 6.063911770134281509e-01
-9.047619047619047394e-02 -2.972010850657440945e-03 4.868036216825742946e-01
-9.047619047619047394e-02 -3.030958122772460430e-03 3.813177082660200723e-01
-9.047619047619047394e-02 -3.044043434739825485e-03 2.894210633735641580e-01
-9.047619047619047394e-02 -3.053105387378113062e-03 2.179187329309571208e-01
-9.047619047619047394e-02 -3.105501104929654036e-03 1.542697558656761780e-01
-9.047619047619047394e-02 -3.107565334615564924e-03 1.121104147406558477e-01
-9.047619047619047394e-02 -3.155629290431103719e-03 7.529006024673796926e-02
-9.047619047619047394e-02 -3.202152063352061220e-03 5.730493754430105585e-02
-9.047619047619047394e-02 -3.193687072491327352e-03 5.301297763426101456e-02
-9.047619047619047394e-02 -3.235393313378498968e-03 5.524416248703847149e-02
-9.047619047619047394e-02 -3.275345380042855078e-03 7.189723713643435266e-02
-9.047619047619047394e-02 -3.313479347408097766e-03 1.015310396691748163e-01
-9.047619047619047394e-02 -3.349731666461179102e-03 1.428912084927685955e-01
-9.047619047619047394e-02 -3.384039176205895939e-03 1.949248601421286753e-01
-9.047619047619047394e-02 -3.416339116265576167e-03 2.567844261184619725e-01
-9.047619047619047394e-02 -3.446569140183346723e-03 3.278106812884972743e-01
-9.047619047619047394e-02 -3.474667329473072816e-03 4.074918234942297435e-01
-9.047619047619047394e-02 -3.500572208479173133e-03 4.956338251171218401e-01
-9.047619047619047394e-02 -3.524222760109236869e-03 5.920948305745479257e-01
-9.047619047619047394e-02 -3.545558442509786929e-03 6.970549231237250787e-01
-9.047619047619047394e-02 -3.564519206762682430e-03 8.108103551894622063e-01
-9.047619047619047394e-02 -3.581045515687780820e-03 9.339791257972065441e-01
-9.047619047619047394e-02 -3.595078363846495716e-03 1.067190270626100279e+00
-9.047619047619047394e-02 -3.684839662576230510e-03 1.205727976399606716e+00
-9.047619047619047394e-02 -3.695497002629733081e-03 1.343994132920237616e+00
-9.047619047619047394e-02 -3.703501040132997288e-03 1.492992079072756217e+00
-9.047619047619047394e-02 -3.708794690907937699e-03 1.654413502501491884e+00
-9.047619047619047394e-02 -3.796991246020934522e-03 1.815389889873512352e+00
-9.047619047619047394e-02 -3.798541123646495717e-03 1.978850127675356951e+00
-9.047619047619047394e-02 -3.797225496228503160e-03 2.157183452559875203e+00
-9.047619047619047394e-02 -3.884414974715642930e-03 2.334132376793478070e+00
-9.047619047619047394e-02 -3.879093188611992902e-03 2.513799693592525752e+00
-9.047619047619047394e-02 -3.870754447911797617e-03 2.712348107784841478e+00
-9.047619047619047394e-02 -3.956673128428920237e-03 2.894307140892148134e+00
-9.047619047619047394e-02 -3.944070732697109623e-03 3.095408845376287577e+00
-9.047619047619047394e-02 -4.029715808527593521e-03 3.293673476374121112e+00
-9.047619047619047394e-02 -4.012690470791284610e-03 3.497700478321407402e+00
-8.636363636363636465e-02 -2.691144817104896680e-03 3.274961385563543104e+00
-8.636363636363636465e-02 -2.719488102133991742e-03 2.945013735037782965e+00
-8.636363636363636465e-02 -2.743286937122405445e-03 2.636499425912997019e+00
-8.636363636363636465e-02 -2.793216989944693768e-03 2.345440721891244973e+00
-8.636363636363636465e-02 -2.808521551273925835e-03 2.074857141679587347e+00
-8.636363636363636465e-02 -2.851947686962041581e-03 1.824758089077215706e+00
-8.636363636363636465e-02 -2.858100632416189866e-03 1.592265435241169147e+00
-8.636363636363636465e-02 -2.894439133478582307e-03 1.376983119151803159e+00
-8.636363636363636465e-02 -2.927640400998922886e-03 1.180553894244946722e+00
-8.636363636363636465e-02 -2.957579835727039332e-03 1.001602053247777402e+00
-8.636363636363636465e-02 -2.984134000241729211e-03 8.393760482446444016e-01
-8.636363636363636465e-02 -3.007180675723152702e-03 6.936863712428962270e-01
-8.636363636363636465e-02 -3.026598923424170164e-03 5.652723799520471548e-01
-8.636363636363636465e-02 -3.085617686561088497e-03 4.526491324230308422e-01
-8.636363636363636465e-02 -3.098762194317019204e-03 3.510017270261100997e-01
-8.636363636363636465e-02 -3.107938162489065799e-03 2.689639082899316080e-01
-8.636363636363636465e-02 -3.160499799450586234e-03 1.970535451684861661e-01
-8.636363636363636465e-02 -3.162778523136791902e-03 1.434602971469993438e-01
-8.636363636363636465e-02 -3.211076019880379235e-03 9.769698620569901293e-02
-8.636363636363636465e-02 -3.257858657977108323e-03 7.039558756096146730e-02
-8.636363636363636465e-02 -3.249767631845022244e-03 5.326982779047183952e-02
-8.636363636363636465e-02 -3.291813439551745900e-03 4.570045261627948829e-02
-8.636363636363636465e-02 -3.332136783467495172e-03 5.230315954497620490e-02
-8.636363636363636465e-02 -3.370675345700264915e-03 7.166523119562316635e-02
-8.636363636363636465e-02 -3.407367151426127835e-03 1.025662483131591918e-01
-8.636363636363636465e-02 -3.442150579657962412e-03 1.439671946282928550e-01
-8.636363636363636465e-02 -3.412389730234958486e-03 1.938197849619119340e-01
-8.636363636363636465e-02 -3.441554648310610372e-03 2.530036506025618026e-01
-8.636363636363636465e-02 -3.468612019459346284e-03 3.225309411369950974e-01
-8.636363636363636465e-02 -3.560981135203885369e-03 4.002029170575438499e-01
-8.636363636363636465e-02 -3.585311575568489017e-03 4.849584643357914282e-01
-8.636363636363636465e-02 -3.607372024431149127e-03 5.778415929787309446e-01
-8.636363636363636465e-02 -3.627103693467714253e-03 6.791784504254607668e-01
-8.636363636363636465e-02 -3.644448259204589868e-03 7.893288546234344949e-01
-8.636363636363636465e-02 -3.659347880895898186e-03 9.091387246574503811e-01
-8.636363636363636465e-02 -3.671745219546876469e-03 1.039364368655182336e+00
-8.636363636363636465e-02 -3.761187623425760705e-03 1.169578783211735029e+00
-8.636363636363636465e-02 -3.770186388758251309e-03 1.304406181581903690e+00
-8.636363636363636465e-02 -3.776527547579878585e-03 1.450670639471133061e+00
-8.636363636363636465e-02 -3.780155572953193890e-03 1.609929378183496462e+00
-8.636363636363636465e-02 -3.867961137654115159e-03 1.758675873625569208e+00
-8.636363636363636465e-02 -3.867832810482930202e-03 1.920359966257474182e+00
-8.636363636363636465e-02 -3.955635526271042250e-03 2.097689229562307300e+00
-8.636363636363636465e-02 -3.951590648137885860e-03 2.260334915151428703e+00
-8.636363636363636465e-02 -3.944586910606874552e-03 2.440144590911905276e+00
-8.636363636363636465e-02 -4.031183384374271809e-03 2.624036521805804600e+00
-8.636363636363636465e-02 -4.020010558435322366e-03 2.805526235697271886e+00
-8.636363636363636465e-02 -4.106367074969759223e-03 3.006537219192024768e+00
-8.636363636363636465e-02 -4.090868966367264964e-03 3.189767912994270205e+00
-8.636363636363636465e-02 -4.072175152657483803e-03 3.397684507263820208e+00
-8.260869565217392185e-02 -2.749717027634029660e-03 3.406968482973131707e+00
-8.260869565217392185e-02 -2.777437167837378332e-03 3.075583984144940608e+00
-8.260869565217392185e-02 -2.800645236116389072e-03 2.764015827807172698e+00
-8.260869565217392185e-02 -2.819161685093080072e-03 2.473263974015103450e+00
-8.260869565217392185e-02 -2.865008748767889322e-03 2.197891767905523430e+00
-8.260869565217392185e-02 -2.874760905069836860e-03 1.944559624983868806e+00
-8.260869565217392185e-02 -2.913852562931683234e-03 1.705792685791771124e+00
-8.260869565217392185e-02 -2.949960936664675678e-03 1.486709629600473592e+00
-8.260869565217392185e-02 -2.982963684657900620e-03 1.285449922561721747e+00
-8.260869565217392185e-02 -3.012739487972437586e-03 1.100732840894148135e+00
-8.260869565217392185e-02 -3.039168098435986436e-03 9.317756588591039613e-01
-8.260869565217392185e-02 -3.062130390570629371e-03 7.787247961821246456e-01
-8.260869565217392185e-02 -3.081508417775007894e-03 6.420218217639679370e-01
-8.260869565217392185e-02 -3.097185473241218043e-03 5.230511541328424219e-01
-8.260869565217392185e-02 -3.153778674415326413e-03 4.141546614186040198e-01
-8.260869565217392185e-02 -3.163047630042989129e-03 3.217861522134196628e-01
-8.260869565217392185e-02 -3.215765153740356153e-03 2.441892273088651644e-01
-8.260869565217392185e-02 -3.218232781614995507e-03 1.788813991220769284e-01
-8.260869565217392185e-02 -3.266750378889798998e-03 1.264878182373894711e-01
-8.260869565217392185e-02 -3.313778039421032707e-03 9.206356883528354906e-02
-8.260869565217392185e-02 -3.306028341272051769e-03 6.131683697234014546e-02
-8.260869565217392185e-02 -3.348395080890009205e-03 4.585581055855534466e-02
-8.260869565217392185e-02 -3.389069485245891841e-03 4.419087748283285350e-02
-8.260869565217392185e-02 -3.427990791304093982e-03 5.495553617053675066e-02
-8.260869565217392185e-02 -3.405861081024627590e-03 7.458363025135722468e-02
-8.260869565217392185e-02 -3.439532736377375229e-03 1.022924359324494520e-01
-8.260869565217392185e-02 -3.471254104783967100e-03 1.408862101099443986e-01
-8.260869565217392185e-02 -3.500965969402306671e-03 1.898182835450236139e-01
-8.260869565217392185e-02 -3.528609478426271515e-03 2.486269888958878016e-01
-8.260869565217392185e-02 -3.554126157654229849e-03 3.171151361619837239e-01
-8.260869565217392185e-02 -3.577457923786038583e-03 3.951977661447585999e-01
-8.260869565217392185e-02 -3.669066455330910904e-03 4.810496640414779201e-01
-8.260869565217392185e-02 -3.689530792917602563e-03 5.705806800183601535e-01
-8.260869565217392185e-02 -3.707653457553702382e-03 6.685231954706652990e-01
-8.260869565217392185e-02 -3.723377772409030336e-03 7.753715970596444240e-01
-8.260869565217392185e-02 -3.736647517198447323e-03 8.918697648273470335e-01
-8.260869565217392185e-02 -3.747406946311673988e-03 1.019140431724907758e+00
-8.260869565217392185e-02 -3.836521715614337608e-03 1.144238447006528991e+00
-8.260869565217392185e-02 -3.843861035442667096e-03 1.275636392940957986e+00
-8.260869565217392185e-02 -3.848539034336419772e-03 1.419012362070775080e+00
-8.260869565217392185e-02 -3.936906741672860713e-03 1.570386130847003958e+00
-8.260869565217392185e-02 -3.937910966233225570e-03 1.715677617173668512e+00
-8.260869565217392185e-02 -3.936105733333924474e-03 1.875497893120744886e+00
-8.260869565217392185e-02 -4.023475008635377451e-03 2.041804383054246053e+00
-8.260869565217392185e-02 -4.017746166576400234e-03 2.203032324400151953e+00
-8.260869565217392185e-02 -4.009062864024832452e-03 2.382429072285674465e+00
-8.260869565217392185e-02 -4.095184205865165170e-03 2.553321662980578832e+00
-8.260869565217392185e-02 -4.082331625777974385e-03 2.735332478367054954e+00
-8.260869565217392185e-02 -4.168182728970596870e-03 2.921970213874716116e+00
-8.260869565217392185e-02 -4.151008912760175036e-03 3.106943109777401180e+00
-8.260869565217392185e-02 -4.236506337499360182e-03 3.305443377353058487e+00
-8.260869565217392185e-02 -4.214860797092085873e-03 3.494317324403198199e+00
-7.916666666666666297e-02 -2.808758092043249065e-03 3.527774426268322827e+00
-7.916666666666666297e-02 -2.835857018050575145e-03 3.195450862699118488e+00
-7.916666666666666297e-02 -2.858474610409478343e-03 2.881282982806647297e+00
-7.916666666666666297e-02 -2.876436046228948631e-03 2.586194454289110212e+00
-7.916666666666666297e-02 -2.921968099539316941e-03 2.312570227033481807e+00
-7.916666666666666297e-02 -2.931237997455432218e-03 2.052104458369145235e+00
-7.916666666666666297e-02 -2.970070841052889227e-03 1.812197644240308048e+00
-7.916666666666666297e-02 -3.005947158979472948e-03 1.590668252211345113e+00
-7.916666666666666297e-02 -3.001620196047332430e-03 1.384571284525217161e+00
-7.916666666666666297e-02 -3.029996756605553461e-03 1.194539692649947860e+00
-7.916666666666666297e-02 -3.094650545127974450e-03 1.021585926667505140e+00
-7.916666666666666297e-02 -3.117519253128973097e-03 8.617513410496049353e-01
-7.916666666666666297e-02 -3.136845755218647686e-03 7.174675364151139600e-01
-7.916666666666666297e-02 -3.152516137409112906e-03 5.897278498039946193e-01
-7.916666666666666297e-02 -3.209205879071495848e-03 4.788437318854844582e-01
-7.916666666666666297e-02 -3.218550226453906551e-03 3.762154261715290327e-01
-7.916666666666666297e-02 -3.223917857482958525e-03 2.944281976690050207e-01
-7.916666666666666297e-02 -3.274051629666636151e-03 2.179858052529933532e-01
-7.916666666666666297e-02 -3.322779557659928315e-03 1.609938888268027390e-01
-7.916666666666666297e-02 -3.318326817716044531e-03 1.129092150414445356e-01
-7.916666666666666297e-02 -3.362603935218777453e-03 7.642994750863497944e-02
-7.916666666666666297e-02 -3.405276884000409815e-03 5.478239741072240404e-02
-7.916666666666666297e-02 -3.446286122332806439e-03 4.647221445681248841e-02
-7.916666666666666297e-02 -3.427991305633667270e-03 4.368362440451433598e-02
-7.916666666666666297e-02 -3.463971278944648347e-03 5.195595158529704716e-02
-7.916666666666666297e-02 -3.498093851999329457e-03 7.143277299834388527e-02
-7.916666666666666297e-02 -3.530300856459226561e-03 1.013650575524266129e-01
-7.916666666666666297e-02 -3.560534447440235218e-03 1.411278295264954963e-01
-7.916666666666666297e-02 -3.588737114253373953e-03 1.903126713224426170e-01
-7.916666666666666297e-02 -3.614851691746413711e-03 2.486354401512309020e-01
-7.916666666666666297e-02 -3.638821372292410424e-03 3.160453189567703491e-01
-7.916666666666666297e-02 -3.660589718475647583e-03 3.925486852290168693e-01
-7.916666666666666297e-02 -3.680100676530489133e-03 4.785366868816758323e-01
-7.916666666666666297e-02 -3.770851909692960694e-03 5.698248853657349455e-01
-7.916666666666666297e-02 -3.787363465477186497e-03 6.643284060229145416e-01
-7.916666666666666297e-02 -3.801466254722122608e-03 7.678325681765256761e-01
-7.916666666666666297e-02 -3.813105604176305133e-03 8.811758856285210051e-01
-7.916666666666666297e-02 -3.822227290729067212e-03 1.005395499221289013e+00
-7.916666666666666297e-02 -3.911010098526458180e-03 1.127752230484506901e+00
-7.916666666666666297e-02 -3.916691516785264678e-03 1.255653085789321999e+00
-7.916666666666666297e-02 -3.919708391320956588e-03 1.395998213652957842e+00
-7.916666666666666297e-02 -4.007690127125430359e-03 1.541553950634672265e+00
-7.916666666666666297e-02 -4.007020081690322068e-03 1.683982917771798871e+00
-7.916666666666666297e-02 -4.003541326713737011e-03 1.841527315252012409e+00
-7.916666666666666297e-02 -4.090477800158369599e-03 1.999420527524518265e+00
-7.916666666666666297e-02 -4.083069091595068270e-03 2.158894850466928972e+00
-7.916666666666666297e-02 -4.169848157029297855e-03 2.337046111292162998e+00
-7.916666666666666297e-02 -4.158359246074123244e-03 2.498001167595920613e+00
-7.916666666666666297e-02 -4.143831580081689878e-03 2.679963040542230779e+00
-7.916666666666666297e-02 -4.229181174865940564e-03 2.854919602515355148e+00
-7.916666666666666297e-02 -4.210336554496181029e-03 3.040917091728199573e+00
-7.916666666666666297e-02 -4.295305887471670934e-03 3.226773734731955390e+00
-7.916666666666666297e-02 -4.271997796276392513e-03 3.417957350161604513e+00
-7.599999999999999811e-02 -2.865511734983854000e-03 3.299127419311379317e+00
-7.599999999999999811e-02 -2.886460850418731943e-03 2.985805125995985243e+00
-7.599999999999999811e-02 -2.934243040505381175e-03 2.691641201277319428e+00
-7.599999999999999811e-02 -2.946858949521002739e-03 2.412205968009874635e+00
-7.599999999999999811e-02 -2.988248785092956130e-03 2.153255944471979433e+00
-7.599999999999999811e-02 -2.991925828258984281e-03 1.910329108230473860e+00
-7.599999999999999811e-02 -3.026385964997326764e-03 1.682975254442855340e+00
-7.599999999999999811e-02 -3.057782581421070352e-03 1.472720573180907877e+00
-7.599999999999999811e-02 -3.086000816172137021e-03 1.278877147590631536e+00
-7.599999999999999811e-02 -3.110926740655888586e-03 1.100893904687547442e+00
-7.599999999999999811e-02 -3.132447404187297356e-03 9.391647646000267358e-01
-7.599999999999999811e-02 -3.192693559811504364e-03 7.922797947598142487e-01
-7.599999999999999811e-02 -3.208346400496668322e-03 6.563012266025314290e-01
-7.599999999999999811e-02 -3.220275770533962897e-03 5.377196057348181402e-01
-7.599999999999999811e-02 -3.274536550963758324e-03 4.327497460460352774e-01
-7.599999999999999811e-02 -3.280014980607812766e-03 3.395773178787055979e-01
-7.599999999999999811e-02 -3.330331367488165942e-03 2.610576520487611352e-01
-7.599999999999999811e-02 -3.328987693361004294e-03 1.955317276957264372e-01
-7.599999999999999811e-02 -3.375053806697780445e-03 1.391229277306209600e-01
-7.599999999999999811e-02 -3.419599807727487489e-03 9.857686728986644886e-02
-7.599999999999999811e-02 -3.408037084094762883e-03 7.040302723845529020e-02
-7.599999999999999811e-02 -3.447897604029167944e-03 4.792564626352653623e-02
-7.599999999999999811e-02 -3.486046943734002861e-03 3.812000611688828172e-02
-7.599999999999999811e-02 -3.522427726013882977e-03 3.991887954016924700e-02
-7.599999999999999811e-02 -3.556982852702689473e-03 5.239121788605467789e-02
-7.599999999999999811e-02 -3.589655513425340193e-03 7.477156834592145473e-02
-7.599999999999999811e-02 -3.620389194824507988e-03 1.064637158202876577e-01
-7.599999999999999811e-02 -3.649127690286106760e-03 1.470100709474641831e-01
-7.599999999999999811e-02 -3.675815110200473124e-03 1.961482871827683605e-01
-7.599999999999999811e-02 -3.700395892799630652e-03 2.537054034830188987e-01
-7.599999999999999811e-02 -3.722814815614867382e-03 3.198114726865252111e-01
-7.599999999999999811e-02 -3.743017007603146803e-03 3.946172755828584178e-01
-7.599999999999999811e-02 -3.760947961995705913e-03 4.784698870773468338e-01
-7.599999999999999811e-02 -3.776553549927508246e-03 5.720311275256243499e-01
-7.599999999999999811e-02 -3.866361436602902719e-03 6.663112667797337352e-01
-7.599999999999999811e-02 -3.878843506887500597e-03 7.663140367157946775e-01
-7.599999999999999811e-02 -3.888853934808761490e-03 8.762521237850764422e-01
-7.599999999999999811e-02 -3.896339951550000218e-03 9.972599415315228644e-01
-7.599999999999999811e-02 -3.984789800895245822e-03 1.118941654637684247e+00
-7.599999999999999811e-02 -3.988816635526403268e-03 1.243262877443111813e+00
-7.599999999999999811e-02 -3.990176116423309154e-03 1.380466516383302977e+00
-7.599999999999999811e-02 -4.077773421090120920e-03 1.522278330059419815e+00
-7.599999999999999811e-02 -4.075433754307435791e-03 1.661473936757946523e+00
-7.599999999999999811e-02 -4.070286366576717982e-03 1.816449248180210363e+00
-7.599999999999999811e-02 -4.156793755753233205e-03 1.968190593771850239e+00
-7.599999999999999811e-02 -4.147710680281090773e-03 2.125485029999130138e+00
-7.599999999999999811e-02 -4.234029089433535495e-03 2.295862836573043797e+00
-7.599999999999999811e-02 -4.220864079255854003e-03 2.455203124951124583e+00
-7.599999999999999811e-02 -4.204667234261268843e-03 2.636540619059875024e+00
-7.599999999999999811e-02 -4.289522153970134859e-03 2.802337939590102245e+00
-7.599999999999999811e-02 -4.269012783698555684e-03 2.988689758385830064e+00
-7.599999999999999811e-02 -4.353462029857574529e-03 3.164097325874781763e+00
-7.599999999999999811e-02 -4.328497420760025506e-03 3.356626596856368216e+00
-7.599999999999999811e-02 -4.412462437214222967e-03 3.538432402362154061e+00
-7.307692307692308098e-02 -2.895276275285316690e-03 3.393582039322405652e+00
-7.307692307692308098e-02 -2.945169135283775587e-03 3.080295934495559163e+00
-7.307692307692308098e-02 -2.960937839762544949e-03 2.783018321967750008e+00
-7.307692307692308098e-02 -3.004730932134759731e-03 2.506737062038217889e+00
-7.307692307692308098e-02 -3.011913236172015715e-03 2.243013345957542093e+00
-7.307692307692308098e-02 -3.049078997971678591e-03 1.998063772299353724e+00
-7.307692307692308098e-02 -3.083321384670114317e-03 1.770120116747489591e+00
-7.307692307692308098e-02 -3.114527574127836165e-03 1.558085226006385549e+00
-7.307692307692308098e-02 -3.142585571510931718e-03 1.360905368146088312e+00
-7.307692307692308098e-02 -3.167384247836242065e-03 1.178492316229683201e+00
-7.307692307692308098e-02 -3.188813381536742715e-03 1.010779889605587956e+00
-7.307692307692308098e-02 -3.206763703372516108e-03 8.588222433762060515e-01
-7.307692307692308098e-02 -3.221126945057307088e-03 7.239171220875684210e-01
-7.307692307692308098e-02 -3.276689035136203139e-03 5.961233961468574982e-01
-7.307692307692308098e-02 -3.284848712476797980e-03 4.867858925869229525e-01
-7.307692307692308098e-02 -3.336651790304592542e-03 3.878072219357368011e-01
-7.307692307692308098e-02 -3.338243170398615643e-03 3.049706996125312042e-01
-7.307692307692308098e-02 -3.385987338553193750e-03 2.297386397985980711e-01
-7.307692307692308098e-02 -3.432291526656438586e-03 1.713932381240590164e-01
-7.307692307692308098e-02 -3.424040240990836818e-03 1.230476781317710738e-01
-7.307692307692308098e-02 -3.465858426976911339e-03 8.324439462823834956e-02
-7.307692307692308098e-02 -3.506049258380901541e-03 5.668868770660985545e-02
-7.307692307692308098e-02 -3.544556466543984791e-03 4.220344457909799146e-02
-7.307692307692308098e-02 -3.581324032284447564e-03 3.869304078450035156e-02
-7.307692307692308098e-02 -3.616296193473704686e-03 4.527106481478831990e-02
-7.307692307692308098e-02 -3.587573582224360454e-03 5.981742527874514548e-02
-7.307692307692308098e-02 -3.617258932188360289e-03 8.324838269374530697e-02
-7.307692307692308098e-02 -3.644967639016329693e-03 1.165087646504429642e-01
-7.307692307692308098e-02 -3.670645250294516607e-03 1.593300048105933397e-01
-7.307692307692308098e-02 -3.762293290057978825e-03 2.081445306819602326e-01
-7.307692307692308098e-02 -3.785337472902235330e-03 2.646031291968519161e-01
-7.307692307692308098e-02 -3.806203839326227200e-03 3.290033067873637806e-01
-7.307692307692308098e-02 -3.824839009480614227e-03 4.017477338491705074e-01
-7.307692307692308098e-02 -3.841189950135515032e-03 4.832945177613369170e-01
-7.307692307692308098e-02 -3.855203987737389464e-03 5.742688977546923645e-01
-7.307692307692308098e-02 -3.944752779221669114e-03 6.742276665714346251e-01
-7.307692307692308098e-02 -3.955616488101593338e-03 7.705075269111614222e-01
-7.307692307692308098e-02 -3.964000943899665536e-03 8.767917342352653520e-01
-7.307692307692308098e-02 -3.969854766850949152e-03 9.944189740417895829e-01
-7.307692307692308098e-02 -4.057973165473845872e-03 1.117226902066279504e+00
-7.307692307692308098e-02 -4.060350022919475242e-03 1.237600970527122701e+00
-7.307692307692308098e-02 -4.060057065370090146e-03 1.371273467820873782e+00
-7.307692307692308098e-02 -4.147273847515273171e-03 1.511233449204761881e+00
-7.307692307692308098e-02 -4.143270333961288424e-03 1.646837346597815888e+00
-7.307692307692308098e-02 -4.136460271312382073e-03 1.798851218464301072e+00
-7.307692307692308098e-02 -4.222544547112875787e-03 1.946407049968638558e+00
-7.307692307692308098e-02 -4.211793588142710883e-03 2.101009210452652543e+00
-7.307692307692308098e-02 -4.297658731505766758e-03 2.265639326293682476e+00
-7.307692307692308098e-02 -4.282824450618115050e-03 2.422991039245738332e+00
-7.307692307692308098e-02 -4.368393254881499516e-03 2.601159520640028866e+00
-7.307692307692308098e-02 -4.349334368371815529e-03 2.761635700510318259e+00
-7.307692307692308098e-02 -4.327167093766797965e-03 2.947534339705549566e+00
-7.307692307692308098e-02 -4.411106304284888660e-03 3.114495623879293351e+00
-7.307692307692308098e-02 -4.384491940950438135e-03 3.307475909728458063e+00
-7.307692307692308098e-02 -4.467924741063579279e-03 3.480182522758959784e+00
-7.037037037037037479e-02 -2.954920298793745591e-03 3.475934204834651542e+00
-7.037037037037037479e-02 -2.973663410500453162e-03 3.161978921217607486e+00
-7.037037037037037479e-02 -2.987817712555130602e-03 2.867389042475491312e+00
-7.037037037037037479e-02 -3.030212291104600938e-03 2.587394508100946400e+00
-7.037037037037037479e-02 -3.069928872817529169e-03 2.326953137061171351e+00
-7.037037037037037479e-02 -3.071598889550574731e-03 2.079759346836576928e+00
-7.037037037037037479e-02 -3.104467499308970549e-03 1.848743905086621453e+00
-7.037037037037037479e-02 -3.134310253891285994e-03 1.633765451997533313e+00
-7.037037037037037479e-02 -3.161018167377592503e-03 1.434438312877826194e+00
-7.037037037037037479e-02 -3.184483073665088891e-03 1.250333573440349788e+00
-7.037037037037037479e-02 -3.204597666030920087e-03 1.082156066836766239e+00
-7.037037037037037479e-02 -3.263691327368893266e-03 9.243636494561461303e-01
-7.037037037037037479e-02 -3.278034822342458868e-03 7.812997973659674411e-01
-7.037037037037037479e-02 -3.288725491035174482e-03 6.558200725892133764e-01
-7.037037037037037479e-02 -3.341922438623059956e-03 5.374589072877979934e-01
-7.037037037037037479e-02 -3.346287669878140678e-03 4.376182437381760382e-01
-7.037037037037037479e-02 -3.395608324041855895e-03 3.446680091920907296e-01
-7.037037037037037479e-02 -3.443565399378508123e-03 2.696194900092760971e-01
-7.037037037037037479e-02 -3.438448550691349925e-03 2.019699805004590565e-01
-7.037037037037037479e-02 -3.482110357329302065e-03 1.460889353835515270e-01
-7.037037037037037479e-02 -3.524224886136153017e-03 1.040705980111380630e-01
-7.037037037037037479e-02 -3.564736972132506211e-03 7.464273599958119731e-02
-7.037037037037037479e-02 -3.546296430528232853e-03 5.073278769980555519e-02
-7.037037037037037479e-02 -3.581975680832444071e-03 3.726482364198380887e-02
-7.037037037037037479e-02 -3.615872505831028982e-03 3.451280639944296486e-02
-7.037037037037037479e-02 -3.647932839618242985e-03 4.179239584653591383e-02
-7.037037037037037479e-02 -3.678102874545815040e-03 5.856948991232318463e-02
-7.037037037037037479e-02 -3.706329069600347147e-03 8.443512511157805212e-02
-7.037037037037037479e-02 -3.732558159236142904e-03 1.191816760319990426e-01
-7.037037037037037479e-02 -3.756737162697272332e-03 1.626914671036980564e-01
-7.037037037037037479e-02 -3.778813393865927944e-03 2.149938908762177581e-01
-7.037037037037037479e-02 -3.798734471677587404e-03 2.763717546687898263e-01
-7.037037037037037479e-02 -3.889069829148920736e-03 3.442864003455096689e-01
-7.037037037037037479e-02 -3.906138533706627041e-03 4.145368824135675645e-01
-7.037037037037037479e-02 -3.920910795973944415e-03 4.933108804127097069e-01
-7.037037037037037479e-02 -3.933335329875660251e-03 5.813336298754672171e-01
-7.037037037037037479e-02 -3.943361205660866203e-03 6.795480248790020106e-01
-7.037037037037037479e-02 -4.031873852302201092e-03 7.804610693761986351e-01
-7.037037037037037479e-02 -4.038636366423670014e-03 8.828681839686258748e-01
-7.037037037037037479e-02 -4.042862491657309848e-03 9.966810681787563464e-01
-7.037037037037037479e-02 -4.130652820010125188e-03 1.121946808089204328e+00
-7.037037037037037479e-02 -4.131385226193131505e-03 1.238088881263303964e+00
-7.037037037037037479e-02 -4.129445652498156885e-03 1.367851752036046920e+00
-7.037037037037037479e-02 -4.216287559853829081e-03 1.507503676113970625e+00
-7.037037037037037479e-02 -4.210626756993762244e-03 1.639168102138238936e+00
-7.037037037037037479e-02 -4.202160714943986748e-03 1.787737847788369416e+00
-7.037037037037037479e-02 -4.287829474505012485e-03 1.932773595438561864e+00
-7.037037037037037479e-02 -4.275417783229838731e-03 2.084363590970953251e+00
-7.037037037037037479e-02 -4.360838605786454547e-03 2.244973568512199869e+00
-7.037037037037037479e-02 -4.344342489301322718e-03 2.399654129459290353e+00
-7.037037037037037479e-02 -4.429440223199875883e-03 2.572368952502740225e+00
-7.037037037037037479e-02 -4.408721990161672266e-03 2.730802647751348289e+00
-7.037037037037037479e-02 -4.493421726051833286e-03 2.912387327146899629e+00
-7.037037037037037479e-02 -4.468344821491617748e-03 3.076017405339246835e+00
-7.037037037037037479e-02 -4.552571900044773134e-03 3.263793134272674923e+00
-7.037037037037037479e-02 -4.523000961175452708e-03 3.434054532076491473e+00
-6.785714285714285199e-02 -3.002332750932452422e-03 3.235359929110365407e+00
-6.785714285714285199e-02 -3.047009398510967977e-03 2.941155329718383005e+00
-6.785714285714285199e-02 -3.055920392269404189e-03 2.661879697900761954e+00
-6.785714285714285199e-02 -3.094267776955757915e-03 2.398738833656767433e+00
-6.785714285714285199e-02 -3.129829200443450237e-03 2.152829512979383964e+00
-6.785714285714285199e-02 -3.162496861572719302e-03 1.922386975530873343e+00
-6.785714285714285199e-02 -3.192163657813829915e-03 1.706640898044362586e+00
-6.785714285714285199e-02 -3.218723216799989576e-03 1.504662782239641450e+00
-6.785714285714285199e-02 -3.242069930249676536e-03 1.316712672045502242e+00
-6.785714285714285199e-02 -3.262098990527049873e-03 1.143143725312163905e+00
-6.785714285714285199e-02 -3.278706430122014983e-03 9.848877917177846220e-01
-6.785714285714285199e-02 -3.335590734647691895e-03 8.416830960965037134e-01
-6.785714285714285199e-02 -3.346295145901446739e-03 7.067788315034471136e-01
-6.785714285714285199e-02 -3.353284806843583044e-03 5.903710198229293882e-01
-6.785714285714285199e-02 -3.404088797825155759e-03 4.807929222924572921e-01
-6.785714285714285199e-02 -3.453602074305959883e-03 3.901215335988016952e-01
-6.785714285714285199e-02 -3.451455023244778039e-03 3.040954298111859799e-01
-6.785714285714285199e-02 -3.496855396950381088e-03 2.333454839168655481e-01
-6.785714285714285199e-02 -3.540784992934978975e-03 1.771049998236985668e-01
-6.785714285714285199e-02 -3.528776412501005537e-03 1.259173384004943774e-01
-6.785714285714285199e-02 -3.568188560923734459e-03 8.628201085127996939e-02
-6.785714285714285199e-02 -3.605952448292005022e-03 5.842261424574754503e-02
-6.785714285714285199e-02 -3.642014764296562079e-03 4.136392066576689841e-02
-6.785714285714285199e-02 -3.676322423180134261e-03 3.429914936789604796e-02
-6.785714285714285199e-02 -3.708822570634471606e-03 3.653536822053138344e-02
-6.785714285714285199e-02 -3.739462591053543169e-03 4.754301705199555361e-02
-6.785714285714285199e-02 -3.768190115168095367e-03 6.691194481204208733e-02
-6.785714285714285199e-02 -3.794953028088937641e-03 9.438697088677751312e-02
-6.785714285714285199e-02 -3.819699477788873320e-03 1.298244316805570731e-01
-6.785714285714285199e-02 -3.842377884055900653e-03 1.732889517915297550e-01
-6.785714285714285199e-02 -3.862936947953460494e-03 2.249350049799484219e-01
-6.785714285714285199e-02 -3.881325661826801835e-03 2.850585102959288797e-01
-6.785714285714285199e-02 -3.897493319898481107e-03 3.541546507564082291e-01
-6.785714285714285199e-02 -3.911389529500205325e-03 4.328236240539656832e-01
-6.785714285714285199e-02 -4.000181015591462372e-03 5.089874027603704665e-01
-6.785714285714285199e-02 -4.011019039162994244e-03 5.936909851051409559e-01
-6.785714285714285199e-02 -4.019449533016219295e-03 6.885115060140927223e-01
-6.785714285714285199e-02 -4.025423229171700042e-03 7.946110313359650013e-01
-6.785714285714285199e-02 -4.112834865797303750e-03 8.943373227151445448e-01
-6.785714285714285199e-02 -4.115438516401666129e-03 1.003987951712957294e+00
-6.785714285714285199e-02 -4.115452038366893342e-03 1.126772088622336687e+00
-6.785714285714285199e-02 -4.201999661151652188e-03 1.244386963846620731e+00
-6.785714285714285199e-02 -4.198419888893412111e-03 1.369874249197485128e+00
-6.785714285714285199e-02 -4.284893827161947132e-03 1.510459042345893454e+00
-6.785714285714285199e-02 -4.277582815243026991e-03 1.637794756588797362e+00
-6.785714285714285199e-02 -4.267467976363700441e-03 1.782619277019048987e+00
-6.785714285714285199e-02 -4.352729965544000282e-03 1.926549242493915903e+00
-6.785714285714285199e-02 -4.338665122069032196e-03 2.074499628703931009e+00
-6.785714285714285199e-02 -4.423651646713901847e-03 2.232440176996024039e+00
-6.785714285714285199e-02 -4.405501509273239934e-03 2.383876758729445378e+00
-6.785714285714285199e-02 -4.490139373745493517e-03 2.552563766378515897e+00
-6.785714285714285199e-02 -4.467769685182696945e-03 2.708592231876007617e+00
-6.785714285714285199e-02 -4.551985922573630917e-03 2.885302902111202883e+00
-6.785714285714285199e-02 -4.525263507435877026e-03 3.047018644545742561e+00
-6.785714285714285199e-02 -4.608985386882858554e-03 3.228591867012247096e+00
-6.785714285714285199e-02 -4.577778204818809711e-03 3.398035701725803825e+00
-6.551724137931033698e-02 -3.031185478533154551e-03 3.300240727413522812e+00
-6.551724137931033698e-02 -3.074511894636068610e-03 3.005232479540450807e+00
-6.551724137931033698e-02 -3.081861624322041956e-03 2.729292866922230942e+00
-6.551724137931033698e-02 -3.118867373974733119e-03 2.465081023417475592e+00
-6.551724137931033698e-02 -3.153090402006580254e-03 2.217582406369961401e+00
-6.551724137931033698e-02 -3.184425717307019614e-03 1.985789932829340909e+00
-6.551724137931033698e-02 -3.212768992482880562e-03 1.768479770947998686e+00
-6.551724137931033698e-02 -3.238016593962852671e-03 1.565636104937254247e+00
-6.551724137931033698e-02 -3.260065614388515248e-03 1.377284846549566621e+00
-6.551724137931033698e-02 -3.278813907530259922e-03 1.204005712393547922e+00
-6.551724137931033698e-02 -3.336833104357142706e-03 1.042657896165910536e+00
-6.551724137931033698e-02 -3.349897446117299470e-03 8.929912477881167820e-01
-6.551724137931033698e-02 -3.359372930556357023e-03 7.605485030849234995e-01
-6.551724137931033698e-02 -3.411574681607552201e-03 6.354083743048741795e-01
-6.551724137931033698e-02 -3.414838240182983212e-03 5.280015056742849433e-01
-6.551724137931033698e-02 -3.463224785521995964e-03 4.267285189935203227e-01
-6.551724137931033698e-02 -3.510266825995448856e-03 3.422738259910595993e-01
-6.551724137931033698e-02 -3.504234215056255090e-03 2.666385574139448211e-01
-6.551724137931033698e-02 -3.547062193324566556e-03 2.006022699021628164e-01
-6.551724137931033698e-02 -3.588370843557473020e-03 1.477655006799640236e-01
-6.551724137931033698e-02 -3.628107659419325341e-03 1.070022606917928887e-01
-6.551724137931033698e-02 -3.609040899209635996e-03 7.548211954192356188e-02
-6.551724137931033698e-02 -3.644051221549753951e-03 5.057762815214847385e-02
-6.551724137931033698e-02 -3.677318150485764207e-03 3.611267825099929996e-02
-6.551724137931033698e-02 -3.708790143925090165e-03 3.149346706449795974e-02
-6.551724137931033698e-02 -3.738415886094113589e-03 3.622624283293635061e-02
-6.551724137931033698e-02 -3.766144294807073200e-03 4.998239684728909837e-02
-6.551724137931033698e-02 -3.791924529124943415e-03 7.253468249954055092e-02
-6.551724137931033698e-02 -3.815705997432802983e-03 1.038498606076554281e-01
-6.551724137931033698e-02 -3.837438365966935883e-03 1.439885684175951086e-01
-6.551724137931033698e-02 -3.927621854511173689e-03 1.919852013086655318e-01
-6.551724137931033698e-02 -3.946663739515185627e-03 2.422378831238830577e-01
-6.551724137931033698e-02 -3.963520900563450959e-03 3.004723361211657506e-01
-6.551724137931033698e-02 -3.978143927759966031e-03 3.672643635919058402e-01
-6.551724137931033698e-02 -3.990483710844817435e-03 4.433891404665555869e-01
-6.551724137931033698e-02 -4.000491450669593774e-03 5.296718825843955702e-01
-6.551724137931033698e-02 -4.088315210372560869e-03 6.117384507726248977e-01
-6.551724137931033698e-02 -4.095154541389514104e-03 7.026267933784179354e-01
-6.551724137931033698e-02 -4.099529966231725900e-03 8.048154832405287618e-01
-6.551724137931033698e-02 -4.186658881077062223e-03 9.113415599230645370e-01
-6.551724137931033698e-02 -4.187645782702392738e-03 1.016397456488911777e+00
-6.551724137931033698e-02 -4.186038778714561148e-03 1.134783992022967425e+00
-6.551724137931033698e-02 -4.272257705958559630e-03 1.256314487454717854e+00
-6.551724137931033698e-02 -4.267044541093205183e-03 1.377118124016044387e+00
-6.551724137931033698e-02 -4.259109499152547926e-03 1.514375491588528355e+00
-6.551724137931033698e-02 -4.344204489916576872e-03 1.642459852827290234e+00
-6.551724137931033698e-02 -4.332448334008431184e-03 1.782937735539687818e+00
-6.551724137931033698e-02 -4.417313083130909243e-03 1.926843127346266282e+00
-6.551724137931033698e-02 -4.401602916072474940e-03 2.070626119158707645e+00
-6.551724137931033698e-02 -4.486165881330129827e-03 2.227064387797974554e+00
-6.551724137931033698e-02 -4.466369745987935035e-03 2.374948350458662816e+00
-6.551724137931033698e-02 -4.550559594907693448e-03 2.541156568717727104e+00
-6.551724137931033698e-02 -4.526546518219843121e-03 2.693928321724021746e+00
-6.551724137931033698e-02 -4.610292134643469326e-03 2.866725493898548471e+00
-6.551724137931033698e-02 -4.581932175038002687e-03 3.026070959753707434e+00
-6.551724137931033698e-02 -4.665162666071086782e-03 3.203169286310971753e+00
-6.551724137931033698e-02 -4.632326964637504402e-03 3.370886307384477920e+00
-6.333333333333333870e-02 -3.091740856229429745e-03 3.356368344144977645e+00
-6.333333333333333870e-02 -3.102229135863704586e-03 3.061816798482686064e+00
-6.333333333333333870e-02 -3.141674391134741465e-03 2.785800215784052014e+00
-6.333333333333333870e-02 -3.143728859424701691e-03 2.525119006488480089e+00
-6.333333333333333870e-02 -3.176639652744228659e-03 2.277350600118434709e+00
-6.333333333333333870e-02 -3.206668415405174860e-03 2.044790328185457806e+00
-6.333333333333333870e-02 -3.233713463369251428e-03 1.827171520655617165e+00
-6.333333333333333870e-02 -3.257673773073148024e-03 1.624220570757446414e+00
-6.333333333333333870e-02 -3.278449012407052936e-03 1.436195405967720884e+00
-6.333333333333333870e-02 -3.337536116596285900e-03 1.257719998000182970e+00
-6.333333333333333870e-02 -3.352836934899260102e-03 1.093704346257791782e+00
-6.333333333333333870e-02 -3.364669553398644871e-03 9.458265189113815863e-01
-6.333333333333333870e-02 -3.418190307554409228e-03 8.061589238135020707e-01
-6.333333333333333870e-02 -3.424029829881048304e-03 6.821284401562947020e-01
-6.333333333333333870e-02 -3.473899739748256919e-03 5.674979329022717955e-01
-6.333333333333333870e-02 -3.473414976404552885e-03 4.691124443167389302e-01
-6.333333333333333870e-02 -3.519362436573626914e-03 3.755989870767862948e-01
-6.333333333333333870e-02 -3.563914392425397357e-03 2.972642540124105226e-01
-6.333333333333333870e-02 -3.607019173341927988e-03 2.325578134288326937e-01
-6.333333333333333870e-02 -3.594224846912186678e-03 1.720674223610426656e-01
-6.333333333333333870e-02 -3.632901600156287093e-03 1.233031633060347604e-01
-6.333333333333333870e-02 -3.669961985625479466e-03 8.578121082839039457e-02
-6.333333333333333870e-02 -3.705355177248188803e-03 5.860644090757075042e-02
-6.333333333333333870e-02 -3.739030546572657317e-03 4.109039136769226247e-02
-6.333333333333333870e-02 -3.770937668780545513e-03 3.256300267319246766e-02
-6.333333333333333870e-02 -3.801026329007221524e-03 3.258736326916081283e-02
-6.333333333333333870e-02 -3.829246528990087970e-03 4.079428117955158362e-02
-6.333333333333333870e-02 -3.855548494068201156e-03 5.696428523688013001e-02
-6.333333333333333870e-02 -3.879882680558528665e-03 8.100757640335526366e-02
-6.333333333333333870e-02 -3.902199783536428306e-03 1.129546023619082129e-01
-6.333333333333333870e-02 -3.922450745050571654e-03 1.529911366619977620e-01
-6.333333333333333870e-02 -3.940586762805339989e-03 2.014135822531693543e-01
-6.333333333333333870e-02 -3.956559299346864254e-03 2.586864124442204149e-01
-6.333333333333333870e-02 -4.045368190268608735e-03 3.233080137339973126e-01
-6.333333333333333870e-02 -4.058448819178302538e-03 3.872308277953391276e-01
-6.333333333333333870e-02 -4.069235048475236018e-03 4.601440203232577408e-01
-6.333333333333333870e-02 -4.077679290120947951e-03 5.430255616122067197e-01
-6.333333333333333870e-02 -4.165274626979097172e-03 6.358502831483341389e-01
-6.333333333333333870e-02 -4.170527468766911834e-03 7.222842086831386954e-01
-6.333333333333333870e-02 -4.173309723752891866e-03 8.200602835094971121e-01
-6.333333333333333870e-02 -4.173574874965999167e-03 9.306069709476747498e-01
-6.333333333333333870e-02 -4.259537085904372029e-03 1.034036245923801722e+00
-6.333333333333333870e-02 -4.256315891960909745e-03 1.147579447871235558e+00
-6.333333333333333870e-02 -4.342213139744270124e-03 1.273959606498615615e+00
-6.333333333333333870e-02 -4.335373619199398357e-03 1.389668870072024998e+00
-6.333333333333333870e-02 -4.325811821330028881e-03 1.522093311008262395e+00
-6.333333333333333870e-02 -4.410546573291529264e-03 1.652667429109196284e+00
-6.333333333333333870e-02 -4.397156733859761309e-03 1.788290667139580403e+00
-6.333333333333333870e-02 -4.481634279701091246e-03 1.933100088921654747e+00
-6.333333333333333870e-02 -4.464286730276759672e-03 2.072433050749442618e+00
-6.333333333333333870e-02 -4.548437314919713363e-03 2.228678057030929249e+00
-6.333333333333333870e-02 -4.527003284589085734e-03 2.372226812040665322e+00
-6.333333333333333870e-02 -4.610757351645218202e-03 2.536712082712627048e+00
-6.333333333333333870e-02 -4.585109009245876173e-03 2.685836525933915198e+00
-6.333333333333333870e-02 -4.668397207259541472e-03 2.856226515603666360e+00
-6.333333333333333870e-02 -4.638407706880961524e-03 3.012395312537342829e+00
-6.333333333333333870e-02 -4.721160895938603975e-03 3.185774387670178065e+00
-6.333333333333333870e-02 -4.686704426032270096e-03 3.351415271413291208e+00
-6.333333333333333870e-02 -4.768853684769133738e-03 3.525676367939120315e+00
-6.129032258064515126e-02 -3.121210204858065971e-03 3.402909259392707053e+00
-6.129032258064515126e-02 -3.130161361629728994e-03 3.111274843172604943e+00
-6.129032258064515126e-02 -3.168306312596384181e-03 2.835617919262320541e+00
-6.129032258064515126e-02 -3.203789553235760878e-03 2.576222133044784091e+00
-6.129032258064515126e-02 -3.236510557168261349e-03 2.331202866318895950e+00
-6.129032258064515126e-02 -3.229220873837400103e-03 2.099042318347272396e+00
-6.129032258064515126e-02 -3.254991896715363903e-03 1.881765298860771374e+00
-6.129032258064515126e-02 -3.317103545648486963e-03 1.676655336099502902e+00
-6.129032258064515126e-02 -3.337782069859838475e-03 1.484734980741732269e+00
-6.129032258064515126e-02 -3.355204762053614741e-03 1.306849804284671901e+00
-6.129032258064515126e-02 -3.369274913146435430e-03 1.144182821446250831e+00
-6.129032258064515126e-02 -3.424042064678543308e-03 9.909864713724253482e-01
-6.129032258064515126e-02 -3.432328826258560384e-03 8.512412478513283753e-01
-6.129032258064515126e-02 -3.483602344820486973e-03 7.243110227913932553e-01
-6.129032258064515126e-02 -3.485780153058912288e-03 6.082406805281690421e-01
-6.129032258064515126e-02 -3.533293491955904250e-03 5.030589122525835899e-01
-6.129032258064515126e-02 -3.579479380690839090e-03 4.136358832826305676e-01
-6.129032258064515126e-02 -3.572529864272516471e-03 3.279660387471751704e-01
-6.129032258064515126e-02 -3.614575144552187574e-03 2.556209833743356419e-01
-6.129032258064515126e-02 -3.655126274368857356e-03 1.956979645162909842e-01
-6.129032258064515126e-02 -3.694133181516345843e-03 1.471429850724924326e-01
-6.129032258064515126e-02 -3.674413063783002822e-03 1.044558586183161886e-01
-6.129032258064515126e-02 -3.708790045926402875e-03 7.108571622587385452e-02
-6.129032258064515126e-02 -3.741458992011239670e-03 4.763928729646874083e-02
-6.129032258064515126e-02 -3.772370681713877773e-03 3.362145108539148913e-02
-6.129032258064515126e-02 -3.801476094429514369e-03 2.859599178548373477e-02
-6.129032258064515126e-02 -3.828726415620888578e-03 3.226266585454495156e-02
-6.129032258064515126e-02 -3.854073043503095618e-03 4.445641543034883902e-02
-6.129032258064515126e-02 -3.877467596088742495e-03 6.512639156809627017e-02
-6.129032258064515126e-02 -3.898861918619911902e-03 9.436511865708281654e-02
-6.129032258064515126e-02 -3.918208091415869079e-03 1.323770051236617395e-01
-6.129032258064515126e-02 -4.007154363994365649e-03 1.714614469690549647e-01
-6.129032258064515126e-02 -4.023793699368440231e-03 2.183751234665723961e-01
-6.129032258064515126e-02 -4.038255772527053755e-03 2.736601914629543386e-01
-6.129032258064515126e-02 -4.050493505395953882e-03 3.379889337727925991e-01
-6.129032258064515126e-02 -4.060460093422453044e-03 4.122143836283683194e-01
-6.129032258064515126e-02 -4.147685533280882908e-03 4.835918547425156477e-01
-6.129032258064515126e-02 -4.154570129244402298e-03 5.624603596432283803e-01
-6.129032258064515126e-02 -4.159057195117138450e-03 6.523152797350997290e-01
-6.129032258064515126e-02 -4.245611737690056439e-03 7.478667648030585813e-01
-6.129032258064515126e-02 -4.246806194946036415e-03 8.406682298441422452e-01
-6.129032258064515126e-02 -4.245478371098133571e-03 9.463750233839851589e-01
-6.129032258064515126e-02 -4.331156905506233432e-03 1.057218433628643650e+00
-6.129032258064515126e-02 -4.326328026165590472e-03 1.165475455736677102e+00
-6.129032258064515126e-02 -4.318853890922787035e-03 1.289401199947797449e+00
-6.129032258064515126e-02 -4.403452349737110340e-03 1.407314215796608536e+00
-6.129032258064515126e-02 -4.392271060927138877e-03 1.534397701283706006e+00
-6.129032258064515126e-02 -4.476654743919335037e-03 1.668170156918838742e+00
-6.129032258064515126e-02 -4.461638900040061986e-03 1.798659762091732617e+00
-6.129032258064515126e-02 -4.545739573806785103e-03 1.945458032111283320e+00
-6.129032258064515126e-02 -4.526762593903194999e-03 2.079604122273503553e+00
-6.129032258064515126e-02 -4.610512207942049634e-03 2.236223563177616391e+00
-6.129032258064515126e-02 -4.587448369332196817e-03 2.375085957653713109e+00
-6.129032258064515126e-02 -4.670779061665126033e-03 2.539146200084476668e+00
-6.129032258064515126e-02 -4.643503540517202391e-03 2.683892953222784872e+00
-6.129032258064515126e-02 -4.726347643636512677e-03 2.852463086422518668e+00
-6.129032258064515126e-02 -4.694736558690309862e-03 3.005172641029250968e+00
-6.129032258064515126e-02 -4.777026605854169973e-03 3.176101158053556528e+00
-6.129032258064515126e-02 -4.740957065618490313e-03 3.338495219422273674e+00
-6.129032258064515126e-02 -4.822625797525658883e-03 3.509738427618195988e+00
-5.937500000000000416e-02 -3.150872755154319593e-03 3.442618126650728527e+00
-5.937500000000000416e-02 -3.158306646669003116e-03 3.153513459699039956e+00
-5.937500000000000416e-02 -3.195175866379457077e-03 2.879279039793050998e+00
-5.937500000000000416e-02 -3.229383177823268430e-03 2.620274614168965233e+00
-5.937500000000000416e-02 -3.260830520019239627e-03 2.375708153231270714e+00
-5.937500000000000416e-02 -3.289420373521158812e-03 2.144658445956793447e+00
-5.937500000000000416e-02 -3.315055784325198884e-03 1.926691398443629799e+00
-5.937500000000000416e-02 -3.337640389538459873e-03 1.721861725889548111e+00
-5.937500000000000416e-02 -3.357078444986390069e-03 1.530633218077595226e+00
-5.937500000000000416e-02 -3.373274854959576984e-03 1.353852247671348374e+00
-5.937500000000000416e-02 -3.429221355331182972e-03 1.188087070684778590e+00
-5.937500000000000416e-02 -3.439835395650283831e-03 1.033535861732878924e+00
-5.937500000000000416e-02 -3.492438702893312184e-03 8.953157583748705406e-01
-5.937500000000000416e-02 -3.497150406305674086e-03 7.627965651957691051e-01
-5.937500000000000416e-02 -3.546148949379195753e-03 6.470601061695316902e-01
-5.937500000000000416e-02 -3.544641882424625842e-03 5.388314889275468422e-01
-5.937500000000000416e-02 -3.589776432791827367e-03 4.423873341945938620e-01
-5.937500000000000416e-02 -3.633534364977050648e-03 3.600018357651220136e-01
-5.937500000000000416e-02 -3.622751849601095649e-03 2.842429821418734348e-01
-5.937500000000000416e-02 -3.662275808040057166e-03 2.179467805189317930e-01
-5.937500000000000416e-02 -3.700260986577494533e-03 1.630443119677330299e-01
-5.937500000000000416e-02 -3.736658670346039868e-03 1.187223009131318646e-01
-5.937500000000000416e-02 -3.771420314524551089e-03 8.408600850198710841e-02
-5.937500000000000416e-02 -3.804497549365430317e-03 5.855485751019993274e-02
-5.937500000000000416e-02 -3.835842185470821324e-03 4.157531491023623571e-02
-5.937500000000000416e-02 -3.865406219334506770e-03 3.268613320934779520e-02
-5.937500000000000416e-02 -3.893141839167789213e-03 3.159964074644569521e-02
-5.937500000000000416e-02 -3.919001431029149086e-03 3.813074196643161107e-02
-5.937500000000000416e-02 -3.942937585279309917e-03 5.220667422647923966e-02
-5.937500000000000416e-02 -3.964903103385232323e-03 7.387713024038712606e-02
-5.937500000000000416e-02 -3.984851005098668207e-03 1.033253145161699138e-01
-5.937500000000000416e-02 -4.002734536037388935e-03 1.408921788642135964e-01
-5.937500000000000416e-02 -4.018507175699731829e-03 1.870006713431785206e-01
-5.937500000000000416e-02 -4.032122645946161106e-03 2.422161380083381055e-01
-5.937500000000000416e-02 -4.119679759693389148e-03 2.970887152273775644e-01
-5.937500000000000416e-02 -4.130396778952398831e-03 3.582704834211887235e-01
-5.937500000000000416e-02 -4.138831813567903951e-03 4.290285147518481668e-01
-5.937500000000000416e-02 -4.144939453561251319e-03 5.104578043960922296e-01
-5.937500000000000416e-02 -4.231200190445714819e-03 5.884559459242684198e-01
-5.937500000000000416e-02 -4.234123917890646530e-03 6.735886494177465433e-01
-5.937500000000000416e-02 -4.234597553266480907e-03 7.710117446466067115e-01
-5.937500000000000416e-02 -4.320056500517729763e-03 8.670895644537830460e-01
-5.937500000000000416e-02 -4.317141544278085309e-03 9.674689117661636750e-01
-5.937500000000000416e-02 -4.311655427215688348e-03 1.082564882570189235e+00
-5.937500000000000416e-02 -4.396112881274855805e-03 1.188454821826754326e+00
-5.937500000000000416e-02 -4.387035648735110836e-03 1.306724529145852465e+00
-5.937500000000000416e-02 -4.471318749737576009e-03 1.430024999933178442e+00
-5.937500000000000416e-02 -4.458525237360318541e-03 1.551474448201372702e+00
-5.937500000000000416e-02 -4.542567219436585181e-03 1.689320410769844294e+00
-5.937500000000000416e-02 -4.525933014763753801e-03 1.813966848887500705e+00
-5.937500000000000416e-02 -4.506458946633064115e-03 1.960424149285823647e+00
-5.937500000000000416e-02 -4.589068757029244813e-03 2.091775390532871981e+00
-5.937500000000000416e-02 -4.565556647304461896e-03 2.244670965358233516e+00
-5.937500000000000416e-02 -4.647743236017804445e-03 2.383370603597756432e+00
-5.937500000000000416e-02 -4.620070978590045362e-03 2.543680986741208017e+00
-5.937500000000000416e-02 -4.701768263766769977e-03 2.687566978352121438e+00
-5.937500000000000416e-02 -4.784181563712794523e-03 2.855413550896070962e+00
-5.937500000000000416e-02 -4.750956740228602128e-03 3.003585371740136623e+00
-5.937500000000000416e-02 -4.832797728651404626e-03 3.173126528634093724e+00
-5.937500000000000416e-02 -4.795122704694987012e-03 3.332000483992322515e+00
-5.937500000000000416e-02 -4.876325710267187009e-03 3.500640975320696402e+00
-5.757575757575757874e-02 -3.180725914274238481e-03 3.475587364196142115e+00
-5.757575757575757874e-02 -3.186661489507641807e-03 3.189194595085659500e+00
-5.757575757575757874e-02 -3.222278362642939844e-03 2.916459706899731330e+00
-5.757575757575757874e-02 -3.255233081460157801e-03 2.658833945234378771e+00
-5.757575757575757874e-02 -3.285429937393964401e-03 2.415170770609687878e+00
-5.757575757575757874e-02 -3.312773739619623986e-03 2.184795263270776555e+00
-5.757575757575757874e-02 -3.337169838007566624e-03 1.967507429487194148e+00
-5.757575757575757874e-02 -3.358524147772387093e-03 1.763493211976917774e+00
-5.757575757575757874e-02 -3.376743175987464377e-03 1.573289539955249117e+00
-5.757575757575757874e-02 -3.433807005600102071e-03 1.395874996963732073e+00
-5.757575757575757874e-02 -3.446636424255517320e-03 1.227417126876175990e+00
-5.757575757575757874e-02 -3.456066573839898601e-03 1.074931519318000017e+00
-5.757575757575757874e-02 -3.507626476948510867e-03 9.310911172447449147e-01
-5.757575757575757874e-02 -3.511183404926906861e-03 8.015131493699667597e-01
-5.757575757575757874e-02 -3.559145436381905975e-03 6.800368212314054084e-01
-5.757575757575757874e-02 -3.605843844654011299e-03 5.743742618962677238e-01
-5.757575757575757874e-02 -3.600631018755111150e-03 4.739340033142054320e-01
-5.757575757575757874e-02 -3.643366763264928136e-03 3.856171972382558266e-01
-5.757575757575757874e-02 -3.684679121446686207e-03 3.099379960635061382e-01
-5.757575757575757874e-02 -3.670050328749819690e-03 2.449257311485573962e-01
-5.757575757575757874e-02 -3.707040001939532290e-03 1.848150615662344232e-01
-5.757575757575757874e-02 -3.742448453092496463e-03 1.352733359584998574e-01
-5.757575757575757874e-02 -3.776228261289067602e-03 9.567347688334240652e-02
-5.757575757575757874e-02 -3.808332172603973425e-03 6.540794152106051140e-02
-5.757575757575757874e-02 -3.838713105157331301e-03 4.394814064639841061e-02
-5.757575757575757874e-02 -3.867324154420494296e-03 3.094566529834089086e-02
-5.757575757575757874e-02 -3.894118598794234047e-03 2.614981760925937093e-02
-5.757575757575757874e-02 -3.919049905478319898e-03 2.941043318608563273e-02
-5.757575757575757874e-02 -3.942071736653210770e-03 4.070312196544692562e-02
-5.757575757575757874e-02 -3.963137955996473213e-03 6.012664684658197006e-02
-5.757575757575757874e-02 -3.982202635558565636e-03 8.792756125763150077e-02
-5.757575757575757874e-02 -4.070595118368623699e-03 1.241461759214591842e-01
-5.757575757575757874e-02 -4.087015911646355026e-03 1.602988221436635885e-01
-5.757575757575757874e-02 -4.101311475032411689e-03 2.044513670999283661e-01
-5.757575757575757874e-02 -4.113436625627624188e-03 2.572521252566076222e-01
-5.757575757575757874e-02 -4.123346422509441452e-03 3.194743413362071127e-01
-5.757575757575757874e-02 -4.210060063552831244e-03 3.867766216368283549e-01
-5.757575757575757874e-02 -4.216966737937039543e-03 4.533982200459317768e-01
-5.757575757575757874e-02 -4.221536779593589896e-03 5.304643551570900062e-01
-5.757575757575757874e-02 -4.223726114453837596e-03 6.192652363386911274e-01
-5.757575757575757874e-02 -4.308965663827402440e-03 7.013090949989313483e-01
-5.757575757575757874e-02 -4.307874302371768847e-03 7.934903918846880622e-01
-5.757575757575757874e-02 -4.304283067356343487e-03 8.995216437336465143e-01
-5.757575757575757874e-02 -4.388596110352372022e-03 9.939959543225207472e-01
-5.757575757575757874e-02 -4.381525176255744204e-03 1.103266894095152884e+00
-5.757575757575757874e-02 -4.465702410849604551e-03 1.216634615252416340e+00
-5.757575757575757874e-02 -4.455028814603927481e-03 1.328927088893089747e+00
-5.757575757575757874e-02 -4.539004890066912663e-03 1.458293915322091738e+00
-5.757575757575757874e-02 -4.524606359114449576e-03 1.573412461763229242e+00
-5.757575757575757874e-02 -4.507443209957402025e-03 1.708683524664055264e+00
-5.757575757575757874e-02 -4.590071063302064366e-03 1.834040317792304364e+00
-5.757575757575757874e-02 -4.568988723593569133e-03 1.974879338629822678e+00
-5.757575757575757874e-02 -4.651237094618291407e-03 2.108989478980894727e+00
-5.757575757575757874e-02 -4.626115404739035777e-03 2.256111010524800786e+00
-5.757575757575757874e-02 -4.707919574249165226e-03 2.396769829132728624e+00
-5.757575757575757874e-02 -4.678639195543123422e-03 2.551913757901755897e+00
-5.757575757575757874e-02 -4.759934619837996421e-03 2.696283540926423861e+00
-5.757575757575757874e-02 -4.726377074839378106e-03 2.861550524322031830e+00
-5.757575757575757874e-02 -4.807099391428896681e-03 3.007728453365145604e+00
-5.757575757575757874e-02 -4.888505216202916268e-03 3.176178293252077012e+00
-5.757575757575757874e-02 -4.849232140965007223e-03 3.331001340757084428e+00
-5.757575757575757874e-02 -4.929983994229208272e-03 3.497959934110823621e+00
-5.588235294117646634e-02 -3.210765940840114557e-03 3.502666497283669855e+00
-5.588235294117646634e-02 -3.215221260507026418e-03 3.218217956831451509e+00
-5.588235294117646634e-02 -3.249608021582614352e-03 2.947853418109869672e+00
-5.588235294117646634e-02 -3.281332341679113040e-03 2.691931586688611322e+00
-5.588235294117646634e-02 -3.310300758847312640e-03 2.449555311142524339e+00
-5.588235294117646634e-02 -3.336420306842713228e-03 2.220290432756142351e+00
-5.588235294117646634e-02 -3.359598537193904475e-03 2.004067515435120406e+00
-5.588235294117646634e-02 -3.379743542903171794e-03 1.801138351956205863e+00
-5.588235294117646634e-02 -3.396763983944511064e-03 1.612358534564371393e+00
-5.588235294117646634e-02 -3.452807551153438004e-03 1.431471088034222960e+00
-5.588235294117646634e-02 -3.464455047918845506e-03 1.264650973456763250e+00
-5.588235294117646634e-02 -3.517296717751457278e-03 1.111614666338822666e+00
-5.588235294117646634e-02 -3.523264074144384552e-03 9.660242245658243743e-01
-5.588235294117646634e-02 -3.572653110670725475e-03 8.359509254777496290e-01
-5.588235294117646634e-02 -3.572636209602952310e-03 7.133120040726587119e-01
-5.588235294117646634e-02 -3.618323917436370041e-03 6.026315521426817146e-01
-5.588235294117646634e-02 -3.662699313456623668e-03 5.060579695879344753e-01
-5.588235294117646634e-02 -3.653761854910380063e-03 4.136994411889114431e-01
-5.588235294117646634e-02 -3.694080711168260325e-03 3.329858010174461258e-01
-5.588235294117646634e-02 -3.732931652500644758e-03 2.637959559888173322e-01
-5.588235294117646634e-02 -3.770267933830774316e-03 2.050387886088239076e-01
-5.588235294117646634e-02 -3.806042957433593277e-03 1.560197584422994554e-01
-5.588235294117646634e-02 -3.781710951260286446e-03 1.130687305420814137e-01
-5.588235294117646634e-02 -3.812865408719483956e-03 7.884274458647005934e-02
-5.588235294117646634e-02 -3.842306036855469824e-03 5.369523044665622247e-02
-5.588235294117646634e-02 -3.869986983623170933e-03 3.731486992982103318e-02
-5.588235294117646634e-02 -3.895862571768453266e-03 2.947908590260360159e-02
-5.588235294117646634e-02 -3.919887304455907905e-03 3.009508689093946116e-02
-5.588235294117646634e-02 -4.008871696434215641e-03 3.915082337590639061e-02
-5.588235294117646634e-02 -4.030498320473633288e-03 5.156413332741892341e-02
-5.588235294117646634e-02 -4.050151710771978698e-03 7.130819241009273002e-02
-5.588235294117646634e-02 -4.067787014620924922e-03 9.868403418669825788e-02
-5.588235294117646634e-02 -4.083359587077436959e-03 1.341323493553040758e-01
-5.588235294117646634e-02 -4.096824998400243334e-03 1.782033315274959562e-01
-5.588235294117646634e-02 -4.108139041921410155e-03 2.315658857981136576e-01
-5.588235294117646634e-02 -4.194532872983682686e-03 2.818866995696013289e-01
-5.588235294117646634e-02 -4.202942392496591094e-03 3.405131644766212773e-01
-5.588235294117646634e-02 -4.209081322138501571e-03 4.092124364442311646e-01
-5.588235294117646634e-02 -4.294891170980489649e-03 4.857164761628144367e-01
-5.588235294117646634e-02 -4.297927446092520559e-03 5.578488387756965761e-01
-5.588235294117646634e-02 -4.298575238219018955e-03 6.416005593114008088e-01
-5.588235294117646634e-02 -4.383609286327657881e-03 7.357509695264856653e-01
-5.588235294117646634e-02 -4.380958057107552095e-03 8.220501841013588828e-01
-5.588235294117646634e-02 -4.375801892058345070e-03 9.222121561613385587e-01
-5.588235294117646634e-02 -4.459869171735332538e-03 1.026161781696898645e+00
-5.588235294117646634e-02 -4.451219522487583763e-03 1.129247361638429759e+00
-5.588235294117646634e-02 -4.439950051523513554e-03 1.249444001602607601e+00
-5.588235294117646634e-02 -4.522860493710894290e-03 1.356207278966709007e+00
-5.588235294117646634e-02 -4.507905138949620458e-03 1.480458443405039626e+00
-5.588235294117646634e-02 -4.590541460110569502e-03 1.600175605197390993e+00
-5.588235294117646634e-02 -4.571781275702273967e-03 1.729240319825271488e+00
-5.588235294117646634e-02 -4.654079916682962378e-03 1.859062388781169028e+00
-5.588235294117646634e-02 -4.631396675924547533e-03 1.993416594119747920e+00
-5.588235294117646634e-02 -4.713294234804696337e-03 2.131098602723500601e+00
-5.588235294117646634e-02 -4.686570463594778163e-03 2.272193844865256995e+00
-5.588235294117646634e-02 -4.768003700568617699e-03 2.414895426043619064e+00
-5.588235294117646634e-02 -4.737122713404907058e-03 2.564526667357574841e+00
-5.588235294117646634e-02 -4.818028555943478126e-03 2.710301604966448341e+00
-5.588235294117646634e-02 -4.782874494725082408e-03 2.870054629071670860e+00
-5.588235294117646634e-02 -4.863190043043400315e-03 3.016880277072275351e+00
-5.588235294117646634e-02 -4.944174330315243872e-03 3.185031388162280042e+00
-5.588235294117646634e-02 -4.903310451829802873e-03 3.335143390523380713e+00
-5.588235294117646634e-02 -4.983625421481403805e-03 3.501314782514304724e+00
-5.428571428571429131e-02 -3.240988279200435109e-03 3.523821750758527216e+00
-5.428571428571429131e-02 -3.243980543284270476e-03 3.241488141229469822e+00
-5.428571428571429131e-02 -3.277158321313715719e-03 2.973693856819509485e+00
-5.428571428571429131e-02 -3.307673337551120859e-03 2.719750870701886036e+00
-5.428571428571429131e-02 -3.335434277501106264e-03 2.479009349513037197e+00
-5.428571428571429131e-02 -3.360350301922449944e-03 2.251164670653711397e+00
-5.428571428571429131e-02 -3.382331068070657323e-03 2.036205272587360060e+00
-5.428571428571429131e-02 -3.401286752514740951e-03 1.834721471324110453e+00
-5.428571428571429131e-02 -3.458414849976502742e-03 1.644441544584785753e+00
-5.428571428571429131e-02 -3.472177888715717239e-03 1.464322902796129533e+00
-5.428571428571429131e-02 -3.482662109153200451e-03 1.299184199549904273e+00
-5.428571428571429131e-02 -3.534507305245685599e-03 1.142728933708042849e+00
-5.428571428571429131e-02 -3.539334144875787031e-03 9.995582388687039854e-01
-5.428571428571429131e-02 -3.587729683163459835e-03 8.654638152197496881e-01
-5.428571428571429131e-02 -3.586601814366605426e-03 7.461324669382753960e-01
-5.428571428571429131e-02 -3.631304607107197109e-03 6.313384885629973464e-01
-5.428571428571429131e-02 -3.674694858349450161e-03 5.304128417149378549e-01
-5.428571428571429131e-02 -3.716726389831062453e-03 4.420493065447186343e-01
-5.428571428571429131e-02 -3.704047206067026532e-03 3.582587494865820399e-01
-5.428571428571429131e-02 -3.741932799988018869e-03 2.848037061034439654e-01
-5.428571428571429131e-02 -3.778308043249537819e-03 2.218848835634213146e-01
-5.428571428571429131e-02 -3.813127378969589573e-03 1.687534422258509803e-01
-5.428571428571429131e-02 -3.846345395228552289e-03 1.246832653076788699e-01
-5.428571428571429131e-02 -3.877916829328259193e-03 8.917614409610494230e-02
-5.428571428571429131e-02 -3.907796572259662239e-03 6.181767475448496363e-02
-5.428571428571429131e-02 -3.935939673393046463e-03 4.225148754771946430e-02
-5.428571428571429131e-02 -3.962301345405858967e-03 3.026592206049001643e-02
-5.428571428571429131e-02 -3.986836969464559524e-03 2.573995678766027514e-02
-5.428571428571429131e-02 -4.009502100678327512e-03 2.867198550950798841e-02
-5.428571428571429131e-02 -4.030252473843958655e-03 3.918582184784612232e-02
-5.428571428571429131e-02 -4.049044009503165523e-03 5.750129459921986264e-02
-5.428571428571429131e-02 -4.065832820335267724e-03 8.396989464697464378e-02
-5.428571428571429131e-02 -4.080575217910539787e-03 1.190507183563358218e-01
-5.428571428571429131e-02 -4.167301280071300344e-03 1.559522036312169235e-01
-5.428571428571429131e-02 -4.179307966999164063e-03 1.974791935759065420e-01
-5.428571428571429131e-02 -4.189150535225916530e-03 2.478529500849104561e-01
-5.428571428571429131e-02 -4.196786007255415979e-03 3.079677730666224855e-01
-5.428571428571429131e-02 -4.282345193534524246e-03 3.707525797371186704e-01
-5.428571428571429131e-02 -4.286976193301822100e-03 4.348863728248514304e-01
-5.428571428571429131e-02 -4.289284123227737021e-03 5.100521400256179394e-01
-5.428571428571429131e-02 -4.374134375293416144e-03 5.928958210460630873e-01
-5.428571428571429131e-02 -4.373244923735112796e-03 6.709108273568153979e-01
-5.428571428571429131e-02 -4.369917756308526295e-03 7.619164052050940716e-01
-5.428571428571429131e-02 -4.453871990811638336e-03 8.569391632842668916e-01
-5.428571428571429131e-02 -4.447156288940374083e-03 9.508238091729226404e-01
-5.428571428571429131e-02 -4.437889667138321566e-03 1.060611117806282255e+00
-5.428571428571429131e-02 -4.520761634257634137e-03 1.160767517741024379e+00
-5.428571428571429131e-02 -4.507917225093119665e-03 1.274199812232037488e+00
-5.428571428571429131e-02 -4.590553767810290862e-03 1.388618215505676323e+00
-5.428571428571429131e-02 -4.574014595940749384e-03 1.506213435279154966e+00
-5.428571428571429131e-02 -4.656353439899099146e-03 1.632037882595533063e+00
-5.428571428571429131e-02 -4.636003191338200144e-03 1.754054550783459510e+00
-5.428571428571429131e-02 -4.717982207798797172e-03 1.889001842346571758e+00
-5.428571428571429131e-02 -4.693705259980592882e-03 2.016624178771305509e+00
-5.428571428571429131e-02 -4.775262470245639039e-03 2.157855336380793965e+00
-5.428571428571429131e-02 -4.746943924322485735e-03 2.292595605660507463e+00
-5.428571428571429131e-02 -4.828017504408110318e-03 2.438123054155095115e+00
-5.428571428571429131e-02 -4.795543220007833334e-03 2.581295446544021210e+00
-5.428571428571429131e-02 -4.876071505586705365e-03 2.729063718145582573e+00
-5.428571428571429131e-02 -4.839328138283171751e-03 2.882917196315728070e+00
-5.428571428571429131e-02 -4.919249629919412309e-03 3.030843755255022032e+00
-5.428571428571429131e-02 -4.878124671703953051e-03 3.198126521380608267e+00
-5.428571428571429131e-02 -4.957378040405378827e-03 3.344067142832921391e+00
-5.428571428571429131e-02 -5.037270034156774573e-03 3.510062306185403269e+00
-5.277777777777778456e-02 -3.238371113939359988e-03 3.538641599869674970e+00
-5.277777777777778456e-02 -3.272933394840515323e-03 3.259382718664818768e+00
-5.277777777777778456e-02 -3.304922261765574128e-03 2.994324224502684650e+00
-5.277777777777778456e-02 -3.334248017497496667e-03 2.742617295508811726e+00
-5.277777777777778456e-02 -3.360821401967233318e-03 2.503740318085092564e+00
-5.277777777777778456e-02 -3.384553611342450401e-03 2.277437947191808476e+00
-5.277777777777778456e-02 -3.405356318499207485e-03 2.064057194010115115e+00
-5.277777777777778456e-02 -3.423141695013491841e-03 1.864187337952924128e+00
-5.277777777777778456e-02 -3.479299477894593189e-03 1.672786332493640948e+00
-5.277777777777778456e-02 -3.491903652154736658e-03 1.494044801037946346e+00
-5.277777777777778456e-02 -3.544988566826545121e-03 1.330341924716629709e+00
-5.277777777777778456e-02 -3.552116268758059772e-03 1.171918458009786779e+00
-5.277777777777778456e-02 -3.555819301558431865e-03 1.030953540684253378e+00
-5.277777777777778456e-02 -3.603246303126094157e-03 8.939165491810385777e-01
-5.277777777777778456e-02 -3.649465257234518149e-03 7.723331692345399846e-01
-5.277777777777778456e-02 -3.644765216325982198e-03 6.597515255061007222e-01
-5.277777777777778456e-02 -3.687194790576841380e-03 5.552391093236301867e-01
-5.277777777777778456e-02 -3.728266403302469591e-03 4.632065698071918813e-01
-5.277777777777778456e-02 -3.767935021612709920e-03 3.823894526174198005e-01
-5.277777777777778456e-02 -3.751498604336569748e-03 3.077078997217165823e-01
-5.277777777777778456e-02 -3.786936075725489976e-03 2.413868070439224578e-01
-5.277777777777778456e-02 -3.820822719221366251e-03 1.847898575731007076e-01
-5.277777777777778456e-02 -3.853114113974736698e-03 1.373731501393303800e-01
-5.277777777777778456e-02 -3.883765982034048225e-03 9.867299784801492057e-02
-5.277777777777778456e-02 -3.912734192638118308e-03 6.827196721777828436e-02
-5.277777777777778456e-02 -3.939974766722724106e-03 4.590306083183783026e-02
-5.277777777777778456e-02 -3.965443881655868891e-03 3.138010881271475344e-02
-5.277777777777778456e-02 -3.989097876217562524e-03 2.462709045139773942e-02
-5.277777777777778456e-02 -4.010893255841198671e-03 2.570281147981099551e-02
-5.277777777777778456e-02 -4.030786698135289774e-03 3.475154656154950256e-02
-5.277777777777778456e-02 -4.048735058705875585e-03 5.204137712280472450e-02
-5.277777777777778456e-02 -4.135708625306848060e-03 7.320013368171290891e-02
-5.277777777777778456e-02 -4.151083938995097679e-03 9.845509122930815038e-02
-5.277777777777778456e-02 -4.164398035027382615e-03 1.317353593408537582e-01
-5.277777777777778456e-02 -4.175608404493736173e-03 1.736725520354048258e-01
-5.277777777777778456e-02 -4.184672744869205770e-03 2.250554955755668940e-01
-5.277777777777778456e-02 -4.269984980059752210e-03 2.747916535481097489e-01
-5.277777777777778456e-02 -4.276139146111837888e-03 3.307795523677647398e-01
-5.277777777777778456e-02 -4.280033200330563697e-03 3.972665272021772553e-01
-5.277777777777778456e-02 -4.364700451429853571e-03 4.693702008881074361e-01
-5.277777777777778456e-02 -4.365494802516496978e-03 5.390304702181542007e-01
-5.277777777777778456e-02 -4.363916185112113807e-03 6.208848435189714410e-01
-5.277777777777778456e-02 -4.447755118288355958e-03 7.074496676876917967e-01
-5.277777777777778456e-02 -4.442888892010903382e-03 7.921859154962678229e-01
-5.277777777777778456e-02 -4.435538170112783389e-03 8.917157846182869330e-01
-5.277777777777778456e-02 -4.518366226004284086e-03 9.856429223019441688e-01
-5.277777777777778456e-02 -4.507541742638351313e-03 1.088485165462005799e+00
-5.277777777777778456e-02 -4.590171402227381271e-03 1.197932213165449067e+00
-5.277777777777778456e-02 -4.575758121331118845e-03 1.304379838657914625e+00
-5.277777777777778456e-02 -4.658128351255132714e-03 1.426486421125139792e+00
-5.277777777777778456e-02 -4.640011846203618770e-03 1.536599791624874367e+00
-5.277777777777778456e-02 -4.619162849056075021e-03 1.668690874433571558e+00
-5.277777777777778456e-02 -4.700128228892513915e-03 1.783761334059334569e+00
-5.277777777777778456e-02 -4.675394056127715574e-03 1.922427103896249045e+00
-5.277777777777778456e-02 -4.755933385728342878e-03 2.044280941035186761e+00
-5.277777777777778456e-02 -4.837160497819154893e-03 2.189712439905863839e+00
-5.277777777777778456e-02 -4.807254273189663120e-03 2.317198086508320820e+00
-5.277777777777778456e-02 -4.887979214494861738e-03 2.466022705910412061e+00
-5.277777777777778456e-02 -4.853918725977834740e-03 2.602378601205141084e+00
-5.277777777777778456e-02 -4.934081181131961744e-03 2.752493082057577034e+00
-5.277777777777778456e-02 -4.895755497978405806e-03 2.900144645382522146e+00
-5.277777777777778456e-02 -4.975295309210368486e-03 3.049386654270271446e+00
-5.277777777777778456e-02 -4.932594306409395467e-03 3.210987575807270122e+00
-5.277777777777778456e-02 -5.011451478865456069e-03 3.357578602888601438e+00
-5.277777777777778456e-02 -5.090934005583660354e-03 3.523965140278930264e+00
-5.135135135135135420e-02 -3.302073543477270553e-03 3.272357213119042818e+00
-5.135135135135135420e-02 -3.332892564425561904e-03 3.010200275168573469e+00
-5.135135135135135420e-02 -3.361048100989535471e-03 2.760877225237081234e+00
-5.135135135135135420e-02 -3.386452860171480783e-03 2.523906563308013773e+00
-5.135135135135135420e-02 -3.409019987491885249e-03 2.299411785305029987e+00
-5.135135135135135420e-02 -3.428663086740153451e-03 2.087728705890769199e+00
-5.135135135135135420e-02 -3.485876695200814616e-03 1.889000560730802025e+00
-5.135135135135135420e-02 -3.500507702079520313e-03 1.697773209979846820e+00
-5.135135135135135420e-02 -3.511970534560263785e-03 1.520499705869205798e+00
-5.135135135135135420e-02 -3.564103527011073559e-03 1.355412719238308972e+00
-5.135135135135135420e-02 -3.570107181813932714e-03 1.198612870434374367e+00
-5.135135135135135420e-02 -3.618926300458897953e-03 1.055541662393325586e+00
-5.135135135135135420e-02 -3.619184514442680412e-03 9.207349492876116814e-01
-5.135135135135135420e-02 -3.664456069793840375e-03 7.965082493933468566e-01
-5.135135135135135420e-02 -3.708472543449181473e-03 6.859234094852009189e-01
-5.135135135135135420e-02 -3.700177528579788686e-03 5.799724355292051881e-01
-5.135135135135135420e-02 -3.740312401302407948e-03 4.847891162095004924e-01
-5.135135135135135420e-02 -3.779045940506791778e-03 4.007975243603926208e-01
-5.135135135135135420e-02 -3.816334208770697130e-03 3.271317110789794813e-01
-5.135135135135135420e-02 -3.796126464015674336e-03 2.624472026951615300e-01
-5.135135135135135420e-02 -3.829102299097845042e-03 2.030681095518279411e-01
-5.135135135135135420e-02 -3.860488664330665592e-03 1.529484744083023373e-01
-5.135135135135135420e-02 -3.890242226288138320e-03 1.116133522490334179e-01
-5.135135135135135420e-02 -3.918319792682589675e-03 7.874454525584964615e-02
-5.135135135135135420e-02 -3.944678316699683045e-03 5.409496771664923376e-02
-5.135135135135135420e-02 -3.969274901553776144e-03 3.751858381087491701e-02
-5.135135135135135420e-02 -3.992066805278808757e-03 2.901406683228560310e-02
-5.135135135135135420e-02 -4.013011445771307376e-03 2.865530734839778076e-02
-5.135135135135135420e-02 -4.100153561842499218e-03 3.174554293135013749e-02
-5.135135135135135420e-02 -4.118681902308082322e-03 4.120065488209190274e-02
-5.135135135135135420e-02 -4.135248448067841733e-03 5.813886437237547611e-02
-5.135135135135135420e-02 -4.149811187143872225e-03 8.302496467796001423e-02
-5.135135135135135420e-02 -4.162328291914409173e-03 1.164043960460677540e-01
-5.135135135135135420e-02 -4.248058859435908594e-03 1.576050646852155401e-01
-5.135135135135135420e-02 -4.257827459596414364e-03 1.962916222617255846e-01
-5.135135135135135420e-02 -4.265437734265040658e-03 2.440447360708538349e-01
-5.135135135135135420e-02 -4.270848514283047404e-03 3.018137545350187967e-01
-5.135135135135135420e-02 -4.355334074707651291e-03 3.637169099106140058e-01
-5.135135135135135420e-02 -4.357739067896506356e-03 4.250025305516709762e-01
-5.135135135135135420e-02 -4.357833477047531878e-03 4.977549000690889569e-01
-5.135135135135135420e-02 -4.441555550107005763e-03 5.763095264202489076e-01
-5.135135135135135420e-02 -4.438459447482863765e-03 6.519886201859630415e-01
-5.135135135135135420e-02 -4.432942899579746243e-03 7.414429162144483554e-01
-5.135135135135135420e-02 -4.515722492082019889e-03 8.295025605341901365e-01
-5.135135135135135420e-02 -4.506832328076392120e-03 9.220055831972386873e-01
-5.135135135135135420e-02 -4.589448983086183084e-03 1.026795697116982709e+00
-5.135135135135135420e-02 -4.577072071716198690e-03 1.122430175934277186e+00
-5.135135135135135420e-02 -4.562097969707969505e-03 1.236205081866851740e+00
-5.135135135135135420e-02 -4.643489727320538642e-03 1.339733930654039229e+00
-5.135135135135135420e-02 -4.624848564498989199e-03 1.458614421617460355e+00
-5.135135135135135420e-02 -4.705913604409237873e-03 1.572267311838259518e+00
-5.135135135135135420e-02 -4.683493895895065109e-03 1.696639183480430191e+00
-5.135135135135135420e-02 -4.764172755053393618e-03 1.818212214663488036e+00
-5.135135135135135420e-02 -4.737863653662252074e-03 1.949483908068679883e+00
-5.135135135135135420e-02 -4.818097005833192788e-03 2.076344372276456962e+00
-5.135135135135135420e-02 -4.787788332058804351e-03 2.216084373968982391e+00
-5.135135135135135420e-02 -4.867516992104667199e-03 2.346226377055294687e+00
-5.135135135135135420e-02 -4.833099266391906353e-03 2.496237014532016740e+00
-5.135135135135135420e-02 -4.912264194804420378e-03 2.627863357016538171e+00
-5.135135135135135420e-02 -4.992072217680074663e-03 2.780454384199309015e+00
-5.135135135135135420e-02 -4.952170980050239410e-03 2.921422982016217418e+00
-5.135135135135135420e-02 -5.031341123943542000e-03 3.072414704108821670e+00
-5.135135135135135420e-02 -4.987070641828812018e-03 3.227874964718196349e+00
-5.135135135135135420e-02 -5.065544191275341869e-03 3.375660123089625486e+00
-5.135135135135135420e-02 -5.144630336736287154e-03 3.542692181444725197e+00
-5.000000000000000278e-02 -3.331394538949406913e-03 3.280958974406152251e+00
-5.000000000000000278e-02 -3.361061822937206484e-03 3.021768393022220334e+00
-5.000000000000000278e-02 -3.388065229700498639e-03 2.774788114455121857e+00
-5.000000000000000278e-02 -3.412319351205972753e-03 2.539935988462756367e+00
-5.000000000000000278e-02 -3.433739201400148617e-03 2.317313537326389561e+00
-5.000000000000000278e-02 -3.452240235284782625e-03 2.107440880480415668e+00
-5.000000000000000278e-02 -3.508530350928553299e-03 1.909375817637983586e+00
-5.000000000000000278e-02 -3.522026276219837517e-03 1.719410959648005832e+00
-5.000000000000000278e-02 -3.532364444738318298e-03 1.543834813299353126e+00
-5.000000000000000278e-02 -3.583568437704102213e-03 1.377788502169737583e+00
-5.000000000000000278e-02 -3.588463936169874330e-03 1.222812490035182886e+00
-5.000000000000000278e-02 -3.636353656870493917e-03 1.078130942234308609e+00
-5.000000000000000278e-02 -3.635526273827544008e-03 9.456556719788562493e-01
-5.000000000000000278e-02 -3.679873011999420726e-03 8.193654715356775142e-01
-5.000000000000000278e-02 -3.722963121157892453e-03 7.065178053890307508e-01
-5.000000000000000278e-02 -3.713622048274773692e-03 6.038308113340040695e-01
-5.000000000000000278e-02 -3.752842211102588258e-03 5.063043598656631339e-01
-5.000000000000000278e-02 -3.790662595709182268e-03 4.197953075384504573e-01
-5.000000000000000278e-02 -3.827040195392054402e-03 3.433594293605257697e-01
-5.000000000000000278e-02 -3.861932121632909685e-03 2.763381772184108631e-01
-5.000000000000000278e-02 -3.895295607422613951e-03 2.181421318221917760e-01
-5.000000000000000278e-02 -3.927088010742108178e-03 1.681856236233812696e-01
-5.000000000000000278e-02 -3.957266818209225281e-03 1.260582865155153165e-01
-5.000000000000000278e-02 -3.985789648902155098e-03 9.139909676124560733e-02
-5.000000000000000278e-02 -4.012614258371273446e-03 6.393022032270798127e-02
-5.000000000000000278e-02 -4.037698542851864310e-03 4.355112746759425696e-02
-5.000000000000000278e-02 -4.061000543691488905e-03 3.021444540832141784e-02
-5.000000000000000278e-02 -4.082478452006824826e-03 2.396762324485812029e-02
-5.000000000000000278e-02 -4.102090613586119490e-03 2.497121646888866842e-02
-5.000000000000000278e-02 -4.119795534054846234e-03 3.348304111697788382e-02
-5.000000000000000278e-02 -4.135551884323739567e-03 4.988299437021255500e-02
-5.000000000000000278e-02 -4.149318506340112997e-03 7.463669331088972070e-02
-5.000000000000000278e-02 -4.234781114147145691e-03 1.031085953071794459e-01
-5.000000000000000278e-02 -4.245885151433158138e-03 1.338591313914966052e-01
-5.000000000000000278e-02 -4.254888627991906813e-03 1.733381068659604063e-01
-5.000000000000000278e-02 -4.261750996200874310e-03 2.223952841788991719e-01
-5.000000000000000278e-02 -4.346056590300032864e-03 2.746116796368791024e-01
-5.000000000000000278e-02 -4.350003515476353298e-03 3.275453638744417195e-01
-5.000000000000000278e-02 -4.351699984468795218e-03 3.912816377262716694e-01
-5.000000000000000278e-02 -4.435304221746684539e-03 4.622536615640919222e-01
-5.000000000000000278e-02 -4.433903634566188114e-03 5.289988864237401556e-01
-5.000000000000000278e-02 -4.430144379891244773e-03 6.085836947203689951e-01
-5.000000000000000278e-02 -4.512871713583813463e-03 6.911224546379418632e-01
-5.000000000000000278e-02 -4.505835290377157784e-03 7.735542566869404446e-01
-5.000000000000000278e-02 -4.496333221428063312e-03 8.715776853807621904e-01
-5.000000000000000278e-02 -4.578008813202775681e-03 9.591539295041997537e-01
-5.000000000000000278e-02 -4.565051085303641412e-03 1.061059246164582470e+00
-5.000000000000000278e-02 -4.646495529042278354e-03 1.162235232981800426e+00
-5.000000000000000278e-02 -4.629971836667100271e-03 1.268473203389508752e+00
-5.000000000000000278e-02 -4.711126678061005289e-03 1.380899886072504135e+00
-5.000000000000000278e-02 -4.690927278738605231e-03 1.491669278350364447e+00
-5.000000000000000278e-02 -4.771734186926318740e-03 1.613115410469177391e+00
-5.000000000000000278e-02 -4.747749926424606193e-03 1.729577242898987954e+00
-5.000000000000000278e-02 -4.828150697681907709e-03 1.857415051049031041e+00
-5.000000000000000278e-02 -4.800273037028087060e-03 1.980885392833148906e+00
-5.000000000000000278e-02 -4.880209598662163181e-03 2.113080297828913157e+00
-5.000000000000000278e-02 -4.848330643180406158e-03 2.245103863479304795e+00
-5.000000000000000278e-02 -4.927745057644546123e-03 2.379823210531554878e+00
-5.000000000000000278e-02 -4.891757588215378365e-03 2.522138980630039828e+00
-5.000000000000000278e-02 -4.970592057462167208e-03 2.657514560325404229e+00
-5.000000000000000278e-02 -4.930389564233941986e-03 2.812477790354063423e+00
-5.000000000000000278e-02 -5.008586434326975194e-03 2.946788546774518736e+00
-5.000000000000000278e-02 -5.087398543366449845e-03 3.099986932501491488e+00
-5.000000000000000278e-02 -5.041564919146148196e-03 3.248628230132543759e+00
-5.000000000000000278e-02 -5.119667008669100648e-03 3.398108120510908492e+00
