-5.000000000000000000e-01 -3.277437405675951180e-04 3.296693112911095014e+00
-5.000000000000000000e-01 -3.284144567435209514e-04 3.121180201204657667e+00
-5.000000000000000000e-01 -3.291953446083469665e-04 2.953203842101946641e+00
-5.000000000000000000e-01 -3.310179921501099176e-04 2.792753020449302515e+00
-5.000000000000000000e-01 -3.289082939672067401e-04 2.643307927674433788e+00
-5.000000000000000000e-01 -3.354201025930494636e-04 2.498657011861275645e+00
-5.000000000000000000e-01 -3.325565884595319899e-04 2.359936356809671398e+00
-5.000000000000000000e-01 -3.333261565482115141e-04 2.231942363462957601e+00
-5.000000000000000000e-01 -3.388523938392689781e-04 2.113516572308795194e+00
-5.000000000000000000e-01 -3.343316463539394950e-04 2.002141298833973071e+00
-5.000000000000000000e-01 -3.352440074816837880e-04 1.899225496594174833e+00
-5.000000000000000000e-01 -3.427977456952159617e-04 1.801431166379955817e+00
-5.000000000000000000e-01 -3.396888072645648103e-04 1.712650123755864673e+00
-5.000000000000000000e-01 -3.439917628865757772e-04 1.632061120205261062e+00
-5.000000000000000000e-01 -3.468256179756364706e-04 1.561968196555473254e+00
-5.000000000000000000e-01 -3.481437165751310775e-04 1.498219644424533481e+00
-5.000000000000000000e-01 -3.479069484160573719e-04 1.441803698358628649e+00
-5.000000000000000000e-01 -3.460841298496915210e-04 1.399088962301016092e+00
-5.000000000000000000e-01 -3.546746488990740946e-04 1.358407810328469356e+00
-5.000000000000000000e-01 -3.500239999787656785e-04 1.327049453383912114e+00
-5.000000000000000000e-01 -3.566944380011626394e-04 1.300330907209048537e+00
-5.000000000000000000e-01 -3.626329997699417407e-04 1.293580898796963696e+00
-5.000000000000000000e-01 -3.537553438740312231e-04 1.283519947204740053e+00
-5.000000000000000000e-01 -3.576060070594411439e-04 1.276996472816084971e+00
-5.000000000000000000e-01 -3.606479274696534508e-04 1.281272877824849665e+00
-5.000000000000000000e-01 -3.628595511958754446e-04 1.294429376530879194e+00
-5.000000000000000000e-01 -3.642215145494778631e-04 1.315998222946545448e+00
-5.000000000000000000e-01 -3.647167196920923890e-04 1.346951637918821998e+00
-5.000000000000000000e-01 -3.643304163775469193e-04 1.389762450724758791e+00
-5.000000000000000000e-01 -3.807581564428174975e-04 1.434483573913214904e+00
-5.000000000000000000e-01 -3.790594246565613841e-04 1.469394697625229451e+00
-5.000000000000000000e-01 -3.764361596858865964e-04 1.519841077540058816e+00
-5.000000000000000000e-01 -3.728822417154157480e-04 1.593591133947834804e+00
-5.000000000000000000e-01 -3.883049170903122346e-04 1.659544742463103129e+00
-5.000000000000000000e-01 -3.833226919740164037e-04 1.720620259906076033e+00
-5.000000000000000000e-01 -3.773885639747706785e-04 1.821753444528886323e+00
-5.000000000000000000e-01 -3.920858753713827726e-04 1.888079737717675011e+00
-5.000000000000000000e-01 -3.846599803800090315e-04 1.985037973344797591e+00
-5.000000000000000000e-01 -3.990789801178573474e-04 2.080949034693921451e+00
-5.000000000000000000e-01 -3.901233418653475863e-04 2.179421723457276805e+00
-5.000000000000000000e-01 -4.042188097674369405e-04 2.290486925078421887e+00
-5.000000000000000000e-01 -3.937033924628465854e-04 2.400537880778137900e+00
-5.000000000000000000e-01 -4.074322148503176566e-04 2.514090391216072806e+00
-5.000000000000000000e-01 -3.953353333282507657e-04 2.650256744053802294e+00
-5.000000000000000000e-01 -4.086565714647280492e-04 2.755050755171933652e+00
-5.000000000000000000e-01 -4.221985426274933793e-04 2.925807019469452541e+00
-5.000000000000000000e-01 -4.078403146349463774e-04 3.022879294861020583e+00
-5.000000000000000000e-01 -4.209217742261990927e-04 3.169941059567767283e+00
-5.000000000000000000e-01 -4.049435359963903945e-04 3.333200643419893083e+00
-5.000000000000000000e-01 -4.175284455182699177e-04 3.448461364748982128e+00
-4.444444444444444198e-01 -4.222416241243508454e-04 3.397814485728897438e+00
-4.444444444444444198e-01 -4.232712609414272320e-04 3.210144092956829009e+00
-4.444444444444444198e-01 -4.199343798263111449e-04 3.028799535352406203e+00
-4.444444444444444198e-01 -4.195761867766282442e-04 2.858256049796924714e+00
-4.444444444444444198e-01 -4.233673045831307579e-04 2.690087501319112118e+00
-4.444444444444444198e-01 -4.241514250269222928e-04 2.532905010442201288e+00
-4.444444444444444198e-01 -4.306888965501363574e-04 2.384054405830297263e+00
-4.444444444444444198e-01 -4.256121430356585300e-04 2.243008992927915113e+00
-4.444444444444444198e-01 -4.270439537917546666e-04 2.109050659172339692e+00
-4.444444444444444198e-01 -4.363469198891318265e-04 1.980697300306690334e+00
-4.444444444444444198e-01 -4.333288330472564705e-04 1.859712219663381738e+00
-4.444444444444444198e-01 -4.390488448741249679e-04 1.749003040425409328e+00
-4.444444444444444198e-01 -4.431500185663469300e-04 1.648700619464923189e+00
-4.444444444444444198e-01 -4.455765479034100784e-04 1.553832581080944575e+00
-4.444444444444444198e-01 -4.462793902033425656e-04 1.463643987324714235e+00
-4.444444444444444198e-01 -4.452166189163830022e-04 1.381722965619537336e+00
-4.444444444444444198e-01 -4.423538168122859789e-04 1.316276240951527399e+00
-4.444444444444444198e-01 -4.521045530643100002e-04 1.246119117805713383e+00
-4.444444444444444198e-01 -4.460360531298015801e-04 1.197652197760765702e+00
-4.444444444444444198e-01 -4.536109743221751478e-04 1.139659389909508214e+00
-4.444444444444444198e-01 -4.603565065663447337e-04 1.099682536472277317e+00
-4.444444444444444198e-01 -4.662416433900033264e-04 1.072315174161346807e+00
-4.444444444444444198e-01 -4.538838961007438241e-04 1.052052424335129022e+00
-4.444444444444444198e-01 -4.573544884458123736e-04 1.029285836405249288e+00
-4.444444444444444198e-01 -4.598867297127101866e-04 1.017039280865321249e+00
-4.444444444444444198e-01 -4.614585218420777274e-04 1.015280223842913720e+00
-4.444444444444444198e-01 -4.818070838876085601e-04 1.017742015625705543e+00
-4.444444444444444198e-01 -4.819850634464467598e-04 1.018520282386638609e+00
-4.444444444444444198e-01 -4.811401978597364256e-04 1.027254651928012796e+00
-4.444444444444444198e-01 -4.792579564704727252e-04 1.048193947191987219e+00
-4.444444444444444198e-01 -4.763262435080777490e-04 1.086916890043997164e+00
-4.444444444444444198e-01 -4.952450196753887656e-04 1.125824942293881081e+00
-4.444444444444444198e-01 -4.907305048816874415e-04 1.153054618430156664e+00
-4.444444444444444198e-01 -4.851293623231947181e-04 1.209448670210423904e+00
-4.444444444444444198e-01 -5.033144621644887939e-04 1.266404328228217135e+00
-4.444444444444444198e-01 -4.960428745865817909e-04 1.313785649718857584e+00
-4.444444444444444198e-01 -5.139652997953983752e-04 1.409403341549180677e+00
-4.444444444444444198e-01 -5.049700791725029569e-04 1.449559036507138243e+00
-4.444444444444444198e-01 -4.948536842020830788e-04 1.550229528652299349e+00
-4.444444444444444198e-01 -5.118140256992400206e-04 1.608237894528164569e+00
-4.444444444444444198e-01 -4.999209378587145692e-04 1.721828081422456913e+00
-4.444444444444444198e-01 -5.164872074280015771e-04 1.786484688726146075e+00
-4.444444444444444198e-01 -5.333235058411236974e-04 1.920012990657372409e+00
-4.444444444444444198e-01 -5.189120376633262963e-04 1.986139807365456145e+00
-4.444444444444444198e-01 -5.352934178306672543e-04 2.110757789400552920e+00
-4.444444444444444198e-01 -5.190213802205277411e-04 2.214231224776851192e+00
-4.444444444444444198e-01 -5.349048218924584968e-04 2.321203746461058870e+00
-4.444444444444444198e-01 -5.167591431853382506e-04 2.483199166752178666e+00
-4.444444444444444198e-01 -5.321037929417931972e-04 2.564745942583993354e+00
-4.444444444444444198e-01 -5.476729437919782961e-04 2.699522381970385521e+00
-4.444444444444444198e-01 -5.268482063770440430e-04 2.860488163819638885e+00
-4.444444444444444198e-01 -5.418253767385538839e-04 2.959215534297119365e+00
-4.444444444444444198e-01 -5.570124583875412077e-04 3.105871267475187381e+00
-4.444444444444444198e-01 -5.334577521930591263e-04 3.290398200584235600e+00
-4.444444444444444198e-01 -5.480026274160990172e-04 3.392065434067474961e+00
-4.444444444444444198e-01 -5.627431297436856191e-04 3.537047949293691040e+00
-4.000000000000000222e-01 -5.141846469993127363e-04 3.519633061051096412e+00
-4.000000000000000222e-01 -5.126500475257570041e-04 3.324274591737318207e+00
-4.000000000000000222e-01 -5.161276023889942773e-04 3.133041243658941877e+00
-4.000000000000000222e-01 -5.163292702947964692e-04 2.951773214506201448e+00
-4.000000000000000222e-01 -5.232963526905018295e-04 2.775153401992635160e+00
-4.000000000000000222e-01 -5.277982862584529268e-04 2.609593352751109485e+00
-4.000000000000000222e-01 -5.297395817154888125e-04 2.448674968105772454e+00
-4.000000000000000222e-01 -5.290372112344211191e-04 2.293320837378281851e+00
-4.000000000000000222e-01 -5.256214453378721440e-04 2.152154526604130425e+00
-4.000000000000000222e-01 -5.322395151540408424e-04 2.010135677324103920e+00
-4.000000000000000222e-01 -5.371052289780228100e-04 1.880168213377370945e+00
-4.000000000000000222e-01 -5.401571902633764367e-04 1.757836587509977955e+00
-4.000000000000000222e-01 -5.413401553830652106e-04 1.642349247968068360e+00
-4.000000000000000222e-01 -5.406053652232202566e-04 1.536536537075735787e+00
-4.000000000000000222e-01 -5.536650837553291210e-04 1.443489343212319698e+00
-4.000000000000000222e-01 -5.495209198746853858e-04 1.343093913443407894e+00
-4.000000000000000222e-01 -5.603194058354761054e-04 1.268658520419518654e+00
-4.000000000000000222e-01 -5.526055591094999756e-04 1.182379827217571844e+00
-4.000000000000000222e-01 -5.609808912819659685e-04 1.112818689888850798e+00
-4.000000000000000222e-01 -5.684323417479359482e-04 1.057161043945590517e+00
-4.000000000000000222e-01 -5.553917961885704996e-04 1.006656826118650372e+00
-4.000000000000000222e-01 -5.602214169441634009e-04 9.546276551020401735e-01
-4.000000000000000222e-01 -5.640359733411648858e-04 9.126774359821571148e-01
-4.000000000000000222e-01 -5.668091803533340878e-04 8.800509802072284948e-01
-4.000000000000000222e-01 -5.685166849373443935e-04 8.570947964089385973e-01
-4.000000000000000222e-01 -5.691361414388978459e-04 8.451760039320371787e-01
-4.000000000000000222e-01 -5.921991154936183171e-04 8.242175992368412363e-01
-4.000000000000000222e-01 -5.912328865197309094e-04 8.105923190691828317e-01
-4.000000000000000222e-01 -5.891149946450043376e-04 8.090664697955686213e-01
-4.000000000000000222e-01 -5.858304786363989275e-04 8.248263062894158892e-01
-4.000000000000000222e-01 -6.077903651562724949e-04 8.445376905719726990e-01
-4.000000000000000222e-01 -6.027584453379187818e-04 8.500947843521863279e-01
-4.000000000000000222e-01 -5.965148674587505842e-04 8.833426939106201470e-01
-4.000000000000000222e-01 -6.176850085427395198e-04 9.207464112343578533e-01
-4.000000000000000222e-01 -6.095940357145012128e-04 9.460585362378841623e-01
-4.000000000000000222e-01 -6.002610051743748629e-04 1.016578561539495773e+00
-4.000000000000000222e-01 -6.204874284658385168e-04 1.039788720925491017e+00
-4.000000000000000222e-01 -6.092271587779671737e-04 1.114251496237753436e+00
-4.000000000000000222e-01 -6.290865669086018229e-04 1.156490271740100662e+00
-4.000000000000000222e-01 -6.158501735451454113e-04 1.241997492200291431e+00
-4.000000000000000222e-01 -6.352917649647520917e-04 1.292546662810449387e+00
-4.000000000000000222e-01 -6.200377741255003964e-04 1.399575228720796760e+00
-4.000000000000000222e-01 -6.390125874858510911e-04 1.448887080170362385e+00
-4.000000000000000222e-01 -6.582733814544968051e-04 1.559507421844265274e+00
-4.000000000000000222e-01 -6.401683597283383586e-04 1.630854833540422266e+00
-4.000000000000000222e-01 -6.588994379396457103e-04 1.727371099495742301e+00
-4.000000000000000222e-01 -6.386887366278034541e-04 1.848546741138825222e+00
-4.000000000000000222e-01 -6.568452946281287284e-04 1.923626646696258824e+00
-4.000000000000000222e-01 -6.752563243593625577e-04 2.050260524171202636e+00
-4.000000000000000222e-01 -6.520536498936987382e-04 2.163966612413681823e+00
-4.000000000000000222e-01 -6.698320755280482049e-04 2.259205242933674640e+00
-4.000000000000000222e-01 -6.878496191937947960e-04 2.401186727224184025e+00
-4.000000000000000222e-01 -6.615845187878089360e-04 2.527717142205367029e+00
-4.000000000000000222e-01 -6.789140934743164747e-04 2.629708957649771417e+00
-4.000000000000000222e-01 -6.964677092039589989e-04 2.774110991581631325e+00
-4.000000000000000222e-01 -6.670869006729598276e-04 2.940389480528115218e+00
-4.000000000000000222e-01 -6.839000259306177686e-04 3.037473439288734589e+00
-4.000000000000000222e-01 -7.009223997913577699e-04 3.173159604703377656e+00
-4.000000000000000222e-01 -7.181540222551802653e-04 3.346340423924911711e+00
-4.000000000000000222e-01 -6.846234221230301960e-04 3.495541743901570353e+00
-3.636363636363636465e-01 -6.160741695629925367e-04 3.419903468557068837e+00
-3.636363636363636465e-01 -6.118741739799217136e-04 3.223643221819147531e+00
-3.636363636363636465e-01 -6.159119523208666071e-04 3.033236749050872039e+00
-3.636363636363636465e-01 -6.172054159720429542e-04 2.852140736466249660e+00
-3.636363636363636465e-01 -6.288236978274165450e-04 2.679464747126127033e+00
-3.636363636363636465e-01 -6.249323797086319679e-04 2.508517654599439872e+00
-3.636363636363636465e-01 -6.323929241167685266e-04 2.349385462246090572e+00
-3.636363636363636465e-01 -6.379791680594902592e-04 2.199521177905886749e+00
-3.636363636363636465e-01 -6.416253418196801424e-04 2.054997287926635163e+00
-3.636363636363636465e-01 -6.432712625094677778e-04 1.915080731773617151e+00
-3.636363636363636465e-01 -6.428626405686968396e-04 1.782200042684239705e+00
-3.636363636363636465e-01 -6.403514204683427016e-04 1.662061635819431338e+00
-3.636363636363636465e-01 -6.538238188680589634e-04 1.546936988343923236e+00
-3.636363636363636465e-01 -6.475779789214314210e-04 1.437982189730510729e+00
-3.636363636363636465e-01 -6.585567651277859187e-04 1.335950077384635115e+00
-3.636363636363636465e-01 -6.685941498473940443e-04 1.251938601332149625e+00
-3.636363636363636465e-01 -6.567387496107824360e-04 1.159561078686865754e+00
-3.636363636363636465e-01 -6.640456360205646003e-04 1.077201249653702897e+00
-3.636363636363636465e-01 -6.703036353944319707e-04 1.004934830471353679e+00
-3.636363636363636465e-01 -6.754813674139839141e-04 9.407368592634454130e-01
-3.636363636363636465e-01 -6.795491243614176433e-04 8.833714071802291068e-01
-3.636363636363636465e-01 -6.824789336902474393e-04 8.325882214145182703e-01
-3.636363636363636465e-01 -6.842446253470397524e-04 7.889847379800541960e-01
-3.636363636363636465e-01 -6.848219043670345559e-04 7.541281319923690551e-01
-3.636363636363636465e-01 -6.841884293417276053e-04 7.305246203593823706e-01
-3.636363636363636465e-01 -7.098352688532650863e-04 7.156553739226366728e-01
-3.636363636363636465e-01 -7.074303260814911220e-04 6.860716712947252383e-01
-3.636363636363636465e-01 -7.037505414843337739e-04 6.716196272748039542e-01
-3.636363636363636465e-01 -6.987807726285848913e-04 6.782539887854567295e-01
-3.636363636363636465e-01 -7.231479416671474092e-04 6.794555274121576449e-01
-3.636363636363636465e-01 -7.162428892624227768e-04 6.779764997470526522e-01
-3.636363636363636465e-01 -7.080018596742435619e-04 7.099245695817031354e-01
-3.636363636363636465e-01 -7.314634688502025988e-04 7.158376984721761538e-01
-3.636363636363636465e-01 -7.211849065788611748e-04 7.454355228020339563e-01
-3.636363636363636465e-01 -7.443168797426156363e-04 7.804022705228739198e-01
-3.636363636363636465e-01 -7.319379295105561938e-04 8.109798908098853065e-01
-3.636363636363636465e-01 -7.546852307999988522e-04 8.642025629736000969e-01
-3.636363636363636465e-01 -7.401495483425827703e-04 9.019548140914629419e-01
-3.636363636363636465e-01 -7.624587613937705522e-04 9.636467994999688980e-01
-3.636363636363636465e-01 -7.457168852446830051e-04 1.017657326075766422e+00
-3.636363636363636465e-01 -7.675362724242339738e-04 1.079007732362751826e+00
-3.636363636363636465e-01 -7.485460380403102668e-04 1.161456960917228942e+00
-3.636363636363636465e-01 -7.698256047152313630e-04 1.214502300111240718e+00
-3.636363636363636465e-01 -7.914034133898013249e-04 1.322342823509060628e+00
-3.636363636363636465e-01 -7.692441724543474428e-04 1.378346205590976536e+00
-3.636363636363636465e-01 -7.902178305526740129e-04 1.467133375151298047e+00
-3.636363636363636465e-01 -7.657195609942695847e-04 1.583030394385245287e+00
-3.636363636363636465e-01 -7.860430191890158775e-04 1.646664998833451410e+00
-3.636363636363636465e-01 -8.066326654413231902e-04 1.756845233370230019e+00
-3.636363636363636465e-01 -7.788193894063121393e-04 1.878538200074268083e+00
-3.636363636363636465e-01 -7.986991104757566262e-04 1.955068862183959810e+00
-3.636363636363636465e-01 -8.188293636317726725e-04 2.074024629493973038e+00
-3.636363636363636465e-01 -7.876271087120113434e-04 2.223543007922570869e+00
-3.636363636363636465e-01 -8.069902978234414154e-04 2.301553713963955250e+00
-3.636363636363636465e-01 -8.265886197716826051e-04 2.418285613472997753e+00
-3.636363636363636465e-01 -8.464220745567354546e-04 2.572754082198512204e+00
-3.636363636363636465e-01 -8.107172020796316438e-04 2.693329248525860198e+00
-3.636363636363636465e-01 -8.297140316596274528e-04 2.798230424354710255e+00
-3.636363636363636465e-01 -8.489308592660277071e-04 2.937545642691788750e+00
-3.636363636363636465e-01 -8.683676848988320816e-04 3.110522480119591648e+00
-3.636363636363636465e-01 -8.280337719239619712e-04 3.231882886394115140e+00
-3.636363636363636465e-01 -8.465678095271844368e-04 3.347997920198667376e+00
-3.636363636363636465e-01 -8.653069831304423297e-04 3.495042054283202138e+00
-3.333333333333333148e-01 -7.080618000325849485e-04 3.477056167323015146e+00
-3.333333333333333148e-01 -7.085330868804510900e-04 3.279278539039991891e+00
-3.333333333333333148e-01 -7.205203553596569496e-04 3.084517659670076295e+00
-3.333333333333333148e-01 -7.154924754293331361e-04 2.900183964223605138e+00
-3.333333333333333148e-01 -7.230709296345714989e-04 2.719084190653505928e+00
-3.333333333333333148e-01 -7.286641712748378064e-04 2.547781038751077975e+00
-3.333333333333333148e-01 -7.322046447449593242e-04 2.383691008542617062e+00
-3.333333333333333148e-01 -7.336299647049751571e-04 2.226867195929611576e+00
-3.333333333333333148e-01 -7.328832082095971699e-04 2.080359124400272375e+00
-3.333333333333333148e-01 -7.490580307532004791e-04 1.939218217666784927e+00
-3.333333333333333148e-01 -7.444608919787213102e-04 1.800338535759436143e+00
-3.333333333333333148e-01 -7.581044081539264597e-04 1.678056655401503949e+00
-3.333333333333333148e-01 -7.494658426431385825e-04 1.554015947639385553e+00
-3.333333333333333148e-01 -7.603945342905548983e-04 1.438978816451474740e+00
-3.333333333333333148e-01 -7.702941324626753038e-04 1.338024443126453411e+00
-3.333333333333333148e-01 -7.556077970030346865e-04 1.244855933967371708e+00
-3.333333333333333148e-01 -7.625565684196744564e-04 1.148106990850172648e+00
-3.333333333333333148e-01 -7.683688391903614745e-04 1.061171025203937468e+00
-3.333333333333333148e-01 -7.730131175681845919e-04 9.829290458332076152e-01
-3.333333333333333148e-01 -7.764595093069495474e-04 9.131200907916832143e-01
-3.333333333333333148e-01 -7.786797807080570160e-04 8.522663878452885200e-01
-3.333333333333333148e-01 -7.796474265600913511e-04 8.017320257120493787e-01
-3.333333333333333148e-01 -8.083349202119427404e-04 7.463923569874240105e-01
-3.333333333333333148e-01 -8.074958385853521796e-04 6.949571090073970447e-01
-3.333333333333333148e-01 -8.053292493691933994e-04 6.549323329750801337e-01
-3.333333333333333148e-01 -8.018150018076536292e-04 6.306736967647532666e-01
-3.333333333333333148e-01 -8.292959657417279824e-04 6.139729917082119570e-01
-3.333333333333333148e-01 -8.237885894451060006e-04 5.816784807629717946e-01
-3.333333333333333148e-01 -8.168746136120350835e-04 5.735279408479724284e-01
-3.333333333333333148e-01 -8.435028525366036929e-04 5.768829925434051376e-01
-3.333333333333333148e-01 -8.344751638106532969e-04 5.618688887172069713e-01
-3.333333333333333148e-01 -8.239945153033544425e-04 5.849167129970730405e-01
-3.333333333333333148e-01 -8.496027680591414352e-04 5.811300469319605755e-01
-3.333333333333333148e-01 -8.369050225309359768e-04 6.059644519031140986e-01
-3.333333333333333148e-01 -8.621305901112460155e-04 6.234597430845403299e-01
-3.333333333333333148e-01 -8.471518913546580327e-04 6.549898127241291501e-01
-3.333333333333333148e-01 -8.719392275181554264e-04 6.844659599686557794e-01
-3.333333333333333148e-01 -8.546220264851789360e-04 7.302327572347779849e-01
-3.333333333333333148e-01 -8.789171071752837315e-04 7.632377625735914384e-01
-3.333333333333333148e-01 -8.592105414612391349e-04 8.334243851794485014e-01
-3.333333333333333148e-01 -8.829609234116017570e-04 8.623328404346872755e-01
-3.333333333333333148e-01 -9.070351006169112247e-04 9.452113213058502827e-01
-3.333333333333333148e-01 -8.839761253122815693e-04 9.879184843012500661e-01
-3.333333333333333148e-01 -9.074383074780477919e-04 1.056330633936253705e+00
-3.333333333333333148e-01 -8.818774613557922061e-04 1.149881411206925108e+00
-3.333333333333333148e-01 -9.046787822092939874e-04 1.197844116488851141e+00
-3.333333333333333148e-01 -9.277711218356546070e-04 1.291912410807528167e+00
-3.333333333333333148e-01 -8.986829805042237515e-04 1.384163101285428077e+00
-3.333333333333333148e-01 -9.210513342056447002e-04 1.449567648068424308e+00
-3.333333333333333148e-01 -9.436946523041331476e-04 1.557092199692994061e+00
-3.333333333333333148e-01 -9.109874529294308696e-04 1.666093495347692244e+00
-3.333333333333333148e-01 -9.328460026665625878e-04 1.737742464852325419e+00
-3.333333333333333148e-01 -9.549636934794162235e-04 1.847947690435650436e+00
-3.333333333333333148e-01 -9.773405253679912346e-04 1.995882748901598003e+00
-3.333333333333333148e-01 -9.398357157630452723e-04 2.065242561098972196e+00
-3.333333333333333148e-01 -9.613538673667715827e-04 2.168678018258634488e+00
-3.333333333333333148e-01 -9.831155747328491033e-04 2.306673986102237173e+00
-3.333333333333333148e-01 -9.418155962503499097e-04 2.443335325755776832e+00
-3.333333333333333148e-01 -9.626631240700625957e-04 2.531755239165813354e+00
-3.333333333333333148e-01 -9.837388678483930358e-04 2.651777100244029572e+00
-3.333333333333333148e-01 -1.005042827585340796e-03 2.802690090001076495e+00
-3.333333333333333148e-01 -9.587134617080180984e-04 2.958169474094298756e+00
-3.333333333333333148e-01 -9.790353868905227186e-04 3.053337656629011576e+00
-3.333333333333333148e-01 -9.995704418599440054e-04 3.176867491004392363e+00
-3.333333333333333148e-01 -1.020318626616281959e-03 3.328135100294783655e+00
-3.333333333333333148e-01 -1.041279941159536579e-03 3.506533960419491169e+00
