-1.666666666666666574e-01 -1.717476909340569539e-03 3.439755068980259622e+00
-1.666666666666666574e-01 -1.729161511202307374e-03 3.149053649784723685e+00
-1.666666666666666574e-01 -1.736962976777571251e-03 2.873943121977006854e+00
-1.666666666666666574e-01 -1.758844831663078975e-03 2.612800341077197164e+00
-1.666666666666666574e-01 -1.777934474215570135e-03 2.367433509889512067e+00
-1.666666666666666574e-01 -1.794121479854037665e-03 2.135839432782720149e+00
-1.666666666666666574e-01 -1.807298013930005304e-03 1.917362532324196067e+00
-1.666666666666666574e-01 -1.817358970921734759e-03 1.712426145641575248e+00
-1.666666666666666574e-01 -1.824202126851912032e-03 1.522885026335720537e+00
-1.666666666666666574e-01 -1.850126303809936090e-03 1.345785050749680023e+00
-1.666666666666666574e-01 -1.850969760362346271e-03 1.183831272561062686e+00
-1.666666666666666574e-01 -1.872216805948816913e-03 1.031761867638392394e+00
-1.666666666666666574e-01 -1.891396147507793573e-03 8.938666278291843570e-01
-1.666666666666666574e-01 -1.908435775132425903e-03 7.688056130004629063e-01
-1.666666666666666574e-01 -1.923265019259311551e-03 6.559782862860961128e-01
-1.666666666666666574e-01 -1.935814609037719890e-03 5.552839684823841493e-01
-1.666666666666666574e-01 -1.946016735182835248e-03 4.672528926953968820e-01
-1.666666666666666574e-01 -1.982584914837582334e-03 3.918905565077696052e-01
-1.666666666666666574e-01 -1.988720679638462073e-03 3.226768326838316825e-01
-1.666666666666666574e-01 -1.992319525814185803e-03 2.683242228440786414e-01
-1.666666666666666574e-01 -2.024659947449679743e-03 2.236394029474592926e-01
-1.666666666666666574e-01 -2.023842593541061441e-03 1.894763652449786007e-01
-1.666666666666666574e-01 -2.053414226537773717e-03 1.646618988832488084e-01
-1.666666666666666574e-01 -2.047962426575949870e-03 1.542517321256841878e-01
-1.666666666666666574e-01 -2.074577259088101859e-03 1.458830079257305012e-01
-1.666666666666666574e-01 -2.100118593763266629e-03 1.504384227405111130e-01
-1.666666666666666574e-01 -2.124549712038999692e-03 1.664615567719313627e-01
-1.666666666666666574e-01 -2.110078877266623534e-03 1.914986106274552957e-01
-1.666666666666666574e-01 -2.131208885305634244e-03 2.202119676922884850e-01
-1.666666666666666574e-01 -2.151112678751342187e-03 2.583697544242967714e-01
-1.666666666666666574e-01 -2.169755357902370275e-03 3.052613651165342890e-01
-1.666666666666666574e-01 -2.187102448874965639e-03 3.602970907388167721e-01
-1.666666666666666574e-01 -2.203119916332506312e-03 4.230985358774420058e-01
-1.666666666666666574e-01 -2.217774176886465158e-03 4.934256803596390739e-01
-1.666666666666666574e-01 -2.231032113218019575e-03 5.712015298042650846e-01
-1.666666666666666574e-01 -2.242861088974053459e-03 6.565185537076706490e-01
-1.666666666666666574e-01 -2.253228964496415809e-03 7.496612850528968641e-01
-1.666666666666666574e-01 -2.309911755634529336e-03 8.469120136554714184e-01
-1.666666666666666574e-01 -2.318303316389449219e-03 9.464300680800885601e-01
-1.666666666666666574e-01 -2.325145527812264631e-03 1.053364954174161205e+00
-1.666666666666666574e-01 -2.330408031804715070e-03 1.168577395502474525e+00
-1.666666666666666574e-01 -2.334061044246890995e-03 1.293156831510841487e+00
-1.666666666666666574e-01 -2.389303181072664848e-03 1.417719105163029569e+00
-1.666666666666666574e-01 -2.390718567148864774e-03 1.544142520306844402e+00
-1.666666666666666574e-01 -2.390442000777546865e-03 1.681400277100524976e+00
-1.666666666666666574e-01 -2.445078911177551214e-03 1.827049131540400495e+00
-1.666666666666666574e-01 -2.442420232956658572e-03 1.964652291550116336e+00
-1.666666666666666574e-01 -2.437990603866196319e-03 2.115660672814609899e+00
-1.666666666666666574e-01 -2.491867222693332131e-03 2.272250142334648171e+00
-1.666666666666666574e-01 -2.484915637219518771e-03 2.423580329954690527e+00
-1.666666666666666574e-01 -2.476117853957870898e-03 2.591976354645654013e+00
-1.666666666666666574e-01 -2.529081443183543113e-03 2.750500215774069446e+00
-1.666666666666666574e-01 -2.517626866993688019e-03 2.920697908532070564e+00
-1.666666666666666574e-01 -2.570350606721311538e-03 3.092762140944059546e+00
-1.666666666666666574e-01 -2.556155206239650417e-03 3.265309969148676661e+00
-1.666666666666666574e-01 -2.608587794289338613e-03 3.447467096464533753e+00
-1.610169491525423879e-01 -1.770579641924196947e-03 3.526667129891364105e+00
-1.610169491525423879e-01 -1.781194507875965725e-03 3.234301748111019670e+00
-1.610169491525423879e-01 -1.787881566706430109e-03 2.957555580645115256e+00
-1.610169491525423879e-01 -1.809033251655312296e-03 2.694724727337549197e+00
-1.610169491525423879e-01 -1.827357637102918321e-03 2.446912941875829972e+00
-1.610169491525423879e-01 -1.842746009495188630e-03 2.212739183819310895e+00
-1.610169491525423879e-01 -1.855092150983275387e-03 1.991817110049672435e+00
-1.610169491525423879e-01 -1.864292474835126112e-03 1.785125061456335427e+00
-1.610169491525423879e-01 -1.892356824610883252e-03 1.593439952688888717e+00
-1.610169491525423879e-01 -1.895694574444158325e-03 1.411783032783786362e+00
-1.610169491525423879e-01 -1.919209749836331760e-03 1.245220736415179497e+00
-1.610169491525423879e-01 -1.940717860332183973e-03 1.092923546076937535e+00
-1.610169491525423879e-01 -1.934962547984611170e-03 9.507560911778379920e-01
-1.610169491525423879e-01 -1.951442761996675457e-03 8.211660926970507646e-01
-1.610169491525423879e-01 -1.965694562599722920e-03 7.044893488061386710e-01
-1.610169491525423879e-01 -2.005244870556940548e-03 5.999159551120106793e-01
-1.610169491525423879e-01 -2.015652791328332010e-03 5.041123656455277491e-01
-1.610169491525423879e-01 -2.023636999378671062e-03 4.206771958276538936e-01
-1.610169491525423879e-01 -2.029132988888977546e-03 3.513085708456105127e-01
-1.610169491525423879e-01 -2.063037215399772008e-03 2.893679335097666394e-01
-1.610169491525423879e-01 -2.064209317894406554e-03 2.395547479306013583e-01
-1.610169491525423879e-01 -2.095427075369857024e-03 1.994316773534028642e-01
-1.610169491525423879e-01 -2.092054300534826067e-03 1.712952487370463794e-01
-1.610169491525423879e-01 -2.120396377504382007e-03 1.487288935069006612e-01
-1.610169491525423879e-01 -2.147702172861813003e-03 1.399195223436527913e-01
-1.610169491525423879e-01 -2.137548838512479035e-03 1.404788253093192663e-01
-1.610169491525423879e-01 -2.161713029648083036e-03 1.452597011235482738e-01
-1.610169491525423879e-01 -2.184722732919457382e-03 1.607064789280112371e-01
-1.610169491525423879e-01 -2.206542394753349505e-03 1.857720759929549215e-01
-1.610169491525423879e-01 -2.227136840196081765e-03 2.195766163673608662e-01
-1.610169491525423879e-01 -2.246471283646754406e-03 2.613798790594719090e-01
-1.610169491525423879e-01 -2.264511340128444808e-03 3.106181889167002885e-01
-1.610169491525423879e-01 -2.281223037134834028e-03 3.668725365764404778e-01
-1.610169491525423879e-01 -2.296572827093039219e-03 4.298760561839097272e-01
-1.610169491525423879e-01 -2.310527600487109409e-03 4.995194858531813997e-01
-1.610169491525423879e-01 -2.323054699690706593e-03 5.758705684062086494e-01
-1.610169491525423879e-01 -2.334121933562053382e-03 6.591586771398565414e-01
-1.610169491525423879e-01 -2.343697592859249595e-03 7.497501997013589214e-01
-1.610169491525423879e-01 -2.351750466539742276e-03 8.481939955107917761e-01
-1.610169491525423879e-01 -2.358249859013985573e-03 9.552036872428537606e-01
-1.610169491525423879e-01 -2.414732884265312612e-03 1.058424955652172095e+00
-1.610169491525423879e-01 -2.419096586844488288e-03 1.169084246558388163e+00
-1.610169491525423879e-01 -2.421822214020510206e-03 1.289038277067587446e+00
-1.610169491525423879e-01 -2.422880920436858761e-03 1.419597888265144325e+00
-1.610169491525423879e-01 -2.478259267921017854e-03 1.541916844414305876e+00
-1.610169491525423879e-01 -2.476982721503679687e-03 1.673985225472431004e+00
-1.610169491525423879e-01 -2.473959194582402241e-03 1.818821317462232301e+00
-1.610169491525423879e-01 -2.528630675394934451e-03 1.955823224483190348e+00
-1.610169491525423879e-01 -2.523131080310375175e-03 2.101651764275411782e+00
-1.610169491525423879e-01 -2.577683688937736171e-03 2.259881952163138141e+00
-1.610169491525423879e-01 -2.569620477308472584e-03 2.405991221677592939e+00
-1.610169491525423879e-01 -2.559685090174015302e-03 2.569703457400306590e+00
-1.610169491525423879e-01 -2.613289606493847742e-03 2.727833179507543448e+00
-1.610169491525423879e-01 -2.600657196878639835e-03 2.893684095644098786e+00
-1.610169491525423879e-01 -2.654002622512239163e-03 3.063906964546355916e+00
-1.610169491525423879e-01 -2.638590030651450247e-03 3.232620381467135040e+00
-1.610169491525423879e-01 -2.691625690267544085e-03 3.411666054844535445e+00
-1.557377049180327933e-01 -1.832817028013017510e-03 3.310900012145607363e+00
-1.557377049180327933e-01 -1.838360824976286540e-03 3.032517602338513640e+00
-1.557377049180327933e-01 -1.858751841929851423e-03 2.768800200778924303e+00
-1.557377049180327933e-01 -1.876282000996993453e-03 2.519463118604869933e+00
-1.557377049180327933e-01 -1.890844286313278673e-03 2.283390611534001913e+00
-1.557377049180327933e-01 -1.902334089509268586e-03 2.060774006047863427e+00
-1.557377049180327933e-01 -1.910649341516815853e-03 1.852877495405791608e+00
-1.557377049180327933e-01 -1.938234981530275944e-03 1.656588051301044251e+00
-1.557377049180327933e-01 -1.940636467622859629e-03 1.474833708247526909e+00
-1.557377049180327933e-01 -1.963627941997201070e-03 1.303607628213111269e+00
-1.557377049180327933e-01 -1.984592310817327905e-03 1.146445988065616595e+00
-1.557377049180327933e-01 -2.003457932092364384e-03 1.001973823216615544e+00
-1.557377049180327933e-01 -2.020154337558525536e-03 8.692348105527140101e-01
-1.557377049180327933e-01 -2.034612282450842975e-03 7.478466161123626943e-01
-1.557377049180327933e-01 -2.046763798979372301e-03 6.378913627200931691e-01
-1.557377049180327933e-01 -2.056542253893821077e-03 5.401449087510360458e-01
-1.557377049180327933e-01 -2.063882410571472176e-03 4.558580345238099629e-01
-1.557377049180327933e-01 -2.099291437042636547e-03 3.774412296274295420e-01
-1.557377049180327933e-01 -2.102401994788756848e-03 3.123752058495644635e-01
-1.557377049180327933e-01 -2.135207350976376511e-03 2.577808173117228652e-01
-1.557377049180327933e-01 -2.133865238854832161e-03 2.127523943564231523e-01
-1.557377049180327933e-01 -2.163876953333233009e-03 1.769651294005025188e-01
-1.557377049180327933e-01 -2.157866764732050292e-03 1.557761128594798705e-01
-1.557377049180327933e-01 -2.184899986631720029e-03 1.358626807770346168e-01
-1.557377049180327933e-01 -2.210851653955014928e-03 1.283402188791912812e-01
-1.557377049180327933e-01 -2.235685720665287271e-03 1.318958142298150560e-01
-1.557377049180327933e-01 -2.259366478821770493e-03 1.453496742096241356e-01
-1.557377049180327933e-01 -2.242119708531841154e-03 1.631904741814326210e-01
-1.557377049180327933e-01 -2.262404107036129937e-03 1.888016371379877267e-01
-1.557377049180327933e-01 -2.281422213327496690e-03 2.230419947483925913e-01
-1.557377049180327933e-01 -2.299140014462271089e-03 2.654011382036333133e-01
-1.557377049180327933e-01 -2.315523894444965897e-03 3.155162887140191552e-01
-1.557377049180327933e-01 -2.330540646314156143e-03 3.731748716485385198e-01
-1.557377049180327933e-01 -2.344157484871315332e-03 4.383356876811377312e-01
-1.557377049180327933e-01 -2.356342060099949742e-03 5.111122455160954647e-01
-1.557377049180327933e-01 -2.414882489271766471e-03 5.914030055833636723e-01
-1.557377049180327933e-01 -2.425147734231150598e-03 6.719246591470422469e-01
-1.557377049180327933e-01 -2.433892156056689272e-03 7.592728660593688339e-01
-1.557377049180327933e-01 -2.441084963240790998e-03 8.541245691512870941e-01
-1.557377049180327933e-01 -2.446695865112389744e-03 9.572799310742372558e-01
-1.557377049180327933e-01 -2.450695089775563849e-03 1.069709893428588465e+00
-1.557377049180327933e-01 -2.507356688495437393e-03 1.177794321790889720e+00
-1.557377049180327933e-01 -2.509121385115859349e-03 1.292566911048420142e+00
-1.557377049180327933e-01 -2.509192178572188219e-03 1.418080397096471934e+00
-1.557377049180327933e-01 -2.565261781574850949e-03 1.547764887069462691e+00
-1.557377049180327933e-01 -2.562954760881805578e-03 1.674051551921966308e+00
-1.557377049180327933e-01 -2.558874732763431140e-03 1.813466228693344950e+00
-1.557377049180327933e-01 -2.614200154780631571e-03 1.954966660878836304e+00
-1.557377049180327933e-01 -2.607603204537135497e-03 2.095098075528921910e+00
-1.557377049180327933e-01 -2.599157522386953516e-03 2.251603368148431095e+00
-1.557377049180327933e-01 -2.653588664077565201e-03 2.396375817600473468e+00
-1.557377049180327933e-01 -2.642491457210482866e-03 2.554909307720304223e+00
-1.557377049180327933e-01 -2.696694999179502505e-03 2.713689822328333889e+00
-1.557377049180327933e-01 -2.682862431179538088e-03 2.874656335800978901e+00
-1.557377049180327933e-01 -2.736787966046246977e-03 3.044132033410426263e+00
-1.557377049180327933e-01 -2.720137777898081963e-03 3.208409016607833841e+00
-1.557377049180327933e-01 -2.773735263910106705e-03 3.385677793521262302e+00
-1.507936507936507853e-01 -1.866047826938204779e-03 3.378589563286456432e+00
-1.507936507936507853e-01 -1.888436105609543744e-03 3.099363392323471800e+00
-1.507936507936507853e-01 -1.908038944606494291e-03 2.835448935552010052e+00
-1.507936507936507853e-01 -1.924748800051280864e-03 2.585071610438397283e+00
-1.507936507936507853e-01 -1.938460335431378342e-03 2.347714071206231878e+00
-1.507936507936507853e-01 -1.949070539040778389e-03 2.123854715679744487e+00
-1.507936507936507853e-01 -1.956478852350482505e-03 1.915153946391904061e+00
-1.507936507936507853e-01 -1.983560713136168704e-03 1.715607481398101708e+00
-1.507936507936507853e-01 -2.008749641994568395e-03 1.532628517808403368e+00
-1.507936507936507853e-01 -2.007451311295990661e-03 1.359287942655601267e+00
-1.507936507936507853e-01 -2.027849762763487759e-03 1.198552278479242172e+00
-1.507936507936507853e-01 -2.046131328032765092e-03 1.050557708407735324e+00
-1.507936507936507853e-01 -2.062226520033908200e-03 9.146014567687417163e-01
-1.507936507936507853e-01 -2.076067031624198068e-03 7.904113287451201009e-01
-1.507936507936507853e-01 -2.087585787574528905e-03 6.783955301448564290e-01
-1.507936507936507853e-01 -2.126067076110595404e-03 5.787726278031986027e-01
-1.507936507936507853e-01 -2.133573956846258196e-03 4.852866588403775827e-01
-1.507936507936507853e-01 -2.138571153090543416e-03 4.054347630554610560e-01
-1.507936507936507853e-01 -2.172907299750124858e-03 3.371957978051307592e-01
-1.507936507936507853e-01 -2.173545903031386898e-03 2.761238938799978615e-01
-1.507936507936507853e-01 -2.205170887215300579e-03 2.280585622325960737e-01
-1.507936507936507853e-01 -2.201233372023654426e-03 1.882203896657875242e-01
-1.507936507936507853e-01 -2.229961555084983543e-03 1.566174418243694300e-01
-1.507936507936507853e-01 -2.257645373117458335e-03 1.379960295042045315e-01
-1.507936507936507853e-01 -2.246888821156898825e-03 1.265898693458012703e-01
-1.507936507936507853e-01 -2.271414436027474355e-03 1.210783187577078174e-01
-1.507936507936507853e-01 -2.294779587145794920e-03 1.257849460521451301e-01
-1.507936507936507853e-01 -2.316949343595839719e-03 1.397673527743377442e-01
-1.507936507936507853e-01 -2.337889117807312196e-03 1.622157643260407622e-01
-1.507936507936507853e-01 -2.357564675260162817e-03 1.924714376059196708e-01
-1.507936507936507853e-01 -2.375942144670750884e-03 2.300138217378929761e-01
-1.507936507936507853e-01 -2.392988028692780329e-03 2.744627403833705959e-01
-1.507936507936507853e-01 -2.408669215169021924e-03 3.255964058900618907e-01
-1.507936507936507853e-01 -2.422952988973062216e-03 3.833374477817665937e-01
-1.507936507936507853e-01 -2.435807044483847498e-03 4.477424064174003737e-01
-1.507936507936507853e-01 -2.447199498739765795e-03 5.190244734402821303e-01
-1.507936507936507853e-01 -2.457098905323355786e-03 5.975439048783427465e-01
-1.507936507936507853e-01 -2.465474269032644737e-03 6.838491684246073010e-01
-1.507936507936507853e-01 -2.472295061400558470e-03 7.786082762224381115e-01
-1.507936507936507853e-01 -2.530124570002816996e-03 8.693036607524123882e-01
-1.507936507936507853e-01 -2.534813304311573246e-03 9.679287457345038259e-01
-1.507936507936507853e-01 -2.537863494999810249e-03 1.075633565984364326e+00
-1.507936507936507853e-01 -2.539246287027435017e-03 1.193755930590602032e+00
-1.507936507936507853e-01 -2.595987469490640496e-03 1.304071174655729859e+00
-1.507936507936507853e-01 -2.595040699332030500e-03 1.423894363359999637e+00
-1.507936507936507853e-01 -2.592346654431304433e-03 1.556151741140364919e+00
-1.507936507936507853e-01 -2.648395772754655406e-03 1.681627851717031108e+00
-1.507936507936507853e-01 -2.643232479866450095e-03 1.815081552794224340e+00
-1.507936507936507853e-01 -2.699172358387724562e-03 1.961844422542922350e+00
-1.507936507936507853e-01 -2.691453003300942753e-03 2.095778381170734228e+00
-1.507936507936507853e-01 -2.681860957785453699e-03 2.246506223904111810e+00
-1.507936507936507853e-01 -2.736872058231489945e-03 2.394323090209479865e+00
-1.507936507936507853e-01 -2.724590939001862635e-03 2.547168012098862011e+00
-1.507936507936507853e-01 -2.779355216875800151e-03 2.707477080236534217e+00
-1.507936507936507853e-01 -2.764302158995617618e-03 2.863005267764040074e+00
-1.507936507936507853e-01 -2.818769858206891885e-03 3.032855726869271074e+00
-1.507936507936507853e-01 -2.800863525062638557e-03 3.191990586526161522e+00
-1.507936507936507853e-01 -2.854985240737388779e-03 3.368336131517826182e+00
-1.507936507936507853e-01 -2.834145891754832457e-03 3.532760005113094515e+00
-1.461538461538461620e-01 -1.916531543943378584e-03 3.436773636510761065e+00
-1.461538461538461620e-01 -1.938139289258222807e-03 3.158900699967154058e+00
-1.461538461538461620e-01 -1.956929081957372793e-03 2.895061276994385757e+00
-1.461538461538461620e-01 -1.972795109850501369e-03 2.644098272037534780e+00
-1.461538461538461620e-01 -1.985633693530565978e-03 2.405780807367384533e+00
-1.461538461538461620e-01 -1.995343400782085587e-03 2.180995770846602788e+00
-1.461538461538461620e-01 -2.024494216354795137e-03 1.971055158731961798e+00
-1.461538461538461620e-01 -2.028380790462936626e-03 1.770086915006794159e+00
-1.461538461538461620e-01 -2.053022886760517713e-03 1.584247077870141851e+00
-1.461538461538461620e-01 -2.050731175639829585e-03 1.411512354387084445e+00
-1.461538461538461620e-01 -2.070543947255745407e-03 1.248172530890036880e+00
-1.461538461538461620e-01 -2.088222507868262457e-03 1.097606585491224918e+00
-1.461538461538461620e-01 -2.103698347364606897e-03 9.592175690284782119e-01
-1.461538461538461620e-01 -2.116904094619226264e-03 8.330781866662526625e-01
-1.461538461538461620e-01 -2.156732961887689471e-03 7.174528179884098744e-01
-1.461538461538461620e-01 -2.166023776856553906e-03 6.106321135095329478e-01
-1.461538461538461620e-01 -2.172855543932095124e-03 5.165118735967854091e-01
-1.461538461538461620e-01 -2.208667524681883973e-03 4.354386797332744918e-01
-1.461538461538461620e-01 -2.211236002340616087e-03 3.591748860518640396e-01
-1.461538461538461620e-01 -2.244419346392956954e-03 2.997384070120467370e-01
-1.461538461538461620e-01 -2.242505449324807068e-03 2.425612302824923794e-01
-1.461538461538461620e-01 -2.272874095767858302e-03 2.003458547633153453e-01
-1.461538461538461620e-01 -2.266265739534546395e-03 1.662680354107954062e-01
-1.461538461538461620e-01 -2.293638294671017808e-03 1.387673447036232022e-01
-1.461538461538461620e-01 -2.319922606732059862e-03 1.229340543740494313e-01
-1.461538461538461620e-01 -2.345083350973569628e-03 1.175339131580183383e-01
-1.461538461538461620e-01 -2.329363901152423175e-03 1.187653655442017508e-01
-1.461538461538461620e-01 -2.351194971663638032e-03 1.255987530056723034e-01
-1.461538461538461620e-01 -2.371790110928971660e-03 1.413060868864273179e-01
-1.461538461538461620e-01 -2.391115491536614009e-03 1.652885501343985541e-01
-1.461538461538461620e-01 -2.409137636106685118e-03 1.970815358556783359e-01
-1.461538461538461620e-01 -2.425823427674658837e-03 2.363741114063077353e-01
-1.461538461538461620e-01 -2.441140120610973963e-03 2.829937944842326192e-01
-1.461538461538461620e-01 -2.455055352115076070e-03 3.368996089374503011e-01
-1.461538461538461620e-01 -2.467537154325649164e-03 3.982002553505210041e-01
-1.461538461538461620e-01 -2.478553967092617018e-03 4.671451662136191230e-01
-1.461538461538461620e-01 -2.537918425771564391e-03 5.387796787083897199e-01
-1.461538461538461620e-01 -2.546961954630312230e-03 6.143794136600715383e-01
-1.461538461538461620e-01 -2.554454097643193283e-03 6.972724595439766526e-01
-1.461538461538461620e-01 -2.560364753909884043e-03 7.882192201453758207e-01
-1.461538461538461620e-01 -2.564664292729449107e-03 8.881262185468717929e-01
-1.461538461538461620e-01 -2.622620978551766079e-03 9.875119647828549674e-01
-1.461538461538461620e-01 -2.624692159138467245e-03 1.089952415318352630e+00
-1.461538461538461620e-01 -2.625070555739522291e-03 1.202633717543297509e+00
-1.461538461538461620e-01 -2.682447452338271136e-03 1.323621258344498397e+00
-1.461538461538461620e-01 -2.680455842961479689e-03 1.437264352421802505e+00
-1.461538461538461620e-01 -2.676692605558669228e-03 1.563477032242866605e+00
-1.461538461538461620e-01 -2.733340615271878486e-03 1.696710108133142603e+00
-1.461538461538461620e-01 -2.727069496686219431e-03 1.823681698195290135e+00
-1.461538461538461620e-01 -2.718950959406535046e-03 1.966228018083571394e+00
-1.461538461538461620e-01 -2.774722860593862098e-03 2.103546158607798144e+00
-1.461538461538461620e-01 -2.763962631792024963e-03 2.247993121888970158e+00
-1.461538461538461620e-01 -2.819518280691044650e-03 2.399529240395406049e+00
-1.461538461538461620e-01 -2.806033059336102316e-03 2.546156761082181141e+00
-1.461538461538461620e-01 -2.861323022539091938e-03 2.708915556236993538e+00
-1.461538461538461620e-01 -2.845030927888507477e-03 2.858346129424822024e+00
-1.461538461538461620e-01 -2.900006100219194166e-03 3.029246967130899026e+00
-1.461538461538461620e-01 -2.880826733413260638e-03 3.182829955064057081e+00
-1.461538461538461620e-01 -2.935438347352120007e-03 3.359282606962732842e+00
-1.461538461538461620e-01 -2.913292857586233849e-03 3.518524601659132500e+00
-1.417910447761193959e-01 -1.966695776002740006e-03 3.488269462428323031e+00
-1.417910447761193959e-01 -1.987499167448497986e-03 3.211797954453129655e+00
-1.417910447761193959e-01 -2.005453386231140309e-03 2.948313515460070811e+00
-1.417910447761193959e-01 -2.020454322059567469e-03 2.696943365275261684e+00
-1.417910447761193959e-01 -2.032399927368064557e-03 2.457875822149361955e+00
-1.417910447761193959e-01 -2.041190328835330511e-03 2.232270960758637735e+00
-1.417910447761193959e-01 -2.069816761171664257e-03 2.021404186017836224e+00
-1.417910447761193959e-01 -2.072737160561403860e-03 1.819673873189201707e+00
-1.417910447761193959e-01 -2.096813050783672729e-03 1.631990114308327078e+00
-1.417910447761193959e-01 -2.118884737732535783e-03 1.457559373891701870e+00
-1.417910447761193959e-01 -2.112722933352976975e-03 1.294622355696004146e+00
-1.417910447761193959e-01 -2.129781606261165264e-03 1.142164865841353683e+00
-1.417910447761193959e-01 -2.172380361442721470e-03 1.002033400812803121e+00
-1.417910447761193959e-01 -2.185746170382327734e-03 8.712512169790480598e-01
-1.417910447761193959e-01 -2.196768552084648815e-03 7.514660478577305236e-01
-1.417910447761193959e-01 -2.205383012176764367e-03 6.436303057091531388e-01
-1.417910447761193959e-01 -2.211526293564587253e-03 5.493312896481306051e-01
-1.417910447761193959e-01 -2.247064967615156408e-03 4.599029290247664270e-01
-1.417910447761193959e-01 -2.248923402080024985e-03 3.846433258803087507e-01
-1.417910447761193959e-01 -2.281813080410976646e-03 3.166984392226271372e-01
-1.417910447761193959e-01 -2.279170363516351636e-03 2.621793041767799259e-01
-1.417910447761193959e-01 -2.309227473536370340e-03 2.117056683596296451e-01
-1.417910447761193959e-01 -2.338268901334043977e-03 1.747729000296389668e-01
-1.417910447761193959e-01 -2.328919537008341482e-03 1.472701394963290555e-01
-1.417910447761193959e-01 -2.354869309425109553e-03 1.239105803086289342e-01
-1.417910447761193959e-01 -2.379688519989858926e-03 1.111430718747196678e-01
-1.417910447761193959e-01 -2.403342602803309157e-03 1.079498714716267127e-01
-1.417910447761193959e-01 -2.425797295933317284e-03 1.134741696292326241e-01
-1.417910447761193959e-01 -2.447018649801821748e-03 1.269848638699730969e-01
-1.417910447761193959e-01 -2.466973035976625667e-03 1.478768535241204440e-01
-1.417910447761193959e-01 -2.485627156395063802e-03 1.756873292391029351e-01
-1.417910447761193959e-01 -2.502948053048891300e-03 2.100831772157775446e-01
-1.417910447761193959e-01 -2.518903118162259779e-03 2.508660939040971982e-01
-1.417910447761193959e-01 -2.533460104897472184e-03 2.979715835222193632e-01
-1.417910447761193959e-01 -2.546587138626259239e-03 3.514682733614364896e-01
-1.417910447761193959e-01 -2.558252728807788867e-03 4.115856190909427670e-01
-1.417910447761193959e-01 -2.568425781518416436e-03 4.786725660958047746e-01
-1.417910447761193959e-01 -2.577075612682415071e-03 5.532181513855264354e-01
-1.417910447761193959e-01 -2.584171962057643743e-03 6.358613964694447285e-01
-1.417910447761193959e-01 -2.643236842905294370e-03 7.212693954392351836e-01
-1.417910447761193959e-01 -2.648207115905428996e-03 8.077060038357226635e-01
-1.417910447761193959e-01 -2.651540809786464420e-03 9.028413337065140931e-01
-1.417910447761193959e-01 -2.653209182144755564e-03 1.007833259720861907e+00
-1.417910447761193959e-01 -2.711201112520083417e-03 1.112851391327533301e+00
-1.417910447761193959e-01 -2.710548465132898901e-03 1.219535964273128048e+00
-1.417910447761193959e-01 -2.708151109845229922e-03 1.338060882088806025e+00
-1.417910447761193959e-01 -2.765464889566054962e-03 1.458337616908028211e+00
-1.417910447761193959e-01 -2.760608366356026577e-03 1.577949064876954077e+00
-1.417910447761193959e-01 -2.753930591840647157e-03 1.712033445498000184e+00
-1.417910447761193959e-01 -2.810420005271780514e-03 1.839303660225459103e+00
-1.417910447761193959e-01 -2.801148701582609982e-03 1.975159584280770542e+00
-1.417910447761193959e-01 -2.857451790484420544e-03 2.118306202218547263e+00
-1.417910447761193959e-01 -2.845503369363060631e-03 2.255949924356726477e+00
-1.417910447761193959e-01 -2.901571053976616070e-03 2.411936941149658065e+00
-1.417910447761193959e-01 -2.886863248759339445e-03 2.551714492934902712e+00
-1.417910447761193959e-01 -2.870168469810166663e-03 2.714008360702001355e+00
-1.417910447761193959e-01 -2.925098678166623660e-03 2.860384625262392788e+00
-1.417910447761193959e-01 -2.905519200249231330e-03 3.028469977299333316e+00
-1.417910447761193959e-01 -2.960081749646871745e-03 3.180517029526260586e+00
-1.417910447761193959e-01 -2.937539331683769721e-03 3.355956860556804866e+00
-1.417910447761193959e-01 -2.991686382743339104e-03 3.511217036255927404e+00
-1.376811594202898559e-01 -2.016564413924802190e-03 3.533924220293504614e+00
-1.376811594202898559e-01 -2.016629103036880061e-03 3.256356887173602388e+00
-1.376811594202898559e-01 -2.033028694017907905e-03 2.992669371839173920e+00
-1.376811594202898559e-01 -2.046439427290255852e-03 2.742648007441926161e+00
-1.376811594202898559e-01 -2.078791088944125908e-03 2.504333855086278149e+00
-1.376811594202898559e-01 -2.086645221877285461e-03 2.278032984546957795e+00
-1.376811594202898559e-01 -2.114728208936231778e-03 2.066861233461829706e+00
-1.376811594202898559e-01 -2.116667514635406800e-03 1.864440871112343689e+00
-1.376811594202898559e-01 -2.140159810340064132e-03 1.675622923589089597e+00
-1.376811594202898559e-01 -2.161629923834282492e-03 1.499603334261959908e+00
-1.376811594202898559e-01 -2.181008969570206145e-03 1.335086037591165509e+00
-1.376811594202898559e-01 -2.198229025203434720e-03 1.181438430887582935e+00
-1.376811594202898559e-01 -2.213223171939417405e-03 1.038339143439920953e+00
-1.376811594202898559e-01 -2.225925537810912250e-03 9.060035984277551302e-01
-1.376811594202898559e-01 -2.236271344181796090e-03 7.850283463324274624e-01
-1.376811594202898559e-01 -2.244196955810491036e-03 6.766297223634730740e-01
-1.376811594202898559e-01 -2.281152641535831669e-03 5.765104569996423178e-01
-1.376811594202898559e-01 -2.284889042219429792e-03 4.861345785678936049e-01
-1.376811594202898559e-01 -2.319277389999945330e-03 4.087371663608267980e-01
-1.376811594202898559e-01 -2.318607324174567271e-03 3.369888636186045838e-01
-1.376811594202898559e-01 -2.350244727091033246e-03 2.776600514183682478e-01
-1.376811594202898559e-01 -2.344957174724124436e-03 2.276858028060645134e-01
-1.376811594202898559e-01 -2.373664180854138678e-03 1.836626646559211540e-01
-1.376811594202898559e-01 -2.401312184891134151e-03 1.516221073091021387e-01
-1.376811594202898559e-01 -2.427866337578419957e-03 1.303673004146389813e-01
-1.376811594202898559e-01 -2.413620853912218714e-03 1.125537198357243474e-01
-1.376811594202898559e-01 -2.436913849989031169e-03 1.032259327279544808e-01
-1.376811594202898559e-01 -2.459001649412879530e-03 1.028467272476532024e-01
-1.376811594202898559e-01 -2.479850730795137535e-03 1.107415443100105423e-01
-1.376811594202898559e-01 -2.499427882625453439e-03 1.263741115133740767e-01
-1.376811594202898559e-01 -2.517700212228057930e-03 1.493326177214195083e-01
-1.376811594202898559e-01 -2.534635155167247467e-03 1.793388858466199720e-01
-1.376811594202898559e-01 -2.550200485133148794e-03 2.162424244851560706e-01
-1.376811594202898559e-01 -2.564364324341592179e-03 2.600206876322484484e-01
-1.376811594202898559e-01 -2.577095154484960148e-03 3.108043355649460215e-01
-1.376811594202898559e-01 -2.588361828274206126e-03 3.688424393595597373e-01
-1.376811594202898559e-01 -2.598133581616013030e-03 4.345171050690693759e-01
-1.376811594202898559e-01 -2.658204050209327964e-03 5.031135346224737681e-01
-1.376811594202898559e-01 -2.665952524291523903e-03 5.742544149699028155e-01
-1.376811594202898559e-01 -2.672121858620172315e-03 6.530938732860314122e-01
-1.376811594202898559e-01 -2.676682659744645740e-03 7.404360454443310591e-01
-1.376811594202898559e-01 -2.679605976984599392e-03 8.373031182232606451e-01
-1.376811594202898559e-01 -2.738174869439956999e-03 9.270300148870955770e-01
-1.376811594202898559e-01 -2.738826255594210054e-03 1.026331690474883596e+00
-1.376811594202898559e-01 -2.737760377616191895e-03 1.136821688098741623e+00
-1.376811594202898559e-01 -2.795700791148014210e-03 1.244694363701168927e+00
-1.376811594202898559e-01 -2.792224755100033116e-03 1.356640442098010935e+00
-1.376811594202898559e-01 -2.786954324959066507e-03 1.482063592649416339e+00
-1.376811594202898559e-01 -2.844121130666785353e-03 1.599722410906753378e+00
-1.376811594202898559e-01 -2.836305847755617778e-03 1.726864749702596846e+00
-1.376811594202898559e-01 -2.893315595295505634e-03 1.861994717713162162e+00
-1.376811594202898559e-01 -2.882871714530283423e-03 1.990629338483786093e+00
-1.376811594202898559e-01 -2.870512039989784030e-03 2.137883277907167034e+00
-1.376811594202898559e-01 -2.926520711144264732e-03 2.270375790481575340e+00
-1.376811594202898559e-01 -2.911403810084613880e-03 2.421230964423814136e+00
-1.376811594202898559e-01 -2.967123193660836395e-03 2.563725131058657958e+00
-1.376811594202898559e-01 -2.949168906851899839e-03 2.719273470070907806e+00
-1.376811594202898559e-01 -3.004551151150368533e-03 2.868903198086249162e+00
-1.376811594202898559e-01 -2.983680707490249384e-03 3.030398178641484197e+00
-1.376811594202898559e-01 -3.038678272925848974e-03 3.184665419518794671e+00
-1.376811594202898559e-01 -3.014814352229354399e-03 3.353935030942202467e+00
-1.376811594202898559e-01 -3.069380020644836560e-03 3.510461841490488233e+00
-1.338028169014084390e-01 -2.064970565292432829e-03 3.294114931408085756e+00
-1.338028169014084390e-01 -2.080494072035746732e-03 3.031424893619313554e+00
-1.338028169014084390e-01 -2.093001605045596673e-03 2.781659657002350183e+00
-1.338028169014084390e-01 -2.124836114643399547e-03 2.545717070541742011e+00
-1.338028169014084390e-01 -2.131738653557094069e-03 2.318498515042794139e+00
-1.338028169014084390e-01 -2.135342002556858514e-03 2.107564486045548247e+00
-1.338028169014084390e-01 -2.160205783855127619e-03 1.904472759951359784e+00
-1.338028169014084390e-01 -2.183098851566367404e-03 1.715129985413095914e+00
-1.338028169014084390e-01 -2.203952447951588491e-03 1.537994505480841934e+00
-1.338028169014084390e-01 -2.222698710196709549e-03 1.372183947207056054e+00
-1.338028169014084390e-01 -2.239270707092681952e-03 1.217098100614983469e+00
-1.338028169014084390e-01 -2.253602478321995676e-03 1.072657741330697467e+00
-1.338028169014084390e-01 -2.265629076608291666e-03 9.391324375122451773e-01
-1.338028169014084390e-01 -2.275286613018114197e-03 8.173989271399846324e-01
-1.338028169014084390e-01 -2.313609962167626714e-03 7.073809846328624751e-01
-1.338028169014084390e-01 -2.319174019415781718e-03 6.029358350228741781e-01
-1.338028169014084390e-01 -2.322189655095415525e-03 5.129972075984641222e-01
-1.338028169014084390e-01 -2.356263842431121757e-03 4.294126510878963909e-01
-1.338028169014084390e-01 -2.354855050693005231e-03 3.591942685476418595e-01
-1.338028169014084390e-01 -2.386160639086231435e-03 2.935934725476033735e-01
-1.338028169014084390e-01 -2.416478787114109683e-03 2.418365027757077290e-01
-1.338028169014084390e-01 -2.408479013411818359e-03 1.966833128653772411e-01
-1.338028169014084390e-01 -2.435772507704236835e-03 1.585631660038193669e-01
-1.338028169014084390e-01 -2.461965187729808248e-03 1.311747444953821340e-01
-1.338028169014084390e-01 -2.487022939553782189e-03 1.134965391945657320e-01
-1.338028169014084390e-01 -2.510911919382479221e-03 1.046212588124017934e-01
-1.338028169014084390e-01 -2.491572569515129124e-03 9.985162103832984082e-02
-1.338028169014084390e-01 -2.512038527089474789e-03 1.029595058341216257e-01
-1.338028169014084390e-01 -2.531227862522002648e-03 1.141052143327180995e-01
-1.338028169014084390e-01 -2.549108088086754920e-03 1.329364714137945269e-01
-1.338028169014084390e-01 -2.565647033146236083e-03 1.592228072646546255e-01
-1.338028169014084390e-01 -2.580812853758287628e-03 1.928569011005752398e-01
-1.338028169014084390e-01 -2.594574042783986522e-03 2.338772269455867137e-01
-1.338028169014084390e-01 -2.655981954384825042e-03 2.816493840017327832e-01
-1.338028169014084390e-01 -2.667877483151789766e-03 3.313302612693945770e-01
-1.338028169014084390e-01 -2.678282449053634700e-03 3.875216124817070784e-01
-1.338028169014084390e-01 -2.687166547870502818e-03 4.506872131337531506e-01
-1.338028169014084390e-01 -2.694499861345997505e-03 5.215050325123719022e-01
-1.338028169014084390e-01 -2.700252870541972050e-03 6.006672539382696963e-01
-1.338028169014084390e-01 -2.759925165591987483e-03 6.817928774769137501e-01
-1.338028169014084390e-01 -2.763507215125336931e-03 7.641554465665916229e-01
-1.338028169014084390e-01 -2.765427901292770441e-03 8.557424980590874197e-01
-1.338028169014084390e-01 -2.765659134317223749e-03 9.579355282207826505e-01
-1.338028169014084390e-01 -2.824189981370364699e-03 1.053935668827443717e+00
-1.338028169014084390e-01 -2.822060164882479131e-03 1.157990199460451342e+00
-1.338028169014084390e-01 -2.818163325490240928e-03 1.274621759659793074e+00
-1.338028169014084390e-01 -2.875970299159709420e-03 1.383091439394339428e+00
-1.338028169014084390e-01 -2.869577572724357848e-03 1.501457341199984530e+00
-1.338028169014084390e-01 -2.927256081936117221e-03 1.628932699033829312e+00
-1.338028169014084390e-01 -2.918283680682710966e-03 1.748581486370923255e+00
-1.338028169014084390e-01 -2.907421864568029892e-03 1.885360342078405083e+00
-1.338028169014084390e-01 -2.964150710450353960e-03 2.012744224020906803e+00
-1.338028169014084390e-01 -2.950580037505301338e-03 2.152451539338533948e+00
-1.338028169014084390e-01 -3.007049188336468303e-03 2.291280826895237599e+00
-1.338028169014084390e-01 -2.990689211946162811e-03 2.434730215497551864e+00
-1.338028169014084390e-01 -3.046851163257930338e-03 2.582112357198728336e+00
-1.338028169014084390e-01 -3.027622728521150736e-03 2.730272459088113113e+00
-1.338028169014084390e-01 -3.083430268083993658e-03 2.883672384716601922e+00
-1.338028169014084390e-01 -3.061255568954752808e-03 3.038060757937034673e+00
-1.338028169014084390e-01 -3.116661785323303954e-03 3.195062560441709110e+00
-1.338028169014084390e-01 -3.091464426038588887e-03 3.357695072695581651e+00
-1.338028169014084390e-01 -3.146422717581447235e-03 3.516092124272664599e+00
-1.301369863013698558e-01 -2.113041773234511974e-03 3.327256536182363611e+00
-1.301369863013698558e-01 -2.127672382015178328e-03 3.065299884274816034e+00
-1.301369863013698558e-01 -2.139260956314599591e-03 2.815712341827059539e+00
-1.301369863013698558e-01 -2.147710605654357553e-03 2.579679608075890140e+00
-1.301369863013698558e-01 -2.176498249210593369e-03 2.354216256958860498e+00
-1.301369863013698558e-01 -2.179114425053505204e-03 2.142485013586683529e+00
-1.301369863013698558e-01 -2.203382572130141263e-03 1.940011755635299151e+00
-1.301369863013698558e-01 -2.225662333085871164e-03 1.750487550555689165e+00
-1.301369863013698558e-01 -2.245885984614805469e-03 1.572800282421608520e+00
-1.301369863013698558e-01 -2.263986669487695700e-03 1.406092732498046116e+00
-1.301369863013698558e-01 -2.279898432281379349e-03 1.250014640077111050e+00
-1.301369863013698558e-01 -2.293556257654846657e-03 1.104534521854131368e+00
-1.301369863013698558e-01 -2.304896111423257628e-03 9.702175968924083849e-01
-1.301369863013698558e-01 -2.313854984712876948e-03 8.480077436009119118e-01
-1.301369863013698558e-01 -2.351881491693648581e-03 7.335454269016310480e-01
-1.301369863013698558e-01 -2.356725467093179292e-03 6.289862899245366457e-01
-1.301369863013698558e-01 -2.392244808454622659e-03 5.378124612573121910e-01
-1.301369863013698558e-01 -2.392759041590794555e-03 4.509075377801172735e-01
-1.301369863013698558e-01 -2.425590407472326317e-03 3.782023766390322228e-01
-1.301369863013698558e-01 -2.421565627904041784e-03 3.114772449563535939e-01
-1.301369863013698558e-01 -2.451531920990093066e-03 2.541651647284647320e-01
-1.301369863013698558e-01 -2.480467992868756917e-03 2.090426060100535610e-01
-1.301369863013698558e-01 -2.469692979807302461e-03 1.692241845489443064e-01
-1.301369863013698558e-01 -2.495513575693425641e-03 1.366332605513369824e-01
-1.301369863013698558e-01 -2.520192999852413195e-03 1.137769252285460442e-01
-1.301369863013698558e-01 -2.543697856999472401e-03 9.980437925510166064e-02
-1.301369863013698558e-01 -2.565995019833810977e-03 9.398953978198207326e-02
-1.301369863013698558e-01 -2.587051636440339166e-03 9.571852844026634832e-02
-1.301369863013698558e-01 -2.606835138045950160e-03 1.045161040707460742e-01
-1.301369863013698558e-01 -2.625313247153842743e-03 1.200148248278149754e-01
-1.301369863013698558e-01 -2.642453986081292044e-03 1.419650654831345338e-01
-1.301369863013698558e-01 -2.658225685928437051e-03 1.702458330048762791e-01
-1.301369863013698558e-01 -2.672596996008060923e-03 2.048606534299554638e-01
-1.301369863013698558e-01 -2.685536893768981220e-03 2.459277347169794015e-01
-1.301369863013698558e-01 -2.697014695248557258e-03 2.936942807476573547e-01
-1.301369863013698558e-01 -2.707000066093124668e-03 3.485254002607935941e-01
-1.301369863013698558e-01 -2.715463033188710452e-03 4.109878253655953051e-01
-1.301369863013698558e-01 -2.776141898498235214e-03 4.808465649468248171e-01
-1.301369863013698558e-01 -2.782535141911781414e-03 5.476452581815967058e-01
-1.301369863013698558e-01 -2.787323923028644374e-03 6.224177490193070206e-01
-1.301369863013698558e-01 -2.790479560004797965e-03 7.060378773546494013e-01
-1.301369863013698558e-01 -2.850167273544963395e-03 7.988161454682537466e-01
-1.301369863013698558e-01 -2.851061544669151147e-03 8.843835230236174461e-01
-1.301369863013698558e-01 -2.850243765778352756e-03 9.803878474551978028e-01
-1.301369863013698558e-01 -2.847686699037618903e-03 1.088155988991708290e+00
-1.301369863013698558e-01 -2.906099264605133039e-03 1.187844629105303529e+00
-1.301369863013698558e-01 -2.901095376431105707e-03 1.297421701980167486e+00
-1.301369863013698558e-01 -2.959407393497370375e-03 1.417593588137955773e+00
-1.301369863013698558e-01 -2.951872953224326645e-03 1.528320509762169266e+00
-1.301369863013698558e-01 -2.942476075317453088e-03 1.654817632522416648e+00
-1.301369863013698558e-01 -2.999888889681738471e-03 1.777355105624611298e+00
-1.301369863013698558e-01 -2.987831925558794791e-03 1.906219599279776133e+00
-1.301369863013698558e-01 -3.045014015018468207e-03 2.041597310221890726e+00
-1.301369863013698558e-01 -3.030216351116538694e-03 2.173384652300785369e+00
-1.301369863013698558e-01 -3.087120579912945844e-03 2.318687103755514123e+00
-1.301369863013698558e-01 -3.069502806249661646e-03 2.454103499063151173e+00
-1.301369863013698558e-01 -3.126082312568041841e-03 2.606761658144282290e+00
-1.301369863013698558e-01 -3.105566274833145967e-03 2.747037869635064133e+00
-1.301369863013698558e-01 -3.161774478654897410e-03 2.904601104613373508e+00
-1.301369863013698558e-01 -3.138283334123345703e-03 3.051444088347312622e+00
-1.301369863013698558e-01 -3.194073945513901079e-03 3.211667290924100193e+00
-1.301369863013698558e-01 -3.167532223165757388e-03 3.367028032133003723e+00
-1.301369863013698558e-01 -3.222859251033530128e-03 3.527711528450091283e+00
-1.266666666666666774e-01 -2.139755941401063136e-03 3.353444474436711786e+00
-1.266666666666666774e-01 -2.152777106254202301e-03 3.094182702658107686e+00
-1.266666666666666774e-01 -2.185239648029388242e-03 2.845306622755562564e+00
-1.266666666666666774e-01 -2.192732420005145434e-03 2.608817836021503300e+00
-1.266666666666666774e-01 -2.220949015719109881e-03 2.385624160601807819e+00
-1.266666666666666774e-01 -2.222566354652752083e-03 2.172874697209834061e+00
-1.266666666666666774e-01 -2.246225534095628099e-03 1.971231555144953740e+00
-1.266666666666666774e-01 -2.267879289603543826e-03 1.781987408258250527e+00
-1.266666666666666774e-01 -2.287460912674800159e-03 1.604047733139041032e+00
-1.266666666666666774e-01 -2.304904533657085950e-03 1.436812496078308410e+00
-1.266666666666666774e-01 -2.320145156570483595e-03 1.279972505834790164e+00
-1.266666666666666774e-01 -2.333118696419814522e-03 1.133806661283528472e+00
-1.266666666666666774e-01 -2.343762019242416356e-03 9.989441482660105232e-01
-1.266666666666666774e-01 -2.352012985168577038e-03 8.764681585993036039e-01
-1.266666666666666774e-01 -2.389730489263984427e-03 7.585964641785112317e-01
-1.266666666666666774e-01 -2.393846072740342217e-03 6.540719435071810084e-01
-1.266666666666666774e-01 -2.429036239322572913e-03 5.586346457847277680e-01
-1.266666666666666774e-01 -2.428804527576096644e-03 4.724942028871175204e-01
-1.266666666666666774e-01 -2.461289086860327709e-03 3.952204064031680231e-01
-1.266666666666666774e-01 -2.456503566419371114e-03 3.303049257057115162e-01
-1.266666666666666774e-01 -2.486107840442148588e-03 2.684099075122772238e-01
-1.266666666666666774e-01 -2.514674406243158633e-03 2.184333861883785144e-01
-1.266666666666666774e-01 -2.542169428211010426e-03 1.792161071024917507e-01
-1.266666666666666774e-01 -2.528560193866183099e-03 1.454396373018409516e-01
-1.266666666666666774e-01 -2.552852219806972956e-03 1.181855477892244516e-01
-1.266666666666666774e-01 -2.575964119266507726e-03 9.986938595610125868e-02
-1.266666666666666774e-01 -2.597863199473399772e-03 8.981598110781663369e-02
-1.266666666666666774e-01 -2.618517033924748754e-03 8.748889231853342052e-02
-1.266666666666666774e-01 -2.637893469927389198e-03 9.245421900273155524e-02
-1.266666666666666774e-01 -2.655960636507663161e-03 1.043919218047859587e-01
-1.266666666666666774e-01 -2.672686952714527567e-03 1.231037135636281754e-01
-1.266666666666666774e-01 -2.688041136342915211e-03 1.485166870436505360e-01
-1.266666666666666774e-01 -2.701992213106635485e-03 1.806665572685385857e-01
-1.266666666666666774e-01 -2.714509526292640477e-03 2.197139535469350147e-01
-1.266666666666666774e-01 -2.725562746931412504e-03 2.659320404370983937e-01
-1.266666666666666774e-01 -2.735121884521287891e-03 3.197832599687716049e-01
-1.266666666666666774e-01 -2.796240040212442067e-03 3.740283903203430738e-01
-1.266666666666666774e-01 -2.803777728923936754e-03 4.332266084805520556e-01
-1.266666666666666774e-01 -2.809739348653016947e-03 5.001765900381710539e-01
-1.266666666666666774e-01 -2.814096117962406208e-03 5.756455960538939820e-01
-1.266666666666666774e-01 -2.874288984224843135e-03 6.564844083477759940e-01
-1.266666666666666774e-01 -2.876433225453663405e-03 7.345081875879170275e-01
-1.266666666666666774e-01 -2.876893581701710830e-03 8.223612970742567585e-01
-1.266666666666666774e-01 -2.875642621013199066e-03 9.212438391565604956e-01
-1.266666666666666774e-01 -2.934628626462969930e-03 1.012545577768441563e+00
-1.266666666666666774e-01 -2.930979850512812311e-03 1.113364008064992694e+00
-1.266666666666666774e-01 -2.989892545508119649e-03 1.226572665153932595e+00
-1.266666666666666774e-01 -2.983762367906201210e-03 1.328475685543494711e+00
-1.266666666666666774e-01 -2.975797173110186853e-03 1.444906646529970695e+00
-1.266666666666666774e-01 -3.033860139915146078e-03 1.562853391948308079e+00
-1.266666666666666774e-01 -3.023283834303376258e-03 1.681190583631508861e+00
-1.266666666666666774e-01 -3.081144413807957155e-03 1.813325775998996470e+00
-1.266666666666666774e-01 -3.067876322662789045e-03 1.933884874159218725e+00
-1.266666666666666774e-01 -3.052655955157157399e-03 2.074536585676225453e+00
-1.266666666666666774e-01 -3.109448337038938324e-03 2.200518424980379084e+00
-1.266666666666666774e-01 -3.091412023899135688e-03 2.346064551766744444e+00
-1.266666666666666774e-01 -3.147875003839772749e-03 2.479456437635060961e+00
-1.266666666666666774e-01 -3.126945347296391630e-03 2.631151572759533597e+00
-1.266666666666666774e-01 -3.183032935238171331e-03 2.769637576804277135e+00
-1.266666666666666774e-01 -3.159133806323959591e-03 2.929199410766181177e+00
-1.266666666666666774e-01 -3.214800291523111503e-03 3.070435372317335876e+00
-1.266666666666666774e-01 -3.270952946898676370e-03 3.234195133635292763e+00
-1.266666666666666774e-01 -3.243056848004605575e-03 3.381800832705386561e+00
-1.233766233766233900e-01 -2.186940701835916271e-03 3.374052683807272413e+00
-1.233766233766233900e-01 -2.199038451889141071e-03 3.115406784889490410e+00
-1.233766233766233900e-01 -2.208038198368613911e-03 2.870196994289407222e+00
-1.233766233766233900e-01 -2.237481524364814955e-03 2.633945313010614075e+00
-1.233766233766233900e-01 -2.240728063612692795e-03 2.412511453493999536e+00
-1.233766233766233900e-01 -2.265721566912941992e-03 2.199049809154011381e+00
-1.233766233766233900e-01 -2.288759705566142423e-03 1.998593344435010133e+00
-1.233766233766233900e-01 -2.309775984370214703e-03 1.809828058676779872e+00
-1.233766233766233900e-01 -2.328704689507830189e-03 1.631923339677710860e+00
-1.233766233766233900e-01 -2.345480920284998862e-03 1.464313355014094764e+00
-1.233766233766233900e-01 -2.360040623089387259e-03 1.307013353260774391e+00
-1.233766233766233900e-01 -2.372320627783012451e-03 1.160362706424977519e+00
-1.233766233766233900e-01 -2.382258686770473768e-03 1.025133327742521416e+00
-1.233766233766233900e-01 -2.421294377534003676e-03 9.005297600942350211e-01
-1.233766233766233900e-01 -2.427191168488403335e-03 7.821686564386511886e-01
-1.233766233766233900e-01 -2.430571003199197711e-03 6.776903032751659950e-01
-1.233766233766233900e-01 -2.465421813478502634e-03 5.789483600407984154e-01
-1.233766233766233900e-01 -2.464437630934192356e-03 4.935792640290000977e-01
-1.233766233766233900e-01 -2.496565828831207295e-03 4.125239296242285691e-01
-1.233766233766233900e-01 -2.527725839281643079e-03 3.450524584377605009e-01
-1.233766233766233900e-01 -2.520247133421430353e-03 2.836680759611737712e-01
-1.233766233766233900e-01 -2.548435475723165224e-03 2.296454249701768979e-01
-1.233766233766233900e-01 -2.575545499076905501e-03 1.862252666980082072e-01
-1.233766233766233900e-01 -2.601544061397062253e-03 1.524078005873697461e-01
-1.233766233766233900e-01 -2.585045358638421269e-03 1.255723587942575714e-01
-1.233766233766233900e-01 -2.607756579482347660e-03 1.035698666304809418e-01
-1.233766233766233900e-01 -2.629250071096712361e-03 8.992883508459302566e-02
-1.233766233766233900e-01 -2.649493827670275359e-03 8.415330321933799096e-02
-1.233766233766233900e-01 -2.668456108373252252e-03 8.585750345305886988e-02
-1.233766233766233900e-01 -2.686105445052741018e-03 9.477067633085928255e-02
-1.233766233766233900e-01 -2.702410650311792839e-03 1.107487408576342397e-01
-1.233766233766233900e-01 -2.717340825998418048e-03 1.337503688316762085e-01
-1.233766233766233900e-01 -2.730865372133114109e-03 1.638554125575667209e-01
-1.233766233766233900e-01 -2.742953996306073897e-03 2.012512565614146265e-01
-1.233766233766233900e-01 -2.804939700805352334e-03 2.410989951605809201e-01
-1.233766233766233900e-01 -2.815107265178889984e-03 2.855916405252004187e-01
-1.233766233766233900e-01 -2.823756293706225322e-03 3.369841425015709380e-01
-1.233766233766233900e-01 -2.830857591512359484e-03 3.959420924179901657e-01
-1.233766233766233900e-01 -2.836382316988549698e-03 4.631341515676634657e-01
-1.233766233766233900e-01 -2.897051879902858354e-03 5.325457131177566694e-01
-1.233766233766233900e-01 -2.900412540594038500e-03 6.029121962896792919e-01
-1.233766233766233900e-01 -2.902117561124881000e-03 6.825622657692174133e-01
-1.233766233766233900e-01 -2.902139362478795438e-03 7.725790704660010499e-01
-1.233766233766233900e-01 -2.961668876682077393e-03 8.558743476580911169e-01
-1.233766233766233900e-01 -2.959341675905656412e-03 9.480001618503547389e-01
-1.233766233766233900e-01 -2.955255265836547601e-03 1.052543981152195052e+00
-1.233766233766233900e-01 -3.014064874596945973e-03 1.147780380005940515e+00
-1.233766233766233900e-01 -3.007498019033713783e-03 1.254378507196283854e+00
-1.233766233766233900e-01 -3.066179524353722808e-03 1.367983525955522417e+00
-1.233766233766233900e-01 -3.057050572037276880e-03 1.476116304152434111e+00
-1.233766233766233900e-01 -3.046042108874075661e-03 1.601061464114493793e+00
-1.233766233766233900e-01 -3.103785698157644074e-03 1.714973532058968075e+00
-1.233766233766233900e-01 -3.090088665390173031e-03 1.843125358787771839e+00
-1.233766233766233900e-01 -3.147577454861166021e-03 1.968238787107339682e+00
-1.233766233766233900e-01 -3.131113134212862217e-03 2.100245176629728316e+00
-1.233766233766233900e-01 -3.188301233606337121e-03 2.234002769435298852e+00
-1.233766233766233900e-01 -3.168992039400399426e-03 2.370857827860705758e+00
-1.233766233766233900e-01 -3.225833813066302218e-03 2.510910092066684030e+00
-1.233766233766233900e-01 -3.203603341783438536e-03 2.654051482738050360e+00
-1.233766233766233900e-01 -3.260053416057707987e-03 2.798027441077864719e+00
-1.233766233766233900e-01 -3.234826499548091368e-03 2.949181790773804934e+00
-1.233766233766233900e-01 -3.290839770534618146e-03 3.094976563403305292e+00
-1.233766233766233900e-01 -3.262542533253617698e-03 3.256298539679463033e+00
-1.233766233766233900e-01 -3.318074175050594096e-03 3.401912027725928489e+00
-1.202531645569620278e-01 -2.212023975699960524e-03 3.391406259662446576e+00
-1.202531645569620278e-01 -2.245071258525374678e-03 3.133594258633368490e+00
-1.202531645569620278e-01 -2.253111681949042291e-03 2.888112994592785476e+00
-1.202531645569620278e-01 -2.281977324457301008e-03 2.655683723422414655e+00
-1.202531645569620278e-01 -2.284223267450443025e-03 2.432902393222759585e+00
-1.202531645569620278e-01 -2.308601643679498560e-03 2.221595666940136216e+00
-1.202531645569620278e-01 -2.331007792784211500e-03 2.022421910527022693e+00
-1.202531645569620278e-01 -2.351376217386603150e-03 1.834337300080942867e+00
-1.202531645569620278e-01 -2.369642177936345274e-03 1.656538419797265016e+00
-1.202531645569620278e-01 -2.385741723672408273e-03 1.488797310920623618e+00
-1.202531645569620278e-01 -2.399611725756038878e-03 1.331185944945189492e+00
-1.202531645569620278e-01 -2.411189912785465916e-03 1.184189430300663703e+00
-1.202531645569620278e-01 -2.420414908928616039e-03 1.048719044696802882e+00
-1.202531645569620278e-01 -2.459131012551252823e-03 9.226512127876462799e-01
-1.202531645569620278e-01 -2.464294385335597318e-03 8.039305357728405710e-01
-1.202531645569620278e-01 -2.466931957232808975e-03 6.996199101455097269e-01
-1.202531645569620278e-01 -2.501434359121477210e-03 5.983528262996450353e-01
-1.202531645569620278e-01 -2.535037594085012922e-03 5.125106978547895320e-01
-1.202531645569620278e-01 -2.531455340209291457e-03 4.296417403267080992e-01
-1.202531645569620278e-01 -2.562242471228078858e-03 3.587532378575984948e-01
-1.202531645569620278e-01 -2.553986285850087801e-03 2.992877870196789525e-01
-1.202531645569620278e-01 -2.581788735245527447e-03 2.419230086428105497e-01
-1.202531645569620278e-01 -2.608506316520777489e-03 1.949774185994420928e-01
-1.202531645569620278e-01 -2.634106338894029800e-03 1.575162825455828364e-01
-1.202531645569620278e-01 -2.658556337112667062e-03 1.287020903587070553e-01
-1.202531645569620278e-01 -2.681824077446796992e-03 1.078440228941364987e-01
-1.202531645569620278e-01 -2.660197743117272574e-03 9.324460038420098740e-02
-1.202531645569620278e-01 -2.680025077364481083e-03 8.455704297704318140e-02
-1.202531645569620278e-01 -2.698567048700143117e-03 8.350494698143953731e-02
-1.202531645569620278e-01 -2.715792587451671368e-03 8.987788890952093379e-02
-1.202531645569620278e-01 -2.731670895924298570e-03 1.035624980451942956e-01
-1.202531645569620278e-01 -2.794828830497789098e-03 1.233914636931384701e-01
-1.202531645569620278e-01 -2.808939063565713337e-03 1.473407275766332458e-01
-1.202531645569620278e-01 -2.821618322611863568e-03 1.774778931208478294e-01
-1.202531645569620278e-01 -2.832836779245829790e-03 2.140688062199007646e-01
-1.202531645569620278e-01 -2.842564915098521813e-03 2.575077709328937869e-01
-1.202531645569620278e-01 -2.850773532090128490e-03 3.083582144967193517e-01
-1.202531645569620278e-01 -2.857433763271376593e-03 3.671975113310445571e-01
-1.202531645569620278e-01 -2.918553611761450037e-03 4.256734417148325678e-01
-1.202531645569620278e-01 -2.923097778253914807e-03 4.883163997249126975e-01
-1.202531645569620278e-01 -2.926014541816385813e-03 5.597535131091014859e-01
-1.202531645569620278e-01 -2.927276218126860247e-03 6.409599654372686306e-01
-1.202531645569620278e-01 -2.987321346716092715e-03 7.166158335179230177e-01
-1.202531645569620278e-01 -2.986282529355554875e-03 8.001451287864617123e-01
-1.202531645569620278e-01 -2.983512489785678824e-03 8.952157926907416963e-01
-1.202531645569620278e-01 -3.042884417579669667e-03 9.850622779822187924e-01
-1.202531645569620278e-01 -3.037682667231187718e-03 1.082074874112584739e+00
-1.202531645569620278e-01 -3.096953127417524827e-03 1.191580412010722290e+00
-1.202531645569620278e-01 -3.089238192670238498e-03 1.289836428388330347e+00
-1.202531645569620278e-01 -3.079671283888871149e-03 1.403526281800744346e+00
-1.202531645569620278e-01 -3.138052378893173028e-03 1.515479695630342460e+00
-1.202531645569620278e-01 -3.125845718372724513e-03 1.631692630728930560e+00
-1.202531645569620278e-01 -3.183999741082505115e-03 1.756072574729779179e+00
-1.202531645569620278e-01 -3.169074597389706302e-03 1.875228569420689606e+00
-1.202531645569620278e-01 -3.226956042515584377e-03 2.009451320785456296e+00
-1.202531645569620278e-01 -3.209234741832156946e-03 2.132303122329371803e+00
-1.202531645569620278e-01 -3.266798343307940680e-03 2.273987987124477250e+00
-1.202531645569620278e-01 -3.246204314707912004e-03 2.401713679393135070e+00
-1.202531645569620278e-01 -3.303405052478619250e-03 2.548465615701131615e+00
-1.202531645569620278e-01 -3.279862876471813238e-03 2.682519949700352235e+00
-1.202531645569620278e-01 -3.336655983652099446e-03 2.832201510950858037e+00
-1.202531645569620278e-01 -3.310091444316835309e-03 2.974446260127492359e+00
-1.202531645569620278e-01 -3.366432414749403589e-03 3.125025369273459752e+00
-1.202531645569620278e-01 -3.336772555818052610e-03 3.277722349670570523e+00
-1.202531645569620278e-01 -3.392617152064729413e-03 3.427327940216045921e+00
-1.172839506172839441e-01 -2.258392462995549577e-03 3.400985532285742075e+00
-1.172839506172839441e-01 -2.267903213891555008e-03 3.147123478290106746e+00
-1.172839506172839441e-01 -2.297961325601433676e-03 2.903238347460530555e+00
-1.172839506172839441e-01 -2.301797431480446382e-03 2.671868952631623273e+00
-1.172839506172839441e-01 -2.327473469054181822e-03 2.450085617091512624e+00
-1.172839506172839441e-01 -2.351226210084427816e-03 2.240926053184097100e+00
-1.172839506172839441e-01 -2.372990425954120235e-03 2.043148973302063798e+00
-1.172839506172839441e-01 -2.392701595295041676e-03 1.855730658764997987e+00
-1.172839506172839441e-01 -2.410295932266720217e-03 1.678218420245040754e+00
-1.172839506172839441e-01 -2.425710416776272541e-03 1.510437068693080143e+00
-1.172839506172839441e-01 -2.438882826823214785e-03 1.352606968742114946e+00
-1.172839506172839441e-01 -2.449751773175437748e-03 1.205355792705939066e+00
-1.172839506172839441e-01 -2.458256736608042600e-03 1.069718907363549354e+00
-1.172839506172839441e-01 -2.496644246722261665e-03 9.427742749128381616e-01
-1.172839506172839441e-01 -2.501068019206090232e-03 8.238209018142991225e-01
-1.172839506172839441e-01 -2.536967111466624774e-03 7.183185748205963561e-01
-1.172839506172839441e-01 -2.537103502382883746e-03 6.164801477963524068e-01
-1.172839506172839441e-01 -2.570341383443060148e-03 5.282441582772569033e-01
-1.172839506172839441e-01 -2.565988908509920889e-03 4.460951056976731333e-01
-1.172839506172839441e-01 -2.596395911032270930e-03 3.724687392905297600e-01
-1.172839506172839441e-01 -2.625785855122984413e-03 3.103719708033089719e-01
-1.172839506172839441e-01 -2.614767969174313332e-03 2.546587368158924058e-01
-1.172839506172839441e-01 -2.641086578982974366e-03 2.047844826776985816e-01
-1.172839506172839441e-01 -2.666281738999240220e-03 1.642484005590993112e-01
-1.172839506172839441e-01 -2.690321420542669123e-03 1.323122629071570577e-01
-1.172839506172839441e-01 -2.713173819185960966e-03 1.083180514465750949e-01
-1.172839506172839441e-01 -2.734807360857492015e-03 9.171120806993246499e-02
-1.172839506172839441e-01 -2.755190708229661358e-03 8.202978994173595884e-02
-1.172839506172839441e-01 -2.774292767411469258e-03 7.895033121809115484e-02
-1.172839506172839441e-01 -2.792082694965265007e-03 8.223657145409812852e-02
-1.172839506172839441e-01 -2.808529905269216073e-03 9.176307585748025297e-02
-1.172839506172839441e-01 -2.823604078248948945e-03 1.075027979332405514e-01
-1.172839506172839441e-01 -2.837275167503717707e-03 1.295598516773424913e-01
-1.172839506172839441e-01 -2.849513408854758342e-03 1.581273974895491541e-01
-1.172839506172839441e-01 -2.860289329345874591e-03 1.935144124028723711e-01
-1.172839506172839441e-01 -2.869573756729037334e-03 2.361882807331674994e-01
-1.172839506172839441e-01 -2.877337829470789140e-03 2.866418003578546925e-01
-1.172839506172839441e-01 -2.938883421341542592e-03 3.346539245426151110e-01
-1.172839506172839441e-01 -2.944578893678428348e-03 3.895477529722273791e-01
-1.172839506172839441e-01 -2.948675118810512637e-03 4.527976419362224614e-01
-1.172839506172839441e-01 -2.951144344150723273e-03 5.252790517850569607e-01
-1.172839506172839441e-01 -3.011679062580303965e-03 5.936495196566831112e-01
-1.172839506172839441e-01 -3.011895905181088615e-03 6.687035174172357710e-01
-1.172839506172839441e-01 -3.010409557480217720e-03 7.545004957975134374e-01
-1.172839506172839441e-01 -3.070316737185000994e-03 8.392347154213037896e-01
-1.172839506172839441e-01 -3.066447127288120938e-03 9.269198522801046503e-01
-1.172839506172839441e-01 -3.060800199608125407e-03 1.027585273998797177e+00
-1.172839506172839441e-01 -3.119944730092417441e-03 1.121270868390485509e+00
-1.172839506172839441e-01 -3.111786398782069064e-03 1.224147692176874580e+00
-1.172839506172839441e-01 -3.170776297584185742e-03 1.334311555638379998e+00
-1.172839506172839441e-01 -3.160026949644201191e-03 1.439127735027980970e+00
-1.172839506172839441e-01 -3.147382808915269621e-03 1.561486094103358813e+00
-1.172839506172839441e-01 -3.205397861112260077e-03 1.669870746748422619e+00
-1.172839506172839441e-01 -3.190039254488141046e-03 1.796158159706608970e+00
-1.172839506172839441e-01 -3.247776349995881197e-03 1.914297476261801023e+00
-1.172839506172839441e-01 -3.229626431496997619e-03 2.045384006894549689e+00
-1.172839506172839441e-01 -3.287040888380842601e-03 2.170935300490254516e+00
-1.172839506172839441e-01 -3.266023880607205488e-03 2.307900170962916331e+00
-1.172839506172839441e-01 -3.323071254249569673e-03 2.438570780718515074e+00
-1.172839506172839441e-01 -3.299112495611242462e-03 2.582972751709775139e+00
-1.172839506172839441e-01 -3.355748585644747085e-03 2.716626971654708900e+00
-1.172839506172839441e-01 -3.328774581091333527e-03 2.870375372382510726e+00
-1.172839506172839441e-01 -3.384955438720090894e-03 3.005014259006374200e+00
-1.172839506172839441e-01 -3.441606429048670122e-03 3.160592094979334465e+00
-1.172839506172839441e-01 -3.410575850064970563e-03 3.304289703854897731e+00
-1.172839506172839441e-01 -3.466716073342713308e-03 3.458063921632152038e+00
-1.144578313253012125e-01 -2.304574349373849935e-03 3.409029787304210135e+00
-1.144578313253012125e-01 -2.313125555303477757e-03 3.155044083625167417e+00
-1.144578313253012125e-01 -2.318505388505729976e-03 2.915133898384061784e+00
-1.144578313253012125e-01 -2.345438061820603361e-03 2.683254401609535655e+00
-1.144578313253012125e-01 -2.370495618185605377e-03 2.464533106492907244e+00
-1.144578313253012125e-01 -2.393613142808425406e-03 2.257545572460266214e+00
-1.144578313253012125e-01 -2.387637339452479759e-03 2.059406771822934523e+00
-1.144578313253012125e-01 -2.405908112944800652e-03 1.871977378987259577e+00
-1.144578313253012125e-01 -2.422040588884657054e-03 1.695580550728883029e+00
-1.144578313253012125e-01 -2.465408315616841352e-03 1.529449233421966481e+00
-1.144578313253012125e-01 -2.477876034772906726e-03 1.371450997702825747e+00
-1.144578313253012125e-01 -2.488029082507098918e-03 1.223989446239455603e+00
-1.144578313253012125e-01 -2.495807780656854758e-03 1.088104041319569948e+00
-1.144578313253012125e-01 -2.533858624833138732e-03 9.609697588684351643e-01
-1.144578313253012125e-01 -2.537537305676150490e-03 8.417808534817154964e-01
-1.144578313253012125e-01 -2.573080721233923871e-03 7.350088325632324615e-01
-1.144578313253012125e-01 -2.572456028104283966e-03 6.332358049625214091e-01
-1.144578313253012125e-01 -2.605321642732069676e-03 5.431195576352971788e-01
-1.144578313253012125e-01 -2.600194789823843597e-03 4.616072453982393298e-01
-1.144578313253012125e-01 -2.630215263678543827e-03 3.858267230703972817e-01
-1.144578313253012125e-01 -2.659211550131136258e-03 3.212428442339683166e-01
-1.144578313253012125e-01 -2.687151306991438383e-03 2.667906604179045571e-01
-1.144578313253012125e-01 -2.673317558199206617e-03 2.150831535136924488e-01
-1.144578313253012125e-01 -2.698102330359496669e-03 1.720124426404469054e-01
-1.144578313253012125e-01 -2.721726358459563080e-03 1.374574236350962764e-01
-1.144578313253012125e-01 -2.744158260278317576e-03 1.108119648814645669e-01
-1.144578313253012125e-01 -2.765366876899663130e-03 9.155624098674956801e-02
-1.144578313253012125e-01 -2.785321278935033382e-03 7.931158462643279894e-02
-1.144578313253012125e-01 -2.803990773042944456e-03 7.378122313694833456e-02
-1.144578313253012125e-01 -2.821344908765031478e-03 7.477660877097133674e-02
-1.144578313253012125e-01 -2.837353485699692195e-03 8.220364028458107541e-02
-1.144578313253012125e-01 -2.851986561036196598e-03 9.608795557921458175e-02
-1.144578313253012125e-01 -2.865214457474131969e-03 1.165551803463443226e-01
-1.144578313253012125e-01 -2.877007771555170450e-03 1.438343168441434672e-01
-1.144578313253012125e-01 -2.887337382436592614e-03 1.783023454717469480e-01
-1.144578313253012125e-01 -2.949764494301045526e-03 2.183734273171236140e-01
-1.144578313253012125e-01 -2.958122964211856720e-03 2.583747868564744699e-01
-1.144578313253012125e-01 -2.964938312071951909e-03 3.055285964908323049e-01
-1.144578313253012125e-01 -2.970182424605899516e-03 3.606472436845123419e-01
-1.144578313253012125e-01 -2.973827513808450281e-03 4.245140330683126462e-01
-1.144578313253012125e-01 -3.034827515913850627e-03 4.859404341005948424e-01
-1.144578313253012125e-01 -3.036267858975839722e-03 5.526612342983325821e-01
-1.144578313253012125e-01 -3.036033011526128190e-03 6.293981879312153804e-01
-1.144578313253012125e-01 -3.096450098217610417e-03 7.092889701270773672e-01
-1.144578313253012125e-01 -3.093880060198489230e-03 7.879127712488535051e-01
-1.144578313253012125e-01 -3.089560598007605116e-03 8.785183520545976066e-01
-1.144578313253012125e-01 -3.149260872137005923e-03 9.694129623764224934e-01
-1.144578313253012125e-01 -3.142478342709864158e-03 1.061910253372284174e+00
-1.144578313253012125e-01 -3.133874243554232372e-03 1.169108022728392537e+00
-1.144578313253012125e-01 -3.192725056932183784e-03 1.264392995250970708e+00
-1.144578313253012125e-01 -3.181532776174049882e-03 1.374395155548449043e+00
-1.144578313253012125e-01 -3.240177307609291672e-03 1.483102284066379006e+00
-1.144578313253012125e-01 -3.226319063382976880e-03 1.596154769833970422e+00
-1.144578313253012125e-01 -3.284712793691751606e-03 1.715728496431471406e+00
-1.144578313253012125e-01 -3.268111762475003467e-03 1.832477093269699653e+00
-1.144578313253012125e-01 -3.326210389625275203e-03 1.960547933278400379e+00
-1.144578313253012125e-01 -3.306790746561030000e-03 2.081842280157381264e+00
-1.144578313253012125e-01 -3.364550191737256720e-03 2.216094792287099935e+00
-1.144578313253012125e-01 -3.342237153807708396e-03 2.343240856838223696e+00
-1.144578313253012125e-01 -3.399613567800316427e-03 2.481512878311169068e+00
-1.144578313253012125e-01 -3.374333440129690699e-03 2.616152236617024229e+00
-1.144578313253012125e-01 -3.431283210074680557e-03 2.756416880425879956e+00
-1.144578313253012125e-01 -3.402963435671075773e-03 2.900590985274837497e+00
-1.144578313253012125e-01 -3.459443192167767789e-03 3.041040273943089289e+00
-1.144578313253012125e-01 -3.428012405453480065e-03 3.197111657503598270e+00
-1.144578313253012125e-01 -3.483979030091394116e-03 3.335911177697663543e+00
-1.144578313253012125e-01 -3.540398825779008697e-03 3.493997542522557787e+00
-1.117647058823529327e-01 -2.327524962631830237e-03 3.410337192629669723e+00
-1.117647058823529327e-01 -2.358163538138352815e-03 3.161418407297032829e+00
-1.117647058823529327e-01 -2.362553322111390821e-03 2.920381345443451959e+00
-1.117647058823529327e-01 -2.388875401961149201e-03 2.692520513979573593e+00
-1.117647058823529327e-01 -2.387342535285200042e-03 2.476123494250898727e+00
-1.117647058823529327e-01 -2.409057172856982672e-03 2.267954756263285354e+00
-1.117647058823529327e-01 -2.428744319964683263e-03 2.071041817637853555e+00
-1.117647058823529327e-01 -2.446341567154945284e-03 1.884868255360442779e+00
-1.117647058823529327e-01 -2.461787210102958472e-03 1.709287435023588264e+00
-1.117647058823529327e-01 -2.475020279257574615e-03 1.544533239825486737e+00
-1.117647058823529327e-01 -2.516611447932684629e-03 1.387931334361669045e+00
-1.117647058823529327e-01 -2.526042621185251719e-03 1.240137790852558597e+00
-1.117647058823529327e-01 -2.533089478078391632e-03 1.104087188631939220e+00
-1.117647058823529327e-01 -2.570796415870425528e-03 9.772784250462785982e-01
-1.117647058823529327e-01 -2.573725127564048532e-03 8.577098520581565300e-01
-1.117647058823529327e-01 -2.608906204066559903e-03 7.503028537408470422e-01
-1.117647058823529327e-01 -2.607516195140480858e-03 6.484225410806381262e-01
-1.117647058823529327e-01 -2.640003410288802640e-03 5.569765639117454370e-01
-1.117647058823529327e-01 -2.634098547554969329e-03 4.759768080738893681e-01
-1.117647058823529327e-01 -2.663726845000641882e-03 3.985400865623435762e-01
-1.117647058823529327e-01 -2.692324038250276490e-03 3.319610494369048537e-01
-1.117647058823529327e-01 -2.719858228800882231e-03 2.752213303059149463e-01
-1.117647058823529327e-01 -2.705227486936543756e-03 2.254690822563273356e-01
-1.117647058823529327e-01 -2.729597050285254966e-03 1.803194847267566014e-01
-1.117647058823529327e-01 -2.752800782557961266e-03 1.435879090212478504e-01
-1.117647058823529327e-01 -2.774807716441423343e-03 1.146999370353955494e-01
-1.117647058823529327e-01 -2.795587101235968378e-03 9.322530621267835493e-02
-1.117647058823529327e-01 -2.815108408919545554e-03 7.881044304749179608e-02
-1.117647058823529327e-01 -2.833341340501856383e-03 7.120764247787386703e-02
-1.117647058823529327e-01 -2.850255832687634879e-03 7.025995279121652337e-02
-1.117647058823529327e-01 -2.865822064869688254e-03 7.591889032184004349e-02
-1.117647058823529327e-01 -2.880010466474115099e-03 8.824728891713926049e-02
-1.117647058823529327e-01 -2.892791724681973310e-03 1.073991076162509745e-01
-1.117647058823529327e-01 -2.904136792553852278e-03 1.336661251106353032e-01
-1.117647058823529327e-01 -2.966927124408122105e-03 1.632730792713027457e-01
-1.117647058823529327e-01 -2.976347046255620275e-03 1.958147134443857795e-01
-1.117647058823529327e-01 -2.984251648036465032e-03 2.352672204206528173e-01
-1.117647058823529327e-01 -2.990612830137548677e-03 2.823362017163387194e-01
-1.117647058823529327e-01 -2.995402798250438280e-03 3.377197626229230254e-01
-1.117647058823529327e-01 -3.056845358772650786e-03 3.925311376739612501e-01
-1.117647058823529327e-01 -3.059477679930042941e-03 4.510780711605001936e-01
-1.117647058823529327e-01 -3.060462712883493027e-03 5.189798697027289132e-01
-1.117647058823529327e-01 -3.121365950871470181e-03 5.942873871082348103e-01
-1.117647058823529327e-01 -3.120063412434621788e-03 6.641217251571666091e-01
-1.117647058823529327e-01 -3.117039325736861363e-03 7.450229892847768376e-01
-1.117647058823529327e-01 -3.177270577500823038e-03 8.333233528457174577e-01
-1.117647058823529327e-01 -3.171831405738945869e-03 9.158652659285224651e-01
-1.117647058823529327e-01 -3.164598382088728082e-03 1.011906481983820161e+00
-1.117647058823529327e-01 -3.224026161995189894e-03 1.106517857848396069e+00
-1.117647058823529327e-01 -3.214253129428273903e-03 1.204786029175498596e+00
-1.117647058823529327e-01 -3.273500788324392678e-03 1.313922363802678905e+00
-1.117647058823529327e-01 -3.261110120756322700e-03 1.414470218372723354e+00
-1.117647058823529327e-01 -3.246810909532866270e-03 1.533330352628281545e+00
-1.117647058823529327e-01 -3.305048509552388231e-03 1.638819626378729355e+00
-1.117647058823529327e-01 -3.288011179914846014e-03 1.762258800176017770e+00
-1.117647058823529327e-01 -3.345948588363637389e-03 1.876076788901662518e+00
-1.117647058823529327e-01 -3.326098131163314573e-03 2.005023742899742167e+00
-1.117647058823529327e-01 -3.383691833939849337e-03 2.124976718475533488e+00
-1.117647058823529327e-01 -3.360954250681825756e-03 2.260729687502001095e+00
-1.117647058823529327e-01 -3.418160955465766784e-03 2.384726169432878073e+00
-1.117647058823529327e-01 -3.392463303399406802e-03 2.528942089564521822e+00
-1.117647058823529327e-01 -3.449239946185466126e-03 2.655046188328411105e+00
-1.117647058823529327e-01 -3.506487764430331073e-03 2.802051629965341739e+00
-1.117647058823529327e-01 -3.476814138749089421e-03 2.936176276053004575e+00
-1.117647058823529327e-01 -3.533577513213430506e-03 3.082458791647309848e+00
-1.117647058823529327e-01 -3.500770264653362430e-03 3.228699347182591328e+00
-1.117647058823529327e-01 -3.557006638184753884e-03 3.372532169880834818e+00
-1.117647058823529327e-01 -3.520996518194585527e-03 3.533703022856414577e+00
-1.091954022988505663e-01 -2.372973289309970955e-03 3.409927853954610733e+00
-1.091954022988505663e-01 -2.378872624508275146e-03 3.160823616928803315e+00
-1.091954022988505663e-01 -2.406420394742810314e-03 2.924240938937324952e+00
-1.091954022988505663e-01 -2.406513507365340594e-03 2.698267202704213830e+00
-1.091954022988505663e-01 -2.429556009790256529e-03 2.481276674640339852e+00
-1.091954022988505663e-01 -2.450618530793833259e-03 2.275547604219606779e+00
-1.091954022988505663e-01 -2.469638908050100952e-03 2.080360435808729758e+00
-1.091954022988505663e-01 -2.486555638021494680e-03 1.895351608352938255e+00
-1.091954022988505663e-01 -2.501307903046467822e-03 1.720523407298250707e+00
-1.091954022988505663e-01 -2.513835600321704961e-03 1.556239804816168082e+00
-1.091954022988505663e-01 -2.555107368423331377e-03 1.402151419745029548e+00
-1.091954022988505663e-01 -2.563811300323668319e-03 1.254094945724600230e+00
-1.091954022988505663e-01 -2.570121325560641243e-03 1.117827192886605925e+00
-1.091954022988505663e-01 -2.607477858808516461e-03 9.916664497281216795e-01
-1.091954022988505663e-01 -2.609652270006297334e-03 8.717677724820492857e-01
-1.091954022988505663e-01 -2.644465062678549340e-03 7.640762771331760517e-01
-1.091954022988505663e-01 -2.642306012429555297e-03 6.620201212644756250e-01
-1.091954022988505663e-01 -2.674409387896284091e-03 5.697068062146044554e-01
-1.091954022988505663e-01 -2.667723348787902089e-03 4.890613198833461683e-01
-1.091954022988505663e-01 -2.696954489848270558e-03 4.103971851402218873e-01
-1.091954022988505663e-01 -2.725147813164768406e-03 3.422337698332827971e-01
-1.091954022988505663e-01 -2.752271855037959417e-03 2.836734013904199658e-01
-1.091954022988505663e-01 -2.778295337365135464e-03 2.338784348320408768e-01
-1.091954022988505663e-01 -2.760792054911551628e-03 1.887822114649135019e-01
-1.091954022988505663e-01 -2.783571463136761022e-03 1.502402669906535426e-01
-1.091954022988505663e-01 -2.805149562614906323e-03 1.195073495556970011e-01
-1.091954022988505663e-01 -2.825496003761840055e-03 9.617650820159071023e-02
-1.091954022988505663e-01 -2.844580653163301422e-03 7.994453213069591113e-02
-1.091954022988505663e-01 -2.862373599770856331e-03 7.059550041517684282e-02
-1.091954022988505663e-01 -2.878845161399877940e-03 6.801083274936799150e-02
-1.091954022988505663e-01 -2.893965891549827533e-03 7.219494311117695406e-02
-1.091954022988505663e-01 -2.907706586568692408e-03 8.323129674751715557e-02
-1.091954022988505663e-01 -2.920038293185397635e-03 1.013312765680133704e-01
-1.091954022988505663e-01 -2.983172431331504015e-03 1.209222196657960546e-01
-1.091954022988505663e-01 -2.993624282009413069e-03 1.460344338025775235e-01
-1.091954022988505663e-01 -3.002588350289108962e-03 1.778495355388491628e-01
-1.091954022988505663e-01 -3.010036574484766837e-03 2.169719955506097253e-01
-1.091954022988505663e-01 -3.015941179776493019e-03 2.640211216736102484e-01
-1.091954022988505663e-01 -3.077805029465785144e-03 3.125346106866332407e-01
-1.091954022988505663e-01 -3.081598498227477567e-03 3.630811031337119466e-01
-1.091954022988505663e-01 -3.083772428248169380e-03 4.223812786242718831e-01
-1.091954022988505663e-01 -3.084300067616088398e-03 4.915620171606399080e-01
-1.091954022988505663e-01 -3.145072992823825814e-03 5.546777799872819603e-01
-1.091954022988505663e-01 -3.143312701280905844e-03 6.262271470226177250e-01
-1.091954022988505663e-01 -3.139832687206312641e-03 7.093630201925011924e-01
-1.091954022988505663e-01 -3.199923816185952508e-03 7.851254133048884976e-01
-1.091954022988505663e-01 -3.194029857724871736e-03 8.705202392974047410e-01
-1.091954022988505663e-01 -3.254010329330326353e-03 9.645935900708860755e-01
-1.091954022988505663e-01 -3.245624205398148481e-03 1.051722863015640996e+00
-1.091954022988505663e-01 -3.235401548771518841e-03 1.154135027017312742e+00
-1.091954022988505663e-01 -3.294494420034205142e-03 1.250129831414243053e+00
-1.091954022988505663e-01 -3.281657581016784488e-03 1.355596526204892571e+00
-1.091954022988505663e-01 -3.340520220982406887e-03 1.463387962058479763e+00
-1.091954022988505663e-01 -3.324993332225994590e-03 1.572383218878968592e+00
-1.091954022988505663e-01 -3.383582396020989869e-03 1.689519324895721208e+00
-1.091954022988505663e-01 -3.365290496943922158e-03 1.802759440823614723e+00
-1.091954022988505663e-01 -3.423562842796176384e-03 1.927021738101284187e+00
-1.091954022988505663e-01 -3.402431918087610307e-03 2.045575879209985626e+00
-1.091954022988505663e-01 -3.460344613045004698e-03 2.174848957954959250e+00
-1.091954022988505663e-01 -3.436301633904692305e-03 2.300129370580460630e+00
-1.091954022988505663e-01 -3.493811959861013901e-03 2.432449542453959612e+00
-1.091954022988505663e-01 -3.466784928240350568e-03 2.566315794132810968e+00
-1.091954022988505663e-01 -3.523850388292681240e-03 2.699770528251250745e+00
-1.091954022988505663e-01 -3.493768384435563638e-03 2.844299366205638169e+00
-1.091954022988505663e-01 -3.550346709599745514e-03 2.977091449680244750e+00
-1.091954022988505663e-01 -3.607379479142754954e-03 3.129232863409400878e+00
-1.091954022988505663e-01 -3.573189099532987374e-03 3.265172124138704390e+00
-1.091954022988505663e-01 -3.629681332181068729e-03 3.414110361401839544e+00
-1.067415730337078622e-01 -2.394445227079546826e-03 3.404007291870949192e+00
-1.067415730337078622e-01 -2.423181280670397460e-03 3.159113880843124278e+00
-1.067415730337078622e-01 -2.424855755540626222e-03 2.924013738376042504e+00
-1.067415730337078622e-01 -2.449187155847868703e-03 2.698766297683074633e+00
-1.067415730337078622e-01 -2.471585358892360376e-03 2.484858243159264735e+00
-1.067415730337078622e-01 -2.491988488934056105e-03 2.281381165195946359e+00
-1.067415730337078622e-01 -2.510335286525585199e-03 2.087770050145248746e+00
-1.067415730337078622e-01 -2.526565133305582432e-03 1.903812388699588798e+00
-1.067415730337078622e-01 -2.540618078489236941e-03 1.729642659499577517e+00
-1.067415730337078622e-01 -2.552434867216017440e-03 1.565606403373698940e+00
-1.067415730337078622e-01 -2.561956970933738573e-03 1.412675487452108136e+00
-1.067415730337078622e-01 -2.601352358589065477e-03 1.266077073778739015e+00
-1.067415730337078622e-01 -2.606921084721871337e-03 1.129386526134352975e+00
-1.067415730337078622e-01 -2.643921378494072921e-03 1.004373918390984999e+00
-1.067415730337078622e-01 -2.645337644408884969e-03 8.839357510945518026e-01
-1.067415730337078622e-01 -2.679776848302123891e-03 7.763850048554089556e-01
-1.067415730337078622e-01 -2.676845481163264793e-03 6.740374997532810886e-01
-1.067415730337078622e-01 -2.708560193371996848e-03 5.812433412668283061e-01
-1.067415730337078622e-01 -2.739302038018429000e-03 5.000152490816495154e-01
-1.067415730337078622e-01 -2.729919822099245805e-03 4.212318222003724744e-01
-1.067415730337078622e-01 -2.757705083626793043e-03 3.518995695587832651e-01
-1.067415730337078622e-01 -2.784414970885522832e-03 2.918986813144983650e-01
-1.067415730337078622e-01 -2.810018626266464533e-03 2.404464283569630600e-01
-1.067415730337078622e-01 -2.834485376971363282e-03 1.968190491328636327e-01
-1.067415730337078622e-01 -2.814062625312142765e-03 1.570843901468159942e-01
-1.067415730337078622e-01 -2.835208558864416202e-03 1.248374174506214351e-01
-1.067415730337078622e-01 -2.855118870611769114e-03 9.997631095354481134e-02
-1.067415730337078622e-01 -2.873763814860248820e-03 8.222976779293098004e-02
-1.067415730337078622e-01 -2.891113861942319011e-03 7.141283628819486418e-02
-1.067415730337078622e-01 -2.907139704556673410e-03 6.747554484899744021e-02
-1.067415730337078622e-01 -2.921812264423104700e-03 7.043506677187161280e-02
-1.067415730337078622e-01 -2.985675127007966344e-03 7.886618219726786172e-02
-1.067415730337078622e-01 -2.998562544893525889e-03 9.043148595869027195e-02
-1.067415730337078622e-01 -3.010017683578524329e-03 1.081687609008581130e-01
-1.067415730337078622e-01 -3.020012279599223852e-03 1.324317014626940625e-01
-1.067415730337078622e-01 -3.028518330637498292e-03 1.637288728692183337e-01
-1.067415730337078622e-01 -3.035508104192375777e-03 2.026066834754390311e-01
-1.067415730337078622e-01 -3.097773316242136057e-03 2.451279205034936903e-01
-1.067415730337078622e-01 -3.102697833621056046e-03 2.878587947080184506e-01
-1.067415730337078622e-01 -3.106030362158920550e-03 3.387973672449097196e-01
-1.067415730337078622e-01 -3.107744130816325178e-03 3.989591247199126833e-01
-1.067415730337078622e-01 -3.168978996907957906e-03 4.587697674883833843e-01
-1.067415730337078622e-01 -3.168451499046075377e-03 5.213155670694047394e-01
-1.067415730337078622e-01 -3.166231868024321511e-03 5.945638871418419402e-01
-1.067415730337078622e-01 -3.226828233026873133e-03 6.688599184140625598e-01
-1.067415730337078622e-01 -3.222241782440206197e-03 7.441006798199988337e-01
-1.067415730337078622e-01 -3.215891608880958041e-03 8.322571187689399297e-01
-1.067415730337078622e-01 -3.275720868065385826e-03 9.143282686088581857e-01
-1.067415730337078622e-01 -3.266880682226604420e-03 1.004870143484483780e+00
-1.067415730337078622e-01 -3.326548502951569633e-03 1.102219747806129080e+00
-1.067415730337078622e-01 -3.315141791043381587e-03 1.195071372702051438e+00
-1.067415730337078622e-01 -3.374605032671630731e-03 1.305222733718847783e+00
-1.067415730337078622e-01 -3.360556097721871180e-03 1.400667211519084354e+00
-1.067415730337078622e-01 -3.344586186008815642e-03 1.515111230172873968e+00
-1.067415730337078622e-01 -3.403005801053658047e-03 1.619710770031985270e+00
-1.067415730337078622e-01 -3.384276077510522604e-03 1.739217679864435873e+00
-1.067415730337078622e-01 -3.442374176583864066e-03 1.850816820216818259e+00
-1.067415730337078622e-01 -3.420811425019472472e-03 1.976512319894802250e+00
-1.067415730337078622e-01 -3.478545619679429719e-03 2.093032791210101440e+00
-1.067415730337078622e-01 -3.454077581982087364e-03 2.226406081608077070e+00
-1.067415730337078622e-01 -3.511405691566244370e-03 2.345979689849525318e+00
-1.067415730337078622e-01 -3.569205637443275455e-03 2.486516978772696174e+00
-1.067415730337078622e-01 -3.540841168618318394e-03 2.609541735972936927e+00
-1.067415730337078622e-01 -3.598181793682441593e-03 2.750289404330303444e+00
-1.067415730337078622e-01 -3.566740095216610739e-03 2.884078961317335210e+00
-1.067415730337078622e-01 -3.623579679752377686e-03 3.023312161300567347e+00
-1.067415730337078622e-01 -3.588991840534697109e-03 3.170415117590108967e+00
-1.067415730337078622e-01 -3.645288892720818710e-03 3.306721630428560044e+00
-1.067415730337078622e-01 -3.702024054262474228e-03 3.460972490474400587e+00
-1.043956043956044133e-01 -2.439204958112394048e-03 3.396618338165797724e+00
-1.043956043956044133e-01 -2.442417470629508133e-03 3.152836424382867264e+00
-1.043956043956044133e-01 -2.468000128855845840e-03 2.919874452362581252e+00
-1.043956043956044133e-01 -2.491695620113812664e-03 2.698395126016809531e+00
-1.043956043956044133e-01 -2.513442389316937042e-03 2.487314204554400110e+00
-1.043956043956044133e-01 -2.505297404036069004e-03 2.285466407304190373e+00
-1.043956043956044133e-01 -2.550846450255380999e-03 2.093678418622194393e+00
-1.043956043956044133e-01 -2.566383610577372722e-03 1.910633106523673908e+00
-1.043956043956044133e-01 -2.579731836191413458e-03 1.736848205954034885e+00
-1.043956043956044133e-01 -2.590832701588969590e-03 1.573060312889706935e+00
-1.043956043956044133e-01 -2.599628488905829978e-03 1.420216349372886766e+00
-1.043956043956044133e-01 -2.638681535608507125e-03 1.276177876865369543e+00
-1.043956043956044133e-01 -2.643504962830776992e-03 1.139091162869134255e+00
-1.043956043956044133e-01 -2.680143775618027552e-03 1.015419724024596793e+00
-1.043956043956044133e-01 -2.680798485437718096e-03 8.943638016250181622e-01
-1.043956043956044133e-01 -2.714859366850530444e-03 7.872968510657398777e-01
-1.043956043956044133e-01 -2.711152807618394996e-03 6.845070338729137838e-01
-1.043956043956044133e-01 -2.742474582450115002e-03 5.915547653011459239e-01
-1.043956043956044133e-01 -2.772816198780101750e-03 5.096875151529286496e-01
-1.043956043956044133e-01 -2.762642491686382196e-03 4.309941153834240257e-01
-1.043956043956044133e-01 -2.790016019337305392e-03 3.608244008711351536e-01
-1.043956043956044133e-01 -2.816308257850222950e-03 2.997146803088097666e-01
-1.043956043956044133e-01 -2.841488761553299675e-03 2.468967467963540108e-01
-1.043956043956044133e-01 -2.865527264300518628e-03 2.017664730521379901e-01
-1.043956043956044133e-01 -2.888393684210878443e-03 1.637775096559298815e-01
-1.043956043956044133e-01 -2.865007135958912241e-03 1.303820844444837923e-01
-1.043956043956044133e-01 -2.884478598065084651e-03 1.042679993383900383e-01
-1.043956043956044133e-01 -2.902681247556475590e-03 8.525550196087949839e-02
-1.043956043956044133e-01 -2.919585929483789564e-03 7.324396162272764355e-02
-1.043956043956044133e-01 -2.984105217624779226e-03 6.816139869380313798e-02
-1.043956043956044133e-01 -2.999318393811964325e-03 6.662726467154973797e-02
-1.043956043956044133e-01 -3.013154520001572710e-03 7.098215157422789467e-02
-1.043956043956044133e-01 -3.025585187781618720e-03 8.141954221707042860e-02
-1.043956043956044133e-01 -3.036582227120611290e-03 9.823358536246259987e-02
-1.043956043956044133e-01 -3.046117713991036095e-03 1.218417761476213723e-01
-1.043956043956044133e-01 -3.054163978400671175e-03 1.527230627953525821e-01
-1.043956043956044133e-01 -3.116811865087981432e-03 1.895465704455998601e-01
-1.043956043956044133e-01 -3.122838090869782361e-03 2.246557250449899845e-01
-1.043956043956044133e-01 -3.127299638903272352e-03 2.674773470452263546e-01
-1.043956043956044133e-01 -3.130169743831134194e-03 3.189218626830363501e-01
-1.043956043956044133e-01 -3.191846483304931151e-03 3.756395963032897467e-01
-1.043956043956044133e-01 -3.192521409301899912e-03 4.295252659771436332e-01
-1.043956043956044133e-01 -3.191531636426681376e-03 4.933016808129407904e-01
-1.043956043956044133e-01 -3.252612196543328265e-03 5.662901581915044114e-01
-1.043956043956044133e-01 -3.249302222554252290e-03 6.318518962152924745e-01
-1.043956043956044133e-01 -3.244255969374500517e-03 7.092704601067969516e-01
-1.043956043956044133e-01 -3.304612926280729810e-03 7.917788729362826849e-01
-1.043956043956044133e-01 -3.297123668645671711e-03 8.710948632037538442e-01
-1.043956043956044133e-01 -3.287828360054870919e-03 9.648984305101455661e-01
-1.043956043956044133e-01 -3.347335358211858507e-03 1.050855157146853180e+00
-1.043956043956044133e-01 -3.335476627751147050e-03 1.147677117330573537e+00
-1.043956043956044133e-01 -3.394772829058963302e-03 1.246158500785726986e+00
-1.043956043956044133e-01 -3.380275842471075400e-03 1.346225660621465758e+00
-1.043956043956044133e-01 -3.439318845844294582e-03 1.454862279275937142e+00
-1.043956043956044133e-01 -3.422109594367230782e-03 1.558795770800414093e+00
-1.043956043956044133e-01 -3.480857184014122044e-03 1.675361733667779074e+00
-1.043956043956044133e-01 -3.460862518813330284e-03 1.784076256597290744e+00
-1.043956043956044133e-01 -3.519272669367415167e-03 1.906472445287569428e+00
-1.043956043956044133e-01 -3.496420338366738791e-03 2.021229460826377444e+00
-1.043956043956044133e-01 -3.554451220288951715e-03 2.147559137188702394e+00
-1.043956043956044133e-01 -3.528669907628725552e-03 2.269895023931696620e+00
-1.043956043956044133e-01 -3.586279892901003078e-03 2.398246584175910190e+00
-1.043956043956044133e-01 -3.557499261279224376e-03 2.530025296774844890e+00
-1.043956043956044133e-01 -3.614646929412413355e-03 2.658616324416497534e+00
-1.043956043956044133e-01 -3.582797665596476350e-03 2.802030338337192283e+00
-1.043956043956044133e-01 -3.639441809977845416e-03 2.929192000996578393e+00
-1.043956043956044133e-01 -3.696530222158283044e-03 3.075023196317716589e+00
-1.043956043956044133e-01 -3.660555308418952068e-03 3.211326270010494088e+00
-1.043956043956044133e-01 -3.717088144838914636e-03 3.353353875588104049e+00
-1.043956043956044133e-01 -3.677879552204180169e-03 3.506185610382870799e+00
-1.021505376344086086e-01 -2.459243390408917714e-03 3.384259701748949301e+00
-1.021505376344086086e-01 -2.486040968578621512e-03 3.144103278683088476e+00
-1.021505376344086086e-01 -2.484970911180760592e-03 2.915294838344653972e+00
-1.021505376344086086e-01 -2.507281069972834911e-03 2.694042928428478589e+00
-1.021505376344086086e-01 -2.527619580045986115e-03 2.483568881351729818e+00
-1.021505376344086086e-01 -2.545926529586967167e-03 2.283362678152061509e+00
-1.021505376344086086e-01 -2.562142600144765806e-03 2.093239820571502374e+00
-1.021505376344086086e-01 -2.576209091019856894e-03 1.913188916427176256e+00
-1.021505376344086086e-01 -2.618662096514501152e-03 1.742601113170025640e+00
-1.021505376344086086e-01 -2.629042493074263982e-03 1.578916833743748249e+00
-1.021505376344086086e-01 -2.637107767033376130e-03 1.425878394812133632e+00
-1.021505376344086086e-01 -2.675813225011116053e-03 1.284773491250213784e+00
-1.021505376344086086e-01 -2.679887772225129049e-03 1.147025771433283214e+00
-1.021505376344086086e-01 -2.681486758294450521e-03 1.023137969082746013e+00
-1.021505376344086086e-01 -2.716050524616207048e-03 9.031975137378476237e-01
-1.021505376344086086e-01 -2.749728860503012490e-03 7.968912070388262103e-01
-1.021505376344086086e-01 -2.745244590552969356e-03 6.934813126654800763e-01
-1.021505376344086086e-01 -2.776169644055905168e-03 6.006218265142599932e-01
-1.021505376344086086e-01 -2.806107447216517684e-03 5.184539781585348894e-01
-1.021505376344086086e-01 -2.795140383058800602e-03 4.396437037016123761e-01
-1.021505376344086086e-01 -2.822098967110670074e-03 3.689235594037751920e-01
-1.021505376344086086e-01 -2.847970517595286525e-03 3.069514943191788414e-01
-1.021505376344086086e-01 -2.872724992282651556e-03 2.530854755431787284e-01
-1.021505376344086086e-01 -2.896332523438213940e-03 2.067363903429630112e-01
-1.021505376344086086e-01 -2.918763422448330223e-03 1.674111682809755475e-01
-1.021505376344086086e-01 -2.939988184654940360e-03 1.346954521592644560e-01
-1.021505376344086086e-01 -2.959977494412401565e-03 1.082182439389137857e-01
-1.021505376344086086e-01 -2.978702230380508246e-03 8.780056318115188330e-02
-1.021505376344086086e-01 -2.996133471068791396e-03 7.328662846335207148e-02
-1.021505376344086086e-01 -3.012242500648458065e-03 6.460393034337581775e-02
-1.021505376344086086e-01 -3.027000815049639068e-03 6.181940048243356883e-02
-1.021505376344086086e-01 -3.040380128363098441e-03 6.504940298310891988e-02
-1.021505376344086086e-01 -3.052352379567210491e-03 7.453294332283165458e-02
-1.021505376344086086e-01 -3.062889739602745430e-03 9.060092740273802125e-02
-1.021505376344086086e-01 -3.071964618820050702e-03 1.136698646424670611e-01
-1.021505376344086086e-01 -3.079549674825339273e-03 1.442854092714960235e-01
-1.021505376344086086e-01 -3.142077007270011914e-03 1.727678567879730176e-01
-1.021505376344086086e-01 -3.147638738952456862e-03 2.077202303854491783e-01
-1.021505376344086086e-01 -3.151636094761073315e-03 2.507477813571769021e-01
-1.021505376344086086e-01 -3.154042612600685587e-03 3.027093579704188131e-01
-1.021505376344086086e-01 -3.215583457242813647e-03 3.501414582401831677e-01
-1.021505376344086086e-01 -3.215793646108878849e-03 4.048503760287440745e-01
-1.021505376344086086e-01 -3.214340583748139663e-03 4.699190945683925369e-01
-1.021505376344086086e-01 -3.275274594458209981e-03 5.330267143870032198e-01
-1.021505376344086086e-01 -3.271501676015192619e-03 6.002480268578579414e-01
-1.021505376344086086e-01 -3.265994722952810392e-03 6.797769882607966885e-01
-1.021505376344086086e-01 -3.326196123872486067e-03 7.520048349607695304e-01
-1.021505376344086086e-01 -3.318247944229555085e-03 8.339585376671698747e-01
-1.021505376344086086e-01 -3.378305511923995665e-03 9.221030877679966542e-01
-1.021505376344086086e-01 -3.367840756041190139e-03 1.006352853077011833e+00
-1.021505376344086086e-01 -3.355529240732169332e-03 1.106915096721574399e+00
-1.021505376344086086e-01 -3.414656371859258951e-03 1.194569081930210830e+00
-1.021505376344086086e-01 -3.399710596755830747e-03 1.299061307895612583e+00
-1.021505376344086086e-01 -3.458578950578966148e-03 1.396657941265777136e+00
-1.021505376344086086e-01 -3.440925735583009494e-03 1.505710362674818725e+00
-1.021505376344086086e-01 -3.499493632691108493e-03 1.611093882311491754e+00
-1.021505376344086086e-01 -3.479060633517190061e-03 1.725647290991729754e+00
-1.021505376344086086e-01 -3.537286578842026123e-03 1.836807824218332774e+00
-1.021505376344086086e-01 -3.514002322937366963e-03 1.958212686691396032e+00
-1.021505376344086086e-01 -3.571845010999691750e-03 2.073190723775155675e+00
-1.021505376344086086e-01 -3.545638936030433546e-03 2.202989809596357595e+00
-1.021505376344086086e-01 -3.603057256469532031e-03 2.319939210072600844e+00
-1.021505376344086086e-01 -3.660936768237458075e-03 2.456915183361980226e+00
-1.021505376344086086e-01 -3.630812795032494888e-03 2.577186693827307362e+00
-1.021505376344086086e-01 -3.688216060128488797e-03 2.713531799986444781e+00
-1.021505376344086086e-01 -3.655002309511138150e-03 2.845716705085729714e+00
-1.021505376344086086e-01 -3.711888650365857082e-03 2.979991218110772166e+00
-1.021505376344086086e-01 -3.675517740107651487e-03 3.126607010667420194e+00
-1.021505376344086086e-01 -3.731846693295012580e-03 3.257158409878798899e+00
-1.021505376344086086e-01 -3.788604003540833095e-03 3.404890844679672846e+00
-1.000000000000000056e-01 -2.503352518963034359e-03 3.371001134394824295e+00
-1.000000000000000056e-01 -2.503848622873950693e-03 3.132573024625199043e+00
-1.000000000000000056e-01 -2.527435662221876045e-03 2.904200005537583618e+00
-1.000000000000000056e-01 -2.549096164434805009e-03 2.686467554836895921e+00
-1.000000000000000056e-01 -2.568770512605528071e-03 2.478687572152201923e+00
-1.000000000000000056e-01 -2.586399645880765180e-03 2.280485882504448725e+00
-1.000000000000000056e-01 -2.601925081822630860e-03 2.091635709337291260e+00
-1.000000000000000056e-01 -2.615288940292163477e-03 1.912543277551373544e+00
-1.000000000000000056e-01 -2.626433968997339465e-03 1.743789475821940327e+00
-1.000000000000000056e-01 -2.667076521761733640e-03 1.583332549417835855e+00
-1.000000000000000056e-01 -2.674407490479688721e-03 1.430089777158133790e+00
-1.000000000000000056e-01 -2.679358178130665340e-03 1.288859437745795367e+00
-1.000000000000000056e-01 -2.716083071197436614e-03 1.153447624309416941e+00
-1.000000000000000056e-01 -2.716922414347207673e-03 1.028911489105872823e+00
-1.000000000000000056e-01 -2.751108143590438957e-03 9.105819372641613674e-01
-1.000000000000000056e-01 -2.747647229036559446e-03 8.047649052587906304e-01
-1.000000000000000056e-01 -2.779135986513006119e-03 7.010109081594210201e-01
-1.000000000000000056e-01 -2.809660972482664991e-03 6.085329985371465966e-01
-1.000000000000000056e-01 -2.839191807946912088e-03 5.263167000828971043e-01
-1.000000000000000056e-01 -2.827429798861228697e-03 4.471760849007373473e-01
-1.000000000000000056e-01 -2.853970641268223363e-03 3.761070831669043879e-01
-1.000000000000000056e-01 -2.879418869016509702e-03 3.135548115706550121e-01
-1.000000000000000056e-01 -2.903744834909664178e-03 2.588897874425830081e-01
-1.000000000000000056e-01 -2.926919061454620954e-03 2.115773729926928859e-01
-1.000000000000000056e-01 -2.948912245378211387e-03 1.711589956829987769e-01
-1.000000000000000056e-01 -2.969695262348337559e-03 1.372089554285037816e-01
-1.000000000000000056e-01 -2.989239171912544402e-03 1.095064724932346828e-01
-1.000000000000000056e-01 -3.007515222667660020e-03 8.784260368489935078e-02
-1.000000000000000056e-01 -3.024494857675335234e-03 7.208282923679695808e-02
-1.000000000000000056e-01 -3.040149720139497316e-03 6.224635483362908617e-02
-1.000000000000000056e-01 -3.054451659363012234e-03 5.837617932029467299e-02
-1.000000000000000056e-01 -3.067372737002358948e-03 6.066023225999440938e-02
-1.000000000000000056e-01 -3.078885233640656256e-03 6.934698848632185608e-02
-1.000000000000000056e-01 -3.088961655701187234e-03 8.479515840398385573e-02
-1.000000000000000056e-01 -3.097574742725451961e-03 1.074645676098670843e-01
-1.000000000000000056e-01 -3.160468057060964939e-03 1.315382830759218025e-01
-1.000000000000000056e-01 -3.167101894290336520e-03 1.588708120308969796e-01
-1.000000000000000056e-01 -3.172198143673638730e-03 1.937792804859239104e-01
-1.000000000000000056e-01 -3.175730374194988669e-03 2.370410165020404580e-01
-1.000000000000000056e-01 -3.237694384701008191e-03 2.824938606654401330e-01
-1.000000000000000056e-01 -3.239075302001243571e-03 3.285284580864994419e-01
-1.000000000000000056e-01 -3.238819963133227672e-03 3.841291475850930892e-01
-1.000000000000000056e-01 -3.300218027582086083e-03 4.469230775538156619e-01
-1.000000000000000056e-01 -3.297688441549444585e-03 5.044651680667989746e-01
-1.000000000000000056e-01 -3.293451895443025475e-03 5.733010804991808262e-01
-1.000000000000000056e-01 -3.354159408708071947e-03 6.468439132474620434e-01
-1.000000000000000056e-01 -3.347527711814867780e-03 7.176247650160353375e-01
-1.000000000000000056e-01 -3.339120004247357783e-03 8.021185437697812004e-01
-1.000000000000000056e-01 -3.399013339782725168e-03 8.804618820660841116e-01
-1.000000000000000056e-01 -3.388091758561372763e-03 9.677959900875079402e-01
-1.000000000000000056e-01 -3.447792667511091844e-03 1.059248042162780568e+00
-1.000000000000000056e-01 -3.434283465623827036e-03 1.149561480781114975e+00
-1.000000000000000056e-01 -3.493750472720315910e-03 1.251846707652405577e+00
-1.000000000000000056e-01 -3.477580656564533725e-03 1.345588111243492202e+00
-1.000000000000000056e-01 -3.536772456019129669e-03 1.456532704258498567e+00
-1.000000000000000056e-01 -3.517869816273260213e-03 1.554449147556874911e+00
-1.000000000000000056e-01 -3.576745276392833631e-03 1.672021243440011684e+00
-1.000000000000000056e-01 -3.555038420997515877e-03 1.775249829943639668e+00
-1.000000000000000056e-01 -3.613556589040003379e-03 1.897471419121957048e+00
-1.000000000000000056e-01 -3.588974978485728624e-03 2.007337065922479180e+00
-1.000000000000000056e-01 -3.647095085772601199e-03 2.132342530072576459e+00
-1.000000000000000056e-01 -3.619569070913953093e-03 2.250495707748087160e+00
-1.000000000000000056e-01 -3.677250538219398700e-03 2.376511173320706050e+00
-1.000000000000000056e-01 -3.646711400862599154e-03 2.504931006394224280e+00
-1.000000000000000056e-01 -3.703913844101227801e-03 2.630476331016863956e+00
-1.000000000000000056e-01 -3.670293840642194997e-03 2.771646011016256850e+00
-1.000000000000000056e-01 -3.726977076879333436e-03 2.895020267257307545e+00
-1.000000000000000056e-01 -3.784094667417137181e-03 3.036169782220723867e+00
-1.000000000000000056e-01 -3.746333539115682346e-03 3.171178710411135082e+00
-1.000000000000000056e-01 -3.802881170691457206e-03 3.308123476349425385e+00
-1.000000000000000056e-01 -3.761877819927512447e-03 3.461017402555878864e+00
