1.666666666666666644e-02 6.566446783708644076e-03 1.199615236914295835e+00
1.666666666666666644e-02 6.875121643415290328e-03 1.029205111366637837e+00
1.666666666666666644e-02 7.137468364644329599e-03 8.992856333843198824e-01
1.666666666666666644e-02 7.395050417593061060e-03 7.909618331014682813e-01
1.666666666666666644e-02 7.647178703418840671e-03 7.007855007196532870e-01
1.666666666666666644e-02 7.893163367355314486e-03 6.291739724574390014e-01
1.666666666666666644e-02 8.191190698046888624e-03 5.730689082442490534e-01
1.666666666666666644e-02 8.487773867234732483e-03 5.310015695125634982e-01
1.666666666666666644e-02 8.717426110862890390e-03 4.995456839758120049e-01
1.666666666666666644e-02 9.074773033030940350e-03 4.783364426829100902e-01
1.666666666666666644e-02 9.364270851757115419e-03 4.642737207880581751e-01
1.666666666666666644e-02 9.650488132867850871e-03 4.582393140887308647e-01
1.666666666666666644e-02 9.932964906870150879e-03 4.609180483590923361e-01
1.666666666666666644e-02 1.029299380838915624e-02 4.667949051125896420e-01
1.666666666666666644e-02 1.057018830508467573e-02 4.807839417276225658e-01
1.666666666666666644e-02 1.093131725022429557e-02 4.947320485329625983e-01
1.666666666666666644e-02 1.129439879454148359e-02 5.139978296983880313e-01
1.666666666666666644e-02 1.165920398383512441e-02 5.373169798384311857e-01
1.666666666666666644e-02 1.202550378111720553e-02 5.634282780799200196e-01
1.666666666666666644e-02 1.239306906528162520e-02 5.912426639843439968e-01
1.666666666666666644e-02 1.276167062973619301e-02 6.206194658837035361e-01
1.666666666666666644e-02 1.313107918099656705e-02 6.510374940648852027e-01
1.666666666666666644e-02 1.350106533724056666e-02 6.821726609412283038e-01
1.666666666666666644e-02 1.387139962682135130e-02 7.150537092113161686e-01
1.666666666666666644e-02 1.424185248673789234e-02 7.490342235575503382e-01
1.666666666666666644e-02 1.461219426106099423e-02 7.844913903508404784e-01
1.666666666666666644e-02 1.511634418308691052e-02 8.199522348500897229e-01
1.666666666666666644e-02 1.549034541415661263e-02 8.537316644887504857e-01
1.666666666666666644e-02 1.586362350369394103e-02 8.897214766164235344e-01
1.666666666666666644e-02 1.638402000027887676e-02 9.258403488781006274e-01
1.666666666666666644e-02 1.675996439503734184e-02 9.595973572864101575e-01
1.666666666666666644e-02 1.713457302280332537e-02 9.976987691191142593e-01
1.666666666666666644e-02 1.767030246413078126e-02 1.030051229394823853e+00
1.666666666666666644e-02 1.804658345233465036e-02 1.066579222129499627e+00
1.666666666666666644e-02 1.859372195976096223e-02 1.099832659553441117e+00
1.666666666666666644e-02 1.897106373421235392e-02 1.135436816989972231e+00
1.666666666666666644e-02 1.952930678276885643e-02 1.166856178592493798e+00
1.666666666666666644e-02 2.009564460232123040e-02 1.203609959506490634e+00
1.666666666666666644e-02 2.047614047992480507e-02 1.233061990763496318e+00
1.666666666666666644e-02 2.105320228656826914e-02 1.265560822153429799e+00
1.666666666666666644e-02 2.163828291513085825e-02 1.302127346889888404e+00
1.666666666666666644e-02 2.223138236561257586e-02 1.341922097549166359e+00
1.666666666666666644e-02 2.283250063801342197e-02 1.384277785151300177e+00
1.666666666666666644e-02 2.344163773233339659e-02 1.429564128389339217e+00
1.666666666666666644e-02 2.405879364857248584e-02 1.476949717647534799e+00
1.666666666666666644e-02 2.468396838673070706e-02 1.526540049554592882e+00
1.666666666666666644e-02 2.531716194680806373e-02 1.577227934835569556e+00
1.666666666666666644e-02 2.595837432880454543e-02 1.629754613261664264e+00
1.666666666666666644e-02 2.660760553272014522e-02 1.682775619245621579e+00
1.666666666666666644e-02 2.726485555855486659e-02 1.737912215958280271e+00
1.610169491525423671e-02 6.324837634426440890e-03 1.366252702971232802e+00
1.610169491525423671e-02 6.708500896166333036e-03 1.116978464836279716e+00
1.610169491525423671e-02 6.966230659342839346e-03 9.750303648545700641e-01
1.610169491525423671e-02 7.171127731881692634e-03 8.551407154015185919e-01
1.610169491525423671e-02 7.467685289950981575e-03 7.557562131252515414e-01
1.610169491525423671e-02 7.710082417451093705e-03 6.734538868421071633e-01
1.610169491525423671e-02 7.946039747184675470e-03 6.095001023097514903e-01
1.610169491525423671e-02 8.234550153877523773e-03 5.572487110053996329e-01
1.610169491525423671e-02 8.521296652634463217e-03 5.186719393681916701e-01
1.610169491525423671e-02 8.805837248023825822e-03 4.906146432737460428e-01
1.610169491525423671e-02 9.087729631878855782e-03 4.717807963782550962e-01
1.610169491525423671e-02 9.366531173779722372e-03 4.618340586703377770e-01
1.610169491525423671e-02 9.717195746156960523e-03 4.589262868690107133e-01
1.610169491525423671e-02 9.991859905243814441e-03 4.604523845490570699e-01
1.610169491525423671e-02 1.034438654504323159e-02 4.695665299001250959e-01
1.610169491525423671e-02 1.061343850985665277e-02 4.811807800349343633e-01
1.610169491525423671e-02 1.096664953306331243e-02 4.967916175162288561e-01
1.610169491525423671e-02 1.132159089941688415e-02 5.171873389123717857e-01
1.610169491525423671e-02 1.167804200257323288e-02 5.409280957952743440e-01
1.610169491525423671e-02 1.203578215872454921e-02 5.667380424543878581e-01
1.610169491525423671e-02 1.229018611931745851e-02 5.941885891222333793e-01
1.610169491525423671e-02 1.275424649994366492e-02 6.230949531070735237e-01
1.610169491525423671e-02 1.311452891867728905e-02 6.525337339220785848e-01
1.610169491525423671e-02 1.347521685506516791e-02 6.835656381798446146e-01
1.610169491525423671e-02 1.383608921856102972e-02 7.155088053370910472e-01
1.610169491525423671e-02 1.419692483312658300e-02 7.485535125202792406e-01
1.610169491525423671e-02 1.455750243575649333e-02 7.839130765058901495e-01
1.610169491525423671e-02 1.505124837164263131e-02 8.186315776281396506e-01
1.610169491525423671e-02 1.541512339411702827e-02 8.515755963484058499e-01
1.610169491525423671e-02 1.577815071739628247e-02 8.873024199075250085e-01
1.610169491525423671e-02 1.628739120472767754e-02 9.222640918070653671e-01
1.610169491525423671e-02 1.665275907700285163e-02 9.562034009931783540e-01
1.610169491525423671e-02 1.717342412684158895e-02 9.934028852802808673e-01
1.610169491525423671e-02 1.754054376997459322e-02 1.025029645349653018e+00
1.610169491525423671e-02 1.790585666016510785e-02 1.062478987253634433e+00
1.610169491525423671e-02 1.844062249322149516e-02 1.093272884586318217e+00
1.610169491525423671e-02 1.880672910506540896e-02 1.129749129738908175e+00
1.610169491525423671e-02 1.935211261881473327e-02 1.160117498574656514e+00
1.610169491525423671e-02 1.990529139979909864e-02 1.194899834364128832e+00
1.610169491525423671e-02 2.027413118826476221e-02 1.224340218093363353e+00
1.610169491525423671e-02 2.083756098187664746e-02 1.255736824288794073e+00
1.610169491525423671e-02 2.140871286191276326e-02 1.290779628187823436e+00
1.610169491525423671e-02 2.198758682837310963e-02 1.328775503972081884e+00
1.610169491525423671e-02 2.257418288125768654e-02 1.370052889653089467e+00
1.610169491525423671e-02 2.316850102056649055e-02 1.413805319855034881e+00
1.610169491525423671e-02 2.377054124629952511e-02 1.460059104552754006e+00
1.610169491525423671e-02 2.438030355845680411e-02 1.507704493554187231e+00
1.610169491525423671e-02 2.499778795703831019e-02 1.557441379472963350e+00
1.610169491525423671e-02 2.562299444204403642e-02 1.607962417933613608e+00
1.610169491525423671e-02 2.625592301347399321e-02 1.660809882545002392e+00
1.557377049180327759e-02 6.100329430072029893e-03 1.588926087537640530e+00
1.557377049180327759e-02 6.470374073445951668e-03 1.233199961598131722e+00
1.557377049180327759e-02 6.763032624639872363e-03 1.055218889243614733e+00
1.557377049180327759e-02 7.009787268889178247e-03 9.229687939603430369e-01
1.557377049180327759e-02 7.251678185113987624e-03 8.129938803901693989e-01
1.557377049180327759e-02 7.540041831988333193e-03 7.235284433388045056e-01
1.557377049180327759e-02 7.773038961409402085e-03 6.484170920316941755e-01
1.557377049180327759e-02 8.056876190734380688e-03 5.905572358798726329e-01
1.557377049180327759e-02 8.278701926358803323e-03 5.444219957936282661e-01
1.557377049180327759e-02 8.556021715012331053e-03 5.093802332732498828e-01
1.557377049180327759e-02 8.830854067033520188e-03 4.849752526419752185e-01
1.557377049180327759e-02 9.172333646259647755e-03 4.697038647277319567e-01
1.557377049180327759e-02 9.444092016014869403e-03 4.595292494076739787e-01
1.557377049180327759e-02 9.712153680297899022e-03 4.581418141996339011e-01
1.557377049180327759e-02 1.005540461531932196e-02 4.618711967778883487e-01
1.557377049180327759e-02 1.031818760440970061e-02 4.709953020570145088e-01
1.557377049180327759e-02 1.066223375785267657e-02 4.827647846732926462e-01
1.557377049180327759e-02 1.100801668826203832e-02 5.000961611360684733e-01
1.557377049180327759e-02 1.135532362262929758e-02 5.213724290053596278e-01
1.557377049180327759e-02 1.160696268006187158e-02 5.441766834285789445e-01
1.557377049180327759e-02 1.195293345200669835e-02 5.687685621757856413e-01
1.557377049180327759e-02 1.229971788113478834e-02 5.957821076211075040e-01
1.557377049180327759e-02 1.264710285791214792e-02 6.246333766057188264e-01
1.557377049180327759e-02 1.310726622731791906e-02 6.552372967108898161e-01
1.557377049180327759e-02 1.345924486546216936e-02 6.853182865416661551e-01
1.557377049180327759e-02 1.381125602779525313e-02 7.161647036944793765e-01
1.557377049180327759e-02 1.416308633537212251e-02 7.489957658630949089e-01
1.557377049180327759e-02 1.451452232765845611e-02 7.839360763313061309e-01
1.557377049180327759e-02 1.499860182362214127e-02 8.176599576842522588e-01
1.557377049180327759e-02 1.535299921919928284e-02 8.501119546922886183e-01
1.557377049180327759e-02 1.570643340724900069e-02 8.856897988274716749e-01
1.557377049180327759e-02 1.620530909798501354e-02 9.198288268429186676e-01
1.557377049180327759e-02 1.656078154788412707e-02 9.531343883060292566e-01
1.557377049180327759e-02 1.707060128374402255e-02 9.892081664117645667e-01
1.557377049180327759e-02 1.742754397516618065e-02 1.021462780525722591e+00
1.557377049180327759e-02 1.794802480157309602e-02 1.057497742695780785e+00
1.557377049180327759e-02 1.830586948243591652e-02 1.087962103904949185e+00
1.557377049180327759e-02 1.883672837686633378e-02 1.123681654956210307e+00
1.557377049180327759e-02 1.919490655901672296e-02 1.154061346294440682e+00
1.557377049180327759e-02 1.973586043009210172e-02 1.186308741622121188e+00
1.557377049180327759e-02 2.009380338485569281e-02 1.217128963748378423e+00
1.557377049180327759e-02 2.064456907141171832e-02 1.247151842585702664e+00
1.557377049180327759e-02 2.120278121902258520e-02 1.280529643456979283e+00
1.557377049180327759e-02 2.176843982768828997e-02 1.317547665871114493e+00
1.557377049180327759e-02 2.234154489740882571e-02 1.357427171316988534e+00
1.557377049180327759e-02 2.292209642818420282e-02 1.400112137404096124e+00
1.557377049180327759e-02 2.351009442001443170e-02 1.444491694918261793e+00
1.557377049180327759e-02 2.410553887289949154e-02 1.491222431693203898e+00
1.557377049180327759e-02 2.470842978683938235e-02 1.539037288666729619e+00
1.557377049180327759e-02 2.531876716183411105e-02 1.589394705199401070e+00
1.507936507936508130e-02 5.891172797127332966e-03 1.863741178922404762e+00
1.507936507936508130e-02 6.248530045085234561e-03 1.402002016427961184e+00
1.507936507936508130e-02 6.616409122246921966e-03 1.138840698426492937e+00
1.507936507936508130e-02 6.859540108581922008e-03 9.952465134913606182e-01
1.507936507936508130e-02 7.098107345034607857e-03 8.746594517169123950e-01
1.507936507936508130e-02 7.331492456413114117e-03 7.749074220492047083e-01
1.507936507936508130e-02 7.611945604837911696e-03 6.937538415739408215e-01
1.507936507936508130e-02 7.835840213699466275e-03 6.252276973885724232e-01
1.507936507936508130e-02 8.111159377750750549e-03 5.722254725694871924e-01
1.507936507936508130e-02 8.384622399952619196e-03 5.314210990120959988e-01
1.507936507936508130e-02 8.655817465089353860e-03 5.005387715774599622e-01
1.507936507936508130e-02 8.924332485391177003e-03 4.783902615576786088e-01
1.507936507936508130e-02 9.189755092292983124e-03 4.644657282144887822e-01
1.507936507936508130e-02 9.451672627771051660e-03 4.596662130995753381e-01
1.507936507936508130e-02 9.786287852006442245e-03 4.577346549766989070e-01
1.507936507936508130e-02 1.004323786912371397e-02 4.640329552452751583e-01
1.507936507936508130e-02 1.037875196770988474e-02 4.717919454612029551e-01
1.507936507936508130e-02 1.071600902034148227e-02 4.859317994314635292e-01
1.507936507936508130e-02 1.105480355119708123e-02 5.046600802440373013e-01
1.507936507936508130e-02 1.130125272474432133e-02 5.240333507137356905e-01
1.507936507936508130e-02 1.163888798905792638e-02 5.461846707877066054e-01
1.507936507936508130e-02 1.197737479058957714e-02 5.709318646521069907e-01
1.507936507936508130e-02 1.231650734218233539e-02 5.975752797600445421e-01
1.507936507936508130e-02 1.265607978534082946e-02 6.267689549642991853e-01
1.507936507936508130e-02 1.299588618904148549e-02 6.575703895443489877e-01
1.507936507936508130e-02 1.345214051807408148e-02 6.872252066507753554e-01
1.507936507936508130e-02 1.379582957488596773e-02 7.177741403436953549e-01
1.507936507936508130e-02 1.413920371708537321e-02 7.500470981136821980e-01
1.507936507936508130e-02 1.448205675622030696e-02 7.840731572902374102e-01
1.507936507936508130e-02 1.495713179803067304e-02 8.173638342116987809e-01
1.507936507936508130e-02 1.530263354580828523e-02 8.494233319465003262e-01
1.507936507936508130e-02 1.564706467973082243e-02 8.848485351691049994e-01
1.507936507936508130e-02 1.613628569551749103e-02 9.176475870000874169e-01
1.507936507936508130e-02 1.648247383420490403e-02 9.509369645608074517e-01
1.507936507936508130e-02 1.698219147639237758e-02 9.864539808337697835e-01
1.507936507936508130e-02 1.732958794667783381e-02 1.017755945766982029e+00
1.507936507936508130e-02 1.783952888310171708e-02 1.052861600429525923e+00
1.507936507936508130e-02 1.818758479432484518e-02 1.083942474951937740e+00
1.507936507936508130e-02 1.870747562917833562e-02 1.118053214011631269e+00
1.507936507936508130e-02 1.905564186913314556e-02 1.147812975264059787e+00
1.507936507936508130e-02 1.958520914211608205e-02 1.179237665114241995e+00
1.507936507936508130e-02 1.993293637287124262e-02 1.210863484378650767e+00
1.507936507936508130e-02 2.047190655831819181e-02 1.239374950055552649e+00
1.507936507936508130e-02 2.101806652011241339e-02 1.271892634697904922e+00
1.507936507936508130e-02 2.157141625825389347e-02 1.307668229296967910e+00
1.507936507936508130e-02 2.213195577274264247e-02 1.346560400504039245e+00
1.507936507936508130e-02 2.269968506357867427e-02 1.387458528705611815e+00
1.507936507936508130e-02 2.327460413076196458e-02 1.430974101630658080e+00
1.507936507936508130e-02 2.385671297429251686e-02 1.475883337154746178e+00
1.507936507936508130e-02 2.444601159417033112e-02 1.523556280979678768e+00
1.461538461538461516e-02 5.695848631196825593e-03 2.187093435454701584e+00
1.461538461538461516e-02 6.041357558149674720e-03 1.619918228036167918e+00
1.461538461538461516e-02 6.397039458894311637e-03 1.259321155258860792e+00
1.461538461538461516e-02 6.719283207230582894e-03 1.071730517244296577e+00
1.461538461538461516e-02 6.954751567740677723e-03 9.410201559183150044e-01
1.461538461538461516e-02 7.185338797418516082e-03 8.312640028308730944e-01
1.461538461538461516e-02 7.410446646140539731e-03 7.401623323058459381e-01
1.461538461538461516e-02 7.683244860133514424e-03 6.658460637417886741e-01
1.461538461538461516e-02 7.898305152684031646e-03 6.046787585891710837e-01
1.461538461538461516e-02 8.165402179092626569e-03 5.560569079203228071e-01
1.461538461538461516e-02 8.430369231465426744e-03 5.189540513990223980e-01
1.461538461538461516e-02 8.692807929065356209e-03 4.917353637320385218e-01
1.461538461538461516e-02 8.952319630714333440e-03 4.735122711489267444e-01
1.461538461538461516e-02 9.279494781918116303e-03 4.632792743549329906e-01
1.461538461538461516e-02 9.535061089321346384e-03 4.569956802263654971e-01
1.461538461538461516e-02 9.863829350499191476e-03 4.600971264185734211e-01
1.461538461538461516e-02 1.011412202291715572e-02 4.637537982474892462e-01
1.461538461538461516e-02 1.044342259447609764e-02 4.745876953926929653e-01
1.461538461538461516e-02 1.077427338770249078e-02 4.906941703213761330e-01
1.461538461538461516e-02 1.101588308236724212e-02 5.066105911752434299e-01
1.461538461538461516e-02 1.134574014316499027e-02 5.263510707070216954e-01
1.461538461538461516e-02 1.167648427202830179e-02 5.489015547257470873e-01
1.461538461538461516e-02 1.200791651858830120e-02 5.734469890256411739e-01
1.461538461538461516e-02 1.233983786634820431e-02 6.005034074299326896e-01
1.461538461538461516e-02 1.267204923159140351e-02 6.290995273135805421e-01
1.461538461538461516e-02 1.300435146225867138e-02 6.590923882457636607e-01
1.461538461538461516e-02 1.345302759252107322e-02 6.901443472481262331e-01
1.461538461538461516e-02 1.378888014407663246e-02 7.200240495577002742e-01
1.461538461538461516e-02 1.412429275578115997e-02 7.512103638987672749e-01
1.461538461538461516e-02 1.445906603307536148e-02 7.846425349314370967e-01
1.461538461538461516e-02 1.492573300596222730e-02 8.178251430859068138e-01
1.461538461538461516e-02 1.526286328030854351e-02 8.495311543668924159e-01
1.461538461538461516e-02 1.559882281644255596e-02 8.840836848793238723e-01
1.461538461538461516e-02 1.607902888069198677e-02 9.163414432217001915e-01
1.461538461538461516e-02 1.641648308118794086e-02 9.498568612432491953e-01
1.461538461538461516e-02 1.690676815480287795e-02 9.834887785941686111e-01
1.461538461538461516e-02 1.724518642179690905e-02 1.014984954385777183e+00
1.461538461538461516e-02 1.774528616340739773e-02 1.049400953142984205e+00
1.461538461538461516e-02 1.808413769448592723e-02 1.080352099313799830e+00
1.461538461538461516e-02 1.859378770298242278e-02 1.112156114626635439e+00
1.461538461538461516e-02 1.893254148736838935e-02 1.142823832258094807e+00
1.461538461538461516e-02 1.945147730110287701e-02 1.173111309870874086e+00
1.461538461538461516e-02 1.978960211572179662e-02 1.205150444103968654e+00
1.461538461538461516e-02 2.031755921168918594e-02 1.232935916233003137e+00
1.461538461538461516e-02 2.085246645725832154e-02 1.264385091852350484e+00
1.461538461538461516e-02 2.139432385242921730e-02 1.299268508036604430e+00
1.461538461538461516e-02 2.194313139720187669e-02 1.336477092832057290e+00
1.461538461538461516e-02 2.249888909157628583e-02 1.376575592525628000e+00
1.461538461538461516e-02 2.306159693555244125e-02 1.418386328425866871e+00
1.461538461538461516e-02 2.363125492913034989e-02 1.463186665458543922e+00
1.417910447761194098e-02 5.513031481077215225e-03 2.555642939452089202e+00
1.417910447761194098e-02 5.847450759857104018e-03 1.883728373346251761e+00
1.417910447761194098e-02 6.191716494960135264e-03 1.426090293881339566e+00
1.417910447761194098e-02 6.545828686386308097e-03 1.155601080696245564e+00
1.417910447761194098e-02 6.820627083825003475e-03 1.011836217061208076e+00
1.417910447761194098e-02 7.048600138291939883e-03 8.927548445896650309e-01
1.417910447761194098e-02 7.271395059014383599e-03 7.917933676554611555e-01
1.417910447761194098e-02 7.488432448351676693e-03 7.079969815849980197e-01
1.417910447761194098e-02 7.753806969993040123e-03 6.404709267184856003e-01
1.417910447761194098e-02 7.960275588923287904e-03 5.863378368583622713e-01
1.417910447761194098e-02 8.219418196107728183e-03 5.423598006767621493e-01
1.417910447761194098e-02 8.476174615168946547e-03 5.094870815278846887e-01
1.417910447761194098e-02 8.730159049393674403e-03 4.864585358166342854e-01
1.417910447761194098e-02 9.049713909204016790e-03 4.690795956961605895e-01
1.417910447761194098e-02 9.300002056696069636e-03 4.595017134758117017e-01
1.417910447761194098e-02 9.621222058502569563e-03 4.577609370389900123e-01
1.417910447761194098e-02 9.866528457699298010e-03 4.585367621411319816e-01
1.417910447761194098e-02 1.018838690165468040e-02 4.659620904770379601e-01
1.417910447761194098e-02 1.042742477524453634e-02 4.787835187600112397e-01
1.417910447761194098e-02 1.074889405554884866e-02 4.918226751190345469e-01
1.417910447761194098e-02 1.107147628919102900e-02 5.091850732797228440e-01
1.417910447761194098e-02 1.139497898410371697e-02 5.296093182196347504e-01
1.417910447761194098e-02 1.171920958776710882e-02 5.521654243856873867e-01
1.417910447761194098e-02 1.204397548623155172e-02 5.772282177643276446e-01
1.417910447761194098e-02 1.236908400311311634e-02 6.038012207985609114e-01
1.417910447761194098e-02 1.269434239856106345e-02 6.315394072657657398e-01
1.417910447761194098e-02 1.301955786819618613e-02 6.614779527303001894e-01
1.417910447761194098e-02 1.334453754201883613e-02 6.934217180743371678e-01
1.417910447761194098e-02 1.378959641900986792e-02 7.224025878562877478e-01
1.417910447761194098e-02 1.411749459658957935e-02 7.528527526679780202e-01
1.417910447761194098e-02 1.444464293000445425e-02 7.857283365022422750e-01
1.417910447761194098e-02 1.490344099270245540e-02 8.191200987297406755e-01
1.417910447761194098e-02 1.523267355756037500e-02 8.496899464874080321e-01
1.417910447761194098e-02 1.556064182845619780e-02 8.839275619854178867e-01
1.417910447761194098e-02 1.603241125601039679e-02 9.161729962623269552e-01
1.417910447761194098e-02 1.636162892735167768e-02 9.483919858477418696e-01
1.417910447761194098e-02 1.684308667477799754e-02 9.815496218699584219e-01
1.417910447761194098e-02 1.717304007334305785e-02 1.013217300374765095e+00
1.417910447761194098e-02 1.766393021855292358e-02 1.046438616873578198e+00
1.417910447761194098e-02 1.799410547835438023e-02 1.076242309778640438e+00
1.417910447761194098e-02 1.849417204306952334e-02 1.107543333217719805e+00
1.417910447761194098e-02 1.882405510175746630e-02 1.138537194030150523e+00
1.417910447761194098e-02 1.933304205075841997e-02 1.167533026223293469e+00
1.417910447761194098e-02 1.966211864591017530e-02 1.200529453804096924e+00
1.417910447761194098e-02 2.017976988626617868e-02 1.227437890036337853e+00
1.417910447761194098e-02 2.070414706572996227e-02 1.258104338521919940e+00
1.417910447761194098e-02 2.123525018430153302e-02 1.291422505081202265e+00
1.417910447761194098e-02 2.177307924198087705e-02 1.327908899304647949e+00
1.417910447761194098e-02 2.231763423876799782e-02 1.366434614334549380e+00
1.417910447761194098e-02 2.286891517466289186e-02 1.408180307111047469e+00
1.376811594202898524e-02 5.341559693952831894e-03 2.966291856705077556e+00
1.376811594202898524e-02 5.665577531787197377e-03 2.190438040843543988e+00
1.376811594202898524e-02 5.999135571669109677e-03 1.636264522066521732e+00
1.376811594202898524e-02 6.342233813598568797e-03 1.276252779865925779e+00
1.376811594202898524e-02 6.651662776607543057e-03 1.084010777772739686e+00
1.376811594202898524e-02 6.874837911034601019e-03 9.549131791057975382e-01
1.376811594202898524e-02 7.093054413129526795e-03 8.465046094106709607e-01
1.376811594202898524e-02 7.356200112312897069e-03 7.552895846430676130e-01
1.376811594202898524e-02 7.565354774108537517e-03 6.789135953492014819e-01
1.376811594202898524e-02 7.823515509838865206e-03 6.171421724819674548e-01
1.376811594202898524e-02 8.079859956778292010e-03 5.681744759316578186e-01
1.376811594202898524e-02 8.334014653149724242e-03 5.295635140148879927e-01
1.376811594202898524e-02 8.585605914008261064e-03 4.996490161747499936e-01
1.376811594202898524e-02 8.834259824594934557e-03 4.783243988757644449e-01
1.376811594202898524e-02 9.079602233355391419e-03 4.651083035370296992e-01
1.376811594202898524e-02 9.393746457353730969e-03 4.583462713307791536e-01
1.376811594202898524e-02 9.634381190331673186e-03 4.560326393611127127e-01
1.376811594202898524e-02 9.949263674090630394e-03 4.599577568116601234e-01
1.376811594202898524e-02 1.018394415861407186e-02 4.693264340151962477e-01
1.376811594202898524e-02 1.049856933773086858e-02 4.795871842411562058e-01
1.376811594202898524e-02 1.081433291709031803e-02 4.946070000167389069e-01
1.376811594202898524e-02 1.113104840023441955e-02 5.129761329561569605e-01
1.376811594202898524e-02 1.144852923442521431e-02 5.336502825483101509e-01
1.376811594202898524e-02 1.176658880974356183e-02 5.568600841098853005e-01
1.376811594202898524e-02 1.208504045816325388e-02 5.815874707327803872e-01
1.376811594202898524e-02 1.240369745259944922e-02 6.072809082975714201e-01
1.376811594202898524e-02 1.272237300593050645e-02 6.349824044497869302e-01
1.376811594202898524e-02 1.304088026999214965e-02 6.643998672467191779e-01
1.376811594202898524e-02 1.335903233454293487e-02 6.954040161916354990e-01
1.376811594202898524e-02 1.379726724493665797e-02 7.253232472773342154e-01
1.376811594202898524e-02 1.411805643734993961e-02 7.550462035380649528e-01
1.376811594202898524e-02 1.443799226745922856e-02 7.874165652178862773e-01
1.376811594202898524e-02 1.488941043358698625e-02 8.204488583668173574e-01
1.376811594202898524e-02 1.521117489317109356e-02 8.504992152668300331e-01
1.376811594202898524e-02 1.553158744821110313e-02 8.846649557187054036e-01
1.376811594202898524e-02 1.599544474686291629e-02 9.155800794943520504e-01
1.376811594202898524e-02 1.631687690525664841e-02 9.476477086323483734e-01
1.376811594202898524e-02 1.679005624496475446e-02 9.805155664098671453e-01
1.376811594202898524e-02 1.711201021376791004e-02 1.011710871126407119e+00
1.376811594202898524e-02 1.759426357293682186e-02 1.042897236554553686e+00
1.376811594202898524e-02 1.791624137719904919e-02 1.073207761083756040e+00
1.376811594202898524e-02 1.840732068128209803e-02 1.103644973262589479e+00
1.376811594202898524e-02 1.872882416064828789e-02 1.134588962717195004e+00
1.376811594202898524e-02 1.922848128143922475e-02 1.163120223080489568e+00
1.376811594202898524e-02 1.973471600439821380e-02 1.195735238698797387e+00
1.376811594202898524e-02 2.005699884155076954e-02 1.222938940695601717e+00
1.376811594202898524e-02 2.057150130330955354e-02 1.252172817791525450e+00
1.376811594202898524e-02 2.109251947191995158e-02 1.284858731354057593e+00
1.376811594202898524e-02 2.162005334738196366e-02 1.319919063401444381e+00
1.376811594202898524e-02 2.215410292969558631e-02 1.358433983768512432e+00
1.338028169014084633e-02 5.180410910603663530e-03 3.416164115950572899e+00
1.338028169014084633e-02 5.494653498634203756e-03 2.537260215935186469e+00
1.338028169014084633e-02 5.818148471662410934e-03 1.887153632509859680e+00
1.338028169014084633e-02 6.150895829688285930e-03 1.437973128808855083e+00
1.338028169014084633e-02 6.492895572711827878e-03 1.166043496716574257e+00
1.338028169014084633e-02 6.755763332360548504e-03 1.021626680079403160e+00
1.338028169014084633e-02 6.972021502071706379e-03 9.038105317038160891e-01
1.338028169014084633e-02 7.183044559426794359e-03 8.040927461372673335e-01
1.338028169014084633e-02 7.439686930618067892e-03 7.220726049624057730e-01
1.338028169014084633e-02 7.641129796250277495e-03 6.522931393146020884e-01
1.338028169014084633e-02 7.892267859008953931e-03 5.959595197689251389e-01
1.338028169014084633e-02 8.141339866831361072e-03 5.513586610626953766e-01
1.338028169014084633e-02 8.387983445905708088e-03 5.164691941481909243e-01
1.338028169014084633e-02 8.631836008008632322e-03 4.908506851854674835e-01
1.338028169014084633e-02 8.872534744049261068e-03 4.736785914319452395e-01
1.338028169014084633e-02 9.180032762766267979e-03 4.617328790813091666e-01
1.338028169014084633e-02 9.416281662073642741e-03 4.561383012193391262e-01
1.338028169014084633e-02 9.724611990669915218e-03 4.564817460747772615e-01
1.338028169014084633e-02 9.955202252428487636e-03 4.623381708578374050e-01
1.338028169014084633e-02 1.026339943286820079e-02 4.698248506194197538e-01
1.338028169014084633e-02 1.057275903730619040e-02 4.825400453589345218e-01
1.338028169014084633e-02 1.088310020317415430e-02 4.989256922378059178e-01
1.338028169014084633e-02 1.119424201540838992e-02 5.178239231647029372e-01
1.338028169014084633e-02 1.150600350561717389e-02 5.393184059946733999e-01
1.338028169014084633e-02 1.181820365122552251e-02 5.623731003402924200e-01
1.338028169014084633e-02 1.213066137459649710e-02 5.862258024698636660e-01
1.338028169014084633e-02 1.244319554212811561e-02 6.119263793160699683e-01
1.338028169014084633e-02 1.275562496332502058e-02 6.390847025059761544e-01
1.338028169014084633e-02 1.306776838984383300e-02 6.674728746060294426e-01
1.338028169014084633e-02 1.337944451451127462e-02 6.978409008667131319e-01
1.338028169014084633e-02 1.381126665684135994e-02 7.288412057760375040e-01
1.338028169014084633e-02 1.412531567312045634e-02 7.579251595878169212e-01
1.338028169014084633e-02 1.443841415953576318e-02 7.890893383946229189e-01
1.338028169014084633e-02 1.488289731824216956e-02 8.224768322548668964e-01
1.338028169014084633e-02 1.519758442967727129e-02 8.522534739561770101e-01
1.338028169014084633e-02 1.551083742394120460e-02 8.848798478550533586e-01
1.338028169014084633e-02 1.596725975694881020e-02 9.158261684594465324e-01
1.338028169014084633e-02 1.628131661025179755e-02 9.477013554681088525e-01
1.338028169014084633e-02 1.674671690285464004e-02 9.798352364234367284e-01
1.338028169014084633e-02 1.706109475177913087e-02 1.009430753669234848e+00
1.338028169014084633e-02 1.753523241052881015e-02 1.040470361669637134e+00
1.338028169014084633e-02 1.784944821950287114e-02 1.070692864236882924e+00
1.338028169014084633e-02 1.833208260096231765e-02 1.100090999803060132e+00
1.338028169014084633e-02 1.864565315904225321e-02 1.131600277349341432e+00
1.338028169014084633e-02 1.913654356911683938e-02 1.159447897438731667e+00
1.338028169014084633e-02 1.963381220984046840e-02 1.191476596663979315e+00
1.338028169014084633e-02 1.994789117992052524e-02 1.218608935388553416e+00
1.338028169014084633e-02 2.045311506110267935e-02 1.247312437816227915e+00
1.338028169014084633e-02 2.096465713021481228e-02 1.278732992901597809e+00
1.338028169014084633e-02 2.148251738725693097e-02 1.313846741066672097e+00
1.301369863013698662e-02 5.333720561043776669e-03 2.921598604982031944e+00
1.301369863013698662e-02 5.647740687966018407e-03 2.176245687380168992e+00
1.301369863013698662e-02 5.970742206729077670e-03 1.638340234978344245e+00
1.301369863013698662e-02 6.302725117332953590e-03 1.284080356220806518e+00
1.301369863013698662e-02 6.600777584565473664e-03 1.092589174663865403e+00
1.301369863013698662e-02 6.812923185651798864e-03 9.658678493161101386e-01
1.301369863013698662e-02 7.067557756232489309e-03 8.574920785200143003e-01
1.301369863013698662e-02 7.271513074880930731e-03 7.658728067958395780e-01
1.301369863013698662e-02 7.521796187557827640e-03 6.914316753307812036e-01
1.301369863013698662e-02 7.715683330995590401e-03 6.281441178108436718e-01
1.301369863013698662e-02 7.959973215099100385e-03 5.770687234655346165e-01
1.301369863013698662e-02 8.201961917492867071e-03 5.367786083013045273e-01
1.301369863013698662e-02 8.441297511344300619e-03 5.065043424622258650e-01
1.301369863013698662e-02 8.677627863439655101e-03 4.850828328955054669e-01
1.301369863013698662e-02 8.978871372946497717e-03 4.678064459397053287e-01
1.301369863013698662e-02 9.210994893189708085e-03 4.587553958199810378e-01
1.301369863013698662e-02 9.513159480615360208e-03 4.554451550463680110e-01
1.301369863013698662e-02 9.739902921166230035e-03 4.577382602088568841e-01
1.301369863013698662e-02 1.004205146964199345e-02 4.624594052614136030e-01
1.301369863013698662e-02 1.034538515859259253e-02 4.729101470911793448e-01
1.301369863013698662e-02 1.064972842933733545e-02 4.873842892635257273e-01
1.301369863013698662e-02 1.086540474505837649e-02 5.037936493048924547e-01
1.301369863013698662e-02 1.116797374982271031e-02 5.223426664324987145e-01
1.301369863013698662e-02 1.147096636436950763e-02 5.434326744652834273e-01
1.301369863013698662e-02 1.177420679918778773e-02 5.663657496990465168e-01
1.301369863013698662e-02 1.207751921191993483e-02 5.919876829153700726e-01
1.301369863013698662e-02 1.248715170573461673e-02 6.173728718255179215e-01
1.301369863013698662e-02 1.279364218568930511e-02 6.434328948969936235e-01
1.301369863013698662e-02 1.309973594460945960e-02 6.711178663716163006e-01
1.301369863013698662e-02 1.340525695274159650e-02 7.007705575750868832e-01
1.301369863013698662e-02 1.371002912352556682e-02 7.330052868173763114e-01
1.301369863013698662e-02 1.413868679904246861e-02 7.608109075747119254e-01
1.301369863013698662e-02 1.444529017428938453e-02 7.913042819012731099e-01
1.301369863013698662e-02 1.488324423502203862e-02 8.255056515807528417e-01
1.301369863013698662e-02 1.519121044668194330e-02 8.534739015365729875e-01
1.301369863013698662e-02 1.549766524423923549e-02 8.856897015840418108e-01
1.301369863013698662e-02 1.594708795238774721e-02 9.167875217838751256e-01
1.301369863013698662e-02 1.625414367024083720e-02 9.479263654739056300e-01
1.301369863013698662e-02 1.671222049975797791e-02 9.783370567445570654e-01
1.301369863013698662e-02 1.701940833603208733e-02 1.008103882072680868e+00
1.301369863013698662e-02 1.748590569033768929e-02 1.038587013611703025e+00
1.301369863013698662e-02 1.779275668004735161e-02 1.068355528738634597e+00
1.301369863013698662e-02 1.826744091528972186e-02 1.097579923399366830e+00
1.301369863013698662e-02 1.857348592728800055e-02 1.129230486138868894e+00
1.301369863013698662e-02 1.905612335171125854e-02 1.156633520641840107e+00
1.301369863013698662e-02 1.954495133906315393e-02 1.187418755097167100e+00
1.301369863013698662e-02 1.985124995883844057e-02 1.215159935310464512e+00
1.301369863013698662e-02 2.034773909744004572e-02 1.242772103114458737e+00
1.301369863013698662e-02 2.085036050134746882e-02 1.274319832812046416e+00
1.266666666666666635e-02 5.181929060837403740e-03 3.341032510841096759e+00
1.266666666666666635e-02 5.487012539201664534e-03 2.501193272556573532e+00
1.266666666666666635e-02 5.800821809413107127e-03 1.875085921354811003e+00
1.266666666666666635e-02 6.123356871471730654e-03 1.438807048693686141e+00
1.266666666666666635e-02 6.454617725377536849e-03 1.171454783821175516e+00
1.266666666666666635e-02 6.706796745239084097e-03 1.028303161952630829e+00
1.266666666666666635e-02 6.912502450428988435e-03 9.122176723375510221e-01
1.266666666666666635e-02 7.112923198213313113e-03 8.151079064230553062e-01
1.266666666666666635e-02 7.358419412437628045e-03 7.309610994029547282e-01
1.266666666666666635e-02 7.602475182500406312e-03 6.631649445378111629e-01
1.266666666666666635e-02 7.788949490616466596e-03 6.064880188949690609e-01
1.266666666666666635e-02 8.026550941192997154e-03 5.604039935681610629e-01
1.266666666666666635e-02 8.261629473266907803e-03 5.251395730568533260e-01
1.266666666666666635e-02 8.557462062368735231e-03 4.977745430536385518e-01
1.266666666666666635e-02 8.789190156893866498e-03 4.764582383499287865e-01
1.266666666666666635e-02 9.017426285527482127e-03 4.637900757479518354e-01
1.266666666666666635e-02 9.313778418907389667e-03 4.567629065463706395e-01
1.266666666666666635e-02 9.536897405390612481e-03 4.554494432862500330e-01
1.266666666666666635e-02 9.833344144802046161e-03 4.574174355387123914e-01
1.266666666666666635e-02 1.013099753755161876e-02 4.656458638988982268e-01
1.266666666666666635e-02 1.034583545379292452e-02 4.772352351315565788e-01
1.266666666666666635e-02 1.064227393695628757e-02 4.898298653096370692e-01
1.266666666666666635e-02 1.093934999152695181e-02 5.063446166959882921e-01
1.266666666666666635e-02 1.123689289349379117e-02 5.254998304318477809e-01
1.266666666666666635e-02 1.153473187020455891e-02 5.463840722620872947e-01
1.266666666666666635e-02 1.183269609957612878e-02 5.698508782877833578e-01
1.266666666666666635e-02 1.213061470928275543e-02 5.952778550740058794e-01
1.266666666666666635e-02 1.242831677592164119e-02 6.223753305955976867e-01
1.266666666666666635e-02 1.283602012989568282e-02 6.484840982219417516e-01
1.266666666666666635e-02 1.313635161788149520e-02 6.753467027694773916e-01
1.266666666666666635e-02 1.343601098587456598e-02 7.043681240784409603e-01
1.266666666666666635e-02 1.373482712942650924e-02 7.354349837363317599e-01
1.266666666666666635e-02 1.415765052812656757e-02 7.643210472421728685e-01
1.266666666666666635e-02 1.445807183493972789e-02 7.943716173858613727e-01
1.266666666666666635e-02 1.475719389409505151e-02 8.269367482116491974e-01
1.266666666666666635e-02 1.519143949165331804e-02 8.554334141650967727e-01
1.266666666666666635e-02 1.549142661661425703e-02 8.871675287049075598e-01
1.266666666666666635e-02 1.593424795918725601e-02 9.180341769397988294e-01
1.266666666666666635e-02 1.623464476705999832e-02 9.471909411101232523e-01
1.266666666666666635e-02 1.668581490429189504e-02 9.778442758071548280e-01
1.266666666666666635e-02 1.698616586020426297e-02 1.007169899099422228e+00
1.266666666666666635e-02 1.744545779755108175e-02 1.036896772050379445e+00
1.266666666666666635e-02 1.774530721184276044e-02 1.066892343906354679e+00
1.266666666666666635e-02 1.821249390998728318e-02 1.095649397001979164e+00
1.266666666666666635e-02 1.851138593531224952e-02 1.127547076162758621e+00
1.266666666666666635e-02 1.898624030956462191e-02 1.153871969868525138e+00
1.266666666666666635e-02 1.946710828361447251e-02 1.184289964658339578e+00
1.266666666666666635e-02 1.976601385758562993e-02 1.211934413658241727e+00
1.266666666666666635e-02 2.025426572611893627e-02 1.239756663199933051e+00
1.233766233766233657e-02 5.038522882070417715e-03 3.793303095380064605e+00
1.233766233766233657e-02 5.335163393477100266e-03 2.859800979911700569e+00
1.233766233766233657e-02 5.640288216685440670e-03 2.146084349751335552e+00
1.233766233766233657e-02 5.953897351695436324e-03 1.628171754778325653e+00
1.233766233766233657e-02 6.275990798507088964e-03 1.284836055169328084e+00
1.233766233766233657e-02 6.606568557120397721e-03 1.095847772520004426e+00
1.233766233766233657e-02 6.810941517270636091e-03 9.712151130059750725e-01
1.233766233766233657e-02 7.010284658175074644e-03 8.644321495670815869e-01
1.233766233766233657e-02 7.204098521945818956e-03 7.750887058610083091e-01
1.233766233766233657e-02 7.443727423632316535e-03 6.990232152555284628e-01
1.233766233766233657e-02 7.681676940903846285e-03 6.372198195307379187e-01
1.233766233766233657e-02 7.917614922388479734e-03 5.865765707911256843e-01
1.233766233766233657e-02 8.151209042523806930e-03 5.456958326112795188e-01
1.233766233766233657e-02 8.382126796489114406e-03 5.127118947348603406e-01
1.233766233766233657e-02 8.610035494887906954e-03 4.875847734000742228e-01
1.233766233766233657e-02 8.834602258163874386e-03 4.711527441752326739e-01
1.233766233766233657e-02 9.125465771953528149e-03 4.603535445909767154e-01
1.233766233766233657e-02 9.345163987098640754e-03 4.553975108514096704e-01
1.233766233766233657e-02 9.636226808203685740e-03 4.546282508924771593e-01
1.233766233766233657e-02 9.928516684918125765e-03 4.606782596005996044e-01
1.233766233766233657e-02 1.014032374263153236e-02 4.678406346838987484e-01
1.233766233766233657e-02 1.043153975444825396e-02 4.784066240480563947e-01
1.233766233766233657e-02 1.072342952507079374e-02 4.930329971227905284e-01
1.233766233766233657e-02 1.101582706613832112e-02 5.104299835007940489e-01
1.233766233766233657e-02 1.130856634371169359e-02 5.294691103606375959e-01
1.233766233766233657e-02 1.160148127754047180e-02 5.510127847209403962e-01
1.233766233766233657e-02 1.189440574030978075e-02 5.743385867980075332e-01
1.233766233766233657e-02 1.218717355686623968e-02 5.990566598242107466e-01
1.233766233766233657e-02 1.247961850342221152e-02 6.257242947819648959e-01
1.233766233766233657e-02 1.288239872286743061e-02 6.542199571553856119e-01
1.233766233766233657e-02 1.317723151667539970e-02 6.803764603836875979e-01
1.233766233766233657e-02 1.347129839130218817e-02 7.080642270676017480e-01
1.233766233766233657e-02 1.376443295062307164e-02 7.384040170119124946e-01
1.233766233766233657e-02 1.418174469941279638e-02 7.687667348350631924e-01
1.233766233766233657e-02 1.447627101320354132e-02 7.968905724013609637e-01
1.233766233766233657e-02 1.476942153785548197e-02 8.288654411298252978e-01
1.233766233766233657e-02 1.519772562887315194e-02 8.579921585315395394e-01
1.233766233766233657e-02 1.549154817188884599e-02 8.887985531946517304e-01
1.233766233766233657e-02 1.592813341531100838e-02 9.182904858494845834e-01
1.233766233766233657e-02 1.622218512411578370e-02 9.473438853044414687e-01
1.233766233766233657e-02 1.666683080697622596e-02 9.777792926365334036e-01
1.233766233766233657e-02 1.696066868455657281e-02 1.006302118335910434e+00
1.233766233766233657e-02 1.741315405197331814e-02 1.036173234190899572e+00
1.233766233766233657e-02 1.770633495420427528e-02 1.065923438767235831e+00
1.233766233766233657e-02 1.816643920882442254e-02 1.094472931798657678e+00
1.233766233766233657e-02 1.845851984171336529e-02 1.125790247212663520e+00
1.233766233766233657e-02 1.892602214314437550e-02 1.151876216880226567e+00
1.233766233766233657e-02 1.939937089702578957e-02 1.181358783166109427e+00
1.233766233766233657e-02 1.969123852421467494e-02 1.210062730816725329e+00
1.202531645569620243e-02 5.191478420555129154e-03 3.250013992458571810e+00
1.202531645569620243e-02 5.488385716252669293e-03 2.449341620924219143e+00
1.202531645569620243e-02 5.793548826886525324e-03 1.850246160551796581e+00
1.202531645569620243e-02 6.106967752456699851e-03 1.431197523935240135e+00
1.202531645569620243e-02 6.428642492963190271e-03 1.171787500163583573e+00
1.202531645569620243e-02 6.671174693331229436e-03 1.031218129343746792e+00
1.202531645569620243e-02 6.867302899286029799e-03 9.180690610985521305e-01
1.202531645569620243e-02 7.106253328909576533e-03 8.213048054077225490e-01
1.202531645569620243e-02 7.293544628738339065e-03 7.387768560744435442e-01
1.202531645569620243e-02 7.527404777830615581e-03 6.698508779599089413e-01
1.202531645569620243e-02 7.759359457272309822e-03 6.133374584070477864e-01
1.202531645569620243e-02 7.989085320777978769e-03 5.675243801802913879e-01
1.202531645569620243e-02 8.216258853733015427e-03 5.302210261458542018e-01
1.202531645569620243e-02 8.440556368243134003e-03 5.010875115893107523e-01
1.202531645569620243e-02 8.661653997937770674e-03 4.807578179507425720e-01
1.202531645569620243e-02 8.947326453311286315e-03 4.661390426961820044e-01
1.202531645569620243e-02 9.163790926853650903e-03 4.575111522201992242e-01
1.202531645569620243e-02 9.449761913284700568e-03 4.540237562429724205e-01
1.202531645569620243e-02 9.660514201678864835e-03 4.568575606061050509e-01
1.202531645569620243e-02 9.945921826220420134e-03 4.608000457138251571e-01
1.202531645569620243e-02 1.023219898476796473e-02 4.694542219598495381e-01
1.202531645569620243e-02 1.051918421130698493e-02 4.823347414013899326e-01
1.202531645569620243e-02 1.080671599771213659e-02 4.981453932373740012e-01
1.202531645569620243e-02 1.109463279308374982e-02 5.155373654889197077e-01
1.202531645569620243e-02 1.138277300306643827e-02 5.353830461157000897e-01
1.202531645569620243e-02 1.167097498914914690e-02 5.568593854841470403e-01
1.202531645569620243e-02 1.195907706794593038e-02 5.794755479250011110e-01
1.202531645569620243e-02 1.224691751045675452e-02 6.037619838770361680e-01
1.202531645569620243e-02 1.253433454130757109e-02 6.297715522233360286e-01
1.202531645569620243e-02 1.282116633796879200e-02 6.580088242352061245e-01
1.202531645569620243e-02 1.322203283579545356e-02 6.855682658720197997e-01
1.202531645569620243e-02 1.351075464713387582e-02 7.124120330629142295e-01
1.202531645569620243e-02 1.379845991605163288e-02 7.422238648248755677e-01
1.202531645569620243e-02 1.421055664238801350e-02 7.726810575591043229e-01
1.202531645569620243e-02 1.449945186159521185e-02 8.001284760644347127e-01
1.202531645569620243e-02 1.478689894263905680e-02 8.314012787024109841e-01
1.202531645569620243e-02 1.520958141109862022e-02 8.608376532490494837e-01
1.202531645569620243e-02 1.549751797883708489e-02 8.893449585223109910e-01
1.202531645569620243e-02 1.592820293767600176e-02 9.194990362104622506e-01
1.202531645569620243e-02 1.621619799969965803e-02 9.478150456884943953e-01
1.202531645569620243e-02 1.665467064014002421e-02 9.778049101933478093e-01
1.202531645569620243e-02 1.694229306657030198e-02 1.006266985324181018e+00
1.202531645569620243e-02 1.738833854001724591e-02 1.035908221337348500e+00
1.202531645569620243e-02 1.767515706096061540e-02 1.065567021722843677e+00
1.202531645569620243e-02 1.812856047847481028e-02 1.093269515904035316e+00
1.202531645569620243e-02 1.841414368139732832e-02 1.124654963158586041e+00
1.202531645569620243e-02 1.887469011315452347e-02 1.150008698621000525e+00
1.202531645569620243e-02 1.934092487258215476e-02 1.179876998765853724e+00
1.172839506172839406e-02 5.055317412401436929e-03 3.669907661526534692e+00
1.172839506172839406e-02 5.344437485763563547e-03 2.782986255714832602e+00
1.172839506172839406e-02 5.641596842277840813e-03 2.103216783833016912e+00
1.172839506172839406e-02 5.946795481944270462e-03 1.608787419720606238e+00
1.172839506172839406e-02 6.260033404762850757e-03 1.279130561295965141e+00
1.172839506172839406e-02 6.581310610733584303e-03 1.095356228427177836e+00
1.172839506172839406e-02 6.776534914420622412e-03 9.735805618970018172e-01
1.172839506172839406e-02 6.966673520538241467e-03 8.690649579857834262e-01
1.172839506172839406e-02 7.200393670298476691e-03 7.820922665201985868e-01
1.172839506172839406e-02 7.381240177466345288e-03 7.057946052954852112e-01
1.172839506172839406e-02 7.609422471055671267e-03 6.430797940165542403e-01
1.172839506172839406e-02 7.835485055040544711e-03 5.920491104656239179e-01
1.172839506172839406e-02 8.059112932053308018e-03 5.501923413258903439e-01
1.172839506172839406e-02 8.279990941814476327e-03 5.168725706966444955e-01
1.172839506172839406e-02 8.497803756289225643e-03 4.925235063679592740e-01
1.172839506172839406e-02 8.778559203467919611e-03 4.740446243517504321e-01
1.172839506172839406e-02 8.991962075342734700e-03 4.617218133450212703e-01
1.172839506172839406e-02 9.273110218475032543e-03 4.555383325821949492e-01
1.172839506172839406e-02 9.481052551395958636e-03 4.542489161367603834e-01
1.172839506172839406e-02 9.761754165965950275e-03 4.560480503533270169e-01
1.172839506172839406e-02 1.004335364561346686e-02 4.629051745650875072e-01
1.172839506172839406e-02 1.032569376670882701e-02 4.741790713148417158e-01
1.172839506172839406e-02 1.052254555620339878e-02 4.880891408238714479e-01
1.172839506172839406e-02 1.080286470991169943e-02 5.027770573043955915e-01
1.172839506172839406e-02 1.108339978938599132e-02 5.208411089558957485e-01
1.172839506172839406e-02 1.136399338469161469e-02 5.413257092790295655e-01
1.172839506172839406e-02 1.174299836092245093e-02 5.635284238542334068e-01
1.172839506172839406e-02 1.202647837358859252e-02 5.857280127938941927e-01
1.172839506172839406e-02 1.230959731815245775e-02 6.093049465301279000e-01
1.172839506172839406e-02 1.259219763604285496e-02 6.347550666448276147e-01
1.172839506172839406e-02 1.287412172366289922e-02 6.618304382225276283e-01
1.172839506172839406e-02 1.315521193162120898e-02 6.914684570365569050e-01
1.172839506172839406e-02 1.355405324361552526e-02 7.177183934838405888e-01
1.172839506172839406e-02 1.383656168431208165e-02 7.455671604909648309e-01
1.172839506172839406e-02 1.411781606944576516e-02 7.769435253957697185e-01
1.172839506172839406e-02 1.452722400483986639e-02 8.039172086798453964e-01
1.172839506172839406e-02 1.480921464771086868e-02 8.341379224435618855e-01
1.172839506172839406e-02 1.522657026059882381e-02 8.625817571659402105e-01
1.172839506172839406e-02 1.550887753975880787e-02 8.907674949759081251e-01
1.172839506172839406e-02 1.593397165570583501e-02 9.210709015051642412e-01
1.172839506172839406e-02 1.621617582104929733e-02 9.482871133213135462e-01
1.172839506172839406e-02 1.664879922823625513e-02 9.787642692939017008e-01
1.172839506172839406e-02 1.693048039864496548e-02 1.006637189034125690e+00
1.172839506172839406e-02 1.737042384737826420e-02 1.036328263426412599e+00
1.172839506172839406e-02 1.765116200829292339e-02 1.065086400097572605e+00
1.172839506172839406e-02 1.809821621050259483e-02 1.092743841064038879e+00
1.172839506172839406e-02 1.837759121141842311e-02 1.123597881792852027e+00
1.172839506172839406e-02 1.883154684014387223e-02 1.149440498937878141e+00
1.144578313253012160e-02 5.207835572876748712e-03 3.145260471989392403e+00
1.144578313253012160e-02 5.497399642395865704e-03 2.385377007601215738e+00
1.144578313253012160e-02 5.794797513861724841e-03 1.815954163104367636e+00
1.144578313253012160e-02 6.100029187274321786e-03 1.416283199693793904e+00
1.144578313253012160e-02 6.413094662633659140e-03 1.167278860090646297e+00
1.144578313253012160e-02 6.646862680708876328e-03 1.031158573139359547e+00
1.144578313253012160e-02 6.834239094542927939e-03 9.208763364889291925e-01
1.144578313253012160e-02 7.064141329733760605e-03 8.249245711778496748e-01
1.144578313253012160e-02 7.242561423718259055e-03 7.448814649533690435e-01
1.144578313253012160e-02 7.467165963389239478e-03 6.756594762198586679e-01
1.144578313253012160e-02 7.689754408691826075e-03 6.191476772806342455e-01
1.144578313253012160e-02 7.910019842856967284e-03 5.725216624337520210e-01
1.144578313253012160e-02 8.127655195738908711e-03 5.348504590928065960e-01
1.144578313253012160e-02 8.342353239294187164e-03 5.063716044134729533e-01
1.144578313253012160e-02 8.618444626694966165e-03 4.839985947673587363e-01
1.144578313253012160e-02 8.828944683340030422e-03 4.679635633269433326e-01
1.144578313253012160e-02 9.105518249864358316e-03 4.591087242665474188e-01
1.144578313253012160e-02 9.310796696876455503e-03 4.537779654759226400e-01
1.144578313253012160e-02 9.587034725376364364e-03 4.535213570458309640e-01
1.144578313253012160e-02 9.864197559816153399e-03 4.586941305317896456e-01
1.144578313253012160e-02 1.006115127485847881e-02 4.665953323562886945e-01
1.144578313253012160e-02 1.033680243908660992e-02 4.767780130325483534e-01
1.144578313253012160e-02 1.061286728424204115e-02 4.896559324489165310e-01
1.144578313253012160e-02 1.088919247615839116e-02 5.059030093947346485e-01
1.144578313253012160e-02 1.116562464121056801e-02 5.244626998289958486e-01
1.144578313253012160e-02 1.144201036567832168e-02 5.447831436675832917e-01
1.144578313253012160e-02 1.171819619509234002e-02 5.672281756096908545e-01
1.144578313253012160e-02 1.199402863356213711e-02 5.916452838164870665e-01
1.144578313253012160e-02 1.237498904412321493e-02 6.159602172047885515e-01
1.144578313253012160e-02 1.265296768465247468e-02 6.401298620808447692e-01
1.144578313253012160e-02 1.293018379983141425e-02 6.664237153238542488e-01
1.144578313253012160e-02 1.320648374705840969e-02 6.955253676448615030e-01
1.144578313253012160e-02 1.360090085967011198e-02 7.225881050471125722e-01
1.144578313253012160e-02 1.387842712521446774e-02 7.496823540414597753e-01
1.144578313253012160e-02 1.415462772704070490e-02 7.801997735557322233e-01
1.144578313253012160e-02 1.455923676717822690e-02 8.080582544701198078e-01
1.144578313253012160e-02 1.483599904338890954e-02 8.357237448724117446e-01
1.144578313253012160e-02 1.524830000965084198e-02 8.652765233491112040e-01
1.144578313253012160e-02 1.552521500434957992e-02 8.924819677151106800e-01
1.144578313253012160e-02 1.594500403359598931e-02 9.226762763490864439e-01
1.144578313253012160e-02 1.622166266811613661e-02 9.495912327291675670e-01
1.144578313253012160e-02 1.664873586160098978e-02 9.800955226169878465e-01
1.144578313253012160e-02 1.692472893225592176e-02 1.007579013459502626e+00
1.144578313253012160e-02 1.735888235516017120e-02 1.036675799442262624e+00
1.144578313253012160e-02 1.763380053092400770e-02 1.065163558245699083e+00
1.144578313253012160e-02 1.807483021187732131e-02 1.092277213123569402e+00
1.144578313253012160e-02 1.834826403199295644e-02 1.123705226032357452e+00
1.117647058823529466e-02 5.078032363008391260e-03 3.534512181444423806e+00
1.117647058823529466e-02 5.360379164401402399e-03 2.695119754660347589e+00
1.117647058823529466e-02 5.650364513374166696e-03 2.051139675930140349e+00
1.117647058823529466e-02 5.947988409926680681e-03 1.581739289768083534e+00
1.117647058823529466e-02 6.253250854058948691e-03 1.267655189067851573e+00
1.117647058823529466e-02 6.566151845770963787e-03 1.092406316952750922e+00
1.117647058823529466e-02 6.752989744093909792e-03 9.734098009636358295e-01
1.117647058823529466e-02 6.934692010789806661e-03 8.712195755744533976e-01
1.117647058823529466e-02 7.159698815097956942e-03 7.849716267942014047e-01
1.117647058823529466e-02 7.332015458498543706e-03 7.109401058907620641e-01
1.117647058823529466e-02 7.551304657100797388e-03 6.487040130180550257e-01
1.117647058823529466e-02 7.768377049424404594e-03 5.971099100597692111e-01
1.117647058823529466e-02 7.982933250752173582e-03 5.549358269868330806e-01
1.117647058823529466e-02 8.194673727550536718e-03 5.222272994071296415e-01
1.117647058823529466e-02 8.466335010517019727e-03 4.959321830711191925e-01
1.117647058823529466e-02 8.674079028382464251e-03 4.761729687726615756e-01
1.117647058823529466e-02 8.946307632491467751e-03 4.646739325668220455e-01
1.117647058823529466e-02 9.149057192659593510e-03 4.553842698471949335e-01
1.117647058823529466e-02 9.421055833925958897e-03 4.531587156901216717e-01
1.117647058823529466e-02 9.617812133890877441e-03 4.554296996439409217e-01
1.117647058823529466e-02 9.888782976743004660e-03 4.595690814379029820e-01
1.117647058823529466e-02 1.016035539086072165e-02 4.681324903500864165e-01
1.117647058823529466e-02 1.043237991096961949e-02 4.793966554917119538e-01
1.117647058823529466e-02 1.070470703520127846e-02 4.940470303607268354e-01
1.117647058823529466e-02 1.097718722451502225e-02 5.109257989936597522e-01
1.117647058823529466e-02 1.124967090210404232e-02 5.293793628305091259e-01
1.117647058823529466e-02 1.152200845278530429e-02 5.497453750695310282e-01
1.117647058823529466e-02 1.179405022237269701e-02 5.717773349538015637e-01
1.117647058823529466e-02 1.206564651703263824e-02 5.958691580059213289e-01
1.117647058823529466e-02 1.233664760262170347e-02 6.217559432973580602e-01
1.117647058823529466e-02 1.271642837588893987e-02 6.464203709496597616e-01
1.117647058823529466e-02 1.298912134060644513e-02 6.720788747539401253e-01
1.117647058823529466e-02 1.326081999730667829e-02 6.992562586813785286e-01
1.117647058823529466e-02 1.365103325500109828e-02 7.284225321530282127e-01
1.117647058823529466e-02 1.392377596077725918e-02 7.543619526360442196e-01
1.117647058823529466e-02 1.419512501401952974e-02 7.837647884012581834e-01
1.117647058823529466e-02 1.459517425641220466e-02 8.110438370667097940e-01
1.117647058823529466e-02 1.486691918783790076e-02 8.382219841185319931e-01
1.117647058823529466e-02 1.527441739993018292e-02 8.683177416722640540e-01
1.117647058823529466e-02 1.554615939109540469e-02 8.941749490481204488e-01
1.117647058823529466e-02 1.596090775832247066e-02 9.252227287055347915e-01
1.117647058823529466e-02 1.623224787348751669e-02 9.512450568514810856e-01
1.117647058823529466e-02 1.665404754733063736e-02 9.820755081779661833e-01
1.117647058823529466e-02 1.692458673130871338e-02 1.008378312167934165e+00
1.117647058823529466e-02 1.735323882884987415e-02 1.037638598572720339e+00
1.117647058823529466e-02 1.762257790478918146e-02 1.065274238871766643e+00
1.117647058823529466e-02 1.805788350825484126e-02 1.093075756741458182e+00
1.091954022988505732e-02 5.230013336642363661e-03 3.030930744563552715e+00
1.091954022988505732e-02 5.512946165840427667e-03 2.312873210421324099e+00
1.091954022988505732e-02 5.803331771136866282e-03 1.774074700573895269e+00
1.091954022988505732e-02 6.101170152531681240e-03 1.395109896739357147e+00
1.091954022988505732e-02 6.406461310024866469e-03 1.159297603389348508e+00
1.091954022988505732e-02 6.632219355213967577e-03 1.028228863415075578e+00
1.091954022988505732e-02 6.811549376180230271e-03 9.207934202178537086e-01
1.091954022988505732e-02 7.033185748515852556e-03 8.266038539164565213e-01
1.091954022988505732e-02 7.253339175791177762e-03 7.484389014517229821e-01
1.091954022988505732e-02 7.419604289573343385e-03 6.806079493166539152e-01
1.091954022988505732e-02 7.633640580819178907e-03 6.238628054852668470e-01
1.091954022988505732e-02 7.845269100186721967e-03 5.770472342269685750e-01
1.091954022988505732e-02 8.054197632833694220e-03 5.400189900325970127e-01
1.091954022988505732e-02 8.321645625751284900e-03 5.097793942057277095e-01
1.091954022988505732e-02 8.526769550291002017e-03 4.862889754538430864e-01
1.091954022988505732e-02 8.728365267310151526e-03 4.714112956476154137e-01
1.091954022988505732e-02 8.995211664216235317e-03 4.590094011106043981e-01
1.091954022988505732e-02 9.263178671241569656e-03 4.549008368814344561e-01
1.091954022988505732e-02 9.457771744053532562e-03 4.525346599614071263e-01
1.091954022988505732e-02 9.724830967788878830e-03 4.549684673594478479e-01
1.091954022988505732e-02 9.992524721914329555e-03 4.620813081238481224e-01
1.091954022988505732e-02 1.026070718456954627e-02 4.719224220057463559e-01
1.091954022988505732e-02 1.052923249937158696e-02 4.851899125455293449e-01
1.091954022988505732e-02 1.079795477487443742e-02 5.006244566048898559e-01
1.091954022988505732e-02 1.106672808401405056e-02 5.174702314337196185e-01
1.091954022988505732e-02 1.133540646353842565e-02 5.360392164351304167e-01
1.091954022988505732e-02 1.160384391342209401e-02 5.559894314864047837e-01
1.091954022988505732e-02 1.187189439626442321e-02 5.777067674090446969e-01
1.091954022988505732e-02 1.213941183667126625e-02 6.008065191783908965e-01
1.091954022988505732e-02 1.240625012061908825e-02 6.260505695749225552e-01
1.091954022988505732e-02 1.278238431752575649e-02 6.539052623457128899e-01
1.091954022988505732e-02 1.305072548614130690e-02 6.774686839325048116e-01
1.091954022988505732e-02 1.331799804957716805e-02 7.038789589414191639e-01
1.091954022988505732e-02 1.358405575708238402e-02 7.333710999534196473e-01
1.091954022988505732e-02 1.397235503750413749e-02 7.595182658704040524e-01
1.091954022988505732e-02 1.423904002895668916e-02 7.861665376776479919e-01
1.091954022988505732e-02 1.463475116006499564e-02 8.150260602719338054e-01
1.091954022988505732e-02 1.490167437480260405e-02 8.410308493413172215e-01
1.091954022988505732e-02 1.530460337888995062e-02 8.713776816916587453e-01
1.091954022988505732e-02 1.557137564605283811e-02 8.967375200261658019e-01
1.091954022988505732e-02 1.583605603602675216e-02 9.279845168370004505e-01
1.091954022988505732e-02 1.624756054994361265e-02 9.534605829588923553e-01
1.091954022988505732e-02 1.666434323844849866e-02 9.839696690657941947e-01
1.091954022988505732e-02 1.692964564703970318e-02 1.009695842850474978e+00
1.091954022988505732e-02 1.735306408172556519e-02 1.038615868071237847e+00
1.091954022988505732e-02 1.761704734868558414e-02 1.066534282282610935e+00
1.067415730337078691e-02 5.105829467160594159e-03 3.391382279940556188e+00
1.067415730337078691e-02 5.382044207651872150e-03 2.599765651119017917e+00
1.067415730337078691e-02 5.665534762059078015e-03 1.991942081328661240e+00
1.067415730337078691e-02 5.956301130382213489e-03 1.548339729471931880e+00
1.067415730337078691e-02 6.254343312621272501e-03 1.252091788440842457e+00
1.067415730337078691e-02 6.517192108819415929e-03 1.086631276562137094e+00
1.067415730337078691e-02 6.738766636437002258e-03 9.708987921170604274e-01
1.067415730337078691e-02 6.912691449118024342e-03 8.710563642133145601e-01
1.067415730337078691e-02 7.129717081959951672e-03 7.861151237255343815e-01
1.067415730337078691e-02 7.294172232407275525e-03 7.147548641977781170e-01
1.067415730337078691e-02 7.505318093762285668e-03 6.526905931759340307e-01
1.067415730337078691e-02 7.714159515932933475e-03 6.011069333963985351e-01
1.067415730337078691e-02 7.920411253792111056e-03 5.596781168444140420e-01
1.067415730337078691e-02 8.183847262123103775e-03 5.254768698303416974e-01
1.067415730337078691e-02 8.386477245827137980e-03 4.982527967716808837e-01
1.067415730337078691e-02 8.585709088088503901e-03 4.793387367343635574e-01
1.067415730337078691e-02 8.848696855856076626e-03 4.645968589614444255e-01
1.067415730337078691e-02 9.042833031568473651e-03 4.574598176442905006e-01
1.067415730337078691e-02 9.305359619326275186e-03 4.518600778634378479e-01
1.067415730337078691e-02 9.568694493733534076e-03 4.527289116020786208e-01
1.067415730337078691e-02 9.832695335122817321e-03 4.585553692059682329e-01
1.067415730337078691e-02 1.001653499181569609e-02 4.652620467451747954e-01
1.067415730337078691e-02 1.027864963732713459e-02 4.752545937895045758e-01
1.067415730337078691e-02 1.054095532966650185e-02 4.882669776507292392e-01
1.067415730337078691e-02 1.080330959808709253e-02 5.035862689144757764e-01
1.067415730337078691e-02 1.106556993730326878e-02 5.213841983183798989e-01
1.067415730337078691e-02 1.132759380693176658e-02 5.412053879725731154e-01
1.067415730337078691e-02 1.158923863091754040e-02 5.633409731040788238e-01
1.067415730337078691e-02 1.195158768559717762e-02 5.844755644223282864e-01
1.067415730337078691e-02 1.221517237690900211e-02 6.068874185174822911e-01
1.067415730337078691e-02 1.247799798636153000e-02 6.315834686022805400e-01
1.067415730337078691e-02 1.273992181160851431e-02 6.577248714175082389e-01
1.067415730337078691e-02 1.311480710481735361e-02 6.839622742659381416e-01
1.067415730337078691e-02 1.337781630437148012e-02 7.091364428779267648e-01
1.067415730337078691e-02 1.363954337256390731e-02 7.375086570341363723e-01
1.067415730337078691e-02 1.402393512588677102e-02 7.635178801690866157e-01
1.067415730337078691e-02 1.428613019258207807e-02 7.895617247954208606e-01
1.067415730337078691e-02 1.467770913625167026e-02 8.193821352731336383e-01
1.067415730337078691e-02 1.493999232845866394e-02 8.438357859919169979e-01
1.067415730337078691e-02 1.520037499308359540e-02 8.740076829161930183e-01
1.067415730337078691e-02 1.560056040091006672e-02 8.996252795427573945e-01
1.067415730337078691e-02 1.586041331141007510e-02 9.301669847969918914e-01
1.067415730337078691e-02 1.626726489263105244e-02 9.555458515019186194e-01
1.067415730337078691e-02 1.667926887997714380e-02 9.864407227688234414e-01
1.067415730337078691e-02 1.693953614592352830e-02 1.011025436284233470e+00
1.067415730337078691e-02 1.735796953542357787e-02 1.040843430240607104e+00
1.043956043956044064e-02 4.987398546498138935e-03 3.775127514754851532e+00
1.043956043956044064e-02 5.257206420832346780e-03 2.910504248221261303e+00
1.043956043956044064e-02 5.534121344859905742e-03 2.234066032362127530e+00
1.043956043956044064e-02 5.818143318580818422e-03 1.726109079051903139e+00
1.043956043956044064e-02 6.109272341995077883e-03 1.369594860947984438e+00
1.043956043956044064e-02 6.407508415102693665e-03 1.148420196108454805e+00
1.043956043956044064e-02 6.625906005489319052e-03 1.022857572132338522e+00
1.043956043956044064e-02 6.797796988196733690e-03 9.181881199603075805e-01
1.043956043956044064e-02 7.011841167687421668e-03 8.262327778129754385e-01
1.043956043956044064e-02 7.224283074232291067e-03 7.497493286759882025e-01
1.043956043956044064e-02 7.382962896923737396e-03 6.835077819451882419e-01
1.043956043956044064e-02 7.589147938587822127e-03 6.270406670512924663e-01
1.043956043956044064e-02 7.792848536825813625e-03 5.811390034119846559e-01
1.043956043956044064e-02 8.052459799679244357e-03 5.429637575919997738e-01
1.043956043956044064e-02 8.252713118867632813e-03 5.120078085667378875e-01
1.043956043956044064e-02 8.449692380161966110e-03 4.891088051554862703e-01
1.043956043956044064e-02 8.709001782534565861e-03 4.720919922785744016e-01
1.043956043956044064e-02 8.901094196268399122e-03 4.606629619198954195e-01
1.043956043956044064e-02 9.160043885089218588e-03 4.533467422538025038e-01
1.043956043956044064e-02 9.419828570674811108e-03 4.527877946874454551e-01
1.043956043956044064e-02 9.604167609803161351e-03 4.543434053235979042e-01
1.043956043956044064e-02 9.862525478587824343e-03 4.583769911948837317e-01
1.043956043956044064e-02 1.012125458630905479e-02 4.668958899331110968e-01
1.043956043956044064e-02 1.038021580967012428e-02 4.784093823720987348e-01
1.043956043956044064e-02 1.063926999323936383e-02 4.921024754096834375e-01
1.043956043956044064e-02 1.089827794894089076e-02 5.081218326719166845e-01
1.043956043956044064e-02 1.115710045553154096e-02 5.259149716529326613e-01
1.043956043956044064e-02 1.141559825806344984e-02 5.457653032438452012e-01
1.043956043956044064e-02 1.167363206733190197e-02 5.672714350922631876e-01
1.043956043956044064e-02 1.193106255930768793e-02 5.910060753658052946e-01
1.043956043956044064e-02 1.229278996205688222e-02 6.143585699527888133e-01
1.043956043956044064e-02 1.255174259262101764e-02 6.370921168212921870e-01
1.043956043956044064e-02 1.280972054568714838e-02 6.625142207559946428e-01
1.043956043956044064e-02 1.306658437398531582e-02 6.907335355857757708e-01
1.043956043956044064e-02 1.344009177123987181e-02 7.150490435515426402e-01
1.043956043956044064e-02 1.369764277296212085e-02 7.405203606813605122e-01
1.043956043956044064e-02 1.407830816221473415e-02 7.686039700713540590e-01
1.043956043956044064e-02 1.433617532792191840e-02 7.933280266330454689e-01
1.043956043956044064e-02 1.459232445197567937e-02 8.222148307781805832e-01
1.043956043956044064e-02 1.498162592433618413e-02 8.475834063135960772e-01
1.043956043956044064e-02 1.523748777379882111e-02 8.766435910345812266e-01
1.043956043956044064e-02 1.563343831763413030e-02 9.030938336608583805e-01
1.043956043956044064e-02 1.588864160477283446e-02 9.321919098834097195e-01
1.043956043956044064e-02 1.629105613099382510e-02 9.581326322728407341e-01
1.043956043956044064e-02 1.654522946354137353e-02 9.881230890716746762e-01
1.043956043956044064e-02 1.695392285306797017e-02 1.013507603644427713e+00
1.021505376344086086e-02 5.138021439548955821e-03 3.243847744986370074e+00
1.021505376344086086e-02 5.408658485670383466e-03 2.499238628897298309e+00
1.021505376344086086e-02 5.686241459110109170e-03 1.927245878476745000e+00
1.021505376344086086e-02 5.970770359868125994e-03 1.510672524729370636e+00
1.021505376344086086e-02 6.262245187944443479e-03 1.233219257149103854e+00
1.021505376344086086e-02 6.518170591908610881e-03 1.077744636871420081e+00
1.021505376344086086e-02 6.732603726095610919e-03 9.665395487719672385e-01
1.021505376344086086e-02 6.899320437180028742e-03 8.686771897805418696e-01
1.021505376344086086e-02 7.108997653014491151e-03 7.861795624068643740e-01
1.021505376344086086e-02 7.316881045400305816e-03 7.160107043222243561e-01
1.021505376344086086e-02 7.469819196252277388e-03 6.547774780456296906e-01
1.021505376344086086e-02 7.671085683268815021e-03 6.043387073305658275e-01
1.021505376344086086e-02 7.927046652269335858e-03 5.621815881813672089e-01
1.021505376344086086e-02 8.125032519226851532e-03 5.274994498505509721e-01
1.021505376344086086e-02 8.319862832533294825e-03 5.006685624716463723e-01
1.021505376344086086e-02 8.575661811001816098e-03 4.814419243760770240e-01
1.021505376344086086e-02 8.765804715829562596e-03 4.658542502143324660e-01
1.021505376344086086e-02 9.021340926000957425e-03 4.569372472924808637e-01
1.021505376344086086e-02 9.205888225126660981e-03 4.528918639378718414e-01
1.021505376344086086e-02 9.460436120505842303e-03 4.514965629071848729e-01
1.021505376344086086e-02 9.715527263371480718e-03 4.541686255048432153e-01
1.021505376344086086e-02 9.971025723195879598e-03 4.614223895658074448e-01
1.021505376344086086e-02 1.022679553950579627e-02 4.716660066497627146e-01
1.021505376344086086e-02 1.048270072141727939e-02 4.839821086059269972e-01
1.021505376344086086e-02 1.073860524715815855e-02 4.984928840126804928e-01
1.021505376344086086e-02 1.099437306357774376e-02 5.145474860346087587e-01
1.021505376344086086e-02 1.124986808564318146e-02 5.324221953001768703e-01
1.021505376344086086e-02 1.150495419592212701e-02 5.515942425676665373e-01
1.021505376344086086e-02 1.175949524405105542e-02 5.726471199498649467e-01
1.021505376344086086e-02 1.201335504618875234e-02 5.959832676903228377e-01
1.021505376344086086e-02 1.226639738445446312e-02 6.207533951515543658e-01
1.021505376344086086e-02 1.262734873471292769e-02 6.439033156688910298e-01
1.021505376344086086e-02 1.288151435895836146e-02 6.680607894212076125e-01
1.021505376344086086e-02 1.313449944592281690e-02 6.952076380251698273e-01
1.021505376344086086e-02 1.350465797199137605e-02 7.198527253070435838e-01
1.021505376344086086e-02 1.375817697353733972e-02 7.446477707523092571e-01
1.021505376344086086e-02 1.401015215752962097e-02 7.733579185135378564e-01
1.021505376344086086e-02 1.438897513499925139e-02 7.971452031352306289e-01
1.021505376344086086e-02 1.464089457558825566e-02 8.253815863260433039e-01
1.021505376344086086e-02 1.502635035344519580e-02 8.516607720485953603e-01
1.021505376344086086e-02 1.527785123788304514e-02 8.798148649238429764e-01
1.021505376344086086e-02 1.566975892728228112e-02 9.064732302371970585e-01
1.021505376344086086e-02 1.592047834432267980e-02 9.346583212377742589e-01
1.021505376344086086e-02 1.631865702806742716e-02 9.607319620935167448e-01
1.021505376344086086e-02 1.656823196615458960e-02 9.906443125163191255e-01
1.000000000000000021e-02 5.024114243402848755e-03 3.598621865506857809e+00
1.000000000000000021e-02 5.288751410493086960e-03 2.786315268172603332e+00
1.000000000000000021e-02 5.560180517395969454e-03 2.150637787338841367e+00
1.000000000000000021e-02 5.838401564111492768e-03 1.674246701068973220e+00
1.000000000000000021e-02 6.123414550639664708e-03 1.340658365004835151e+00
1.000000000000000021e-02 6.415219476980480069e-03 1.135407622834057939e+00
1.000000000000000021e-02 6.626819939256731358e-03 1.015678035704477677e+00
1.000000000000000021e-02 6.791798539814247054e-03 9.133395350026312087e-01
1.000000000000000021e-02 6.998834747155273199e-03 8.246512272349875161e-01
1.000000000000000021e-02 7.204160099293206720e-03 7.492534721622743366e-01
1.000000000000000021e-02 7.355794923884906647e-03 6.842495319760292238e-01
1.000000000000000021e-02 7.554736472036437979e-03 6.292168803920521469e-01
1.000000000000000021e-02 7.807209948263938576e-03 5.830741596334807486e-01
1.000000000000000021e-02 8.003030232712439115e-03 5.446751290669025192e-01
1.000000000000000021e-02 8.195808256260194227e-03 5.139668571281733600e-01
1.000000000000000021e-02 8.385277376348839254e-03 4.924877565621583742e-01
1.000000000000000021e-02 8.636534818598306726e-03 4.729804108497775994e-01
1.000000000000000021e-02 8.888810040202916110e-03 4.625759259173049531e-01
1.000000000000000021e-02 9.071706641896878226e-03 4.537475207901849883e-01
1.000000000000000021e-02 9.323102407537186068e-03 4.510728330476870829e-01
1.000000000000000021e-02 9.575072910054568606e-03 4.525660862316566724e-01
1.000000000000000021e-02 9.749532161036472341e-03 4.578631554878274112e-01
1.000000000000000021e-02 9.999602939548008634e-03 4.646780628152145098e-01
1.000000000000000021e-02 1.024980505782095881e-02 4.744992993342777021e-01
1.000000000000000021e-02 1.050000550246762802e-02 4.873094328849043033e-01
1.000000000000000021e-02 1.075007123006021907e-02 5.023452468494808976e-01
1.000000000000000021e-02 1.099986916664875969e-02 5.197873124841311254e-01
1.000000000000000021e-02 1.124926620726592746e-02 5.392185292043336631e-01
1.000000000000000021e-02 1.159557220193311103e-02 5.590611324097226609e-01
1.000000000000000021e-02 1.184673089250207374e-02 5.796734462005557198e-01
1.000000000000000021e-02 1.209713388947456641e-02 6.012409244415773957e-01
1.000000000000000021e-02 1.234664797811783205e-02 6.253952693077393654e-01
1.000000000000000021e-02 1.270469313417414356e-02 6.514413009669031140e-01
1.000000000000000021e-02 1.295517110073758985e-02 6.744904372215747568e-01
1.000000000000000021e-02 1.320440509120156605e-02 6.986395495642131470e-01
1.000000000000000021e-02 1.357136312093009875e-02 7.258731651689175335e-01
1.000000000000000021e-02 1.382098461209685901e-02 7.492456443904554897e-01
1.000000000000000021e-02 1.406900686049555524e-02 7.763048788671419453e-01
1.000000000000000021e-02 1.444434699931075074e-02 8.020113157800393688e-01
1.000000000000000021e-02 1.469218009581283076e-02 8.289310507992355692e-01
1.000000000000000021e-02 1.507396066131172323e-02 8.563652282447200559e-01
1.000000000000000021e-02 1.532124979649698848e-02 8.828926621524423313e-01
1.000000000000000021e-02 1.570929388681863506e-02 9.103589458873498907e-01
1.000000000000000021e-02 1.595568415665957543e-02 9.371721508531697387e-01
1.000000000000000021e-02 1.634981484276280816e-02 9.645043648660884816e-01
