3.333333333333333148e-01 4.490467378602600035e-02 1.223130183716721220e+00
3.333333333333333148e-01 4.694729454416959880e-02 1.032802262203905475e+00
3.333333333333333148e-01 4.919977205955806260e-02 8.797427177569989709e-01
3.333333333333333148e-01 5.145048895262804151e-02 7.616731145102757505e-01
3.333333333333333148e-01 5.369442405739384416e-02 6.727273228823786866e-01
3.333333333333333148e-01 5.621510375159443490e-02 6.058822972194790601e-01
3.333333333333333148e-01 5.875496428841101015e-02 5.615121324739189568e-01
3.333333333333333148e-01 6.098596408348947590e-02 5.308702922986644479e-01
3.333333333333333148e-01 6.353542199544186253e-02 5.151070790804417321e-01
3.333333333333333148e-01 6.645725466054526465e-02 5.110114982383827664e-01
3.333333333333333148e-01 6.904123301898276721e-02 5.146391113562677200e-01
3.333333333333333148e-01 7.162785352593045718e-02 5.287981752000788793e-01
3.333333333333333148e-01 7.463956470158281120e-02 5.475556736037062722e-01
3.333333333333333148e-01 7.769072403725818532e-02 5.749368247972724832e-01
3.333333333333333148e-01 8.031080563684288298e-02 6.027144875718000172e-01
3.333333333333333148e-01 8.341375864996398992e-02 6.350038903472337015e-01
3.333333333333333148e-01 8.655085617312527346e-02 6.707021269608365310e-01
3.333333333333333148e-01 8.972050221782182367e-02 7.087207544547370341e-01
3.333333333333333148e-01 9.292108905365027705e-02 7.483490324210911870e-01
3.333333333333333148e-01 9.615099694805488706e-02 7.892804911680987301e-01
3.333333333333333148e-01 9.940859389725378858e-02 8.315767061334800037e-01
3.333333333333333148e-01 1.026922353479495925e-01 8.754392728926931877e-01
3.333333333333333148e-01 1.066658883862619533e-01 9.176975594897043287e-01
3.333333333333333148e-01 1.100240769810621744e-01 9.589549894959094045e-01
3.333333333333333148e-01 1.134039597188054721e-01 1.002238044010022477e+00
3.333333333333333148e-01 1.175513949329352048e-01 1.045994373334713901e+00
3.333333333333333148e-01 1.209989183269869623e-01 1.085927506811037224e+00
3.333333333333333148e-01 1.244637080092140663e-01 1.129844791356302780e+00
3.333333333333333148e-01 1.287789158154612201e-01 1.168798848120728096e+00
3.333333333333333148e-01 1.323043319554283725e-01 1.210622325934295640e+00
3.333333333333333148e-01 1.367376821319634672e-01 1.248997781541808738e+00
3.333333333333333148e-01 1.403194122190862259e-01 1.289719848017864212e+00
3.333333333333333148e-01 1.448689000186470510e-01 1.326023676034366883e+00
3.333333333333333148e-01 1.494909684792595506e-01 1.367100931135726727e+00
3.333333333333333148e-01 1.531662039016893351e-01 1.400253480252469984e+00
3.333333333333333148e-01 1.579019146658126038e-01 1.437243777098277775e+00
3.333333333333333148e-01 1.616231787404640574e-01 1.472723715680519518e+00
3.333333333333333148e-01 1.664705038654639424e-01 1.505346770738543949e+00
3.333333333333333148e-01 1.713894483005712899e-01 1.540679498065643749e+00
3.333333333333333148e-01 1.751902592575897422e-01 1.572784499674844572e+00
3.333333333333333148e-01 1.802182958904541277e-01 1.603108327216150597e+00
3.333333333333333148e-01 1.853174687329153525e-01 1.635407979511013243e+00
3.333333333333333148e-01 1.904877777849734444e-01 1.669477211575109088e+00
3.333333333333333148e-01 1.957292230466282090e-01 1.704904961242872385e+00
3.333333333333333148e-01 2.010418045178797852e-01 1.741639740474863585e+00
3.333333333333333148e-01 2.064255221987281730e-01 1.779297434823587487e+00
3.333333333333333148e-01 2.118803760891734278e-01 1.817819474288676851e+00
3.333333333333333148e-01 2.174063661892154664e-01 1.856856916575337468e+00
3.333333333333333148e-01 2.230034924988542056e-01 1.896688128850403610e+00
3.333333333333333148e-01 2.286717550180897840e-01 1.936799367040326736e+00
3.166666666666666519e-01 3.923727245780155720e-02 1.367514416142024292e+00
3.166666666666666519e-01 4.120955754629332390e-02 1.147431446497798158e+00
3.166666666666666519e-01 4.318462777330803193e-02 9.762059645478300407e-01
3.166666666666666519e-01 4.493435051745114234e-02 8.400698505671098104e-01
3.166666666666666519e-01 4.712598020915324121e-02 7.335815648417653989e-01
3.166666666666666519e-01 4.908348475039367442e-02 6.511819523968633838e-01
3.166666666666666519e-01 5.102620968733780765e-02 5.936191267349943956e-01
3.166666666666666519e-01 5.323633894568447628e-02 5.506169624401202611e-01
3.166666666666666519e-01 5.545662563507738202e-02 5.238494053921393112e-01
3.166666666666666519e-01 5.768418436106902830e-02 5.106718840612695098e-01
3.166666666666666519e-01 6.025401802069989959e-02 5.091006663360698736e-01
3.166666666666666519e-01 6.250578358204973706e-02 5.128433487778282229e-01
3.166666666666666519e-01 6.475654193412540283e-02 5.273324126781636645e-01
3.166666666666666519e-01 6.739741951108994822e-02 5.454636279179299052e-01
3.166666666666666519e-01 7.007064708685520338e-02 5.714630229297616992e-01
3.166666666666666519e-01 7.234182560416223262e-02 6.001544013061912430e-01
3.166666666666666519e-01 7.505541721389144549e-02 6.310790755763976412e-01
3.166666666666666519e-01 7.779668877642224867e-02 6.654312463838639724e-01
3.166666666666666519e-01 8.056423552108972486e-02 7.021847316392757499e-01
3.166666666666666519e-01 8.335664279313896585e-02 7.407734556566836215e-01
3.166666666666666519e-01 8.617248583681147434e-02 7.810389344996561123e-01
3.166666666666666519e-01 8.901032957112249566e-02 8.229743011558821042e-01
3.166666666666666519e-01 9.245456433086898795e-02 8.636321728990463686e-01
3.166666666666666519e-01 9.535610260038289432e-02 9.036888625874754943e-01
3.166666666666666519e-01 9.827584381320543516e-02 9.453990427160108290e-01
3.166666666666666519e-01 1.012123159551265306e-01 9.896533939969273108e-01
3.166666666666666519e-01 1.048474091620380383e-01 1.028409162747977446e+00
3.166666666666666519e-01 1.078391496177656533e-01 1.070013108957204695e+00
3.166666666666666519e-01 1.115779771659147629e-01 1.111443418832789520e+00
3.166666666666666519e-01 1.146212500289558039e-01 1.150375646208826819e+00
3.166666666666666519e-01 1.184620625824082535e-01 1.191998294201321640e+00
3.166666666666666519e-01 1.215531017501433469e-01 1.228986183600100146e+00
3.166666666666666519e-01 1.254941413017317264e-01 1.269059600310668445e+00
3.166666666666666519e-01 1.286291497359121350e-01 1.305412388612317454e+00
3.166666666666666519e-01 1.326686494526585769e-01 1.342628423973793783e+00
3.166666666666666519e-01 1.358437984124252207e-01 1.379649255550219555e+00
3.166666666666666519e-01 1.399799824764371425e-01 1.413452376764939622e+00
3.166666666666666519e-01 1.441781952039857262e-01 1.450595267139286548e+00
3.166666666666666519e-01 1.474224941671740674e-01 1.482684792571984822e+00
3.166666666666666519e-01 1.517151817387542290e-01 1.515181937237519927e+00
3.166666666666666519e-01 1.560694734372584935e-01 1.550179676438624643e+00
3.166666666666666519e-01 1.593758624484693798e-01 1.579720544815435890e+00
3.166666666666666519e-01 1.638224074500336525e-01 1.609726448778351804e+00
3.166666666666666519e-01 1.683301306817631959e-01 1.641474803218488709e+00
3.166666666666666519e-01 1.728990321436580657e-01 1.674891128422330899e+00
3.166666666666666519e-01 1.775291118357183451e-01 1.709564137273637652e+00
3.166666666666666519e-01 1.822203697579440618e-01 1.745416402919991672e+00
3.166666666666666519e-01 1.869728059103350770e-01 1.782045061212021553e+00
3.166666666666666519e-01 1.917864202928914463e-01 1.819736747566958135e+00
3.166666666666666519e-01 1.966612129056131419e-01 1.857942231986848824e+00
3.015873015873015706e-01 3.436555017631170300e-02 1.595779421799580877e+00
3.015873015873015706e-01 3.660509894597214348e-02 1.272604809978637785e+00
3.015873015873015706e-01 3.817270181218293534e-02 1.079174044972963653e+00
3.015873015873015706e-01 3.991277054481714298e-02 9.244447707332383857e-01
3.015873015873015706e-01 4.164739290465967886e-02 8.013476725828179159e-01
3.015873015873015706e-01 4.337268011112320465e-02 7.049945619967313837e-01
3.015873015873015706e-01 4.508466924170254075e-02 6.337994894099477916e-01
3.015873015873015706e-01 4.703426357697553656e-02 5.786384937892776748e-01
3.015873015873015706e-01 4.899264503893985268e-02 5.412394586825166609e-01
3.015873015873015706e-01 5.095727930116275561e-02 5.180589771926218390e-01
3.015873015873015706e-01 5.292559940872899882e-02 5.066942435956874879e-01
3.015873015873015706e-01 5.489500447171040409e-02 5.065811241982671742e-01
3.015873015873015706e-01 5.719616584718029834e-02 5.116346075676060368e-01
3.015873015873015706e-01 5.917719217677325921e-02 5.261622993158440176e-01
3.015873015873015706e-01 6.151955126428471088e-02 5.441235790957466012e-01
3.015873015873015706e-01 6.388872373222016787e-02 5.692193955958786411e-01
3.015873015873015706e-01 6.588041045375664373e-02 5.984611658036811388e-01
3.015873015873015706e-01 6.828116273619290466e-02 6.284530598091788711e-01
3.015873015873015706e-01 7.070457759636251949e-02 6.617394850371390858e-01
3.015873015873015706e-01 7.314940689956349329e-02 6.974931258626444475e-01
3.015873015873015706e-01 7.561439409238977782e-02 7.353331041655655209e-01
3.015873015873015706e-01 7.809827401961870474e-02 7.750410303413745039e-01
3.015873015873015706e-01 8.112026923467569040e-02 8.139441771705360207e-01
3.015873015873015706e-01 8.365937284482825864e-02 8.526395185275135180e-01
3.015873015873015706e-01 8.621401990356204748e-02 8.927010269944545273e-01
3.015873015873015706e-01 8.878291450283096187e-02 9.349050336703494946e-01
3.015873015873015706e-01 9.197159926271862573e-02 9.750384679580721414e-01
3.015873015873015706e-01 9.458828109423994546e-02 1.014448588421999586e+00
3.015873015873015706e-01 9.721578500877725570e-02 1.057334789119199980e+00
3.015873015873015706e-01 1.005288672876812339e-01 1.094676836029866651e+00
3.015873015873015706e-01 1.031987219836751346e-01 1.135413302687976689e+00
3.015873015873015706e-01 1.065998010116250422e-01 1.173220634457879497e+00
3.015873015873015706e-01 1.093086644756605941e-01 1.212597723980608944e+00
3.015873015873015706e-01 1.127961771887383835e-01 1.249206305086634217e+00
3.015873015873015706e-01 1.155406811373702186e-01 1.288283021259247318e+00
3.015873015873015706e-01 1.191130569841175602e-01 1.322269481583584927e+00
3.015873015873015706e-01 1.227398219441025728e-01 1.360549313362074075e+00
3.015873015873015706e-01 1.255454670267618367e-01 1.393455455160423240e+00
3.015873015873015706e-01 1.292551402844539510e-01 1.427703206132975300e+00
3.015873015873015706e-01 1.320883986030170765e-01 1.463639187995812607e+00
3.015873015873015706e-01 1.358793930896217694e-01 1.493555376110374810e+00
3.015873015873015706e-01 1.397240222249115094e-01 1.526054382612491711e+00
3.015873015873015706e-01 1.426075275522779018e-01 1.559970588697691340e+00
3.015873015873015706e-01 1.465315039787809803e-01 1.587643640513836107e+00
3.015873015873015706e-01 1.505087361001532509e-01 1.617362659480844123e+00
3.015873015873015706e-01 1.545392239163948800e-01 1.648689126609582667e+00
3.015873015873015706e-01 1.586229674275057844e-01 1.681526255470946252e+00
3.015873015873015706e-01 1.627599666334859363e-01 1.715415052538943774e+00
3.015873015873015706e-01 1.669502215343353080e-01 1.750650418029658262e+00
3.015873015873015706e-01 1.711937321300539272e-01 1.786647331463721455e+00
2.878787878787878451e-01 3.040129568199921584e-02 1.921066074692865611e+00
2.878787878787878451e-01 3.238250023107219766e-02 1.437769036333822470e+00
2.878787878787878451e-01 3.425930226930225947e-02 1.192557961507329178e+00
2.878787878787878451e-01 3.564323223422029979e-02 1.017391614983221171e+00
2.878787878787878451e-01 3.718942237492873365e-02 8.775299010014447898e-01
2.878787878787878451e-01 3.872716121789770288e-02 7.666069348159616492e-01
2.878787878787878451e-01 4.025294192730562159e-02 6.815377408736595921e-01
2.878787878787878451e-01 4.199171266305070510e-02 6.143901846233069675e-01
2.878787878787878451e-01 4.373825466093677478e-02 5.667576795610058671e-01
2.878787878787878451e-01 4.549032088343695629e-02 5.342196469424754790e-01
2.878787878787878451e-01 4.724563712320292014e-02 5.135585705961521752e-01
2.878787878787878451e-01 4.900190094408717056e-02 5.034902180555775875e-01
2.878787878787878451e-01 5.075678055860878557e-02 5.040610376384153657e-01
2.878787878787878451e-01 5.282175341047978118e-02 5.110097111005800219e-01
2.878787878787878451e-01 5.458271192488263479e-02 5.252839936838673562e-01
2.878787878787878451e-01 5.668101949527205169e-02 5.433910476307939330e-01
2.878787878787878451e-01 5.880174943361256984e-02 5.679142511382410108e-01
2.878787878787878451e-01 6.094380824752462095e-02 5.968412200941496382e-01
2.878787878787878451e-01 6.271139270114881037e-02 6.267062052209732004e-01
2.878787878787878451e-01 6.487553965012357593e-02 6.591787201222685244e-01
2.878787878787878451e-01 6.705727086815269078e-02 6.942360532619574753e-01
2.878787878787878451e-01 6.925546090993703330e-02 7.314461206544236038e-01
2.878787878787878451e-01 7.193528545297137033e-02 7.684583981087074189e-01
2.878787878787878451e-01 7.418196832037902977e-02 8.056501981709591753e-01
2.878787878787878451e-01 7.644212957938792408e-02 8.439999582618227247e-01
2.878787878787878451e-01 7.871461789195738357e-02 8.841662637837511829e-01
2.878787878787878451e-01 8.154169451878361119e-02 9.256835684851387747e-01
2.878787878787878451e-01 8.385605388458525211e-02 9.630199318951528920e-01
2.878787878787878451e-01 8.617969574480917327e-02 1.003211984816518632e+00
2.878787878787878451e-01 8.911667169730172477e-02 1.043390016234898132e+00
2.878787878787878451e-01 9.147734697032154638e-02 1.080903771902537613e+00
2.878787878787878451e-01 9.449212932743708548e-02 1.122275406217625005e+00
2.878787878787878451e-01 9.688686403813047410e-02 1.157668976872671562e+00
2.878787878787878451e-01 9.997805696125373898e-02 1.198345450845575755e+00
2.878787878787878451e-01 1.024038550231519407e-01 1.232494276109369347e+00
2.878787878787878451e-01 1.055700563532582098e-01 1.270861947646925394e+00
2.878787878787878451e-01 1.080238990365501028e-01 1.305333672929930966e+00
2.878787878787878451e-01 1.112637001837677581e-01 1.340601168930692921e+00
2.878787878787878451e-01 1.137425455637381122e-01 1.376707542020052299e+00
2.878787878787878451e-01 1.170545313937137455e-01 1.408214349371535778e+00
2.878787878787878451e-01 1.204140473530171257e-01 1.442916266837469763e+00
2.878787878787878451e-01 1.229380624956033230e-01 1.475177413900850665e+00
2.878787878787878451e-01 1.263680023804373276e-01 1.505422262231848496e+00
2.878787878787878451e-01 1.298451334331676421e-01 1.537924790821409760e+00
2.878787878787878451e-01 1.324087091050958065e-01 1.568814349983000511e+00
2.878787878787878451e-01 1.359544945700487673e-01 1.596447528891054901e+00
2.878787878787878451e-01 1.395471312543585252e-01 1.625938189317378546e+00
2.878787878787878451e-01 1.431866191580249970e-01 1.656769137818431492e+00
2.878787878787878451e-01 1.468729582810481826e-01 1.689243590298205699e+00
2.878787878787878451e-01 1.506061486234280822e-01 1.722740478831249922e+00
2.753623188405797118e-01 2.713151532018079001e-02 2.333993929109018595e+00
2.753623188405797118e-01 2.889963343389043149e-02 1.692172469093559339e+00
2.753623188405797118e-01 3.072356015377169028e-02 1.315507311927542000e+00
2.753623188405797118e-01 3.211977419903883080e-02 1.118722808712233840e+00
2.753623188405797118e-01 3.351143972256329789e-02 9.613463987345109985e-01
2.753623188405797118e-01 3.489547911696073285e-02 8.353771744400406707e-01
2.753623188405797118e-01 3.626876273695077424e-02 7.362881836506036670e-01
2.753623188405797118e-01 3.783445752184392413e-02 6.573716279848237365e-01
2.753623188405797118e-01 3.940715705079756576e-02 5.999225307077327152e-01
2.753623188405797118e-01 4.075437967805133066e-02 5.562245459251120572e-01
2.753623188405797118e-01 4.232237663346096607e-02 5.270604901143179921e-01
2.753623188405797118e-01 4.414707891487548719e-02 5.106944195776249584e-01
2.753623188405797118e-01 4.572747440844094485e-02 5.013856755640961893e-01
2.753623188405797118e-01 4.730459209492024475e-02 5.021002280426665187e-01
2.753623188405797118e-01 4.917358329523748711e-02 5.110788375144079687e-01
2.753623188405797118e-01 5.075247200170728001e-02 5.247175249636346628e-01
2.753623188405797118e-01 5.264851488541920366e-02 5.431830494844028800e-01
2.753623188405797118e-01 5.456344611727197841e-02 5.674412664422963104e-01
2.753623188405797118e-01 5.649627798468291606e-02 5.956082386964119957e-01
2.753623188405797118e-01 5.807405616968785989e-02 6.255857461811203946e-01
2.753623188405797118e-01 6.002378642543149123e-02 6.575377577622500969e-01
2.753623188405797118e-01 6.198803758330411612e-02 6.920068850422530504e-01
2.753623188405797118e-01 6.438665080900049520e-02 7.270087407728429429e-01
2.753623188405797118e-01 6.639396168644726148e-02 7.625716800563837605e-01
2.753623188405797118e-01 6.841312007290313579e-02 7.991582149930970269e-01
2.753623188405797118e-01 7.044309476140205029e-02 8.373063347810598689e-01
2.753623188405797118e-01 7.248284778657175520e-02 8.776206604459505511e-01
2.753623188405797118e-01 7.504018656655855879e-02 9.156007519402394879e-01
2.753623188405797118e-01 7.711536620329624558e-02 9.532818278719595861e-01
2.753623188405797118e-01 7.919757941221698683e-02 9.944083107709461578e-01
2.753623188405797118e-01 8.185138974086587915e-02 1.030945141740465143e+00
2.753623188405797118e-01 8.396466654257045414e-02 1.069845936761892657e+00
2.753623188405797118e-01 8.668699996735126923e-02 1.107765734236032973e+00
2.753623188405797118e-01 8.882865851671671586e-02 1.145030694525037473e+00
2.753623188405797118e-01 9.161825435602641288e-02 1.182308641026401430e+00
2.753623188405797118e-01 9.378559364976458979e-02 1.218697649148985374e+00
2.753623188405797118e-01 9.664118575202852723e-02 1.254194145654200954e+00
2.753623188405797118e-01 9.883148517146828071e-02 1.291122096621971860e+00
2.753623188405797118e-01 1.017518018204193603e-01 1.323694445516541141e+00
2.753623188405797118e-01 1.047146379705464203e-01 1.360035399403278555e+00
2.753623188405797118e-01 1.069460844747802952e-01 1.391690447700284050e+00
2.753623188405797118e-01 1.099720623138607661e-01 1.423985019940884555e+00
2.753623188405797118e-01 1.130402541747927703e-01 1.459192819336877722e+00
2.753623188405797118e-01 1.153078248302675801e-01 1.487620450547306739e+00
2.753623188405797118e-01 1.184375680752896287e-01 1.518133150411768550e+00
2.753623188405797118e-01 1.216092190204884904e-01 1.550701040585169777e+00
2.753623188405797118e-01 1.239078521732951133e-01 1.578447350325002496e+00
2.753623188405797118e-01 1.271394566147509286e-01 1.605915051476658029e+00
2.753623188405797118e-01 1.304126615814916734e-01 1.635335745037153288e+00
2.753623188405797118e-01 1.337274670735174309e-01 1.666052102643135413e+00
2.638888888888888951e-01 2.440191395312457309e-02 2.826168980221278826e+00
2.638888888888888951e-01 2.599214824562689347e-02 2.027720957376330624e+00
2.638888888888888951e-01 2.763257644693130344e-02 1.507317568701454391e+00
2.638888888888888951e-01 2.932319855703779260e-02 1.225461611070067569e+00
2.638888888888888951e-01 3.043953510355173683e-02 1.052097999019751651e+00
2.638888888888888951e-01 3.169597509479595704e-02 9.107260576356450699e-01
2.638888888888888951e-01 3.294273454547722718e-02 7.975532330726056163e-01
2.638888888888888951e-01 3.436451492965719723e-02 7.071221328847363541e-01
2.638888888888888951e-01 3.559441444699725648e-02 6.366519754588824132e-01
2.638888888888888951e-01 3.701612972136190255e-02 5.830978496650696119e-01
2.638888888888888951e-01 3.844026349928378328e-02 5.448312413921554409e-01
2.638888888888888951e-01 3.986496036961197087e-02 5.191716927263818615e-01
2.638888888888888951e-01 4.128834374726727402e-02 5.048650920204201809e-01
2.638888888888888951e-01 4.296592757944269619e-02 5.005386055011730173e-01
2.638888888888888951e-01 4.439392157412463957e-02 5.009479714575748588e-01
2.638888888888888951e-01 4.609832247839493885e-02 5.119000322594153829e-01
2.638888888888888951e-01 4.752469759213476946e-02 5.245284934545423328e-01
2.638888888888888951e-01 4.925106337495652881e-02 5.435651136382363413e-01
2.638888888888888951e-01 5.099343578024318618e-02 5.676599918995207661e-01
2.638888888888888951e-01 5.275091683294513834e-02 5.952042074933120430e-01
2.638888888888888951e-01 5.417013573442908125e-02 6.250403752884775566e-01
2.638888888888888951e-01 5.594035527634090565e-02 6.565505521506906916e-01
2.638888888888888951e-01 5.810495479016911796e-02 6.894375927351714672e-01
2.638888888888888951e-01 5.991378682397881933e-02 7.232618158211204795e-01
2.638888888888888951e-01 6.173315878927476685e-02 7.580442246332651512e-01
2.638888888888888951e-01 6.356214039725759102e-02 7.941998504517464585e-01
2.638888888888888951e-01 6.539979556764768942e-02 8.322086019984188399e-01
2.638888888888888951e-01 6.770723020240190793e-02 8.720693415093482281e-01
2.638888888888888951e-01 6.957660035381912911e-02 9.074194082623451285e-01
2.638888888888888951e-01 7.145216781716626220e-02 9.456360556776521875e-01
2.638888888888888951e-01 7.384643923764225293e-02 9.854034080088434067e-01
2.638888888888888951e-01 7.574978142301866391e-02 1.020899315011669417e+00
2.638888888888888951e-01 7.765680911255860852e-02 1.060781076068042061e+00
2.638888888888888951e-01 8.013446365473268773e-02 1.095892657764984790e+00
2.638888888888888951e-01 8.206527651470302276e-02 1.134419139525562725e+00
2.638888888888888951e-01 8.460263399599751710e-02 1.168953615675957458e+00
2.638888888888888951e-01 8.655478080208371672e-02 1.207303506171482743e+00
2.638888888888888951e-01 8.915069041690777685e-02 1.240061199065386921e+00
2.638888888888888951e-01 9.178495463987565439e-02 1.277482931400469646e+00
2.638888888888888951e-01 9.377500889543187446e-02 1.309297036627866007e+00
2.638888888888888951e-01 9.646639243451406165e-02 1.343257803751931823e+00
2.638888888888888951e-01 9.847194292207406274e-02 1.377638260057933994e+00
2.638888888888888951e-01 1.012192844508833095e-01 1.407794810514873429e+00
2.638888888888888951e-01 1.040044255504453397e-01 1.440762152390324902e+00
2.638888888888888951e-01 1.060399561431219773e-01 1.472421397696411116e+00
2.638888888888888951e-01 1.088796102545301625e-01 1.500907241344124898e+00
2.638888888888888951e-01 1.117567853211641621e-01 1.531667403483589096e+00
2.638888888888888951e-01 1.138177042358094887e-01 1.562665832308624880e+00
2.638888888888888951e-01 1.167479407235786082e-01 1.588751229714938429e+00
2.638888888888888951e-01 1.197154188073794451e-01 1.616417099745820041e+00
2.533333333333333548e-01 2.209862776150319646e-02 3.390061817624751672e+00
2.533333333333333548e-01 2.353876052121594079e-02 2.437123106255882909e+00
2.533333333333333548e-01 2.502434940820800341e-02 1.774370813635515631e+00
2.533333333333333548e-01 2.655539442247937393e-02 1.361929708312697329e+00
2.533333333333333548e-01 2.784561589889946592e-02 1.149157918740165041e+00
2.533333333333333548e-01 2.899489660823716466e-02 9.921296262229666318e-01
2.533333333333333548e-01 3.013545756681686519e-02 8.648781257536637401e-01
2.533333333333333548e-01 3.143620127693148164e-02 7.632167200864874435e-01
2.533333333333333548e-01 3.256163818688592032e-02 6.799721120985887657e-01
2.533333333333333548e-01 3.386256594744888743e-02 6.175616243945434292e-01
2.533333333333333548e-01 3.516583199413707977e-02 5.710920944134307842e-01
2.533333333333333548e-01 3.646975632972311587e-02 5.372050822601286413e-01
2.533333333333333548e-01 3.777264086112040037e-02 5.140185936533887556e-01
2.533333333333333548e-01 3.907276871350270908e-02 5.007955204397929183e-01
2.533333333333333548e-01 4.036840350405889594e-02 4.980643932127909457e-01
2.533333333333333548e-01 4.191671993385636535e-02 5.007145770378074179e-01
2.533333333333333548e-01 4.321056086111931677e-02 5.115909702345199372e-01
2.533333333333333548e-01 4.477859139645708891e-02 5.249059046079352919e-01
2.533333333333333548e-01 4.636106779590456334e-02 5.444949440777943073e-01
2.533333333333333548e-01 4.795717333611457245e-02 5.684873664246876679e-01
2.533333333333333548e-01 4.956608686672543673e-02 5.956554892122660760e-01
2.533333333333333548e-01 5.085134906903970159e-02 6.249135901473321653e-01
2.533333333333333548e-01 5.281903062788217973e-02 6.555952745829950468e-01
2.533333333333333548e-01 5.446139561065789503e-02 6.875851005444296726e-01
2.533333333333333548e-01 5.611323789659295597e-02 7.205321215441455873e-01
2.533333333333333548e-01 5.777371281292380256e-02 7.547264871529709707e-01
2.533333333333333548e-01 5.944197068376289028e-02 7.905207601122553607e-01
2.533333333333333548e-01 6.111715672287620915e-02 8.283798429839477340e-01
2.533333333333333548e-01 6.323611361404211928e-02 8.655042455946720947e-01
2.533333333333333548e-01 6.493856030657750578e-02 9.010412784044791179e-01
2.533333333333333548e-01 6.664567398873899595e-02 9.393960771481175698e-01
2.533333333333333548e-01 6.884208882556754061e-02 9.765442120163135842e-01
2.533333333333333548e-01 7.057286398612334921e-02 1.012603997536651645e+00
2.533333333333333548e-01 7.282450397761476568e-02 1.051858940429136524e+00
2.533333333333333548e-01 7.457672847365726110e-02 1.085826450013757105e+00
2.533333333333333548e-01 7.688254925388945948e-02 1.124914991601623893e+00
2.533333333333333548e-01 7.865399647842701014e-02 1.157814869895524401e+00
2.533333333333333548e-01 8.101294954619064903e-02 1.195383551173012426e+00
2.533333333333333548e-01 8.280137809166511487e-02 1.228137547923108253e+00
2.533333333333333548e-01 8.521241074073111765e-02 1.263091256847034938e+00
2.533333333333333548e-01 8.701556405044687248e-02 1.297114619040472316e+00
2.533333333333333548e-01 8.947761929786299251e-02 1.328839873194569643e+00
2.533333333333333548e-01 9.197402154302369848e-02 1.364108504020617563e+00
2.533333333333333548e-01 9.380524181709201659e-02 1.393783786149125126e+00
2.533333333333333548e-01 9.635135108900709511e-02 1.424862013419923468e+00
2.533333333333333548e-01 9.893155312049745076e-02 1.458475253888395384e+00
2.533333333333333548e-01 1.007866744806789894e-01 1.486046820506968569e+00
2.533333333333333548e-01 1.034152622511763930e-01 1.514830214411276188e+00
2.533333333333333548e-01 1.060776878981810334e-01 1.545940634833705030e+00
2.533333333333333548e-01 1.079525146550568970e-01 1.573674693906633282e+00
2.435897435897436125e-01 2.144846473508490656e-02 2.913796604423208869e+00
2.435897435897436125e-01 2.280212993018997797e-02 2.110308256898508539e+00
2.435897435897436125e-01 2.419721464447767076e-02 1.568270809979256608e+00
2.435897435897436125e-01 2.563371887794800574e-02 1.251962930480758462e+00
2.435897435897436125e-01 2.669207253909211541e-02 1.079112799286489288e+00
2.435897435897436125e-01 2.774256564289341587e-02 9.378463209565321979e-01
2.435897435897436125e-01 2.878284344165746994e-02 8.234634622670320425e-01
2.435897435897436125e-01 2.997739422668705203e-02 7.297937118100055187e-01
2.435897435897436125e-01 3.099961707622125515e-02 6.571866762024853870e-01
2.435897435897436125e-01 3.219072469545141563e-02 5.994462309081185492e-01
2.435897435897436125e-01 3.338230273087507832e-02 5.569472083525937034e-01
2.435897435897436125e-01 3.457280028903681607e-02 5.271845391405447501e-01
2.435897435897436125e-01 3.576065010187114840e-02 5.088418322029816254e-01
2.435897435897436125e-01 3.717123899906526335e-02 4.988335607034503627e-01
2.435897435897436125e-01 3.836012602233124236e-02 4.957057601808517178e-01
2.435897435897436125e-01 3.979088128016197712e-02 5.015626262301217109e-01
2.435897435897436125e-01 4.097560500701314529e-02 5.111770943530414835e-01
2.435897435897436125e-01 4.242247054743739781e-02 5.258676465977023540e-01
2.435897435897436125e-01 4.388173391284982267e-02 5.459768291700460852e-01
2.435897435897436125e-01 4.535264420438493704e-02 5.700530518779214351e-01
2.435897435897436125e-01 4.683444658696020446e-02 5.968144891787685591e-01
2.435897435897436125e-01 4.800538424683881145e-02 6.250312181389628963e-01
2.435897435897436125e-01 4.982768813098135963e-02 6.554122749466562148e-01
2.435897435897436125e-01 5.133759722324240937e-02 6.865014288084584360e-01
2.435897435897436125e-01 5.285533809870598260e-02 7.187707312916036262e-01
2.435897435897436125e-01 5.438013501464575988e-02 7.524431693920301534e-01
2.435897435897436125e-01 5.591120778283046461e-02 7.878781355103515738e-01
2.435897435897436125e-01 5.744777167476970703e-02 8.254097560897947217e-01
2.435897435897436125e-01 5.940557301619812935e-02 8.605019348256522926e-01
2.435897435897436125e-01 6.096568506593273706e-02 8.958394391015285230e-01
2.435897435897436125e-01 6.252921240562039906e-02 9.345698196781174749e-01
2.435897435897436125e-01 6.455655762077390503e-02 9.692244434918743101e-01
2.435897435897436125e-01 6.614032799424972298e-02 1.006003535763023704e+00
2.435897435897436125e-01 6.821741422817743927e-02 1.042588438336379042e+00
2.435897435897436125e-01 6.981939644118047295e-02 1.077571620089529114e+00
2.435897435897436125e-01 7.194526363787193124e-02 1.114316378201631430e+00
2.435897435897436125e-01 7.356341367242238971e-02 1.148409311674098099e+00
2.435897435897436125e-01 7.573709811446564799e-02 1.183698688305679703e+00
2.435897435897436125e-01 7.736935883240812772e-02 1.217993150272892677e+00
2.435897435897436125e-01 7.958989307968378224e-02 1.250810887269559579e+00
2.435897435897436125e-01 8.123419391561741143e-02 1.286761461956180685e+00
2.435897435897436125e-01 8.350060674226723878e-02 1.316533927083375133e+00
2.435897435897436125e-01 8.579820223444942218e-02 1.349704035429348581e+00
2.435897435897436125e-01 8.746617971496142840e-02 1.381824520833877967e+00
2.435897435897436125e-01 8.980844489377313999e-02 1.410989993692193245e+00
2.435897435897436125e-01 9.218165892179440435e-02 1.442871908937945591e+00
2.435897435897436125e-01 9.386948991950126719e-02 1.472933416213423330e+00
2.435897435897436125e-01 9.628615968364027944e-02 1.500409621012653183e+00
2.435897435897436125e-01 9.873354391040845002e-02 1.529801468029699629e+00
2.345679012345678882e-01 1.965194077630246991e-02 3.451787291745581854e+00
2.345679012345678882e-01 2.089222293979137862e-02 2.509356105961471073e+00
2.345679012345678882e-01 2.217045532246910214e-02 1.838918503227569001e+00
2.345679012345678882e-01 2.348663792433563699e-02 1.404345520571180561e+00
2.345679012345678882e-01 2.471132083943032229e-02 1.171243846673060585e+00
2.345679012345678882e-01 2.568471014949086015e-02 1.016075490849942975e+00
2.345679012345678882e-01 2.664885377073591619e-02 8.886478840683378344e-01
2.345679012345678882e-01 2.775564645511522169e-02 7.857542089080842285e-01
2.345679012345678882e-01 2.870351297553442455e-02 7.003296645799286235e-01
2.345679012345678882e-01 2.980748193503173285e-02 6.347636873656039569e-01
2.345679012345678882e-01 3.091206649743544546e-02 5.847296854562089585e-01
2.345679012345678882e-01 3.201584710064792061e-02 5.471182994690559909e-01
2.345679012345678882e-01 3.311738999683218332e-02 5.200560615443007295e-01
2.345679012345678882e-01 3.421524672515280363e-02 5.030994391446778069e-01
2.345679012345678882e-01 3.530795355393928636e-02 4.964946067621297532e-01
2.345679012345678882e-01 3.662403294960246691e-02 4.948562722507360845e-01
2.345679012345678882e-01 3.771277329872430029e-02 5.021108547350379148e-01
2.345679012345678882e-01 3.904356480780103028e-02 5.115479546089053420e-01
2.345679012345678882e-01 4.038571862029918802e-02 5.274741064081683861e-01
2.345679012345678882e-01 4.173854455139100472e-02 5.482153027900094067e-01
2.345679012345678882e-01 4.310134896256982706e-02 5.722731430119880613e-01
2.345679012345678882e-01 4.417711959160551538e-02 5.975267300789445235e-01
2.345679012345678882e-01 4.554590414353836686e-02 6.256186126056662022e-01
2.345679012345678882e-01 4.724264345013336197e-02 6.558367619219388489e-01
2.345679012345678882e-01 4.863835390930338481e-02 6.862216336475494005e-01
2.345679012345678882e-01 5.004052040663741624e-02 7.178661187231262231e-01
2.345679012345678882e-01 5.144842708376393126e-02 7.510224560161342655e-01
2.345679012345678882e-01 5.286135410772081766e-02 7.859351428391169181e-01
2.345679012345678882e-01 5.427857758665793203e-02 8.233698455466293975e-01
2.345679012345678882e-01 5.609738380387954693e-02 8.564858444390113235e-01
2.345679012345678882e-01 5.753503133762263161e-02 8.918878866783637172e-01
2.345679012345678882e-01 5.940045336995821573e-02 9.305021362513231642e-01
2.345679012345678882e-01 6.085667041343537087e-02 9.634430390866353111e-01
2.345679012345678882e-01 6.231407388633967287e-02 1.000441784141339552e+00
2.345679012345678882e-01 6.424074845907586095e-02 1.034989445657666485e+00
2.345679012345678882e-01 6.571365227449581237e-02 1.070790597690610912e+00
2.345679012345678882e-01 6.768450472405181106e-02 1.105334403259536913e+00
2.345679012345678882e-01 6.917102341558727108e-02 1.140553796899270278e+00
2.345679012345678882e-01 7.118516375561473319e-02 1.173683149215398069e+00
2.345679012345678882e-01 7.268340015356160311e-02 1.209455423840452903e+00
2.345679012345678882e-01 7.473993508154730403e-02 1.240281861530516894e+00
2.345679012345678882e-01 7.682515978024687109e-02 1.275314700895934239e+00
2.345679012345678882e-01 7.834601288204665059e-02 1.305863496496230347e+00
2.345679012345678882e-01 8.047251995086815435e-02 1.337300848298786926e+00
2.345679012345678882e-01 8.200057565019880368e-02 1.371473819006004735e+00
2.345679012345678882e-01 8.416746448419490378e-02 1.399012090367737660e+00
2.345679012345678882e-01 8.636261150096982697e-02 1.429009000953089581e+00
2.345679012345678882e-01 8.858601670052358712e-02 1.461727202552385529e+00
2.345679012345678882e-01 9.014156047078825118e-02 1.487676747649119280e+00
2.261904761904762196e-01 1.923772347997648388e-02 2.966262291086076530e+00
2.261904761904762196e-01 2.041472992835545106e-02 2.168791719774450844e+00
2.261904761904762196e-01 2.162668123754999186e-02 1.616819817787986668e+00
2.261904761904762196e-01 2.287357740756010629e-02 1.278580637796814079e+00
2.261904761904762196e-01 2.390071619201243960e-02 1.099214013096550424e+00
2.261904761904762196e-01 2.479915905010966065e-02 9.591183460180232601e-01
2.261904761904762196e-01 2.568721121360435095e-02 8.439081039663517414e-01
2.261904761904762196e-01 2.671384597323959997e-02 7.501052356324309223e-01
2.261904761904762196e-01 2.758338171230743582e-02 6.744653142052268180e-01
2.261904761904762196e-01 2.860443799025455883e-02 6.142966592050416175e-01
2.261904761904762196e-01 2.962469394849340937e-02 5.687953234541955894e-01
2.261904761904762196e-01 3.064282747347315053e-02 5.355330924197436726e-01
2.261904761904762196e-01 3.165750346725587638e-02 5.135906532074544506e-01
2.261904761904762196e-01 3.287104549931672143e-02 5.002497155323063494e-01
2.261904761904762196e-01 3.388444285062693767e-02 4.931521187615721113e-01
2.261904761904762196e-01 3.511349028845096865e-02 4.957817243938035801e-01
2.261904761904762196e-01 3.612118042504190718e-02 5.013198815781555462e-01
2.261904761904762196e-01 3.736227525112645331e-02 5.127923008412040851e-01
2.261904761904762196e-01 3.861321591267800890e-02 5.299793210588066295e-01
2.261904761904762196e-01 3.987336203103612059e-02 5.511671617261247880e-01
2.261904761904762196e-01 4.086735223664387379e-02 5.733165488878537719e-01
2.261904761904762196e-01 4.213298583387330154e-02 5.985954570336995406e-01
2.261904761904762196e-01 4.340564250217135434e-02 6.264273879321946570e-01
2.261904761904762196e-01 4.468466709894087369e-02 6.566583471513585124e-01
2.261904761904762196e-01 4.628954026374899194e-02 6.866839510862876583e-01
2.261904761904762196e-01 4.759129281252599819e-02 7.177053841583573845e-01
2.261904761904762196e-01 4.889767763340366336e-02 7.501907778403831273e-01
2.261904761904762196e-01 5.020802768181516912e-02 7.848148707140590874e-01
2.261904761904762196e-01 5.189043494011751079e-02 8.212138478739815506e-01
2.261904761904762196e-01 5.321965142168344487e-02 8.535879421318387505e-01
2.261904761904762196e-01 5.455106806320768331e-02 8.887571699885523646e-01
2.261904761904762196e-01 5.629152975757566180e-02 9.257629626815011559e-01
2.261904761904762196e-01 5.763899938082814312e-02 9.585820472929000857e-01
2.261904761904762196e-01 5.898688222545356991e-02 9.960362203952823901e-01
2.261904761904762196e-01 6.078292006522258151e-02 1.028753889683851286e+00
2.261904761904762196e-01 6.214401216085761043e-02 1.065121123954152926e+00
2.261904761904762196e-01 6.398027105174759754e-02 1.097808314656592676e+00
2.261904761904762196e-01 6.535282557250882141e-02 1.133895759348141796e+00
2.261904761904762196e-01 6.722848008910280171e-02 1.165208057628843275e+00
2.261904761904762196e-01 6.913067119692836715e-02 1.201360679653715513e+00
2.261904761904762196e-01 7.052496145634774838e-02 1.231348172803018448e+00
2.261904761904762196e-01 7.246552021214903994e-02 1.264483933994046794e+00
2.261904761904762196e-01 7.386711567021965463e-02 1.296785437400969077e+00
2.261904761904762196e-01 7.584521021439029342e-02 1.326474502921923593e+00
2.261904761904762196e-01 7.784944174352895208e-02 1.359344869411729828e+00
2.261904761904762196e-01 7.926712457839735215e-02 1.388380666529393181e+00
2.261904761904762196e-01 8.130785648631684570e-02 1.417181263989537143e+00
2.261904761904762196e-01 8.337452490606431232e-02 1.448252901172750295e+00
2.183908045977011325e-01 1.779414250593550073e-02 3.476241169436804945e+00
2.183908045977011325e-01 1.888282747922039734e-02 2.553244901462175420e+00
2.183908045977011325e-01 2.000383508329107995e-02 1.884900374370499732e+00
2.183908045977011325e-01 2.115716531814754858e-02 1.439144720634893737e+00
2.183908045977011325e-01 2.234281818378979975e-02 1.186937893440364267e+00
2.183908045977011325e-01 2.318412602329687419e-02 1.034563993209129507e+00
2.183908045977011325e-01 2.401597036160848381e-02 9.073331240506934403e-01
2.183908045977011325e-01 2.483647098111832832e-02 8.037074674408495323e-01
2.183908045977011325e-01 2.579207071108661695e-02 7.178386265914153963e-01
2.183908045977011325e-01 2.674833836232672415e-02 6.508907984383751621e-01
2.183908045977011325e-01 2.753988423305600911e-02 5.980153290716497816e-01
2.183908045977011325e-01 2.848557832152428734e-02 5.576521555450602019e-01
2.183908045977011325e-01 2.960899342943884571e-02 5.276082092369787091e-01
2.183908045977011325e-01 3.055572083933241756e-02 5.068495302873895492e-01
2.183908045977011325e-01 3.149695223958893370e-02 4.961664164694040702e-01
2.183908045977011325e-01 3.263900937606935282e-02 4.921814221843279213e-01
2.183908045977011325e-01 3.357491369088779626e-02 4.949805534472391244e-01
2.183908045977011325e-01 3.472813919159219165e-02 5.017552832514030614e-01
2.183908045977011325e-01 3.589050403243295578e-02 5.151910430093593618e-01
2.183908045977011325e-01 3.706141449762947321e-02 5.333602024053937241e-01
2.183908045977011325e-01 3.798457375243756429e-02 5.522807859946275988e-01
2.183908045977011325e-01 3.916057659498321103e-02 5.747238471061018039e-01
2.183908045977011325e-01 4.034310357736452246e-02 5.999305208008746115e-01
2.183908045977011325e-01 4.153154789455793666e-02 6.276180442846033269e-01
2.183908045977011325e-01 4.272529972178844282e-02 6.575896505614836629e-01
2.183908045977011325e-01 4.423273312433379650e-02 6.878232734211041643e-01
2.183908045977011325e-01 4.544660044801885485e-02 7.180688156510905973e-01
2.183908045977011325e-01 4.666415975676187211e-02 7.501134020300171956e-01
2.183908045977011325e-01 4.788479047064969629e-02 7.841018708857699915e-01
2.183908045977011325e-01 4.946291036881339531e-02 8.195435051960414663e-01
2.183908045977011325e-01 5.070006216573900992e-02 8.514223911561087377e-01
2.183908045977011325e-01 5.193864327860660268e-02 8.865610535786193624e-01
2.183908045977011325e-01 5.356973650469787351e-02 9.218448434869124242e-01
2.183908045977011325e-01 5.482222069848537854e-02 9.548024808265307417e-01
2.183908045977011325e-01 5.649145255343090977e-02 9.924444240081555790e-01
2.183908045977011325e-01 5.775623114502950045e-02 1.023565813458815477e+00
2.183908045977011325e-01 5.901974057433486548e-02 1.060498239581326274e+00
2.183908045977011325e-01 6.073829314850331257e-02 1.091409781384441446e+00
2.183908045977011325e-01 6.248150857761742422e-02 1.128075692240450234e+00
2.183908045977011325e-01 6.376601335048000252e-02 1.157995036254856114e+00
2.183908045977011325e-01 6.554506849457331086e-02 1.192523741541558824e+00
2.183908045977011325e-01 6.683698624997989890e-02 1.223604840498741408e+00
2.183908045977011325e-01 6.865110950259890876e-02 1.255214794987301596e+00
2.183908045977011325e-01 6.994879394093157787e-02 1.288927511003437498e+00
2.183908045977011325e-01 7.179721097142507946e-02 1.317143032457775087e+00
2.183908045977011325e-01 7.366973302543419755e-02 1.348262163988580786e+00
2.183908045977011325e-01 7.498093954825060803e-02 1.379461523979778947e+00
2.183908045977011325e-01 7.688679153530234012e-02 1.406697207678672790e+00
2.111111111111111382e-01 1.753741655949643194e-02 2.988024137053734819e+00
2.111111111111111382e-01 1.857855181006126330e-02 2.204467024953542076e+00
2.111111111111111382e-01 1.964970668777213034e-02 1.651945531346953100e+00
2.111111111111111382e-01 2.075088119262903305e-02 1.301121008965450798e+00
2.111111111111111382e-01 2.176455861799425975e-02 1.114695300000958955e+00
2.111111111111111382e-01 2.254719681908563464e-02 9.760577708236823913e-01
2.111111111111111382e-01 2.331945863427554999e-02 8.605678425824612177e-01
2.111111111111111382e-01 2.407957857483500330e-02 7.673868244377101133e-01
2.111111111111111382e-01 2.497180669887072088e-02 6.890474260531771478e-01
2.111111111111111382e-01 2.586351479676547716e-02 6.277547477984947166e-01
2.111111111111111382e-01 2.675356751671450345e-02 5.800145156554792347e-01
2.111111111111111382e-01 2.764081935915815164e-02 5.439895767295901408e-01
2.111111111111111382e-01 2.852411431136851749e-02 5.184980901917077833e-01
2.111111111111111382e-01 2.940228546136528995e-02 5.036339940592023945e-01
2.111111111111111382e-01 3.046815877978949205e-02 4.927086057881191472e-01
2.111111111111111382e-01 3.134137044319425247e-02 4.923392525825169286e-01
2.111111111111111382e-01 3.241766692845294423e-02 4.941969371313806314e-01
2.111111111111111382e-01 3.350249387709925558e-02 5.037046672542924153e-01
2.111111111111111382e-01 3.459529870756781339e-02 5.187227802357415873e-01
2.111111111111111382e-01 3.545666976315962199e-02 5.343051118482975426e-01
2.111111111111111382e-01 3.655424788224147931e-02 5.538974796130616829e-01
2.111111111111111382e-01 3.765792408108562667e-02 5.765095373848261318e-01
2.111111111111111382e-01 3.876713411467027498e-02 6.017294775169520493e-01
2.111111111111111382e-01 3.988131104876789512e-02 6.292264169931932605e-01
2.111111111111111382e-01 4.099988520622312171e-02 6.589051561058716366e-01
2.111111111111111382e-01 4.242136804268202555e-02 6.894650733739619008e-01
2.111111111111111382e-01 4.355779783005544331e-02 7.191551135710974041e-01
2.111111111111111382e-01 4.469711573746361355e-02 7.503980932951579419e-01
2.111111111111111382e-01 4.583874232290790357e-02 7.840225680734513869e-01
2.111111111111111382e-01 4.732494295364939041e-02 8.185416321844860565e-01
2.111111111111111382e-01 4.848106739439261154e-02 8.501355657760147899e-01
2.111111111111111382e-01 4.963796730321334144e-02 8.848115200115608259e-01
2.111111111111111382e-01 5.117271224092758558e-02 9.189477642832037940e-01
2.111111111111111382e-01 5.234166509246054172e-02 9.518833385839439165e-01
2.111111111111111382e-01 5.391147129392397791e-02 9.880195549318528947e-01
2.111111111111111382e-01 5.509097488967989315e-02 1.019373291314828789e+00
2.111111111111111382e-01 5.669512861500616147e-02 1.055618604003465411e+00
2.111111111111111382e-01 5.788367251874867309e-02 1.086105701635674992e+00
2.111111111111111382e-01 5.952145768074428717e-02 1.121193454894600317e+00
2.111111111111111382e-01 6.071752303402359191e-02 1.151963424729603336e+00
2.111111111111111382e-01 6.238822116020648068e-02 1.184850500745230351e+00
2.111111111111111382e-01 6.359028049143386485e-02 1.217078675190756076e+00
2.111111111111111382e-01 6.529317068500749277e-02 1.247150843340870230e+00
2.111111111111111382e-01 6.701856152978749592e-02 1.280889586524477819e+00
2.111111111111111382e-01 6.823404661151359629e-02 1.308823504817023364e+00
2.111111111111111382e-01 6.999073195701091543e-02 1.338890095700395966e+00
2.111111111111111382e-01 7.120857777484226880e-02 1.371586882753136560e+00
2.043010752688172171e-01 1.634866897436705602e-02 3.469228450475868808e+00
2.043010752688172171e-01 1.731923242715864217e-02 2.571729872673468975e+00
2.043010752688172171e-01 1.831778067151170961e-02 1.913319449513113391e+00
2.043010752688172171e-01 1.934431370742626527e-02 1.464406628913126562e+00
2.043010752688172171e-01 2.039883153490230916e-02 1.198727710770757682e+00
2.043010752688172171e-01 2.113177082900368625e-02 1.048785086222509655e+00
2.043010752688172171e-01 2.197822918181054075e-02 9.232718402947179825e-01
2.043010752688172171e-01 2.269685138551542566e-02 8.179582625281094366e-01
2.043010752688172171e-01 2.353947955307850171e-02 7.336343263098866752e-01
2.043010752688172171e-01 2.423800427946816438e-02 6.638055772055688752e-01
2.043010752688172171e-01 2.507180337048707519e-02 6.081761106452711063e-01
2.043010752688172171e-01 2.590298819108326212e-02 5.657543318996680615e-01
2.043010752688172171e-01 2.673048072949681109e-02 5.348975247313639825e-01
2.043010752688172171e-01 2.772705296525335150e-02 5.119217806993252573e-01
2.043010752688172171e-01 2.855192666860680711e-02 4.971479333585104299e-01
2.043010752688172171e-01 2.955987218216184556e-02 4.922758363087626488e-01
2.043010752688172171e-01 3.037855184353816657e-02 4.899604653863470216e-01
2.043010752688172171e-01 3.139507370899617678e-02 4.953821070142929717e-01
2.043010752688172171e-01 3.241908135773764743e-02 5.071318359619226834e-01
2.043010752688172171e-01 3.322619849700612915e-02 5.192804275552554971e-01
2.043010752688172171e-01 3.425472012710670255e-02 5.360145749725601094e-01
2.043010752688172171e-01 3.528897321069628806e-02 5.560670917065962948e-01
2.043010752688172171e-01 3.632843119018281525e-02 5.788970678342155729e-01
2.043010752688172171e-01 3.737256510187145220e-02 6.040388081041717649e-01
2.043010752688172171e-01 3.842084352860004187e-02 6.312864783985598915e-01
2.043010752688172171e-01 3.947273255089731731e-02 6.604926972646077976e-01
2.043010752688172171e-01 4.081795041549087649e-02 6.918333510790518615e-01
2.043010752688172171e-01 4.188572732123239245e-02 7.205885833168844679e-01
2.043010752688172171e-01 4.295570050068404921e-02 7.513044249318120427e-01
2.043010752688172171e-01 4.402732713000928610e-02 7.842914183642374359e-01
2.043010752688172171e-01 4.543202696625082276e-02 8.183817789144451904e-01
2.043010752688172171e-01 4.651639447373691338e-02 8.492626306372832445e-01
2.043010752688172171e-01 4.760097913735568398e-02 8.837380019753542371e-01
2.043010752688172171e-01 4.905033798656528721e-02 9.168654073557047646e-01
2.043010752688172171e-01 5.014537272744641616e-02 9.495987984627657363e-01
2.043010752688172171e-01 5.162709048762933323e-02 9.845457607115761789e-01
2.043010752688172171e-01 5.273116790754783095e-02 1.015896738611820727e+00
2.043010752688172171e-01 5.424457535985964529e-02 1.050845847458864446e+00
2.043010752688172171e-01 5.535628056260074453e-02 1.081682943031511579e+00
2.043010752688172171e-01 5.690070635493429951e-02 1.115464985348494809e+00
2.043010752688172171e-01 5.801861677910181286e-02 1.146767378859154363e+00
2.043010752688172171e-01 5.959338739173983268e-02 1.178381597223305155e+00
2.043010752688172171e-01 6.071607263772422353e-02 1.211459127330413166e+00
2.043010752688172171e-01 6.232051234805035395e-02 1.240249189065385504e+00
2.043010752688172171e-01 6.394587539781167174e-02 1.272409198794749230e+00
2.043010752688172171e-01 6.507996484511652246e-02 1.301937413821419476e+00
2.043010752688172171e-01 6.673415564433299307e-02 1.330569469919167913e+00
1.979166666666666852e-01 1.620038594889474867e-02 2.983198192697670059e+00
1.979166666666666852e-01 1.713442658927230577e-02 2.219882501075200132e+00
1.979166666666666852e-01 1.809464416479419566e-02 1.673528868209062770e+00
1.979166666666666852e-01 1.908103867546043220e-02 1.317577110316175526e+00
1.979166666666666852e-01 1.998389835980048101e-02 1.123436738674697066e+00
1.979166666666666852e-01 2.066988073936512627e-02 9.880066529894693250e-01
1.979166666666666852e-01 2.146760287388998351e-02 8.751054463374416947e-01
1.979166666666666852e-01 2.213765578734810599e-02 7.793161319801384934e-01
1.979166666666666852e-01 2.292965590099133727e-02 7.023573538194722854e-01
1.979166666666666852e-01 2.372040852052557935e-02 6.406789985048946257e-01
1.979166666666666852e-01 2.450891601161723013e-02 5.915641624347440786e-01
1.979166666666666852e-01 2.529417237306318816e-02 5.529168691304136019e-01
1.979166666666666852e-01 2.607516294020787578e-02 5.240495146272942106e-01
1.979166666666666852e-01 2.685086407178918083e-02 5.052972559046843282e-01
1.979166666666666852e-01 2.779875986168261690e-02 4.944595895346342029e-01
1.979166666666666852e-01 2.856870354010689061e-02 4.888977532961432115e-01
1.979166666666666852e-01 2.952470425195206916e-02 4.900924853885385013e-01
1.979166666666666852e-01 3.028549860073889016e-02 4.983355310058004140e-01
1.979166666666666852e-01 3.124695314760197323e-02 5.071025600801067901e-01
1.979166666666666852e-01 3.221431232454789739e-02 5.209776306844657867e-01
1.979166666666666852e-01 3.318708524428615192e-02 5.385096587426055903e-01
1.979166666666666852e-01 3.416477889808900575e-02 5.590287701573701806e-01
1.979166666666666852e-01 3.514689811507794998e-02 5.819339778096532800e-01
1.979166666666666852e-01 3.613294552026743295e-02 6.069083255494996942e-01
1.979166666666666852e-01 3.712242149131542851e-02 6.337119883794805064e-01
1.979166666666666852e-01 3.811482411392737996e-02 6.626014276288835214e-01
1.979166666666666852e-01 3.910964913585698866e-02 6.934712266692527605e-01
1.979166666666666852e-01 4.039857020880868038e-02 7.226559321018918292e-01
1.979166666666666852e-01 4.140673410374152291e-02 7.525724634816273184e-01
1.979166666666666852e-01 4.241598509359920804e-02 7.851212668551204032e-01
1.979166666666666852e-01 4.374802654861070089e-02 8.186188591874886678e-01
1.979166666666666852e-01 4.476848329950325334e-02 8.490608778543933255e-01
1.979166666666666852e-01 4.578867754852682798e-02 8.831819258150406249e-01
1.979166666666666852e-01 4.716194967973459662e-02 9.154091458584895369e-01
1.979166666666666852e-01 4.819119678438344573e-02 9.479853394725237248e-01
1.979166666666666852e-01 4.959444092744691446e-02 9.817583205979469874e-01
1.979166666666666852e-01 5.063141830678299926e-02 1.013182157173570408e+00
1.979166666666666852e-01 5.206400511451852314e-02 1.046936747942971646e+00
1.979166666666666852e-01 5.310738333535617445e-02 1.078121591177613414e+00
1.979166666666666852e-01 5.456868151405719347e-02 1.110566462159654932e+00
1.979166666666666852e-01 5.561712413876915284e-02 1.142490696294890418e+00
1.979166666666666852e-01 5.710650041701084006e-02 1.172819702052619650e+00
1.979166666666666852e-01 5.815866384603014111e-02 1.206745292633881306e+00
1.979166666666666852e-01 5.967548294262064318e-02 1.234086238865655716e+00
1.979166666666666852e-01 6.121182808960608235e-02 1.265367744549756202e+00
1.979166666666666852e-01 6.227364084243686149e-02 1.295845201607862984e+00
1.919191919191919338e-01 1.520126605826140238e-02 3.435652750724932591e+00
1.919191919191919338e-01 1.607770198567686978e-02 2.568505242410347833e+00
1.919191919191919338e-01 1.697870044863773395e-02 1.925459559288214884e+00
1.919191919191919338e-01 1.790426144714400702e-02 1.479696837767802142e+00
1.919191919191919338e-01 1.885438498119568207e-02 1.207262019982553225e+00
1.919191919191919338e-01 1.961077818650135487e-02 1.056527173474081760e+00
1.919191919191919338e-01 2.025394356645603827e-02 9.330980015323790955e-01
1.919191919191919338e-01 2.100734294798111551e-02 8.311761260231105286e-01
1.919191919191919338e-01 2.163318124172145321e-02 7.444356215919948339e-01
1.919191919191919338e-01 2.237920521011788760e-02 6.742082234529018780e-01
1.919191919191919338e-01 2.312314032433573571e-02 6.181925692639087533e-01
1.919191919191919338e-01 2.386404235061880333e-02 5.738488364927596397e-01
1.919191919191919338e-01 2.460095923333686582e-02 5.401097383347994718e-01
1.919191919191919338e-01 2.533293081590389309e-02 5.169666597164650490e-01
1.919191919191919338e-01 2.622732177894900041e-02 4.999531866997491414e-01
1.919191919191919338e-01 2.695394447891550846e-02 4.908687825329504650e-01
1.919191919191919338e-01 2.785603426319071055e-02 4.877116697151807068e-01
1.919191919191919338e-01 2.857412609453897911e-02 4.922912452318067289e-01
1.919191919191919338e-01 2.948142561544941573e-02 4.976719790368857033e-01
1.919191919191919338e-01 3.039432284935124351e-02 5.086931912970377168e-01
1.919191919191919338e-01 3.131235671258996572e-02 5.237473429161838556e-01
1.919191919191919338e-01 3.223506420700103514e-02 5.420359080426040421e-01
1.919191919191919338e-01 3.316198038367530049e-02 5.628223238411960150e-01
1.919191919191919338e-01 3.409263830563102199e-02 5.856781879164558724e-01
1.919191919191919338e-01 3.502656900934881384e-02 6.102711904031781209e-01
1.919191919191919338e-01 3.596330146512288772e-02 6.367600246598728031e-01
1.919191919191919338e-01 3.690236253617942830e-02 6.649444702075859581e-01
1.919191919191919338e-01 3.784327693651132196e-02 6.953919984244695263e-01
1.919191919191919338e-01 3.907024563596145361e-02 7.251187370035536706e-01
1.919191919191919338e-01 4.002302772445792689e-02 7.544299553054001350e-01
1.919191919191919338e-01 4.097640458409256004e-02 7.861417358930213872e-01
1.919191919191919338e-01 4.224334464868090278e-02 8.195342754255263706e-01
1.919191919191919338e-01 4.320657841081264328e-02 8.493773541835767382e-01
1.919191919191919338e-01 4.416913525974380805e-02 8.829883025105673688e-01
1.919191919191919338e-01 4.547426449912549823e-02 9.146169337779208597e-01
1.919191919191919338e-01 4.644464929742641440e-02 9.467943004100208837e-01
1.919191919191919338e-01 4.777763093155161511e-02 9.797336504699046822e-01
1.919191919191919338e-01 4.875459733276270996e-02 1.011067133850484190e+00
1.919191919191919338e-01 5.011483788451732979e-02 1.043883562889535543e+00
1.919191919191919338e-01 5.109713325664456268e-02 1.075123961502048697e+00
1.919191919191919338e-01 5.248403746618435922e-02 1.106590744220488753e+00
1.919191919191919338e-01 5.347040275260116909e-02 1.138876258565119537e+00
1.919191919191919338e-01 5.488337354890562847e-02 1.168149173270077501e+00
1.919191919191919338e-01 5.631477075749146549e-02 1.201277825428418433e+00
1.919191919191919338e-01 5.731098159606602682e-02 1.229127624287777776e+00
1.919191919191919338e-01 5.876770178139339301e-02 1.259133847892041080e+00
1.862745098039215730e-01 1.512960177551913622e-02 2.956290277955158974e+00
1.862745098039215730e-01 1.597746846424721867e-02 2.217387859888873436e+00
1.862745098039215730e-01 1.684844923866553323e-02 1.682371317838914360e+00
1.862745098039215730e-01 1.774254409877408858e-02 1.327093536122705864e+00
1.862745098039215730e-01 1.855639547316591254e-02 1.130216403427151572e+00
1.862745098039215730e-01 1.927396088625203674e-02 9.963139098284741202e-01
1.862745098039215730e-01 1.987789212824974533e-02 8.834617779100615298e-01
1.862745098039215730e-01 2.059078862968051482e-02 7.910990050056905254e-01
1.862745098039215730e-01 2.117617537323256485e-02 7.129940400455492266e-01
1.862745098039215730e-01 2.188024419275221011e-02 6.495045752609613920e-01
1.862745098039215730e-01 2.258148396458783611e-02 5.989495059402049071e-01
1.862745098039215730e-01 2.327899884043727746e-02 5.598894561875227271e-01
1.862745098039215730e-01 2.412416988738769197e-02 5.314704356632449223e-01
1.862745098039215730e-01 2.481836896197557943e-02 5.086001159860447096e-01
1.862745098039215730e-01 2.550628899440757213e-02 4.957410915692058717e-01
1.862745098039215730e-01 2.636011915347256929e-02 4.881218415512830200e-01
1.862745098039215730e-01 2.704007881440877170e-02 4.889223822823537957e-01
1.862745098039215730e-01 2.789891225481635345e-02 4.908935332850142830e-01
1.862745098039215730e-01 2.876307346386483554e-02 4.990716335810313486e-01
1.862745098039215730e-01 2.963212814453047850e-02 5.116936984632084462e-01
1.862745098039215730e-01 3.050564026559023437e-02 5.278330179409080891e-01
1.862745098039215730e-01 3.138317202924272714e-02 5.466173465173786994e-01
1.862745098039215730e-01 3.226428383776331482e-02 5.675066590386693699e-01
1.862745098039215730e-01 3.314853425915494783e-02 5.900762531305621117e-01
1.862745098039215730e-01 3.403547999175401267e-02 6.143860942441815576e-01
1.862745098039215730e-01 3.492467582774835821e-02 6.401405993471768197e-01
1.862745098039215730e-01 3.581567461556316861e-02 6.678348168716892186e-01
1.862745098039215730e-01 3.670802722106687732e-02 6.975715502374316701e-01
1.862745098039215730e-01 3.787920346971624525e-02 7.282152468965873426e-01
1.862745098039215730e-01 3.878212190279429344e-02 7.565176881371659112e-01
1.862745098039215730e-01 3.968520488328502321e-02 7.876422430048896084e-01
1.862745098039215730e-01 4.089354353351138532e-02 8.209774901324462526e-01
1.862745098039215730e-01 4.180529201481018170e-02 8.500883257582543262e-01
1.862745098039215730e-01 4.271600367641873591e-02 8.832639093115878248e-01
1.862745098039215730e-01 4.395981968377376398e-02 9.142489890286381593e-01
1.862745098039215730e-01 4.487727978673774348e-02 9.461359944598674021e-01
1.862745098039215730e-01 4.614705656051860949e-02 9.783154993938333321e-01
1.862745098039215730e-01 4.707008757083731149e-02 1.009579440109225956e+00
1.862745098039215730e-01 4.836526404007166630e-02 1.041407626576963397e+00
1.862745098039215730e-01 4.929268263805679923e-02 1.072819093867257045e+00
1.862745098039215730e-01 5.061269609342424619e-02 1.103291693738929435e+00
1.862745098039215730e-01 5.154331304609723052e-02 1.135944438432936687e+00
1.862745098039215730e-01 5.288759911389345758e-02 1.164001073025032529e+00
1.862745098039215730e-01 5.424919021006386483e-02 1.196453101106294437e+00
1.862745098039215730e-01 5.518821175834414533e-02 1.224757916283462311e+00
1.809523809523809479e-01 1.427523902847219715e-02 3.380552094650919770e+00
1.809523809523809479e-01 1.507522701397601660e-02 2.546701905004224997e+00
1.809523809523809479e-01 1.589702384171166882e-02 1.923071168492185734e+00
1.809523809523809479e-01 1.674062951167914690e-02 1.485349495549908472e+00
1.809523809523809479e-01 1.760604402387844908e-02 1.211963245889176921e+00
1.809523809523809479e-01 1.828693251383080309e-02 1.061511000696121698e+00
1.809523809523809479e-01 1.896880416488922610e-02 9.419588943586318930e-01
1.809523809523809479e-01 1.953661954111106380e-02 8.385031076709609232e-01
1.809523809523809479e-01 2.021233796380981010e-02 7.543960428398780449e-01
1.809523809523809479e-01 2.076054356859608624e-02 6.852190759951057863e-01
1.809523809523809479e-01 2.142615273072725687e-02 6.279813546677703862e-01
1.809523809523809479e-01 2.208827859383234032e-02 5.831887918208524813e-01
1.809523809523809479e-01 2.289038781874621828e-02 5.471442826381704982e-01
1.809523809523809479e-01 2.354946150259201385e-02 5.202526896609894758e-01
1.809523809523809479e-01 2.420264282032967215e-02 5.033892782868305549e-01
1.809523809523809479e-01 2.501307499614991575e-02 4.912110991470465815e-01
1.809523809523809479e-01 2.565882308755408625e-02 4.881305543575794048e-01
1.809523809523809479e-01 2.647408299297672116e-02 4.866762057116307272e-01
1.809523809523809479e-01 2.729443193922620470e-02 4.920269657243440120e-01
1.809523809523809479e-01 2.811945980531026928e-02 5.022655607929332744e-01
1.809523809523809479e-01 2.894875489392350829e-02 5.163377023544089006e-01
1.809523809523809479e-01 2.957502624749488995e-02 5.318350385406834802e-01
1.809523809523809479e-01 3.040398367679997618e-02 5.503990450705003035e-01
1.809523809523809479e-01 3.123581046242882714e-02 5.717042950395692102e-01
1.809523809523809479e-01 3.230031670594610271e-02 5.953826051326971402e-01
1.809523809523809479e-01 3.314471519473511513e-02 6.189551497949085102e-01
1.809523809523809479e-01 3.399087593133749002e-02 6.441754155257907177e-01
1.809523809523809479e-01 3.483837532061468539e-02 6.710825669647685343e-01
1.809523809523809479e-01 3.568678793276340577e-02 7.002652832536344629e-01
1.809523809523809479e-01 3.680750411600768740e-02 7.315947215711851026e-01
1.809523809523809479e-01 3.766532498495718528e-02 7.591401014592362717e-01
1.809523809523809479e-01 3.852293260825904314e-02 7.895028884207290210e-01
1.809523809523809479e-01 3.967829399006028712e-02 8.228546732490731319e-01
1.809523809523809479e-01 4.054350967984152870e-02 8.512949613709300811e-01
1.809523809523809479e-01 4.140737447145624583e-02 8.837754619545075130e-01
1.809523809523809479e-01 4.259578412730984087e-02 9.144413385981314812e-01
1.809523809523809479e-01 4.346544133433326990e-02 9.458858131032379379e-01
1.809523809523809479e-01 4.467811581299501594e-02 9.775392294072664523e-01
1.809523809523809479e-01 4.555245026082254539e-02 1.008459800904253800e+00
1.809523809523809479e-01 4.678885788283666802e-02 1.039642682833358478e+00
1.809523809523809479e-01 4.766674905410211993e-02 1.070995944915176690e+00
1.809523809523809479e-01 4.892635662952744130e-02 1.100670115414101202e+00
1.809523809523809479e-01 4.980667854664029559e-02 1.133314285684247968e+00
1.809523809523809479e-01 5.108895135113808439e-02 1.160874428810197978e+00
1.809523809523809479e-01 5.238752109480339370e-02 1.192237208379908209e+00
1.759259259259259300e-01 1.425888530547507471e-02 2.910972267798320079e+00
1.759259259259259300e-01 1.503618084472117637e-02 2.199438158313674840e+00
1.759259259259259300e-01 1.583410425111253517e-02 1.679749598717364734e+00
1.759259259259259300e-01 1.665265552464913548e-02 1.330108397531981623e+00
1.759259259259259300e-01 1.749183466533099640e-02 1.130191008836836319e+00
1.759259259259259300e-01 1.804244820009654957e-02 1.000047748701143657e+00
1.759259259259259300e-01 1.858283211452070247e-02 8.913079233164409310e-01
1.759259259259259300e-01 1.922579953134245442e-02 7.975580867451146361e-01
1.759259259259259300e-01 1.986724896817074898e-02 7.211963397293241762e-01
1.759259259259259300e-01 2.050638874360607641e-02 6.584004105379818172e-01
1.759259259259259300e-01 2.114242136570654643e-02 6.070016033480397644e-01
1.759259259259259300e-01 2.177454333391494815e-02 5.659631346104228022e-01
1.759259259259259300e-01 2.240194493026894176e-02 5.347714473071907282e-01
1.759259259259259300e-01 2.302380999911498097e-02 5.136945410221827046e-01
1.759259259259259300e-01 2.379505076629194818e-02 4.968730895970103756e-01
1.759259259259259300e-01 2.440997055012002551e-02 4.898218997769107075e-01
1.759259259259259300e-01 2.518588903456168634e-02 4.849328847323672309e-01
1.759259259259259300e-01 2.596668436394016649e-02 4.874766394664030167e-01
1.759259259259259300e-01 2.675196832237116198e-02 4.953828880418006952e-01
1.759259259259259300e-01 2.735207788205312740e-02 5.047262817282806013e-01
1.759259259259259300e-01 2.813808073919997835e-02 5.176223783695746983e-01
1.759259259259259300e-01 2.892725545321636269e-02 5.338945699024919556e-01
1.759259259259259300e-01 2.971920699705134575e-02 5.529091232657689092e-01
1.759259259259259300e-01 3.051353877684325269e-02 5.744921159589961857e-01
1.759259259259259300e-01 3.130985260187704039e-02 5.981902760876961489e-01
1.759259259259259300e-01 3.210774865362200220e-02 6.243014424754225189e-01
1.759259259259259300e-01 3.314875793709125967e-02 6.486828550377106151e-01
1.759259259259259300e-01 3.395672367247231510e-02 6.749437433524010377e-01
1.759259259259259300e-01 3.476521223970316377e-02 7.031795988647070450e-01
1.759259259259259300e-01 3.557381803691914840e-02 7.341732041715361978e-01
1.759259259259259300e-01 3.665697281453840495e-02 7.621722141558965324e-01
1.759259259259259300e-01 3.747328925374375508e-02 7.916488879155129110e-01
1.759259259259259300e-01 3.828864927763146048e-02 8.248539110685714215e-01
1.759259259259259300e-01 3.940354839675976051e-02 8.527676651590000434e-01
1.759259259259259300e-01 4.022490392325968334e-02 8.846844552697313846e-01
1.759259259259259300e-01 4.136304440263018772e-02 9.150710300536659680e-01
1.759259259259259300e-01 4.218934182117763110e-02 9.461075293695021537e-01
1.759259259259259300e-01 4.335022011138775500e-02 9.771619759233568514e-01
1.759259259259259300e-01 4.418040096773859227e-02 1.007871854218296948e+00
1.759259259259259300e-01 4.536351214408019389e-02 1.038386729235719397e+00
1.759259259259259300e-01 4.619651303542351289e-02 1.069685954930201133e+00
1.759259259259259300e-01 4.740135077642683437e-02 1.098407653730799849e+00
1.759259259259259300e-01 4.823610324290788370e-02 1.131537673528498544e+00
1.759259259259259300e-01 4.946215980830968861e-02 1.158174363240056959e+00
1.711711711711711714e-01 1.351747074168048283e-02 3.307937024828819794e+00
1.711711711711711714e-01 1.425434950073491656e-02 2.509271584353906626e+00
1.711711711711711714e-01 1.501078354651938333e-02 1.908161211836977955e+00
1.711711711711711714e-01 1.578677287903387447e-02 1.482607913707491010e+00
1.711711711711711714e-01 1.658231749827841078e-02 1.212053569803215769e+00
1.711711711711711714e-01 1.720100432384217073e-02 1.063989639121241781e+00
1.711711711711711714e-01 1.781991371655815629e-02 9.447624244790694403e-01
1.711711711711711714e-01 1.832985623894952190e-02 8.452792734112226647e-01
1.711711711711711714e-01 1.894174511931139004e-02 7.606255786411174613e-01
1.711711711711711714e-01 1.955148338457419338e-02 6.909756607206851697e-01
1.711711711711711714e-01 2.015831505272168422e-02 6.338104814141778398e-01
1.711711711711711714e-01 2.076147864535351703e-02 5.877714083724621119e-01
1.711711711711711714e-01 2.136020699896784558e-02 5.520246060035243207e-01
1.711711711711711714e-01 2.195372706595728751e-02 5.265442546568988025e-01
1.711711711711711714e-01 2.268943585294479898e-02 5.050066681247595834e-01
1.711711711711711714e-01 2.327646309019385309e-02 4.939068206438996800e-01
1.711711711711711714e-01 2.401672081931123179e-02 4.855801511768792489e-01
1.711711711711711714e-01 2.476166588769280683e-02 4.853413741865670317e-01
1.711711711711711714e-01 2.533749495824608872e-02 4.892495503835212478e-01
1.711711711711711714e-01 2.608411109308988313e-02 4.955050694579349324e-01
1.711711711711711714e-01 2.683417094161695896e-02 5.061481439849876418e-01
1.711711711711711714e-01 2.758730138704865859e-02 5.202901245429032429e-01
1.711711711711711714e-01 2.834312790740978888e-02 5.372059761945714440e-01
1.711711711711711714e-01 2.910127454922742038e-02 5.566217782702707062e-01
1.711711711711711714e-01 2.986136390044099101e-02 5.779885882573340128e-01
1.711711711711711714e-01 3.062301706249217007e-02 6.015293867338475930e-01
1.711711711711711714e-01 3.138585362156087744e-02 6.271369611631966157e-01
1.711711711711711714e-01 3.238722495878332275e-02 6.539159944511795386e-01
1.711711711711711714e-01 3.315912172651078876e-02 6.791263203272197568e-01
1.711711711711711714e-01 3.393119395476097006e-02 7.066215070674245480e-01
1.711711711711711714e-01 3.470305584833828505e-02 7.367985462628298121e-01
1.711711711711711714e-01 3.574385331216028278e-02 7.655643438689173630e-01
1.711711711711711714e-01 3.652253093513078280e-02 7.942293256648867983e-01
1.711711711711711714e-01 3.729997703290311578e-02 8.265341406362699539e-01
1.711711711711711714e-01 3.837050259591789914e-02 8.546895012008675074e-01
1.711711711711711714e-01 3.915313289667887026e-02 8.858926039432144517e-01
1.711711711711711714e-01 4.024549509445896761e-02 9.162053173460050770e-01
1.711711711711711714e-01 4.103230741242930996e-02 9.465716229131999615e-01
1.711711711711711714e-01 4.214602703328550887e-02 9.773480934958775901e-01
1.711711711711711714e-01 4.293601468353124007e-02 1.007644082787400697e+00
1.711711711711711714e-01 4.407061124040078520e-02 1.037647150943660446e+00
1.711711711711711714e-01 4.486276294167339945e-02 1.068553822012422438e+00
1.711711711711711714e-01 4.601775465229047957e-02 1.097026735977387091e+00
1.711711711711711714e-01 4.718742563363755027e-02 1.129732630734587850e+00
1.666666666666666574e-01 1.284172933928786654e-02 3.735488247043643462e+00
1.666666666666666574e-01 1.354177136345657666e-02 2.850515916412040163e+00
1.666666666666666574e-01 1.426039110117379403e-02 2.168588100567974131e+00
1.666666666666666574e-01 1.499758855243951521e-02 1.667530178379491357e+00
1.666666666666666574e-01 1.575336371725374537e-02 1.326572457889721779e+00
1.666666666666666574e-01 1.652771659561648107e-02 1.127810791420293057e+00
1.666666666666666574e-01 1.702557336995077358e-02 1.001853562695077748e+00
1.666666666666666574e-01 1.761672910066592809e-02 8.945815926790650074e-01
1.666666666666666574e-01 1.809829077825574409e-02 8.039121418165086075e-01
1.666666666666666574e-01 1.868129654439873444e-02 7.270234393971420905e-01
1.666666666666666574e-01 1.926158286205753578e-02 6.637516831766827607e-01
1.666666666666666574e-01 1.983842655114524331e-02 6.124224034602672173e-01
1.666666666666666574e-01 2.041109921849454736e-02 5.718875532613993951e-01
1.666666666666666574e-01 2.111430219072165868e-02 5.409669397725700435e-01
1.666666666666666574e-01 2.168224337841936564e-02 5.155155822028125723e-01
1.666666666666666574e-01 2.224393870251828095e-02 5.002997388261746226e-01
1.666666666666666574e-01 2.295175293238248954e-02 4.885380793466096994e-01
1.666666666666666574e-01 2.366408451304674240e-02 4.855449920471481828e-01
1.666666666666666574e-01 2.421529095493911085e-02 4.849452298855466137e-01
1.666666666666666574e-01 2.492932633187616709e-02 4.888156121247500541e-01
1.666666666666666574e-01 2.564669732983789613e-02 4.973352858295808643e-01
1.666666666666666574e-01 2.636704940968991398e-02 5.095051596804665017e-01
1.666666666666666574e-01 2.709002674447771181e-02 5.245094253270162765e-01
1.666666666666666574e-01 2.781527219562875824e-02 5.419737060636621306e-01
1.666666666666666574e-01 2.854242728844868376e-02 5.612532816367042932e-01
1.666666666666666574e-01 2.927113218688375332e-02 5.824955524431673082e-01
1.666666666666666574e-01 3.000102566751961658e-02 6.055294671511217697e-01
1.666666666666666574e-01 3.073174509278564850e-02 6.307163793474667157e-01
1.666666666666666574e-01 3.146292638333215291e-02 6.580520466000436830e-01
1.666666666666666574e-01 3.243572139521348763e-02 6.839418026749827240e-01
1.666666666666666574e-01 3.317445597786885386e-02 7.104748567573939688e-01
1.666666666666666574e-01 3.391268804893063371e-02 7.397104962965733721e-01
1.666666666666666574e-01 3.491475522770624146e-02 7.694511265035219871e-01
1.666666666666666574e-01 3.565899777821449762e-02 7.970119495554395250e-01
1.666666666666666574e-01 3.640176465941453998e-02 8.285620335782557522e-01
1.666666666666666574e-01 3.743173161616447642e-02 8.569598344887088270e-01
1.666666666666666574e-01 3.817895402720185294e-02 8.874892285968426497e-01
1.666666666666666574e-01 3.922948283281742915e-02 9.176288329688155887e-01
1.666666666666666574e-01 3.998020568184638968e-02 9.474666780672341693e-01
1.666666666666666574e-01 4.105083942754662180e-02 9.779334329708933016e-01
1.666666666666666574e-01 4.180410343263368106e-02 1.007809665471679494e+00
1.666666666666666574e-01 4.289438402385106069e-02 1.037152647229759195e+00
1.666666666666666574e-01 4.364922562272076367e-02 1.068170620375030522e+00
1.666666666666666574e-01 4.475869376072400679e-02 1.095949924611450577e+00
