6.666666666666667095e-03 6.569178323600481650e-03 9.559223764461834971e-01
6.666666666666667095e-03 6.792950138956759150e-03 8.545479533863544752e-01
6.666666666666667095e-03 6.965650470852163129e-03 7.668652824521742239e-01
6.666666666666667095e-03 7.183928377579993328e-03 6.923608402529941586e-01
6.666666666666667095e-03 7.400087961396809022e-03 6.308708382764574019e-01
6.666666666666667095e-03 7.613816351764884395e-03 5.794559374290790821e-01
6.666666666666667095e-03 7.824800584296260492e-03 5.381917901832844464e-01
6.666666666666667095e-03 8.032727597923649751e-03 5.059356813434087163e-01
6.666666666666667095e-03 8.237284231927042774e-03 4.830177895040282388e-01
6.666666666666667095e-03 8.504991539084778493e-03 4.635781527111149103e-01
6.666666666666667095e-03 8.704535240159664081e-03 4.530293349411118053e-01
6.666666666666667095e-03 8.972039524393541840e-03 4.451843842886343827e-01
6.666666666666667095e-03 9.240513836788739541e-03 4.440566549465475021e-01
6.666666666666667095e-03 9.431993860563474275e-03 4.467801849746532161e-01
6.666666666666667095e-03 9.699066207042264520e-03 4.501528628039139224e-01
6.666666666666667095e-03 9.966587436852235651e-03 4.578199922745159745e-01
6.666666666666667095e-03 1.023440120699571632e-02 4.690958271321876150e-01
6.666666666666667095e-03 1.050235115060712231e-02 4.837800175590350471e-01
6.666666666666667095e-03 1.077028087656219102e-02 5.008508374263050955e-01
6.666666666666667095e-03 1.103803396907627674e-02 5.198659848539811668e-01
6.666666666666667095e-03 1.130545398729125572e-02 5.409350829401221583e-01
6.666666666666667095e-03 1.157238446485063868e-02 5.649626639743118295e-01
6.666666666666667095e-03 1.194421967655747395e-02 5.897848446169513537e-01
6.666666666666667095e-03 1.221304594255327031e-02 6.133279733991009453e-01
6.666666666666667095e-03 1.248096553693451433e-02 6.389925904055021588e-01
6.666666666666667095e-03 1.274782190296907571e-02 6.682814778863057636e-01
6.666666666666667095e-03 1.313269400090360216e-02 6.967933196048217148e-01
6.666666666666667095e-03 1.340050801405342010e-02 7.245125760022932404e-01
6.666666666666667095e-03 1.366684144522332771e-02 7.561474749931884620e-01
6.666666666666667095e-03 1.406158415933242076e-02 7.838646289536734812e-01
6.666666666666667095e-03 1.432819751524568030e-02 8.145086771136806902e-01
6.666666666666667095e-03 1.473042526811044542e-02 8.464098790402279082e-01
6.666666666666667095e-03 1.499690152149224867e-02 8.755863208024641242e-01
6.666666666666667095e-03 1.540640617374100345e-02 9.082130662358290918e-01
6.666666666666667095e-03 1.567232822160164601e-02 9.388028756173693035e-01
6.666666666666667095e-03 1.608890161195321994e-02 9.706682132312701716e-01
6.666666666666667095e-03 1.635385227415933271e-02 1.001566087360629131e+00
6.666666666666667095e-03 1.677728621912751364e-02 1.032069723983481069e+00
6.666666666666667095e-03 1.704084823692765538e-02 1.064000248558170991e+00
6.666666666666667095e-03 1.747093453051823397e-02 1.092885314278913889e+00
6.666666666666667095e-03 1.790638077330194977e-02 1.126405557819490921e+00
6.666666666666667095e-03 1.816922097842105926e-02 1.155854598096561991e+00
6.666666666666667095e-03 1.861105935001166820e-02 1.186226172467085505e+00
6.666666666666667095e-03 1.887151989028282642e-02 1.219647873850869590e+00
6.666666666666667095e-03 1.931954213531242651e-02 1.246929532473937563e+00
6.666666666666667095e-03 1.977282034411165235e-02 1.277113017757980362e+00
6.666666666666667095e-03 2.023135451668051088e-02 1.308880555007857271e+00
6.666666666666667095e-03 2.069514465301899517e-02 1.344414150645738770e+00
6.666666666666667095e-03 2.116419075312710868e-02 1.382622794771309671e+00
6.666666666666667095e-03 2.163849281700485488e-02 1.421423272640442326e+00
6.551724137931034739e-03 6.496348734273215894e-03 9.963742424969872502e-01
6.551724137931034739e-03 6.718273472588008957e-03 8.904357265816362776e-01
6.551724137931034739e-03 6.890085366301566989e-03 7.975615977943888435e-01
6.551724137931034739e-03 7.106715323344964079e-03 7.192572580544396299e-01
6.551724137931034739e-03 7.321315351195988204e-03 6.542551213512020070e-01
6.551724137931034739e-03 7.533578180790366161e-03 5.993353291643169767e-01
6.551724137931034739e-03 7.743196453401490764e-03 5.544245925563305866e-01
6.551724137931034739e-03 7.949862717960715433e-03 5.181116565439574106e-01
6.551724137931034739e-03 8.153269428242088807e-03 4.905731822542537257e-01
6.551724137931034739e-03 8.418753888522256812e-03 4.716198566914377999e-01
6.551724137931034739e-03 8.617338522195226724e-03 4.554777492446002718e-01
6.551724137931034739e-03 8.882725013293540917e-03 4.481563520723229610e-01
6.551724137931034739e-03 9.075462698294586503e-03 4.439970535656731498e-01
6.551724137931034739e-03 9.339932033166364195e-03 4.426408696252174257e-01
6.551724137931034739e-03 9.605046533283003590e-03 4.458128311063586646e-01
6.551724137931034739e-03 9.870652675361137399e-03 4.530796043369340054e-01
6.551724137931034739e-03 1.013659691368807604e-02 4.637843724096168962e-01
6.551724137931034739e-03 1.040272567976214223e-02 4.774670723002656936e-01
6.551724137931034739e-03 1.066888538192311935e-02 4.931792360281348486e-01
6.551724137931034739e-03 1.093492240497242855e-02 5.104801724250432882e-01
6.551724137931034739e-03 1.120068310978263731e-02 5.292709089501631547e-01
6.551724137931034739e-03 1.146601383289595592e-02 5.505507218711904738e-01
6.551724137931034739e-03 1.173076088611115300e-02 5.735791489684047839e-01
6.551724137931034739e-03 1.199477055605860897e-02 5.985458715209721614e-01
6.551724137931034739e-03 1.225788910376287601e-02 6.259621373987260817e-01
6.551724137931034739e-03 1.263364142965132941e-02 6.513394246065364879e-01
6.551724137931034739e-03 1.289795552027209712e-02 6.786582914003532752e-01
6.551724137931034739e-03 1.316096863965880367e-02 7.091311318302556677e-01
6.551724137931034739e-03 1.354666997267226988e-02 7.369677907458783706e-01
6.551724137931034739e-03 1.381021307732954728e-02 7.654069672736427687e-01
6.551724137931034739e-03 1.420341858763056984e-02 7.972211237536026562e-01
6.551724137931034739e-03 1.446708213318228554e-02 8.260087289578956771e-01
6.551724137931034739e-03 1.472877847304482173e-02 8.590443613564444636e-01
6.551724137931034739e-03 1.513096177057527032e-02 8.869459592130639614e-01
6.551724137931034739e-03 1.539211265013233632e-02 9.215971645332088347e-01
6.551724137931034739e-03 1.580123785863206398e-02 9.493727552609527720e-01
6.551724137931034739e-03 1.621572929527338724e-02 9.833728944331819877e-01
6.551724137931034739e-03 1.647729617057726997e-02 1.011321835200520214e+00
6.551724137931034739e-03 1.689847397688773109e-02 1.043045251593386347e+00
6.551724137931034739e-03 1.715852238202107000e-02 1.073245373473613151e+00
6.551724137931034739e-03 1.758618205242507351e-02 1.103707734892902526e+00
6.551724137931034739e-03 1.784430206919045137e-02 1.137788767516765276e+00
6.551724137931034739e-03 1.827823907605420281e-02 1.165398782138143741e+00
6.551724137931034739e-03 1.871738911926292340e-02 1.196326562949265204e+00
6.551724137931034739e-03 1.897403050042830233e-02 1.228286237768022149e+00
6.551724137931034739e-03 1.941920225960865748e-02 1.256123176921209783e+00
6.551724137931034739e-03 1.986953598464595572e-02 1.285742018670852582e+00
6.551724137931034739e-03 2.032503167554017623e-02 1.319237947905334218e+00
6.551724137931034739e-03 2.078568933229133289e-02 1.355543695659880976e+00
6.551724137931034739e-03 2.125150895489942918e-02 1.392624361507270425e+00
6.440677966101694858e-03 6.426078226797611939e-03 1.037976698867770331e+00
6.440677966101694858e-03 6.600493212140807336e-03 9.271081733140724701e-01
6.440677966101694858e-03 6.817176363802421660e-03 8.295528272994348029e-01
6.440677966101694858e-03 7.032216679796410991e-03 7.475687791761198575e-01
6.440677966101694858e-03 7.192922993847730706e-03 6.783548084942967460e-01
6.440677966101694858e-03 7.401451275421255110e-03 6.191969593913697611e-01
6.440677966101694858e-03 7.607380514442550583e-03 5.718144211530971077e-01
6.440677966101694858e-03 7.869912693275088120e-03 5.325471214025423450e-01
6.440677966101694858e-03 8.072210405626067259e-03 5.006994476792594462e-01
6.440677966101694858e-03 8.271053293637373530e-03 4.786672904811778428e-01
6.440677966101694858e-03 8.533210298935792193e-03 4.611018223922065395e-01
6.440677966101694858e-03 8.726861308971172251e-03 4.507850479516596343e-01
6.440677966101694858e-03 8.988568906896719779e-03 4.437741847310255894e-01
6.440677966101694858e-03 9.251111047438186422e-03 4.427114212303794316e-01
6.440677966101694858e-03 9.436474127963272174e-03 4.439042511237398236e-01
6.440677966101694858e-03 9.697409795459134910e-03 4.476756559371077859e-01
6.440677966101694858e-03 9.958677063998267603e-03 4.555838662932153449e-01
6.440677966101694858e-03 1.022012505230577781e-02 4.673858549950310470e-01
6.440677966101694858e-03 1.048160285673853560e-02 4.818137500700831466e-01
6.440677966101694858e-03 1.074295955091836632e-02 4.983779034673648245e-01
6.440677966101694858e-03 1.100404418535490952e-02 5.170894530392411426e-01
6.440677966101694858e-03 1.126470578705788053e-02 5.387010647791559137e-01
6.440677966101694858e-03 1.152479335913808925e-02 5.625350637350239325e-01
6.440677966101694858e-03 1.188924463130190678e-02 5.851589118814883861e-01
6.440677966101694858e-03 1.215100884197042874e-02 6.085639213696537597e-01
6.440677966101694858e-03 1.241179647309833579e-02 6.352708882313328198e-01
6.440677966101694858e-03 1.267145644311454787e-02 6.648715760497887484e-01
6.440677966101694858e-03 1.304833409073625529e-02 6.907963052702333906e-01
6.440677966101694858e-03 1.330876534764338474e-02 7.192444674243875236e-01
6.440677966101694858e-03 1.369316566250954915e-02 7.499714472106709939e-01
6.440677966101694858e-03 1.395396588040900658e-02 7.769510857625265832e-01
6.440677966101694858e-03 1.421298397600240238e-02 8.091457096999792320e-01
6.440677966101694858e-03 1.460645481512841924e-02 8.374036918833129839e-01
6.440677966101694858e-03 1.486518772200276159e-02 8.689466052806156249e-01
6.440677966101694858e-03 1.526562883579709977e-02 8.998216727584295027e-01
6.440677966101694858e-03 1.552367403612551176e-02 9.310935879535150450e-01
6.440677966101694858e-03 1.593088453512260180e-02 9.611204206522181437e-01
6.440677966101694858e-03 1.618783943890876598e-02 9.933556829672020028e-01
6.440677966101694858e-03 1.660161841291058968e-02 1.021550221261451785e+00
6.440677966101694858e-03 1.702061918279838479e-02 1.055016992005296750e+00
6.440677966101694858e-03 1.727722687440118310e-02 1.083500631688368632e+00
6.440677966101694858e-03 1.770254501561820820e-02 1.115152888834825440e+00
6.440677966101694858e-03 1.795710622855368685e-02 1.146867031557963212e+00
6.440677966101694858e-03 1.838854078542541751e-02 1.175152197389718101e+00
6.440677966101694858e-03 1.882509679010348908e-02 1.207137598668616141e+00
6.440677966101694858e-03 1.907800268149477743e-02 1.237187379740898319e+00
6.440677966101694858e-03 1.952042394571421730e-02 1.264598605046586277e+00
6.440677966101694858e-03 1.996791647893552887e-02 1.295998718097810753e+00
6.440677966101694858e-03 2.042048028115872257e-02 1.330344953863854318e+00
6.440677966101694858e-03 2.087811535238379493e-02 1.365652060932377010e+00
6.333333333333333176e-03 6.358234337352259777e-03 1.080692989419933969e+00
6.333333333333333176e-03 6.531714327993199537e-03 9.644240745193688458e-01
6.333333333333333176e-03 6.746785935017499992e-03 8.628032342557452328e-01
6.333333333333333176e-03 6.911033463472796186e-03 7.771487721299801255e-01
6.333333333333333176e-03 7.120445929434607822e-03 7.021442954807097792e-01
6.333333333333333176e-03 7.327649816658048793e-03 6.392831653469954745e-01
6.333333333333333176e-03 7.532348370613462137e-03 5.881064496832971722e-01
6.333333333333333176e-03 7.734244751470129541e-03 5.468297959720528345e-01
6.333333333333333176e-03 7.993953993677667749e-03 5.133286937227901081e-01
6.333333333333333176e-03 8.191835180722679619e-03 4.866574177608988805e-01
6.333333333333333176e-03 8.386072974382534351e-03 4.681899844580770798e-01
6.333333333333333176e-03 8.644868292109558761e-03 4.538503711893306369e-01
6.333333333333333176e-03 8.904680984477482061e-03 4.473425823370431043e-01
6.333333333333333176e-03 9.091563648637853920e-03 4.413840320514779703e-01
6.333333333333333176e-03 9.350241622911531839e-03 4.401422343212571531e-01
6.333333333333333176e-03 9.609442792843829809e-03 4.437115849518882826e-01
6.333333333333333176e-03 9.869018905274746026e-03 4.512741235315884669e-01
6.333333333333333176e-03 1.012882168600023891e-02 4.623243646602410717e-01
6.333333333333333176e-03 1.038870283943418502e-02 4.756686524216745537e-01
6.333333333333333176e-03 1.064851404826109085e-02 4.908211305826040149e-01
6.333333333333333176e-03 1.090810697307907293e-02 5.075811413410923345e-01
6.333333333333333176e-03 1.116733325203290821e-02 5.267957455242001652e-01
6.333333333333333176e-03 1.142604450043657911e-02 5.477095226204830025e-01
6.333333333333333176e-03 1.168409231038508231e-02 5.703369039571205557e-01
6.333333333333333176e-03 1.194132825035493922e-02 5.951959052560246155e-01
6.333333333333333176e-03 1.230737674584107995e-02 6.222185813886743633e-01
6.333333333333333176e-03 1.256586421742035206e-02 6.469289549360870417e-01
6.333333333333333176e-03 1.282314411410600749e-02 6.744178957246955708e-01
6.333333333333333176e-03 1.319894500791944821e-02 7.050801344832402506e-01
6.333333333333333176e-03 1.345683382879303905e-02 7.301763172308934902e-01
6.333333333333333176e-03 1.371311922600199594e-02 7.603410496343927516e-01
6.333333333333333176e-03 1.409808021814161483e-02 7.904638962926552326e-01
6.333333333333333176e-03 1.435433173261882814e-02 8.190252826578153789e-01
6.333333333333333176e-03 1.474629040594913065e-02 8.509109494762786552e-01
6.333333333333333176e-03 1.500211249693982410e-02 8.805290064888640078e-01
6.333333333333333176e-03 1.540087142904744168e-02 9.124572888951175687e-01
6.333333333333333176e-03 1.565586848710957130e-02 9.417539386561517567e-01
6.333333333333333176e-03 1.606123023578297573e-02 9.730481957380138214e-01
6.333333333333333176e-03 1.631500658148845109e-02 1.002718179537636312e+00
6.333333333333333176e-03 1.672677368445065274e-02 1.032835974009491231e+00
6.333333333333333176e-03 1.697893356704499590e-02 1.065750278846836485e+00
6.333333333333333176e-03 1.739690854167953021e-02 1.094390407390162467e+00
6.333333333333333176e-03 1.781996585106531208e-02 1.126741508529233604e+00
6.333333333333333176e-03 1.807104148076835864e-02 1.156178072963069736e+00
6.333333333333333176e-03 1.850005984395837119e-02 1.185639727539846922e+00
6.333333333333333176e-03 1.893411122726835691e-02 1.218299114404329142e+00
6.333333333333333176e-03 1.918336096973756455e-02 1.245426049713317607e+00
6.333333333333333176e-03 1.962312656191525853e-02 1.274673384105560192e+00
6.333333333333333176e-03 2.006787585650168793e-02 1.307004626280822146e+00
6.333333333333333176e-03 2.051760885349684579e-02 1.340485459532135160e+00
6.229508196721311036e-03 6.292693584319978932e-03 1.124487670041023790e+00
6.229508196721311036e-03 6.465270777819340578e-03 1.002876142139885518e+00
6.229508196721311036e-03 6.678785879952225252e-03 8.972781800410543074e-01
6.229508196721311036e-03 6.842383035353043902e-03 8.060756364254189066e-01
6.229508196721311036e-03 7.050430961360729630e-03 7.274765103841980274e-01
6.229508196721311036e-03 7.256355812548441649e-03 6.611080608025549088e-01
6.229508196721311036e-03 7.459865878874215143e-03 6.063696075615864212e-01
6.229508196721311036e-03 7.660669368660657716e-03 5.612122997511101996e-01
6.229508196721311036e-03 7.858474406148969332e-03 5.252738174726394593e-01
6.229508196721311036e-03 8.115310027839661711e-03 4.974192599269956494e-01
6.229508196721311036e-03 8.308729150608186453e-03 4.737963431883688847e-01
6.229508196721311036e-03 8.565663268264916627e-03 4.603269360815731570e-01
6.229508196721311036e-03 8.753723809464163813e-03 4.480632851967321639e-01
6.229508196721311036e-03 9.009978919764528513e-03 4.418105897851039576e-01
6.229508196721311036e-03 9.266942306850267652e-03 4.408619471725487293e-01
6.229508196721311036e-03 9.446506045990685566e-03 4.410814269111110741e-01
6.229508196721311036e-03 9.701672411587355938e-03 4.454287316878584591e-01
6.229508196721311036e-03 9.957061087336592509e-03 4.541946020731233991e-01
6.229508196721311036e-03 1.021252628509563588e-02 4.658669089077274728e-01
6.229508196721311036e-03 1.046792219570945141e-02 4.799112390416972462e-01
6.229508196721311036e-03 1.072310298866550708e-02 4.962374234464062006e-01
6.229508196721311036e-03 1.097792281173897225e-02 5.154453938518195333e-01
6.229508196721311036e-03 1.123223579062776131e-02 5.368429235614515793e-01
6.229508196721311036e-03 1.158743544545648950e-02 5.600745089046039737e-01
6.229508196721311036e-03 1.184346385245641127e-02 5.813324771927111945e-01
6.229508196721311036e-03 1.209859651758399268e-02 6.056075762315998867e-01
6.229508196721311036e-03 1.235268748832286066e-02 6.323352832789042033e-01
6.229508196721311036e-03 1.272008422943977576e-02 6.606921622431886076e-01
6.229508196721311036e-03 1.297501596548295694e-02 6.861957846602588784e-01
6.229508196721311036e-03 1.322851691681941992e-02 7.141624752686827060e-01
6.229508196721311036e-03 1.360516032671309737e-02 7.436355831848910913e-01
6.229508196721311036e-03 1.385887019150622117e-02 7.719185042883585091e-01
6.229508196721311036e-03 1.424253777973383088e-02 8.039164949872822374e-01
6.229508196721311036e-03 1.449606775592760660e-02 8.309669753308402962e-01
6.229508196721311036e-03 1.474753446856607621e-02 8.643137495686978866e-01
6.229508196721311036e-03 1.513952666947146128e-02 8.920015918262544918e-01
6.229508196721311036e-03 1.539018132921018099e-02 9.252310210969678650e-01
6.229508196721311036e-03 1.578866390596062388e-02 9.527025705581027015e-01
6.229508196721311036e-03 1.619223951446124507e-02 9.855005659168143417e-01
6.229508196721311036e-03 1.644289635213861192e-02 1.013205887990232590e+00
6.229508196721311036e-03 1.685271973190766506e-02 1.045200236871242527e+00
6.229508196721311036e-03 1.710164080610873313e-02 1.075982100299569311e+00
6.229508196721311036e-03 1.751751780679427703e-02 1.105470583506794391e+00
6.229508196721311036e-03 1.793839088268272056e-02 1.138620223526339181e+00
6.229508196721311036e-03 1.818605042700614099e-02 1.166252055879561489e+00
6.229508196721311036e-03 1.861273447080749252e-02 1.196480209662464711e+00
6.229508196721311036e-03 1.885773418823952219e-02 1.228200423211569969e+00
6.229508196721311036e-03 1.929003500640705943e-02 1.255239181342181709e+00
6.229508196721311036e-03 1.972723493143315951e-02 1.285501061176687054e+00
6.229508196721311036e-03 2.016933396331782591e-02 1.317103918783583127e+00
6.129032258064516341e-03 6.229340720007504016e-03 1.169326551331163921e+00
6.129032258064516341e-03 6.401045681912818919e-03 1.042431406178562892e+00
6.129032258064516341e-03 6.613056549622831591e-03 9.329440829865198737e-01
6.129032258064516341e-03 6.776025519991663200e-03 8.363469312570366299e-01
6.129032258064516341e-03 6.982754811424735433e-03 7.543115649793016297e-01
6.129032258064516341e-03 7.187443697159920895e-03 6.846268869738456608e-01
6.129032258064516341e-03 7.389805342854579955e-03 6.265529771167750450e-01
6.129032258064516341e-03 7.589552835987991783e-03 5.777775455993224840e-01
6.129032258064516341e-03 7.786399183538869270e-03 5.377929057000020441e-01
6.129032258064516341e-03 7.980057309546149599e-03 5.077309669675499348e-01
6.129032258064516341e-03 8.233971157150972442e-03 4.824659766461447119e-01
6.129032258064516341e-03 8.422884948519959031e-03 4.644644041127699019e-01
6.129032258064516341e-03 8.676560262852538175e-03 4.518074865171088916e-01
6.129032258064516341e-03 8.859773062450197398e-03 4.441666997308574283e-01
6.129032258064516341e-03 9.112445149429172428e-03 4.382364731196565777e-01
6.129032258064516341e-03 9.365669942058788694e-03 4.378717347456828612e-01
6.129032258064516341e-03 9.619304127084062420e-03 4.420953316507239550e-01
6.129032258064516341e-03 9.873204371770560525e-03 4.503544217868377109e-01
6.129032258064516341e-03 1.012722732359442636e-02 4.612121269349440666e-01
6.129032258064516341e-03 1.038122960992401284e-02 4.741400161042798045e-01
6.129032258064516341e-03 1.063506783769268063e-02 4.888331167368248353e-01
6.129032258064516341e-03 1.088859859306255846e-02 5.059854245094389524e-01
6.129032258064516341e-03 1.114167844107878495e-02 5.248285682447286771e-01
6.129032258064516341e-03 1.139416392531400826e-02 5.451989423271944579e-01
6.129032258064516341e-03 1.164591156750261272e-02 5.676234042746117758e-01
6.129032258064516341e-03 1.189677786716442608e-02 5.934061433129010910e-01
6.129032258064516341e-03 1.225595592057998097e-02 6.186179511687204258e-01
6.129032258064516341e-03 1.250788711043485449e-02 6.433345456583312583e-01
6.129032258064516341e-03 1.275855439821704969e-02 6.712132919828113220e-01
6.129032258064516341e-03 1.312706283606250059e-02 6.989264233122307601e-01
6.129032258064516341e-03 1.337817374910790953e-02 7.255040984123618530e-01
6.129032258064516341e-03 1.362763806534227767e-02 7.568157046577774771e-01
6.129032258064516341e-03 1.400490424631661325e-02 7.837409367916461367e-01
6.129032258064516341e-03 1.425419073551942827e-02 8.142093522189095545e-01
6.129032258064516341e-03 1.463817270205185553e-02 8.447158006188749679e-01
6.129032258064516341e-03 1.488689896422849650e-02 8.744930429911985659e-01
6.129032258064516341e-03 1.527740584691847717e-02 9.048260876192560920e-01
6.129032258064516341e-03 1.552518941759260460e-02 9.350802487200069457e-01
6.129032258064516341e-03 1.592203032848988134e-02 9.642231285876063929e-01
6.129032258064516341e-03 1.616848867748300889e-02 9.960915113848963776e-01
6.129032258064516341e-03 1.657147270983701584e-02 1.024841731648946874e+00
6.129032258064516341e-03 1.697941711095033585e-02 1.058289762766427833e+00
6.129032258064516341e-03 1.722515946801211895e-02 1.086456994159351819e+00
6.129032258064516341e-03 1.763900838929932310e-02 1.116870072282387660e+00
6.129032258064516341e-03 1.788251699248519927e-02 1.148948091144044614e+00
6.129032258064516341e-03 1.830207948596477077e-02 1.176685857356317921e+00
6.129032258064516341e-03 1.872650699439988575e-02 1.206633358544109580e+00
6.129032258064516341e-03 1.896805668160298983e-02 1.237673652681346770e+00
6.129032258064516341e-03 1.939795911341989781e-02 1.265812893550451568e+00
6.129032258064516341e-03 1.983267887898200466e-02 1.295487068755372118e+00
6.031746031746032174e-03 6.127306180214869835e-03 1.221781825850186909e+00
6.031746031746032174e-03 6.338929828092484432e-03 1.083057959399721160e+00
6.031746031746032174e-03 6.549486145145202477e-03 9.697683791015847543e-01
6.031746031746032174e-03 6.711848005079972326e-03 8.679274195105375345e-01
6.031746031746032174e-03 6.917302292055778172e-03 7.826107027276389960e-01
6.031746031746032174e-03 7.120796146357175060e-03 7.097961501304757004e-01
6.031746031746032174e-03 7.268693202363313288e-03 6.482843540911746860e-01
6.031746031746032174e-03 7.520774005623007304e-03 5.964688898901999714e-01
6.031746031746032174e-03 7.716693545437975331e-03 5.527306338144477582e-01
6.031746031746032174e-03 7.909523717756048941e-03 5.183764308702807355e-01
6.031746031746032174e-03 8.098982090131887426e-03 4.917805434776721940e-01
6.031746031746032174e-03 8.349928374566656722e-03 4.709756824240313722e-01
6.031746031746032174e-03 8.534295690265448001e-03 4.566823462659399535e-01
6.031746031746032174e-03 8.784677419942989521e-03 4.449304313197911531e-01
6.031746031746032174e-03 9.035790411763911303e-03 4.394576667447696039e-01
6.031746031746032174e-03 9.212077383278940643e-03 4.378791653513574023e-01
6.031746031746032174e-03 9.461544474617824760e-03 4.384899539495686338e-01
6.031746031746032174e-03 9.711272795319029344e-03 4.440802409924365923e-01
6.031746031746032174e-03 9.961121337327504335e-03 4.528959376404091408e-01
6.031746031746032174e-03 1.021094907312276173e-02 4.643604837756565296e-01
6.031746031746032174e-03 1.046061495540216713e-02 4.782797516047710418e-01
6.031746031746032174e-03 1.070997791675545874e-02 4.951003682383339211e-01
6.031746031746032174e-03 1.095889686933007590e-02 5.141174968101860365e-01
6.031746031746032174e-03 1.120723070448703326e-02 5.350726786673468682e-01
6.031746031746032174e-03 1.155612338858808333e-02 5.572042823846510284e-01
6.031746031746032174e-03 1.180597396471706056e-02 5.791942084741936725e-01
6.031746031746032174e-03 1.205486323078404191e-02 6.032293166720165134e-01
6.031746031746032174e-03 1.230265000452980539e-02 6.300005073827983360e-01
6.031746031746032174e-03 1.266319706122944616e-02 6.568895683676374553e-01
6.031746031746032174e-03 1.291165448518664244e-02 6.815555932650050330e-01
6.031746031746032174e-03 1.315863304293579325e-02 7.109301566534198535e-01
6.031746031746032174e-03 1.352802824383251938e-02 7.391226901296384932e-01
6.031746031746032174e-03 1.377506624528743867e-02 7.668618995631496515e-01
6.031746031746032174e-03 1.415120752383060114e-02 7.979011888770394245e-01
6.031746031746032174e-03 1.439792887136069795e-02 8.264311995498112573e-01
6.031746031746032174e-03 1.478062849066273318e-02 8.583574317291042810e-01
6.031746031746032174e-03 1.502665702515459771e-02 8.860242268771295615e-01
6.031746031746032174e-03 1.541572723058251722e-02 9.180873408914010936e-01
6.031746031746032174e-03 1.566068673028960662e-02 9.455553577596421677e-01
6.031746031746032174e-03 1.605593974922780998e-02 9.769150766567914479e-01
6.031746031746032174e-03 1.629945392858370493e-02 1.006895140838539149e+00
6.031746031746032174e-03 1.670070197019096758e-02 1.037226277404007302e+00
6.031746031746032174e-03 1.694239447858474426e-02 1.069671405351797944e+00
6.031746031746032174e-03 1.734944973354510950e-02 1.097285306942806349e+00
6.031746031746032174e-03 1.776133703593740093e-02 1.129001165935805018e+00
6.031746031746032174e-03 1.800161879432437412e-02 1.158891209092523189e+00
6.031746031746032174e-03 1.841907858180551194e-02 1.186498495297198641e+00
6.031746031746032174e-03 1.884132351650039811e-02 1.218476093394767812e+00
6.031746031746032174e-03 1.907948924369858718e-02 1.247919040589726025e+00
6.031746031746032174e-03 1.950707191064664225e-02 1.275614803921423679e+00
5.937499999999999202e-03 6.028558886367554707e-03 1.286916406140794056e+00
5.937499999999999202e-03 6.278821053384192434e-03 1.124724915349176957e+00
5.937499999999999202e-03 6.443918544020985247e-03 1.006680001531849999e+00
5.937499999999999202e-03 6.649744868450328111e-03 9.007828770184540534e-01
5.937499999999999202e-03 6.853965653618098071e-03 8.123362605504043099e-01
5.937499999999999202e-03 7.005987333691530983e-03 7.339632737729809842e-01
5.937499999999999202e-03 7.203983973099488750e-03 6.684002346959176943e-01
5.937499999999999202e-03 7.399495886933397243e-03 6.135964776866373871e-01
5.937499999999999202e-03 7.592245350161720002e-03 5.686697132929323661e-01
5.937499999999999202e-03 7.841271969587277138e-03 5.316990939209429445e-01
5.937499999999999202e-03 8.030029782503573382e-03 5.003752219842234616e-01
5.937499999999999202e-03 8.215238109315558049e-03 4.797266373173449949e-01
5.937499999999999202e-03 8.463173253498089757e-03 4.605827674686476803e-01
5.937499999999999202e-03 8.712012440476316760e-03 4.496949465710128324e-01
5.937499999999999202e-03 8.890009979708875590e-03 4.399179502407183362e-01
5.937499999999999202e-03 9.137645388536447602e-03 4.354031345861379410e-01
5.937499999999999202e-03 9.385722469695269646e-03 4.361086456777075182e-01
5.937499999999999202e-03 9.634102513211822288e-03 4.414323358571876632e-01
5.937499999999999202e-03 9.882646790755842889e-03 4.496964650720431389e-01
5.937499999999999202e-03 1.004616183346300658e-02 4.601381000861318737e-01
5.937499999999999202e-03 1.037967304105821484e-02 4.729291299718375585e-01
5.937499999999999202e-03 1.062787746269902578e-02 4.880262806626958216e-01
5.937499999999999202e-03 1.087569101550593317e-02 5.048447676589207234e-01
5.937499999999999202e-03 1.112297487481213668e-02 5.230404854764221234e-01
5.937499999999999202e-03 1.136959019571265848e-02 5.431511795571760670e-01
5.937499999999999202e-03 1.161539811271906399e-02 5.663849712579037687e-01
5.937499999999999202e-03 1.186025973940416610e-02 5.919841534530364546e-01
5.937499999999999202e-03 1.221301057044205628e-02 6.157762855592825435e-01
5.937499999999999202e-03 1.245876255730728535e-02 6.407174365427468210e-01
5.937499999999999202e-03 1.270319799466300588e-02 6.678565128878574120e-01
5.937499999999999202e-03 1.306488448146645408e-02 6.948169203315188724e-01
5.937499999999999202e-03 1.330960898495429055e-02 7.223363700295596379e-01
5.937499999999999202e-03 1.367807088040082740e-02 7.530510685247046032e-01
5.937499999999999202e-03 1.392271444981716191e-02 7.792106733133148389e-01
5.937499999999999202e-03 1.416543961302285833e-02 8.111512706214815127e-01
5.937499999999999202e-03 1.454195962472628473e-02 8.386944671828812092e-01
5.937499999999999202e-03 1.478400227968918075e-02 8.700042235763751908e-01
5.937499999999999202e-03 1.516678966841952803e-02 8.981159516291026268e-01
5.937499999999999202e-03 1.540777965049563124e-02 9.294607577943693189e-01
5.937499999999999202e-03 1.579664966155423095e-02 9.572825494582782868e-01
5.937499999999999202e-03 1.619036596400381944e-02 9.908311044092091846e-01
5.937499999999999202e-03 1.643098460532251351e-02 1.018476123525550614e+00
5.937499999999999202e-03 1.683055261598561878e-02 1.049897322493186014e+00
5.937499999999999202e-03 1.706923942002402592e-02 1.079838414588905726e+00
5.937499999999999202e-03 1.747447434600604352e-02 1.108883334363922168e+00
5.937499999999999202e-03 1.788446327720270845e-02 1.141589427597568873e+00
5.937499999999999202e-03 1.812157597383322674e-02 1.168284342922097929e+00
5.937499999999999202e-03 1.853700086219859863e-02 1.197982216706645175e+00
5.937499999999999202e-03 1.895713360869025546e-02 1.231132329432329087e+00
5.937499999999999202e-03 1.919197824844762548e-02 1.257467279048261499e+00
5.846153846153846409e-03 5.932942564216781012e-03 1.364317821077251747e+00
5.846153846153846409e-03 6.220623684561578208e-03 1.167402368379646616e+00
5.846153846153846409e-03 6.385055413165763478e-03 1.044233599354572384e+00
5.846153846153846409e-03 6.589617199335940853e-03 9.348800576206985902e-01
5.846153846153846409e-03 6.745224010282793031e-03 8.414420371361616136e-01
5.846153846153846409e-03 6.944342542572113156e-03 7.591647120156023165e-01
5.846153846153846409e-03 7.141334124205033461e-03 6.903714642199589857e-01
5.846153846153846409e-03 7.335925525890860457e-03 6.321332337884192354e-01
5.846153846153846409e-03 7.527843446698262789e-03 5.834286005478899195e-01
5.846153846153846409e-03 7.716814511921576969e-03 5.449693866968561284e-01
5.846153846153846409e-03 7.963273087940219222e-03 5.119263926441142143e-01
5.846153846153846409e-03 8.147905025414969166e-03 4.862503901621354485e-01
5.846153846153846409e-03 8.394316104357436512e-03 4.680949045827927923e-01
5.846153846153846409e-03 8.573697901579375308e-03 4.518710463500664742e-01
5.846153846153846409e-03 8.819333237297600353e-03 4.416229904608253709e-01
5.846153846153846409e-03 9.065584941051123974e-03 4.376175311803115475e-01
5.846153846153846409e-03 9.236684557170766335e-03 4.346342215101423601e-01
5.846153846153846409e-03 9.481113357447747830e-03 4.369228540676772798e-01
5.846153846153846409e-03 9.725703352988545117e-03 4.427916962629332986e-01
5.846153846153846409e-03 9.970317994270156900e-03 4.516246839202421870e-01
5.846153846153846409e-03 1.021482071340634387e-02 4.631212410642274180e-01
5.846153846153846409e-03 1.045907492384840626e-02 4.775743825505021078e-01
5.846153846153846409e-03 1.070294402007755663e-02 4.942685890109567715e-01
5.846153846153846409e-03 1.094629137728869023e-02 5.127652763938659319e-01
5.846153846153846409e-03 1.118898035106516246e-02 5.335589408864838123e-01
5.846153846153846409e-03 1.153196643583422228e-02 5.559367554467521400e-01
5.846153846153846409e-03 1.177598613989563718e-02 5.774548788920241815e-01
5.846153846153846409e-03 1.201898316931269625e-02 6.014246497021078497e-01
5.846153846153846409e-03 1.226082081022944643e-02 6.283303176306868076e-01
5.846153846153846409e-03 1.261495308748117501e-02 6.528415467988166743e-01
5.846153846153846409e-03 1.285730213293981641e-02 6.787127362847141798e-01
5.846153846153846409e-03 1.309812732780766403e-02 7.089011279403738541e-01
5.846153846153846409e-03 1.346073458602688178e-02 7.343801804049122639e-01
5.846153846153846409e-03 1.370147931826670024e-02 7.636283266849364093e-01
5.846153846153846409e-03 1.407057224473649143e-02 7.936894972315391428e-01
5.846153846153846409e-03 1.431087231744248255e-02 8.219120713275993584e-01
5.846153846153846409e-03 1.468626911100488243e-02 8.525119640217628803e-01
5.846153846153846409e-03 1.492576026937147624e-02 8.808114521196612756e-01
5.846153846153846409e-03 1.530727911218957536e-02 9.109025373641257417e-01
5.846153846153846409e-03 1.554559704242708743e-02 9.401181276897985217e-01
5.846153846153846409e-03 1.593305609976199827e-02 9.703152622047380715e-01
5.846153846153846409e-03 1.616983642797797244e-02 1.002008872541937823e+00
5.846153846153846409e-03 1.656305384796034549e-02 1.030407548782924509e+00
5.846153846153846409e-03 1.696099512571336634e-02 1.063016210626899216e+00
5.846153846153846409e-03 1.719672605240085000e-02 1.090818205891493475e+00
5.846153846153846409e-03 1.760019840840434252e-02 1.120954297513181208e+00
5.846153846153846409e-03 1.783352632864580040e-02 1.151967863553163163e+00
5.846153846153846409e-03 1.824234787346818223e-02 1.179333274346393790e+00
5.846153846153846409e-03 1.865580244314269526e-02 1.210294512700294867e+00
5.846153846153846409e-03 1.888689703705928591e-02 1.241024905161758785e+00
5.757575757575758221e-03 5.840310686813804213e-03 1.453588175880168532e+00
5.757575757575758221e-03 6.123500200846473604e-03 1.217022785883116409e+00
5.757575757575758221e-03 6.328035188673060765e-03 1.082877536294561960e+00
5.757575757575758221e-03 6.531372273878743168e-03 9.701866596622416017e-01
5.757575757575758221e-03 6.686561055401438365e-03 8.713345038323123681e-01
5.757575757575758221e-03 6.884628662292692318e-03 7.859577630449154917e-01
5.757575757575758221e-03 7.080646950346373113e-03 7.141506517885610750e-01
5.757575757575758221e-03 7.274346972580321077e-03 6.527263052301881530e-01
5.757575757575758221e-03 7.465459713262506160e-03 6.005263226538093413e-01
5.757575757575758221e-03 7.653716085880691959e-03 5.581183046918223312e-01
5.757575757575758221e-03 7.838846931010822264e-03 5.232430507373231343e-01
5.757575757575758221e-03 8.082682817587926935e-03 4.960314538187189926e-01
5.757575757575758221e-03 8.263137865099721285e-03 4.734434825905271538e-01
5.757575757575758221e-03 8.506612621184779163e-03 4.569097020165431844e-01
5.757575757575758221e-03 8.681494918774956826e-03 4.450189440086948500e-01
5.757575757575758221e-03 8.923891548500496526e-03 4.361572278745384224e-01
5.757575757575758221e-03 9.166760159284711648e-03 4.331817945582584484e-01
5.757575757575758221e-03 9.409966375065545105e-03 4.354392341868214000e-01
5.757575757575758221e-03 9.653375802717044374e-03 4.410136503632743898e-01
5.757575757575758221e-03 9.814447838436050203e-03 4.483559344666602220e-01
5.757575757575758221e-03 1.005512059037472899e-02 4.585286609978779793e-01
5.757575757575758221e-03 1.029554829125772439e-02 4.721197064851446745e-01
5.757575757575758221e-03 1.062635715697986434e-02 4.876699725169169608e-01
5.757575757575758221e-03 1.086876613058284334e-02 5.037732721785196377e-01
5.757575757575758221e-03 1.111057158334484256e-02 5.216889914014527507e-01
5.757575757575758221e-03 1.135163899472054795e-02 5.425256045493557222e-01
5.757575757575758221e-03 1.159183382472503583e-02 5.653661455320202478e-01
5.757575757575758221e-03 1.183102151359767713e-02 5.909720100977925439e-01
5.757575757575758221e-03 1.217774681122925882e-02 6.138792285491179168e-01
5.757575757575758221e-03 1.241766130055404170e-02 6.377686392246270097e-01
5.757575757575758221e-03 1.265620992381808960e-02 6.660680712062814202e-01
5.757575757575758221e-03 1.301150087175661878e-02 6.921937532695723316e-01
5.757575757575758221e-03 1.325019372875828848e-02 7.189218623105472217e-01
5.757575757575758221e-03 1.361200286428856585e-02 7.490204924251787633e-01
5.757575757575758221e-03 1.385048147905370945e-02 7.763582064170275743e-01
5.757575757575758221e-03 1.408701112562963861e-02 8.079677956613584566e-01
5.757575757575758221e-03 1.445653568640667755e-02 8.342399370224825583e-01
5.757575757575758221e-03 1.469226825987522689e-02 8.661360638489812303e-01
5.757575757575758221e-03 1.506781879021459360e-02 8.923807527826533859e-01
5.757575757575758221e-03 1.544810868223620362e-02 9.249935031447971134e-01
5.757575757575758221e-03 1.568379315630248280e-02 9.521678758494387385e-01
5.757575757575758221e-03 1.606988531107730184e-02 9.842309126099834105e-01
5.757575757575758221e-03 1.630392107561708798e-02 1.013109351894629917e+00
5.757575757575758221e-03 1.669563647090419739e-02 1.042830827731244581e+00
5.757575757575758221e-03 1.692766476288053851e-02 1.074780325779637336e+00
5.757575757575758221e-03 1.732482435957965680e-02 1.102290716669599879e+00
5.757575757575758221e-03 1.772658919961606419e-02 1.132459400017203910e+00
5.757575757575758221e-03 1.795691109712042183e-02 1.162507620399122255e+00
5.757575757575758221e-03 1.836389637126605370e-02 1.191229553042233880e+00
5.757575757575758221e-03 1.877544217763909076e-02 1.221825458241129647e+00
5.671641791044775525e-03 5.750525726489536318e-03 1.554343547317927010e+00
5.671641791044775525e-03 6.029361677733315224e-03 1.278196980498249813e+00
5.671641791044775525e-03 6.272772708717736651e-03 1.122582571349808767e+00
5.671641791044775525e-03 6.430948406332476046e-03 1.006072874059836142e+00
5.671641791044775525e-03 6.629707082463446102e-03 9.025972640947614867e-01
5.671641791044775525e-03 6.826756426192660820e-03 8.143020307250873335e-01
5.671641791044775525e-03 6.971748088262422378e-03 7.396265400375090504e-01
5.671641791044775525e-03 7.162460086115637892e-03 6.745003454677307442e-01
5.671641791044775525e-03 7.405000812181082061e-03 6.199023530992507913e-01
5.671641791044775525e-03 7.592564847203157018e-03 5.738546608329455623e-01
5.671641791044775525e-03 7.777095225189841095e-03 5.346680046053418067e-01
5.671641791044775525e-03 7.958326873121233241e-03 5.058986855076309519e-01
5.671641791044775525e-03 8.199487940996919369e-03 4.810568772408648774e-01
5.671641791044775525e-03 8.375717431722462872e-03 4.624440254775330494e-01
5.671641791044775525e-03 8.616213347857490379e-03 4.471914683360707632e-01
5.671641791044775525e-03 8.857350119604555372e-03 4.390230155844495608e-01
5.671641791044775525e-03 9.025682034286422809e-03 4.337349350760019706e-01
5.671641791044775525e-03 9.265138730656525753e-03 4.326082589532703748e-01
5.671641791044775525e-03 9.504795118142547738e-03 4.354499820484447059e-01
5.671641791044775525e-03 9.744518849603639801e-03 4.416071930455125472e-01
5.671641791044775525e-03 9.984177560817656533e-03 4.506705338454252141e-01
5.671641791044775525e-03 1.022363887020547035e-02 4.627793308531436001e-01
5.671641791044775525e-03 1.046277037854760616e-02 4.772092954518608043e-01
5.671641791044775525e-03 1.070143966869302292e-02 4.933397039301720688e-01
5.671641791044775525e-03 1.093951430525967779e-02 5.116776770355402348e-01
5.671641791044775525e-03 1.117686183432659193e-02 5.333106401314920975e-01
5.671641791044775525e-03 1.151430475557572823e-02 5.549164678778155668e-01
5.671641791044775525e-03 1.175280850572364179e-02 5.762910088095808403e-01
5.671641791044775525e-03 1.199023202886919347e-02 6.002771254181236138e-01
5.671641791044775525e-03 1.222644280546850148e-02 6.262628046849852970e-01
5.671641791044775525e-03 1.257455507973763258e-02 6.505561109570854317e-01
5.671641791044775525e-03 1.281112787577976496e-02 6.770753294096758523e-01
5.671641791044775525e-03 1.316578986962601075e-02 7.063952546740844829e-01
5.671641791044775525e-03 1.340237175259862204e-02 7.315176753838267265e-01
5.671641791044775525e-03 1.363716682685420060e-02 7.619616091755504472e-01
5.671641791044775525e-03 1.399964524994021763e-02 7.893100991887892492e-01
5.671641791044775525e-03 1.423387560390172203e-02 8.186902454890586656e-01
5.671641791044775525e-03 1.460241911267915089e-02 8.474306371907195379e-01
5.671641791044775525e-03 1.483573166573433529e-02 8.763817003667069283e-01
5.671641791044775525e-03 1.521016401535136425e-02 9.053471268875249445e-01
5.671641791044775525e-03 1.544220563123220244e-02 9.363574008157129480e-01
5.671641791044775525e-03 1.582235056091985115e-02 9.651398394334731456e-01
5.671641791044775525e-03 1.605276804664603971e-02 9.979746046335330467e-01
5.671641791044775525e-03 1.643844927950285223e-02 1.024750125254570765e+00
5.671641791044775525e-03 1.682870883431488232e-02 1.056038938857901899e+00
5.671641791044775525e-03 1.705793062706271318e-02 1.085574780246721271e+00
5.671641791044775525e-03 1.745350616811831845e-02 1.113278084764493414e+00
5.671641791044775525e-03 1.785361600745814445e-02 1.145740820223137613e+00
5.671641791044775525e-03 1.808098019908089757e-02 1.173917105336577116e+00
5.671641791044775525e-03 1.848618568628288689e-02 1.202427572255029942e+00
5.588235294117647328e-03 5.663458474654639065e-03 1.666213408203216950e+00
5.588235294117647328e-03 5.938072641466477994e-03 1.350566153120273061e+00
5.588235294117647328e-03 6.219187976628971423e-03 1.163320314514199261e+00
5.588235294117647328e-03 6.376877122425461675e-03 1.041682086541182217e+00
5.588235294117647328e-03 6.574579738434342853e-03 9.351955135292697729e-01
5.588235294117647328e-03 6.723363378428950064e-03 8.435693588670265530e-01
5.588235294117647328e-03 6.915475973768447741e-03 7.632314098397681157e-01
5.588235294117647328e-03 7.105383041843859812e-03 6.948655368328802151e-01
5.588235294117647328e-03 7.292823726547463178e-03 6.369561760206615686e-01
5.588235294117647328e-03 7.477537105835185480e-03 5.898063271084512671e-01
5.588235294117647328e-03 7.717220552115640862e-03 5.489478856195200152e-01
5.588235294117647328e-03 7.897963409632354978e-03 5.156422639201024838e-01
5.588235294117647328e-03 8.075239556038688732e-03 4.901780033213632981e-01
5.588235294117647328e-03 8.313676040362205644e-03 4.677419602039871727e-01
5.588235294117647328e-03 8.485633512986281296e-03 4.533809531264326176e-01
5.588235294117647328e-03 8.723110000821545154e-03 4.399932830255370297e-01
5.588235294117647328e-03 8.961086982441288096e-03 4.331891485219221405e-01
5.588235294117647328e-03 9.199434153089155325e-03 4.322619195967304373e-01
5.588235294117647328e-03 9.438021192114991881e-03 4.350605493937648172e-01
5.588235294117647328e-03 9.596800156161615705e-03 4.392403243708417060e-01
5.588235294117647328e-03 9.832818946247320196e-03 4.466769199954666036e-01
5.588235294117647328e-03 1.006864293622091767e-02 4.576327690429092265e-01
5.588235294117647328e-03 1.030414172935576432e-02 4.714472296737635681e-01
5.588235294117647328e-03 1.062999204569504627e-02 4.873121394899843084e-01
5.588235294117647328e-03 1.086728063909289839e-02 5.031496800734666097e-01
5.588235294117647328e-03 1.110389638953326354e-02 5.217372976114709182e-01
5.588235294117647328e-03 1.133970883967187239e-02 5.419974310775099724e-01
5.588235294117647328e-03 1.157458751377063097e-02 5.647862968775573256e-01
5.588235294117647328e-03 1.180840191737906816e-02 5.903485056981364609e-01
5.588235294117647328e-03 1.214946686942666720e-02 6.114890994170905092e-01
5.588235294117647328e-03 1.238385448183451469e-02 6.363743619187088862e-01
5.588235294117647328e-03 1.261682993637091958e-02 6.652202676719792818e-01
5.588235294117647328e-03 1.296611300532786969e-02 6.891514470859025909e-01
5.588235294117647328e-03 1.319909669833978574e-02 7.170478938902273836e-01
5.588235294117647328e-03 1.355465635098642221e-02 7.465953671280426418e-01
5.588235294117647328e-03 1.378730063475382302e-02 7.732119191490932630e-01
5.588235294117647328e-03 1.414896331578125235e-02 8.040447603939756549e-01
5.588235294117647328e-03 1.438092049035883530e-02 8.304195186475977764e-01
5.588235294117647328e-03 1.474851262939376288e-02 8.614613266308689399e-01
5.588235294117647328e-03 1.497943494164303765e-02 8.881227575762254967e-01
5.588235294117647328e-03 1.535278295304836303e-02 9.197943896049649570e-01
5.588235294117647328e-03 1.558232259563940847e-02 9.482928677217731250e-01
5.588235294117647328e-03 1.596125287830996511e-02 9.785867938923767939e-01
5.588235294117647328e-03 1.618906198869159152e-02 1.008747690094790261e+00
5.588235294117647328e-03 1.657340092584480562e-02 1.037227377678770379e+00
5.588235294117647328e-03 1.696224872734871519e-02 1.069848404602977698e+00
5.588235294117647328e-03 1.718870554414297230e-02 1.095969373611649145e+00
5.588235294117647328e-03 1.758274500804675108e-02 1.126032406011213238e+00
5.588235294117647328e-03 1.780664510820118007e-02 1.158337089160874411e+00
5.588235294117647328e-03 1.820570258335223873e-02 1.184715815491936608e+00
5.507246376811594443e-03 5.578987422355200822e-03 1.788840079562799223e+00
5.507246376811594443e-03 5.849505691271655872e-03 1.433783614792293548e+00
5.507246376811594443e-03 6.126428162959479846e-03 1.209505860134737931e+00
5.507246376811594443e-03 6.324423229676078527e-03 1.078446234023512140e+00
5.507246376811594443e-03 6.521101592017616855e-03 9.690954038305701346e-01
5.507246376811594443e-03 6.669631258889252567e-03 8.718173217445788215e-01
5.507246376811594443e-03 6.860887886746604505e-03 7.885856565607102242e-01
5.507246376811594443e-03 7.050014362661199095e-03 7.172212824778299023e-01
5.507246376811594443e-03 7.236753736906851794e-03 6.560779670154466281e-01
5.507246376811594443e-03 7.420848996397852101e-03 6.053181280720782986e-01
5.507246376811594443e-03 7.602043062813139407e-03 5.620633910598960004e-01
5.507246376811594443e-03 7.839407666874039990e-03 5.285279748904178065e-01
5.507246376811594443e-03 8.016304224573644541e-03 4.978776534512129315e-01
5.507246376811594443e-03 8.189571078526053372e-03 4.764716698437255760e-01
5.507246376811594443e-03 8.425235437839065020e-03 4.560057577484460944e-01
5.507246376811594443e-03 8.661563716930180748e-03 4.434930144509443561e-01
5.507246376811594443e-03 8.827294789780453996e-03 4.356717947864240381e-01
5.507246376811594443e-03 9.062077381709008131e-03 4.310276698010405694e-01
5.507246376811594443e-03 9.297095900716605479e-03 4.307712510211029189e-01
5.507246376811594443e-03 9.532221951107080690e-03 4.342154414830272646e-01
5.507246376811594443e-03 9.767327121264520254e-03 4.408399157886472297e-01
5.507246376811594443e-03 1.000228298339872479e-02 4.506304390932234227e-01
5.507246376811594443e-03 1.023696109328366133e-02 4.628558518595083937e-01
5.507246376811594443e-03 1.047123298998873381e-02 4.767115380545660641e-01
5.507246376811594443e-03 1.070497019560252838e-02 4.927192290933091745e-01
5.507246376811594443e-03 1.093804421494879234e-02 5.118627497342007615e-01
5.507246376811594443e-03 1.117032653529432228e-02 5.330321308604923924e-01
5.507246376811594443e-03 1.150255719928209262e-02 5.545012706571719185e-01
5.507246376811594443e-03 1.173583169880218664e-02 5.758003542515935935e-01
5.507246376811594443e-03 1.196797188689506519e-02 5.985950481718933514e-01
5.507246376811594443e-03 1.219884918869816939e-02 6.255582882650727594e-01
5.507246376811594443e-03 1.254130089565470320e-02 6.494947376088426871e-01
5.507246376811594443e-03 1.277239980455309107e-02 6.750396268720777471e-01
5.507246376811594443e-03 1.312116232278726612e-02 7.041134380805380566e-01
5.507246376811594443e-03 1.335214040741042330e-02 7.301657016232918629e-01
5.507246376811594443e-03 1.358129863145827142e-02 7.598891203667811345e-01
5.507246376811594443e-03 1.393755755443453100e-02 7.862697760683629022e-01
5.507246376811594443e-03 1.416603822537522775e-02 8.159841993191175868e-01
5.507246376811594443e-03 1.452813773746190577e-02 8.430684132831646194e-01
5.507246376811594443e-03 1.475559828391091038e-02 8.732877365737452546e-01
5.507246376811594443e-03 1.512336738186793351e-02 9.014421751548498118e-01
5.507246376811594443e-03 1.534946517982945999e-02 9.336608461546330728e-01
5.507246376811594443e-03 1.572273284539956600e-02 9.607827301694088495e-01
5.507246376811594443e-03 1.610048470539476861e-02 9.926808201008388011e-01
5.507246376811594443e-03 1.632572041697235438e-02 1.020413489554311104e+00
5.507246376811594443e-03 1.670875709849060919e-02 1.050333930418925421e+00
5.507246376811594443e-03 1.693181631543033347e-02 1.080511074633555557e+00
5.507246376811594443e-03 1.731996676729043866e-02 1.108124547906880419e+00
5.507246376811594443e-03 1.771251598607614247e-02 1.139718429276315836e+00
5.507246376811594443e-03 1.793359984362342952e-02 1.168671261684032903e+00
5.428571428571428437e-03 5.496998195347727045e-03 1.921878208936744326e+00
5.428571428571428437e-03 5.763540907038334354e-03 1.527514306596763571e+00
5.428571428571428437e-03 6.036393704845247413e-03 1.266264087999251053e+00
5.428571428571428437e-03 6.273515270264812607e-03 1.116335706209457435e+00
5.428571428571428437e-03 6.425253265031366338e-03 1.003307788144629509e+00
5.428571428571428437e-03 6.617483272230887531e-03 9.015641048046916239e-01
5.428571428571428437e-03 6.807909393556300405e-03 8.156450735302379629e-01
5.428571428571428437e-03 6.996278529458940972e-03 7.415169167763941971e-01
5.428571428571428437e-03 7.182337521180099521e-03 6.774048691217080531e-01
5.428571428571428437e-03 7.365833149045711986e-03 6.233320121572591965e-01
5.428571428571428437e-03 7.546512130677974529e-03 5.761711149018181599e-01
5.428571428571428437e-03 7.724121119118305089e-03 5.393728599091431875e-01
5.428571428571428437e-03 7.959108155515121075e-03 5.090214638762869948e-01
5.428571428571428437e-03 8.132102219200904383e-03 4.820154037646803835e-01
5.428571428571428437e-03 8.366620261231617894e-03 4.627789649528142313e-01
5.428571428571428437e-03 8.534155141048580667e-03 4.467778963285325422e-01
5.428571428571428437e-03 8.767529292172246067e-03 4.360113123468777885e-01
5.428571428571428437e-03 9.001304335952730815e-03 4.317925362302799663e-01
5.428571428571428437e-03 9.235353784660855353e-03 4.317386369666930679e-01
5.428571428571428437e-03 9.391976233460339399e-03 4.327013760173007983e-01
5.428571428571428437e-03 9.623616032959379785e-03 4.374083301851406369e-01
5.428571428571428437e-03 9.855108363017190537e-03 4.457662052927788832e-01
5.428571428571428437e-03 1.008632666494994543e-02 4.571076145743656061e-01
5.428571428571428437e-03 1.031714436384928435e-02 4.705358329263141792e-01
5.428571428571428437e-03 1.054743486831400193e-02 4.865282204650550058e-01
5.428571428571428437e-03 1.087075507054273242e-02 5.039323274894939031e-01
5.428571428571428437e-03 1.110244434180333167e-02 5.217854971934490216e-01
5.428571428571428437e-03 1.133326892093708751e-02 5.419637801852694725e-01
5.428571428571428437e-03 1.156310215816436920e-02 5.646343965410605126e-01
5.428571428571428437e-03 1.189708205745044871e-02 5.889083954734225523e-01
5.428571428571428437e-03 1.212755496993314294e-02 6.106556164604587389e-01
5.428571428571428437e-03 1.235669889915571792e-02 6.359581796670951137e-01
5.428571428571428437e-03 1.269878052627128155e-02 6.637832544291829562e-01
5.428571428571428437e-03 1.292801578719428302e-02 6.877362208664694609e-01
5.428571428571428437e-03 1.315558431765908795e-02 7.166033681683825485e-01
5.428571428571428437e-03 1.350526218834773202e-02 7.437133691034979455e-01
5.428571428571428437e-03 1.373237356050645633e-02 7.711596843933657963e-01
5.428571428571428437e-03 1.408793217831846856e-02 8.005205541815310077e-01
5.428571428571428437e-03 1.431424888850025591e-02 8.271494348544263797e-01
5.428571428571428437e-03 1.467551976917432985e-02 8.572762042621702161e-01
5.428571428571428437e-03 1.490070426338200270e-02 8.853856247925762091e-01
5.428571428571428437e-03 1.526751890824357312e-02 9.158469807476020685e-01
5.428571428571428437e-03 1.549123358120828471e-02 9.451074535012983224e-01
5.428571428571428437e-03 1.586342347697655003e-02 9.739771006034726453e-01
5.428571428571428437e-03 1.608533067118245868e-02 1.005572801987539178e+00
5.428571428571428437e-03 1.646272728977260860e-02 1.032740202989278711e+00
5.428571428571428437e-03 1.684449999112073298e-02 1.063033000819265883e+00
5.428571428571428437e-03 1.706492409277079667e-02 1.091996370832694740e+00
5.428571428571428437e-03 1.745169288460852314e-02 1.121240484322901576e+00
5.428571428571428437e-03 1.784279566996341965e-02 1.152712930903719402e+00
5.352112676056338531e-03 5.417383038177799905e-03 2.064994273396040025e+00
5.352112676056338531e-03 5.680065308382050565e-03 1.631434341784995024e+00
5.352112676056338531e-03 5.948966273277679975e-03 1.333281201261964366e+00
5.352112676056338531e-03 6.224085932864685533e-03 1.155321708223045807e+00
5.352112676056338531e-03 6.375493954458882895e-03 1.037203721892138386e+00
5.352112676056338531e-03 6.566850423355628276e-03 9.327720788393794038e-01
5.352112676056338531e-03 6.709279571065676802e-03 8.443467443169323516e-01
5.352112676056338531e-03 6.894912193365384037e-03 7.652957433865299475e-01
5.352112676056338531e-03 7.078267628987623336e-03 6.977827318183100758e-01
5.352112676056338531e-03 7.259096323153954589e-03 6.417133215488359799e-01
5.352112676056338531e-03 7.492595817649329651e-03 5.930370699966036607e-01
5.352112676056338531e-03 7.669790739597518760e-03 5.521757478123686669e-01
5.352112676056338531e-03 7.843751735298182953e-03 5.183596988334229216e-01
5.352112676056338531e-03 8.076305025688916908e-03 4.913224996648934972e-01
5.352112676056338531e-03 8.245342836637416586e-03 4.679170294841077382e-01
5.352112676056338531e-03 8.477142338726878154e-03 4.508950494994991565e-01
5.352112676056338531e-03 8.640424793321796124e-03 4.403304173049323866e-01
5.352112676056338531e-03 8.870805283143384443e-03 4.320773822240717155e-01
5.352112676056338531e-03 9.101455869448396574e-03 4.286603582847136051e-01
5.352112676056338531e-03 9.332251878866066469e-03 4.293607207007121840e-01
5.352112676056338531e-03 9.563068623161192008e-03 4.335451339270486870e-01
5.352112676056338531e-03 9.793781398998663637e-03 4.410461073275573907e-01
5.352112676056338531e-03 1.002426548770157973e-02 4.511274933397080300e-01
5.352112676056338531e-03 1.025439615500280469e-02 4.627992725329173052e-01
5.352112676056338531e-03 1.048404865078958643e-02 4.765997296072125300e-01
5.352112676056338531e-03 1.071309820884110142e-02 4.934059364918713664e-01
5.352112676056338531e-03 1.094142004655857849e-02 5.119471082930602268e-01
5.352112676056338531e-03 1.116888936468770840e-02 5.331563319505630005e-01
5.352112676056338531e-03 1.149620991640293993e-02 5.547978502661670142e-01
5.352112676056338531e-03 1.172451692523270896e-02 5.746543294134557334e-01
5.352112676056338531e-03 1.195163870207258117e-02 5.982973954300407904e-01
5.352112676056338531e-03 1.217745038874536688e-02 6.256008564086874557e-01
5.352112676056338531e-03 1.251456971787182938e-02 6.478932620029543843e-01
5.352112676056338531e-03 1.274047078764557403e-02 6.743197945627409373e-01
5.352112676056338531e-03 1.308367589261156053e-02 7.032927323922498752e-01
5.352112676056338531e-03 1.330933380858550369e-02 7.282598350421386479e-01
5.352112676056338531e-03 1.353314076036836455e-02 7.586766693612150281e-01
5.352112676056338531e-03 1.388354084249623054e-02 7.837798416564829562e-01
5.352112676056338531e-03 1.410656400308623812e-02 8.136706055034121920e-01
5.352112676056338531e-03 1.446259321847695456e-02 8.399827474206829070e-01
5.352112676056338531e-03 1.468449991837573500e-02 8.715945437448457955e-01
5.352112676056338531e-03 1.504599220272137376e-02 8.986226048900477492e-01
5.352112676056338531e-03 1.541188002486360530e-02 9.308675232722464221e-01
5.352112676056338531e-03 1.563323899741167824e-02 9.573200155934946665e-01
5.352112676056338531e-03 1.600438233262927237e-02 9.880391552431893043e-01
5.352112676056338531e-03 1.622383473957877270e-02 1.017044211981825041e+00
5.352112676056338531e-03 1.660006749286033201e-02 1.044753441439847830e+00
5.352112676056338531e-03 1.698061282705404587e-02 1.077618051065967641e+00
5.352112676056338531e-03 1.719843656165916806e-02 1.104474830414644781e+00
5.352112676056338531e-03 1.758386372265090952e-02 1.133760161647679787e+00
5.277777777777777936e-03 5.340040342375430849e-03 2.217866105912370323e+00
5.277777777777777936e-03 5.598972359962522266e-03 1.745230568949038608e+00
5.277777777777777936e-03 5.864034289408317363e-03 1.410253532520325370e+00
5.277777777777777936e-03 6.135226130712818741e-03 1.197748579732861085e+00
5.277777777777777936e-03 6.327159526736269787e-03 1.072353728762521552e+00
5.277777777777777936e-03 6.517667664726591037e-03 9.654046350752063521e-01
5.277777777777777936e-03 6.659986097033275196e-03 8.711417233393223825e-01
5.277777777777777936e-03 6.844933460363523438e-03 7.892881195332921429e-01
5.277777777777777936e-03 7.027676845554356629e-03 7.188038611329027328e-01
5.277777777777777936e-03 7.207970275704259945e-03 6.594576348127114684e-01
5.277777777777777936e-03 7.385567715294437396e-03 6.077670541900573875e-01
5.277777777777777936e-03 7.560223068449014282e-03 5.670025607424820091e-01
5.277777777777777936e-03 7.790663710371888671e-03 5.295416045491132540e-01
5.277777777777777936e-03 7.960916486287673496e-03 4.995635770984886426e-01
5.277777777777777936e-03 8.190982254093469653e-03 4.750776675945032057e-01
5.277777777777777936e-03 8.356012350043663661e-03 4.563845317347065000e-01
5.277777777777777936e-03 8.585047639773007305e-03 4.415347479681832610e-01
5.277777777777777936e-03 8.814512803602108509e-03 4.339282587488160758e-01
5.277777777777777936e-03 8.971383613741132010e-03 4.308893001250435062e-01
5.277777777777777936e-03 9.198875623365633872e-03 4.286529020088266639e-01
5.277777777777777936e-03 9.426387746541734294e-03 4.306405863808262513e-01
5.277777777777777936e-03 9.653797058050696614e-03 4.364398529220145928e-01
5.277777777777777936e-03 9.880980617760519100e-03 4.453784078561665027e-01
5.277777777777777936e-03 1.010781547038442849e-02 4.563749577569747307e-01
5.277777777777777936e-03 1.033417864523267400e-02 4.699231760053224072e-01
5.277777777777777936e-03 1.055994715595740853e-02 4.868783675372050368e-01
5.277777777777777936e-03 1.087876467999611928e-02 5.046408660336006990e-01
5.277777777777777936e-03 1.110576812598200978e-02 5.224089767094500791e-01
5.277777777777777936e-03 1.133184902146851941e-02 5.424188307069296444e-01
5.277777777777777936e-03 1.155688432469955187e-02 5.638268845017632147e-01
5.277777777777777936e-03 1.188593287543068117e-02 5.887972347189941447e-01
5.277777777777777936e-03 1.211146563867590911e-02 6.108527882294607636e-01
5.277777777777777936e-03 1.233562478699167832e-02 6.350578616331049586e-01
5.277777777777777936e-03 1.267246074816864507e-02 6.630319961855902777e-01
5.277777777777777936e-03 1.289658463117488753e-02 6.877158815911260659e-01
5.277777777777777936e-03 1.311900677616493344e-02 7.155211916058885624e-01
5.277777777777777936e-03 1.346313905330734015e-02 7.419878711530467630e-01
5.277777777777777936e-03 1.368499306881461840e-02 7.695633985732862614e-01
5.277777777777777936e-03 1.403479653780787505e-02 7.974972213173910918e-01
5.277777777777777936e-03 1.425575453562610319e-02 8.250349250030080128e-01
5.277777777777777936e-03 1.461106550881656647e-02 8.545963405556739056e-01
5.277777777777777936e-03 1.483079955304586299e-02 8.835762878775133000e-01
5.277777777777777936e-03 1.519145432914699965e-02 9.125643532609168940e-01
5.277777777777777936e-03 1.540963643529707702e-02 9.426841918408938037e-01
5.277777777777777936e-03 1.577547129920682523e-02 9.704644280236071063e-01
5.277777777777777936e-03 1.614559794731190712e-02 1.002881201540909872e+00
5.277777777777777936e-03 1.636262465588539036e-02 1.028300308027755072e+00
5.277777777777777936e-03 1.673772677343029341e-02 1.058651777973759200e+00
5.277777777777777936e-03 1.695242257140704145e-02 1.089402076939572694e+00
5.277777777777777936e-03 1.733233641300564037e-02 1.116456325766285396e+00
5.205479452054794474e-03 5.264874214428894028e-03 2.380182443832838057e+00
5.205479452054794474e-03 5.520161518509055128e-03 1.868600155130730966e+00
5.205479452054794474e-03 5.781492450129914300e-03 1.496887159573942583e+00
5.205479452054794474e-03 6.048867009291470677e-03 1.249888459091498483e+00
5.205479452054794474e-03 6.280189677758544857e-03 1.108726386390164409e+00
5.205479452054794474e-03 6.425912708973339875e-03 9.974826775973257842e-01
5.205479452054794474e-03 6.612084747002815351e-03 8.995887586760704657e-01
5.205479452054794474e-03 6.796366404933583925e-03 8.151602440318035381e-01
5.205479452054794474e-03 6.978515237298265478e-03 7.419605820107734173e-01
5.205479452054794474e-03 7.158288743790741301e-03 6.796227692795342445e-01
5.205479452054794474e-03 7.335444367682773976e-03 6.244196581201162388e-01
5.205479452054794474e-03 7.509739494163393883e-03 5.797083852431116346e-01
5.205479452054794474e-03 7.680931448595852522e-03 5.423168575934776969e-01
5.205479452054794474e-03 7.909111117317214890e-03 5.090622137245356393e-01
5.205479452054794474e-03 8.075597982927076868e-03 4.827844187621737060e-01
5.205479452054794474e-03 8.303124718205689633e-03 4.611034377219700442e-01
5.205479452054794474e-03 8.531236587624590681e-03 4.474888427976297933e-01
5.205479452054794474e-03 8.690325134210849511e-03 4.356584801441424348e-01
5.205479452054794474e-03 8.916854835528837189e-03 4.290263157310977848e-01
5.205479452054794474e-03 9.143565747265464116e-03 4.269579814846986565e-01
5.205479452054794474e-03 9.370336694713788175e-03 4.287052250145391707e-01
5.205479452054794474e-03 9.597046489045449671e-03 4.339477610756994341e-01
5.205479452054794474e-03 9.823573927086569346e-03 4.419463210414705800e-01
5.205479452054794474e-03 1.004979779108759741e-02 4.515241941698055483e-01
5.205479452054794474e-03 1.027559684848683257e-02 4.632381145306420644e-01
5.205479452054794474e-03 1.050084985166744450e-02 4.778554047704137164e-01
5.205479452054794474e-03 1.072543553770765462e-02 4.939436472820492585e-01
5.205479452054794474e-03 1.094923262812387207e-02 5.125386036078252161e-01
5.205479452054794474e-03 1.117211982860655782e-02 5.335628719184711821e-01
5.205479452054794474e-03 1.149480688992733646e-02 5.543340570328019190e-01
5.205479452054794474e-03 1.171838603552899892e-02 5.749286065404936030e-01
5.205479452054794474e-03 1.194073192288628606e-02 5.988168740503007070e-01
5.205479452054794474e-03 1.227129796147534251e-02 6.250575157758908595e-01
5.205479452054794474e-03 1.249381061479569281e-02 6.477217074023806642e-01
5.205479452054794474e-03 1.271476654548302915e-02 6.749414858070486023e-01
5.205479452054794474e-03 1.305272739804353745e-02 7.017749811750324529e-01
5.205479452054794474e-03 1.327332478256640011e-02 7.272884383801043739e-01
5.205479452054794474e-03 1.361699770936706036e-02 7.572646320063410874e-01
5.205479452054794474e-03 1.383691330484282389e-02 7.816438633024935800e-01
5.205479452054794474e-03 1.405474640669932516e-02 8.124015014215336672e-01
5.205479452054794474e-03 1.440504744556960447e-02 8.382913955366384506e-01
5.205479452054794474e-03 1.475966037322470198e-02 8.704758022973922982e-01
5.205479452054794474e-03 1.497724247836711153e-02 8.963562536999545305e-01
5.205479452054794474e-03 1.533708330625841061e-02 9.273900970962178913e-01
5.205479452054794474e-03 1.555301361616911494e-02 9.548346687284465784e-01
5.205479452054794474e-03 1.591792092629016123e-02 9.844279286661185013e-01
5.205479452054794474e-03 1.613187601014116207e-02 1.013652211898272704e+00
5.205479452054794474e-03 1.650168837084939680e-02 1.041443404405334672e+00
5.205479452054794474e-03 1.687569167961183725e-02 1.073610420469579108e+00
5.205479452054794474e-03 1.708790071439537234e-02 1.100783128656990684e+00
5.135135135135134726e-03 5.191794079679764966e-03 2.551642498279646176e+00
5.135135135135134726e-03 5.443537817508943381e-03 2.001250187827719351e+00
5.135135135135134726e-03 5.701241293103477374e-03 1.592897538219875564e+00
5.135135135135134726e-03 5.964904506463368679e-03 1.311465498364913884e+00
5.135135135135134726e-03 6.234527457588613826e-03 1.146291114537808298e+00
5.135135135135134726e-03 6.380058146072533493e-03 1.029900670078543357e+00
5.135135135135134726e-03 6.565517404088676463e-03 9.296465305458394557e-01
5.135135135135134726e-03 6.702002143724857842e-03 8.428073470313026672e-01
5.135135135135134726e-03 6.881615032229430710e-03 7.653667259246481613e-01
5.135135135135134726e-03 7.058885117647788199e-03 7.002048379854255433e-01
5.135135135135134726e-03 7.233573208135734428e-03 6.434926863750405346e-01
5.135135135135134726e-03 7.460662900232466546e-03 5.954197517799947326e-01
5.135135135135134726e-03 7.631587606190650200e-03 5.535255641648655356e-01
5.135135135135134726e-03 7.799252505271170831e-03 5.202292360873497223e-01
5.135135135135134726e-03 8.025114139428768736e-03 4.903201131175597971e-01
5.135135135135134726e-03 8.187779800013993484e-03 4.686930944427067369e-01
5.135135135135134726e-03 8.412718133696928113e-03 4.496514240041858956e-01
5.135135135135134726e-03 8.638113741691490557e-03 4.385710030207843335e-01
5.135135135135134726e-03 8.792964402926022743e-03 4.322938942438547816e-01
5.135135135135134726e-03 9.016520241709275948e-03 4.270122297116831778e-01
5.135135135135134726e-03 9.240134982725457108e-03 4.262945612073021362e-01
5.135135135135134726e-03 9.463689117159295242e-03 4.295764915057134203e-01
5.135135135135134726e-03 9.687063122239799109e-03 4.361826450279343015e-01
5.135135135135134726e-03 9.910137461016368596e-03 4.448459757426430072e-01
5.135135135135134726e-03 1.013279258212876864e-02 4.560783717664007031e-01
5.135135135135134726e-03 1.035490891957074888e-02 4.706250224349332045e-01
5.135135135135134726e-03 1.057636689244703318e-02 4.870240565715198700e-01
5.135135135135134726e-03 1.089093185920548754e-02 5.060295103376390990e-01
5.135135135135134726e-03 1.111347007218029329e-02 5.236024275154423924e-01
5.135135135135134726e-03 1.133503111338453155e-02 5.421345504150518746e-01
5.135135135135134726e-03 1.155549534925091534e-02 5.643005704285313229e-01
5.135135135135134726e-03 1.187988653122777453e-02 5.897838450452985715e-01
5.135135135135134726e-03 1.210071395150680816e-02 6.104521185538461792e-01
5.135135135135134726e-03 1.232012562972699746e-02 6.353027040899652533e-01
5.135135135135134726e-03 1.265200740084999019e-02 6.636472455928751346e-01
5.135135135135134726e-03 1.287126429155304765e-02 6.869287412566822404e-01
5.135135135135134726e-03 1.308878640806625075e-02 7.151618074997997399e-01
5.135135135135134726e-03 1.342768126725307591e-02 7.407727238472330278e-01
5.135135135135134726e-03 1.364453049246938665e-02 7.681844245621703982e-01
5.135135135135134726e-03 1.398889865218182899e-02 7.955799833588199643e-01
5.135135135135134726e-03 1.420475618078848555e-02 8.242127396092171487e-01
5.135135135135134726e-03 1.455443848450387566e-02 8.528765411759733350e-01
5.135135135135134726e-03 1.476898546591809934e-02 8.822169428465814756e-01
5.135135135135134726e-03 1.512382274419857633e-02 9.100898298382177343e-01
5.135135135135134726e-03 1.533674028171544759e-02 9.411263352741260357e-01
5.135135135135134726e-03 1.569657335203486839e-02 9.678466781238600491e-01
5.135135135135134726e-03 1.606057884790663970e-02 9.981760908246972708e-01
5.135135135135134726e-03 1.627221216851485949e-02 1.025972788282768500e+00
5.135135135135134726e-03 1.664101450286628245e-02 1.055685408546642723e+00
5.135135135135134726e-03 1.685026099278467970e-02 1.086722505693121787e+00
5.066666666666666367e-03 5.120714318703092731e-03 2.731955543333399739e+00
5.066666666666666367e-03 5.369011485956156314e-03 2.142897294890403259e+00
5.066666666666666367e-03 5.623186797458087048e-03 1.698009151199362909e+00
5.066666666666666367e-03 5.883240253208887535e-03 1.382212376862135050e+00
5.066666666666666367e-03 6.149171853208551704e-03 1.184721361130824047e+00
5.066666666666666367e-03 6.335462913944239771e-03 1.063697810461929016e+00
5.066666666666666367e-03 6.475615194426175350e-03 9.611221498091482296e-01
5.066666666666666367e-03 6.656728994545684300e-03 8.683218138983358481e-01
5.066666666666666367e-03 6.835806974473292684e-03 7.881724673090686473e-01
5.066666666666666367e-03 7.012613284385855149e-03 7.200605171224779832e-01
5.066666666666666367e-03 7.186912021581567424e-03 6.599153830206478943e-01
5.066666666666666367e-03 7.358467228936652234e-03 6.109201359221541061e-01
5.066666666666666367e-03 7.583600345345745293e-03 5.680217626798356179e-01
5.066666666666666367e-03 7.751089313083677976e-03 5.299089240468423112e-01
5.066666666666666367e-03 7.915166107541176874e-03 5.004745173664300051e-01
5.066666666666666367e-03 8.138654984725837704e-03 4.739988715061761448e-01
5.066666666666666367e-03 8.362751779411639261e-03 4.563845529491115660e-01
5.066666666666666367e-03 8.519748996988412565e-03 4.416765627665552585e-01
5.066666666666666367e-03 8.742384488356564134e-03 4.317820657738628554e-01
5.066666666666666367e-03 8.965235043612374347e-03 4.269256448899722556e-01
5.066666666666666367e-03 9.188182808975228419e-03 4.262423544010468524e-01
5.066666666666666367e-03 9.411109917436396785e-03 4.292597111682282529e-01
5.066666666666666367e-03 9.554292957342402220e-03 4.347920723826703693e-01
5.066666666666666367e-03 9.774304227769500461e-03 4.423699794544322383e-01
5.066666666666666367e-03 1.007858842849372084e-02 4.525560091749933345e-01
5.066666666666666367e-03 1.030025396730031156e-02 4.651291331628659709e-01
5.066666666666666367e-03 1.052130930826048610e-02 4.789349629775330741e-01
5.066666666666666367e-03 1.074163650042618719e-02 4.951158230231355040e-01
5.066666666666666367e-03 1.096111757804041700e-02 5.135141458320292562e-01
5.066666666666666367e-03 1.117963456028544210e-02 5.332678217385206088e-01
5.066666666666666367e-03 1.149794202503210544e-02 5.553402938600667804e-01
5.066666666666666367e-03 1.171701322829585626e-02 5.761039293611581735e-01
5.066666666666666367e-03 1.193480580157221110e-02 5.988269364680643969e-01
5.066666666666666367e-03 1.226069701932976791e-02 6.256350868455790026e-01
5.066666666666666367e-03 1.247853297885335479e-02 6.488770918528931064e-01
5.066666666666666367e-03 1.269477568241334127e-02 6.747390398246754240e-01
5.066666666666666367e-03 1.302777970763712052e-02 7.012734872496619865e-01
5.066666666666666367e-03 1.324355483631160617e-02 7.267552554271202725e-01
5.066666666666666367e-03 1.358207465873673483e-02 7.555506610922396726e-01
5.066666666666666367e-03 1.379706780068754544e-02 7.805122688882802917e-01
5.066666666666666367e-03 1.414094644809172317e-02 8.115130777616138547e-01
5.066666666666666367e-03 1.435484314808475881e-02 8.374194892852250272e-01
5.066666666666666367e-03 1.470392363582395320e-02 8.683315165428330262e-01
5.066666666666666367e-03 1.491640939442168134e-02 8.947806555527126893e-01
5.066666666666666367e-03 1.527053472526535872e-02 9.248011458334161050e-01
5.066666666666666367e-03 1.548129499799390241e-02 9.531152882011626470e-01
5.066666666666666367e-03 1.584030816195629993e-02 9.807494903369982087e-01
5.066666666666666367e-03 1.604902835844616849e-02 1.012220048829639341e+00
5.066666666666666367e-03 1.641277233261334567e-02 1.039433967043777329e+00
5.066666666666666367e-03 1.678059229238023503e-02 1.069459333059906259e+00
5.000000000000000104e-03 5.051553933107395464e-03 2.920840524005047900e+00
5.000000000000000104e-03 5.296497597946387553e-03 2.293267281421662585e+00
5.000000000000000104e-03 5.547240016797350994e-03 1.811955172503252998e+00
5.000000000000000104e-03 5.803781189660287519e-03 1.461869991242711553e+00
5.000000000000000104e-03 6.066121116535191926e-03 1.232105814858769577e+00
5.000000000000000104e-03 6.292075866566423058e-03 1.098839892552804010e+00
5.000000000000000104e-03 6.432155266270806783e-03 9.908394560980811061e-01
5.000000000000000104e-03 6.612682817720460723e-03 8.956590801357425802e-01
5.000000000000000104e-03 6.791240566423700949e-03 8.130476717476147197e-01
5.000000000000000104e-03 6.967595860419104926e-03 7.422595668846596606e-01
5.000000000000000104e-03 7.141515996780286105e-03 6.789837709528734333e-01
5.000000000000000104e-03 7.312768220140666853e-03 6.264954991228777192e-01
5.000000000000000104e-03 7.481119721146219613e-03 5.807991678280117753e-01
5.000000000000000104e-03 7.704232552000232076e-03 5.431731791533940257e-01
5.000000000000000104e-03 7.868223103005920344e-03 5.083737544520641194e-01
5.000000000000000104e-03 8.090863046043315215e-03 4.835784988944163976e-01
5.000000000000000104e-03 8.249716820724003336e-03 4.602584900033285797e-01
5.000000000000000104e-03 8.471263650511701507e-03 4.456271565935234213e-01
5.000000000000000104e-03 8.624204532460854819e-03 4.360348811667380531e-01
5.000000000000000104e-03 8.844037825307604281e-03 4.277000216452905845e-01
5.000000000000000104e-03 9.063966737834636828e-03 4.242941512321852793e-01
5.000000000000000104e-03 9.283874992843289473e-03 4.251017077559933743e-01
5.000000000000000104e-03 9.503646300054216858e-03 4.294460455957099798e-01
5.000000000000000104e-03 9.723164355899498526e-03 4.358733776433101892e-01
5.000000000000000104e-03 9.942312843309082313e-03 4.449156575820551462e-01
5.000000000000000104e-03 1.016097543149139040e-02 4.572051788393916016e-01
5.000000000000000104e-03 1.037903577570785559e-02 4.711188517124183517e-01
5.000000000000000104e-03 1.059637751704110495e-02 4.877748322681547122e-01
5.000000000000000104e-03 1.081288428215665919e-02 5.068492523065127875e-01
5.000000000000000104e-03 1.112519545559007006e-02 5.239871617737523746e-01
5.000000000000000104e-03 1.134244231495920747e-02 5.431982440549010249e-01
5.000000000000000104e-03 1.155854394519571261e-02 5.654919333272775406e-01
5.000000000000000104e-03 1.187852952970562190e-02 5.900682203941465254e-01
5.000000000000000104e-03 1.209486736186938735e-02 6.113362655459990691e-01
5.000000000000000104e-03 1.230974962445890476e-02 6.368468763910563046e-01
5.000000000000000104e-03 1.263694505215367733e-02 6.633711451881272314e-01
5.000000000000000104e-03 1.285155950317701246e-02 6.869574322802155519e-01
5.000000000000000104e-03 1.306440795339273118e-02 7.151783638523611097e-01
5.000000000000000104e-03 1.339834858452494323e-02 7.397494239003278294e-01
5.000000000000000104e-03 1.361042508429079201e-02 7.677174663547183808e-01
5.000000000000000104e-03 1.394965184146803629e-02 7.949578185562500288e-01
5.000000000000000104e-03 1.416064617883589991e-02 8.240774472326515276e-01
5.000000000000000104e-03 1.450500419263068760e-02 8.515982728579574168e-01
5.000000000000000104e-03 1.471460611261860355e-02 8.814381850366930227e-01
5.000000000000000104e-03 1.506394050134985882e-02 9.083978533363618046e-01
5.000000000000000104e-03 1.527183970513119361e-02 9.402118938068120269e-01
5.000000000000000104e-03 1.562599557469999956e-02 9.651049619476518293e-01
5.000000000000000104e-03 1.598421096813988987e-02 9.956761004364497181e-01
5.000000000000000104e-03 1.619070416248818284e-02 1.024837362428827614e+00
5.000000000000000104e-03 1.655354744288941790e-02 1.052537227689412935e+00
