1.666666666666666574e-01 1.775890324399700612e-02 8.605666150738155995e-01
1.666666666666666574e-01 1.840815672943791129e-02 7.614333953884488970e-01
1.666666666666666574e-01 1.915700492073640904e-02 6.822042314718581579e-01
1.666666666666666574e-01 1.979458841806472358e-02 6.177379239392352117e-01
1.666666666666666574e-01 2.054091236382160623e-02 5.699585448769317608e-01
1.666666666666666574e-01 2.116184155812198681e-02 5.348066279065345485e-01
1.666666666666666574e-01 2.190132016488170394e-02 5.095963810005399441e-01
1.666666666666666574e-01 2.277722073525649191e-02 4.947111145744563787e-01
1.666666666666666574e-01 2.351869483250296211e-02 4.862377924981867161e-01
1.666666666666666574e-01 2.425663514742845694e-02 4.854698554365846075e-01
1.666666666666666574e-01 2.499010017845283010e-02 4.932118208899286538e-01
1.666666666666666574e-01 2.588370600532252999e-02 5.025826116827558643e-01
1.666666666666666574e-01 2.678534214539709038e-02 5.196229773497127447e-01
1.666666666666666574e-01 2.751465177660586750e-02 5.384839643213974458e-01
1.666666666666666574e-01 2.842359186683295763e-02 5.604792885999954066e-01
1.666666666666666574e-01 2.933905426041374595e-02 5.859921627434349078e-01
1.666666666666666574e-01 3.026058632434807522e-02 6.140616986021090185e-01
1.666666666666666574e-01 3.118773389685140091e-02 6.438889850132042403e-01
1.666666666666666574e-01 3.212004126063386367e-02 6.750732710229682132e-01
1.666666666666666574e-01 3.305705111542627667e-02 7.072626456484467639e-01
1.666666666666666574e-01 3.399830454972437022e-02 7.404875821889619347e-01
1.666666666666666574e-01 3.494334101172133500e-02 7.747792197386672575e-01
1.666666666666666574e-01 3.589169827939728968e-02 8.104111612738196246e-01
1.666666666666666574e-01 3.710432814424467068e-02 8.470614620664680405e-01
1.666666666666666574e-01 3.806700279420906219e-02 8.806698997147238694e-01
1.666666666666666574e-01 3.903177225322334437e-02 9.160574499513036706e-01
1.666666666666666574e-01 3.999816836721554331e-02 9.537537702989166144e-01
1.666666666666666574e-01 4.126400925478507231e-02 9.874943965457508854e-01
1.666666666666666574e-01 4.224198854871191039e-02 1.023118300653280022e+00
1.666666666666666574e-01 4.353783288751748165e-02 1.059099910188465277e+00
1.666666666666666574e-01 4.452618308424739768e-02 1.092705909601587200e+00
1.666666666666666574e-01 4.585144650613377088e-02 1.129167633067716503e+00
1.666666666666666574e-01 4.684895051536040744e-02 1.161340583855063890e+00
1.666666666666666574e-01 4.820304725451037692e-02 1.196872864609777709e+00
1.666666666666666574e-01 4.920848307702123392e-02 1.228367450044672182e+00
1.666666666666666574e-01 5.059082594984350839e-02 1.262118221629208392e+00
1.666666666666666574e-01 5.199231688590151557e-02 1.299642210227933248e+00
1.666666666666666574e-01 5.341295588519516524e-02 1.340559261855993833e+00
1.666666666666666574e-01 5.485274294772453374e-02 1.384254014394064036e+00
1.666666666666666574e-01 5.631167807348955862e-02 1.430612920351523210e+00
1.666666666666666574e-01 5.778976126249028844e-02 1.479142711859809500e+00
1.666666666666666574e-01 5.928699251472667464e-02 1.529604428006568817e+00
1.666666666666666574e-01 6.080337183019877967e-02 1.581684392959892271e+00
1.666666666666666574e-01 6.233889920890654107e-02 1.635139867337859432e+00
1.666666666666666574e-01 6.389357465085002130e-02 1.689758034145335319e+00
1.666666666666666574e-01 6.546739815602913015e-02 1.745349073618859048e+00
1.666666666666666574e-01 6.706036972444398558e-02 1.801675858460479063e+00
1.666666666666666574e-01 6.867248935609446270e-02 1.858667118016562370e+00
1.666666666666666574e-01 7.030375705098065864e-02 1.916143761206344776e+00
1.666666666666666574e-01 7.195417280910254565e-02 1.973877177698909247e+00
1.610169491525423879e-01 1.681325150618806150e-02 9.267763580386492173e-01
1.610169491525423879e-01 1.742974247741336039e-02 8.167500091852450961e-01
1.610169491525423879e-01 1.803883839073764164e-02 7.275299751873448573e-01
1.610169491525423879e-01 1.874600124512423860e-02 6.556193738246366420e-01
1.610169491525423879e-01 1.934201164313418750e-02 5.987029133612707943e-01
1.610169491525423879e-01 2.004499042207064444e-02 5.550177221883696443e-01
1.610169491525423879e-01 2.074729389671853275e-02 5.235382782497294274e-01
1.610169491525423879e-01 2.144805773593993353e-02 5.020041090131244221e-01
1.610169491525423879e-01 2.214641201674285784e-02 4.892182191628874910e-01
1.610169491525423879e-01 2.284148104160293319e-02 4.848838916983996272e-01
1.610169491525423879e-01 2.368145201081823040e-02 4.862987555325213318e-01
1.610169491525423879e-01 2.437399612625028300e-02 4.928990985970864713e-01
1.610169491525423879e-01 2.522319074933226588e-02 5.052690600749819572e-01
1.610169491525423879e-01 2.591030372048049035e-02 5.221407782008130605e-01
1.610169491525423879e-01 2.676643694495269704e-02 5.407301288319106281e-01
1.610169491525423879e-01 2.762873749130757839e-02 5.634919828115066975e-01
1.610169491525423879e-01 2.849678086253513293e-02 5.892987098861889317e-01
1.610169491525423879e-01 2.937014118848018870e-02 6.172091034446991475e-01
1.610169491525423879e-01 3.024839120215727303e-02 6.466900671474461459e-01
1.610169491525423879e-01 3.113110221540517017e-02 6.772707296159564683e-01
1.610169491525423879e-01 3.201784409385632219e-02 7.088734976742797622e-01
1.610169491525423879e-01 3.290818523119520833e-02 7.414391616281249542e-01
1.610169491525423879e-01 3.380169252267821445e-02 7.751516660988563290e-01
1.610169491525423879e-01 3.469793133788681011e-02 8.102290460365935143e-01
1.610169491525423879e-01 3.585075560222730773e-02 8.460128817242824617e-01
1.610169491525423879e-01 3.675981848974489014e-02 8.791278279095314785e-01
1.610169491525423879e-01 3.767046010094559499e-02 9.140993265279957480e-01
1.610169491525423879e-01 3.886263490784045566e-02 9.515329879428988669e-01
1.610169491525423879e-01 3.978425156537423318e-02 9.840408956960909892e-01
1.610169491525423879e-01 4.070628481822035488e-02 1.019627693862255047e+00
1.610169491525423879e-01 4.193615572827307653e-02 1.054124107647677278e+00
1.610169491525423879e-01 4.286730204718602888e-02 1.087963253382477458e+00
1.610169491525423879e-01 4.412448287376873057e-02 1.122904048957850343e+00
1.610169491525423879e-01 4.506359797183865507e-02 1.155470155856623604e+00
1.610169491525423879e-01 4.634753762569002872e-02 1.189511083349874543e+00
1.610169491525423879e-01 4.729347274104100246e-02 1.221744178714818219e+00
1.610169491525423879e-01 4.860361884237145158e-02 1.253966685737738063e+00
1.610169491525423879e-01 4.993166499553298304e-02 1.290017700816749935e+00
1.610169491525423879e-01 5.127761120052565236e-02 1.329257856385359871e+00
1.610169491525423879e-01 5.264145745734938320e-02 1.371531326522421601e+00
1.610169491525423879e-01 5.402320376600425189e-02 1.416330579860519689e+00
1.610169491525423879e-01 5.542285012649018211e-02 1.463385883736390003e+00
1.610169491525423879e-01 5.684039653880727100e-02 1.512361328356583767e+00
1.610169491525423879e-01 5.827584300295542141e-02 1.562991902998888349e+00
1.610169491525423879e-01 5.972918951893470968e-02 1.615050320126775851e+00
1.610169491525423879e-01 6.120043608674506641e-02 1.668315943308178007e+00
1.610169491525423879e-01 6.268958270638656793e-02 1.722548281482737975e+00
1.610169491525423879e-01 6.419662937785912404e-02 1.777652157811187905e+00
1.610169491525423879e-01 6.572157610116281801e-02 1.833432205437653728e+00
1.610169491525423879e-01 6.726442287629760819e-02 1.889654193334816989e+00
1.557377049180327933e-01 1.596909610744852784e-02 9.972362962340735049e-01
1.557377049180327933e-01 1.655642757557737252e-02 8.766120679259372661e-01
1.557377049180327933e-01 1.713697017927924213e-02 7.771375420328380246e-01
1.557377049180327933e-01 1.770948349526563215e-02 6.968937032399760145e-01
1.557377049180327933e-01 1.837878541043616934e-02 6.316054473126098134e-01
1.557377049180327933e-01 1.893698132266714157e-02 5.823845513362944093e-01
1.557377049180327933e-01 1.960064479888124281e-02 5.430527430368201625e-01
1.557377049180327933e-01 2.026289320092917318e-02 5.152855111423716439e-01
1.557377049180327933e-01 2.092290885596860550e-02 4.974761946723374462e-01
1.557377049180327933e-01 2.171438520618053716e-02 4.875289621433110399e-01
1.557377049180327933e-01 2.237360936819291282e-02 4.831327544635953264e-01
1.557377049180327933e-01 2.302827261342204473e-02 4.870097390146721494e-01
1.557377049180327933e-01 2.383078654351920844e-02 4.944338698229288065e-01
1.557377049180327933e-01 2.448042171076780793e-02 5.089833310714475534e-01
1.557377049180327933e-01 2.528956016505619700e-02 5.239920429845126293e-01
1.557377049180327933e-01 2.610455440155756007e-02 5.438684268514275555e-01
1.557377049180327933e-01 2.692500507810897253e-02 5.673182957431478490e-01
1.557377049180327933e-01 2.775051161394666982e-02 5.932582766494870485e-01
1.557377049180327933e-01 2.858067216861524817e-02 6.210223788193262040e-01
1.557377049180327933e-01 2.941508362029514323e-02 6.500203068676971840e-01
1.557377049180327933e-01 3.025334154352673707e-02 6.800652260756809842e-01
1.557377049180327933e-01 3.109504018630839667e-02 7.110068190798245480e-01
1.557377049180327933e-01 3.193977244654483405e-02 7.429379876122481630e-01
1.557377049180327933e-01 3.278712984782075623e-02 7.760007124788615984e-01
1.557377049180327933e-01 3.363670251447396092e-02 8.105406782883388672e-01
1.557377049180327933e-01 3.473600712631833010e-02 8.457250220382127592e-01
1.557377049180327933e-01 3.559708721169849849e-02 8.782255064122340693e-01
1.557377049180327933e-01 3.645929543305673204e-02 9.128547572429861479e-01
1.557377049180327933e-01 3.759516727871272529e-02 9.491615551271259665e-01
1.557377049180327933e-01 3.846713898514066143e-02 9.813823917553859966e-01
1.557377049180327933e-01 3.933914315045794474e-02 1.016889494268675032e+00
1.557377049180327933e-01 4.051002113402572824e-02 1.050115444490471894e+00
1.557377049180327933e-01 4.139003298732992636e-02 1.084115527499212250e+00
1.557377049180327933e-01 4.258634812534091429e-02 1.117611499949661358e+00
1.557377049180327933e-01 4.347328868860474843e-02 1.150609900332262736e+00
1.557377049180327933e-01 4.469452102537029015e-02 1.183274025283556075e+00
1.557377049180327933e-01 4.558730722470272917e-02 1.216104537721151457e+00
1.557377049180327933e-01 4.683293562511268993e-02 1.247018981285212824e+00
1.557377049180327933e-01 4.809535321080557480e-02 1.281543755384964678e+00
1.557377049180327933e-01 4.937455998178128663e-02 1.319479798860972330e+00
1.557377049180327933e-01 5.067055593803990177e-02 1.360305684261430281e+00
1.557377049180327933e-01 5.198334107958135775e-02 1.403720430385445805e+00
1.557377049180327933e-01 5.331291540640571702e-02 1.449365715007109978e+00
1.557377049180327933e-01 5.465927891851292408e-02 1.496953974157346989e+00
1.557377049180327933e-01 5.602243161590302750e-02 1.546243366816380416e+00
1.557377049180327933e-01 5.740237349857596483e-02 1.596981727734408274e+00
1.557377049180327933e-01 5.879910456653181933e-02 1.648925500958944079e+00
1.557377049180327933e-01 6.021262481977050079e-02 1.701954976421925503e+00
1.557377049180327933e-01 6.164293425829207168e-02 1.755858220529046054e+00
1.557377049180327933e-01 6.309003288209652505e-02 1.810395586782497901e+00
1.507936507936507853e-01 1.521172911220754383e-02 1.071698109912323726e+00
1.507936507936507853e-01 1.577297062799812299e-02 9.407792227448238398e-01
1.507936507936507853e-01 1.632797193884816256e-02 8.315321258557049067e-01
1.507936507936507853e-01 1.687556626240677843e-02 7.412555033201222443e-01
1.507936507936507853e-01 1.741457632929990437e-02 6.693367343381697587e-01
1.507936507936507853e-01 1.804931182001513063e-02 6.101055150131760030e-01
1.507936507936507853e-01 1.868365646781914788e-02 5.653432337594088697e-01
1.507936507936507853e-01 1.931684540446092918e-02 5.318925974343252649e-01
1.507936507936507853e-01 1.994810924062020291e-02 5.077456668998717726e-01
1.507936507936507853e-01 2.057667392284470015e-02 4.918711228593121154e-01
1.507936507936507853e-01 2.120176058321518106e-02 4.840264074012388118e-01
1.507936507936507853e-01 2.196146455120237193e-02 4.844628200115143057e-01
1.507936507936507853e-01 2.258333014481109235e-02 4.869584557377543144e-01
1.507936507936507853e-01 2.335053803693097618e-02 4.979345277663314029e-01
1.507936507936507853e-01 2.396659803109515985e-02 5.101477102262916841e-01
1.507936507936507853e-01 2.473927628190285971e-02 5.270172330270561645e-01
1.507936507936507853e-01 2.551715851099646895e-02 5.480263990102829386e-01
1.507936507936507853e-01 2.629986685265384844e-02 5.719500126417333963e-01
1.507936507936507853e-01 2.690342561535821742e-02 5.977345033921059869e-01
1.507936507936507853e-01 2.768776473510146593e-02 6.246639345003850430e-01
1.507936507936507853e-01 2.847565240115961654e-02 6.536819088859504578e-01
1.507936507936507853e-01 2.947136370263234162e-02 6.834037699947935751e-01
1.507936507936507853e-01 3.027249401458524322e-02 7.136891142645837016e-01
1.507936507936507853e-01 3.107615859720624582e-02 7.449063168433583959e-01
1.507936507936507853e-01 3.188197117505632561e-02 7.773300788774237802e-01
1.507936507936507853e-01 3.268954418464162237e-02 8.113234105810821495e-01
1.507936507936507853e-01 3.374071807035770865e-02 8.460315890544422013e-01
1.507936507936507853e-01 3.455863121395871124e-02 8.780017837453351071e-01
1.507936507936507853e-01 3.537727685056085009e-02 9.121502307049389469e-01
1.507936507936507853e-01 3.646253456460742809e-02 9.475371858778364187e-01
1.507936507936507853e-01 3.728987114195125158e-02 9.794345668977327835e-01
1.507936507936507853e-01 3.811690441206802560e-02 1.014815529409362593e+00
1.507936507936507853e-01 3.923476905731185932e-02 1.046963359076807487e+00
1.507936507936507853e-01 4.006883317009309053e-02 1.080937646256694196e+00
1.507936507936507853e-01 4.121046335734062510e-02 1.113296189304074479e+00
1.507936507936507853e-01 4.205053819173699275e-02 1.146577662297111333e+00
1.507936507936507853e-01 4.321544204585686666e-02 1.177990360620982946e+00
1.507936507936507853e-01 4.406050371796953191e-02 1.211385016839426454e+00
1.507936507936507853e-01 4.524818828195457249e-02 1.240943901135837191e+00
1.507936507936507853e-01 4.645166813937363914e-02 1.274300183931049935e+00
1.507936507936507853e-01 4.767094329022681515e-02 1.310918911344937987e+00
1.507936507936507853e-01 4.890601373451402417e-02 1.350467434754358376e+00
1.507936507936507853e-01 5.015687947223534948e-02 1.392564872917145369e+00
1.507936507936507853e-01 5.142354050339070781e-02 1.436900863118087068e+00
1.507936507936507853e-01 5.270599682798016855e-02 1.483218949177190993e+00
1.507936507936507853e-01 5.400424844600366925e-02 1.531234781411987989e+00
1.507936507936507853e-01 5.531829535746127929e-02 1.580702032737681728e+00
1.507936507936507853e-01 5.664813756235291542e-02 1.631475883578888508e+00
1.507936507936507853e-01 5.799377506067865395e-02 1.683327566367649020e+00
1.507936507936507853e-01 5.935520785243846020e-02 1.736012224828365369e+00
1.461538461538461620e-01 1.445214553562874753e-02 1.154089527576503738e+00
1.461538461538461620e-01 1.506684455253361719e-02 1.009025783479115868e+00
1.461538461538461620e-01 1.551311861374662406e-02 8.902315950242924991e-01
1.461538461538461620e-01 1.612408762871461732e-02 7.908275782819764732e-01
1.461538461538461620e-01 1.664133557815450012e-02 7.087487210060525733e-01
1.461538461538461620e-01 1.714951119903805263e-02 6.446769538187208104e-01
1.461538461538461620e-01 1.775253582986837178e-02 5.911875096795071727e-01
1.461538461538461620e-01 1.835450848587974471e-02 5.507731465145835337e-01
1.461538461538461620e-01 1.895470192382609290e-02 5.210302658711470913e-01
1.461538461538461620e-01 1.955238466110012507e-02 5.005570163250515625e-01
1.461538461538461620e-01 2.014682084066627549e-02 4.887730895750453941e-01
1.461538461538461620e-01 2.086897860771719584e-02 4.829402938418072555e-01
1.461538461538461620e-01 2.146046113599537133e-02 4.826924941129792646e-01
1.461538461538461620e-01 2.218982324371901460e-02 4.893867299227498413e-01
1.461538461538461620e-01 2.277590999961403781e-02 4.990855141649224169e-01
1.461538461538461620e-01 2.351055377818128331e-02 5.128389044269627828e-01
1.461538461538461620e-01 2.425017772937390972e-02 5.313329856239408233e-01
1.461538461538461620e-01 2.499442448136893549e-02 5.532012747569160505e-01
1.461538461538461620e-01 2.556888827129327399e-02 5.755371793082025844e-01
1.461538461538461620e-01 2.631478752403493965e-02 6.003614534983449103e-01
1.461538461538461620e-01 2.706410196019736619e-02 6.273657197073713165e-01
1.461538461538461620e-01 2.781646931662843172e-02 6.562020471240473940e-01
1.461538461538461620e-01 2.857152620818059763e-02 6.867539410235168340e-01
1.461538461538461620e-01 2.953683817794597322e-02 7.168633732807526693e-01
1.461538461538461620e-01 3.030334881978286737e-02 7.473670532536484945e-01
1.461538461538461620e-01 3.107158445692729393e-02 7.791395605850200967e-01
1.461538461538461620e-01 3.184117772235468130e-02 8.124702581277853941e-01
1.461538461538461620e-01 3.284887048216517808e-02 8.469986910487931064e-01
1.461538461538461620e-01 3.362776376510651088e-02 8.782981377903402720e-01
1.461538461538461620e-01 3.440704031551541225e-02 9.119281010896846951e-01
1.461538461538461620e-01 3.544659030574499187e-02 9.465916969317763607e-01
1.461538461538461620e-01 3.623360345238436225e-02 9.781291162441387854e-01
1.461538461538461620e-01 3.702001825042275374e-02 1.013331198966329616e+00
1.461538461538461620e-01 3.809002484490845580e-02 1.044454401863569082e+00
1.461538461538461620e-01 3.888260275977872826e-02 1.078472862591925541e+00
1.461538461538461620e-01 3.997487558431655347e-02 1.109788418542958510e+00
1.461538461538461620e-01 4.077264976434379767e-02 1.143241094093658372e+00
1.461538461538461620e-01 4.188672237793556602e-02 1.173615259272645428e+00
1.461538461538461620e-01 4.268872250261315088e-02 1.207294890572513824e+00
1.461538461538461620e-01 4.382412746845873452e-02 1.235838389568909346e+00
1.461538461538461620e-01 4.497443426626395596e-02 1.268024892587902519e+00
1.461538461538461620e-01 4.613964289602875274e-02 1.303489718999625513e+00
1.461538461538461620e-01 4.731975335775319425e-02 1.341829311791303381e+00
1.461538461538461620e-01 4.851476565143722497e-02 1.382710298162113105e+00
1.461538461538461620e-01 4.972467977708087961e-02 1.425861564956642624e+00
1.461538461538461620e-01 5.094949573468411652e-02 1.470965976004767306e+00
1.461538461538461620e-01 5.218921352424699817e-02 1.517774721698505580e+00
1.461538461538461620e-01 5.344383314576944821e-02 1.566117344801192690e+00
1.461538461538461620e-01 5.471335459925153605e-02 1.615747999029313098e+00
1.461538461538461620e-01 5.599777788469322004e-02 1.666416824215295467e+00
1.417910447761193959e-01 1.369154515409949126e-02 1.273189444063192788e+00
1.417910447761193959e-01 1.435042644917918810e-02 1.079539952808244330e+00
1.417910447761193959e-01 1.485747605809951619e-02 9.502148692089529280e-01
1.417910447761193959e-01 1.535806690902910727e-02 8.424962261360637861e-01
1.417910447761193959e-01 1.594157652613916246e-02 7.539498641903783493e-01
1.417910447761193959e-01 1.643074748292673234e-02 6.792795791093626523e-01
1.417910447761193959e-01 1.701020328891657274e-02 6.211914368464306335e-01
1.417910447761193959e-01 1.748421785149505830e-02 5.748666369999817505e-01
1.417910447761193959e-01 1.805637825586047657e-02 5.389465345313503297e-01
1.417910447761193959e-01 1.862620311376056090e-02 5.133547843647743303e-01
1.417910447761193959e-01 1.931284614738703817e-02 4.961385899180624226e-01
1.417910447761193959e-01 1.988124279144645734e-02 4.848216049643929715e-01
1.417910447761193959e-01 2.044533204978608507e-02 4.814937269824383081e-01
1.417910447761193959e-01 2.114051957254314829e-02 4.837262687419729978e-01
1.417910447761193959e-01 2.169959246925511412e-02 4.906992004712597000e-01
1.417910447761193959e-01 2.239989796614052717e-02 5.012384366448628947e-01
1.417910447761193959e-01 2.310498420561758748e-02 5.171518269487186403e-01
1.417910447761193959e-01 2.365520597877237077e-02 5.359152223919259050e-01
1.417910447761193959e-01 2.436277353300182399e-02 5.558391341094280902e-01
1.417910447761193959e-01 2.507398099040320308e-02 5.786098330140756474e-01
1.417910447761193959e-01 2.578848609303805231e-02 6.036842219799353204e-01
1.417910447761193959e-01 2.650594557830066034e-02 6.306223255360930979e-01
1.417910447761193959e-01 2.722601516158970614e-02 6.592140299625234290e-01
1.417910447761193959e-01 2.794834951849492835e-02 6.893413943358339679e-01
1.417910447761193959e-01 2.887692174833300304e-02 7.205664797462828508e-01
1.417910447761193959e-01 2.960967164453743791e-02 7.503380820731991863e-01
1.417910447761193959e-01 3.034376973735448263e-02 7.813323532572936658e-01
1.417910447761193959e-01 3.107886701350093608e-02 8.140747512217411108e-01
1.417910447761193959e-01 3.204711419480864992e-02 8.484794771291280790e-01
1.417910447761193959e-01 3.279058033112080411e-02 8.790763414680056176e-01
1.417910447761193959e-01 3.353411997930480504e-02 9.121611062405118320e-01
1.417910447761193959e-01 3.453221906427766247e-02 9.462743821365714458e-01
1.417910447761193959e-01 3.528264211053375177e-02 9.774083858541320335e-01
1.417910447761193959e-01 3.603220628007789555e-02 1.012260287654093371e+00
1.417910447761193959e-01 3.705882600288953888e-02 1.042652035389245224e+00
1.417910447761193959e-01 3.781377880164644989e-02 1.076580540387673812e+00
1.417910447761193959e-01 3.886131394766581537e-02 1.106966517620245671e+00
1.417910447761193959e-01 3.962073692735223335e-02 1.140582566799093200e+00
1.417910447761193959e-01 4.068874418309172125e-02 1.169858541186165946e+00
1.417910447761193959e-01 4.177095511588960197e-02 1.203443941434404252e+00
1.417910447761193959e-01 4.253975081988602136e-02 1.231481891920897853e+00
1.417910447761193959e-01 4.364188107615379203e-02 1.262653458833826292e+00
1.417910447761193959e-01 4.475810645621055434e-02 1.297032639043659064e+00
1.417910447761193959e-01 4.588842696005626665e-02 1.334262870366765608e+00
1.417910447761193959e-01 4.703284258769094978e-02 1.374058359398226292e+00
1.417910447761193959e-01 4.819135333911456903e-02 1.416068632163964836e+00
1.417910447761193959e-01 4.936395921432719380e-02 1.460042679963070356e+00
1.417910447761193959e-01 5.055066021332874082e-02 1.505783925360827169e+00
1.417910447761193959e-01 5.175145633611926560e-02 1.553029219937325234e+00
1.417910447761193959e-01 5.296634758269876120e-02 1.601523905458997588e+00
1.376811594202898559e-01 1.300060987567808538e-02 1.432346553570345904e+00
1.376811594202898559e-01 1.369958893809011466e-02 1.160383148631185524e+00
1.376811594202898559e-01 1.426168896795452883e-02 1.014418839800038885e+00
1.376811594202898559e-01 1.474417257197880096e-02 8.974959548144740840e-01
1.376811594202898559e-01 1.521967843699177474e-02 7.997186126828210728e-01
1.376811594202898559e-01 1.568720224222495269e-02 7.202532332274811377e-01
1.376811594202898559e-01 1.624081103252374494e-02 6.526960445240307385e-01
1.376811594202898559e-01 1.679367836849236101e-02 6.000423656285123197e-01
1.376811594202898559e-01 1.734515088215804815e-02 5.591178116926391883e-01
1.376811594202898559e-01 1.789457170589993373e-02 5.278179802767277717e-01
1.376811594202898559e-01 1.844128036427716139e-02 5.048858325853998741e-01
1.376811594202898559e-01 1.898461266046442761e-02 4.899466410206560485e-01
1.376811594202898559e-01 1.952390055693155324e-02 4.832274431975343565e-01
1.376811594202898559e-01 2.018810180316067682e-02 4.808348548537030309e-01
1.376811594202898559e-01 2.072272527253292418e-02 4.848875588240526002e-01
1.376811594202898559e-01 2.139190174617810331e-02 4.921250639866212584e-01
1.376811594202898559e-01 2.206568040095110289e-02 5.054002963482544519e-01
1.376811594202898559e-01 2.259205200414664966e-02 5.209101739850182655e-01
1.376811594202898559e-01 2.326830195724658920e-02 5.385679267453208352e-01
1.376811594202898559e-01 2.394807050731733583e-02 5.593381372292693943e-01
1.376811594202898559e-01 2.463103257761996984e-02 5.825663243958094650e-01
1.376811594202898559e-01 2.531686217318869156e-02 6.077203154164081411e-01
1.376811594202898559e-01 2.600523236518392095e-02 6.344956520706210856e-01
1.376811594202898559e-01 2.669581527481196606e-02 6.626957316180168700e-01
1.376811594202898559e-01 2.738828205679507896e-02 6.923807396763134170e-01
1.376811594202898559e-01 2.808230288237495431e-02 7.236869810146423498e-01
1.376811594202898559e-01 2.898532506200483111e-02 7.537288988978178006e-01
1.376811594202898559e-01 2.968828351364696458e-02 7.840199769821383224e-01
1.376811594202898559e-01 3.039192074950992570e-02 8.160236942712789654e-01
1.376811594202898559e-01 3.109590345353384355e-02 8.502539472932570952e-01
1.376811594202898559e-01 3.203541309559753553e-02 8.803181346067150415e-01
1.376811594202898559e-01 3.274637946784104275e-02 9.128293135573558592e-01
1.376811594202898559e-01 3.370674129237704458e-02 9.465426492961842575e-01
1.376811594202898559e-01 3.442382493459090337e-02 9.771027890187552467e-01
1.376811594202898559e-01 3.513981859986117784e-02 1.011695309338711768e+00
1.376811594202898559e-01 3.612695079244990920e-02 1.041423812417995531e+00
1.376811594202898559e-01 3.684763874650692772e-02 1.075171613019012318e+00
1.376811594202898559e-01 3.785446428863555729e-02 1.104828093786403453e+00
1.376811594202898559e-01 3.857897222711682839e-02 1.138347383042191074e+00
1.376811594202898559e-01 3.960506891204821495e-02 1.166855894214486877e+00
1.376811594202898559e-01 4.064463279223869824e-02 1.199488483665612115e+00
1.376811594202898559e-01 4.137746432440436717e-02 1.227828085269619951e+00
1.376811594202898559e-01 4.243577287349507843e-02 1.258051470943867489e+00
1.376811594202898559e-01 4.350744520222459000e-02 1.291441953202401516e+00
1.376811594202898559e-01 4.459248131059296433e-02 1.327699052414816672e+00
1.376811594202898559e-01 4.569088119860013897e-02 1.366438453548968202e+00
1.376811594202898559e-01 4.680264486624618331e-02 1.407407227045363918e+00
1.376811594202898559e-01 4.792777231353101408e-02 1.450382235969952971e+00
1.376811594202898559e-01 4.906626354045470761e-02 1.495082826553516986e+00
1.376811594202898559e-01 5.021811854701724309e-02 1.541249748028974409e+00
1.338028169014084390e-01 1.237064969985572638e-02 1.629161539215096877e+00
1.338028169014084390e-01 1.303575889175675843e-02 1.277520429039979089e+00
1.338028169014084390e-01 1.371828282584250901e-02 1.082642574089562437e+00
1.338028169014084390e-01 1.418428881975909890e-02 9.571558059085214509e-01
1.338028169014084390e-01 1.464380447964005495e-02 8.504903536067182079e-01
1.338028169014084390e-01 1.509587628909308393e-02 7.611771272872569494e-01
1.338028169014084390e-01 1.553954300619910835e-02 6.895996015592534834e-01
1.338028169014084390e-01 1.606897698583002049e-02 6.287970999443664999e-01
1.338028169014084390e-01 1.659713010309493350e-02 5.812672130831186834e-01
1.338028169014084390e-01 1.712337732453299982e-02 5.445539438986589653e-01
1.338028169014084390e-01 1.764709030704742290e-02 5.170763642393001458e-01
1.338028169014084390e-01 1.816763729486086526e-02 4.981640826678160328e-01
1.338028169014084390e-01 1.868438301129649037e-02 4.877659983374085795e-01
1.338028169014084390e-01 1.932038169469394578e-02 4.806000995591744873e-01
1.338028169014084390e-01 1.983279005912656073e-02 4.815541271933486134e-01
1.338028169014084390e-01 2.047363889577670862e-02 4.854120228327164499e-01
1.338028169014084390e-01 2.111892932554399263e-02 4.959991789121995787e-01
1.338028169014084390e-01 2.162364122916521705e-02 5.082370498076647092e-01
1.338028169014084390e-01 2.227139894106939036e-02 5.236537079431011765e-01
1.338028169014084390e-01 2.292256689259878147e-02 5.424778281599473839e-01
1.338028169014084390e-01 2.357683567998538829e-02 5.639432312453425133e-01
1.338028169014084390e-01 2.423389505774847102e-02 5.874255102120428118e-01
1.338028169014084390e-01 2.489343392452053605e-02 6.125252632441154921e-01
1.338028169014084390e-01 2.555514030848467580e-02 6.389668382259556800e-01
1.338028169014084390e-01 2.621870135240892546e-02 6.667359062881932363e-01
1.338028169014084390e-01 2.688380329826238826e-02 6.959056939640698713e-01
1.338028169014084390e-01 2.755013147139765903e-02 7.265771236734991367e-01
1.338028169014084390e-01 2.842202346790706838e-02 7.576658877294868422e-01
1.338028169014084390e-01 2.909646888813001431e-02 7.870931431545589163e-01
1.338028169014084390e-01 2.977130550802747216e-02 8.183224781263290781e-01
1.338028169014084390e-01 3.044621540387598344e-02 8.518903687389034474e-01
1.338028169014084390e-01 3.135240706044097048e-02 8.820153348123140891e-01
1.338028169014084390e-01 3.203357001906518425e-02 9.139135468839180154e-01
1.338028169014084390e-01 3.295945100954599666e-02 9.472319121001866460e-01
1.338028169014084390e-01 3.364604047917606200e-02 9.773205856900388788e-01
1.338028169014084390e-01 3.433133410613209424e-02 1.011526138047233569e+00
1.338028169014084390e-01 3.528239692570781655e-02 1.040687824420278629e+00
1.338028169014084390e-01 3.597175978061436380e-02 1.074264861196804199e+00
1.338028169014084390e-01 3.694140606755386830e-02 1.103116194303769504e+00
1.338028169014084390e-01 3.763400424343359835e-02 1.136678578860973898e+00
1.338028169014084390e-01 3.862183111896030918e-02 1.164421087127334165e+00
1.338028169014084390e-01 3.962245495450877897e-02 1.196245245263425350e+00
1.338028169014084390e-01 4.032243173563219985e-02 1.224765346774266295e+00
1.338028169014084390e-01 4.134073378110175723e-02 1.254133624797390212e+00
1.338028169014084390e-01 4.237173407749807164e-02 1.286675868129713241e+00
1.338028169014084390e-01 4.341543262482105980e-02 1.321973462949504130e+00
1.338028169014084390e-01 4.447182942307081194e-02 1.359771831870058012e+00
1.338028169014084390e-01 4.554092447224723783e-02 1.399820880129609701e+00
1.338028169014084390e-01 4.662271777235040687e-02 1.441822264547728105e+00
1.338028169014084390e-01 4.771720932338029131e-02 1.485512346847080778e+00
1.301369863013698558e-01 1.179431533347607454e-02 1.861391371183362509e+00
1.301369863013698558e-01 1.242843785175946902e-02 1.430390479064784559e+00
1.301369863013698558e-01 1.307916377938361623e-02 1.161880690358010337e+00
1.301369863013698558e-01 1.359724088182942027e-02 1.017347854647836947e+00
1.301369863013698558e-01 1.403824642476467037e-02 9.030540516354914615e-01
1.301369863013698558e-01 1.447218857148588507e-02 8.078477095227052374e-01
1.301369863013698558e-01 1.498487764178977819e-02 7.264121949194538574e-01
1.301369863013698558e-01 1.549709287772839568e-02 6.619787851069852680e-01
1.301369863013698558e-01 1.591306019013957740e-02 6.075011864579652476e-01
1.301369863013698558e-01 1.641815803151507047e-02 5.649435410020657855e-01
1.301369863013698558e-01 1.692088731497070481e-02 5.325406125325944373e-01
1.301369863013698558e-01 1.742064595406252886e-02 5.093308320151777036e-01
1.301369863013698558e-01 1.803023436026783208e-02 4.935413050656338729e-01
1.301369863013698558e-01 1.852706729457092791e-02 4.829151572303320705e-01
1.301369863013698558e-01 1.901921715830935319e-02 4.806069166627192635e-01
1.301369863013698558e-01 1.963419590143431967e-02 4.810163308168355356e-01
1.301369863013698558e-01 2.025347121631615802e-02 4.888724933487751390e-01
1.301369863013698558e-01 2.073844047840659247e-02 4.978257336422765578e-01
1.301369863013698558e-01 2.136018378060257350e-02 5.110291023430675317e-01
1.301369863013698558e-01 2.198524010821770527e-02 5.279626634790292039e-01
1.301369863013698558e-01 2.261331440270666904e-02 5.477483501014885903e-01
1.301369863013698558e-01 2.324411083180964038e-02 5.696695898416329618e-01
1.301369863013698558e-01 2.387733277667402135e-02 5.932315546436903730e-01
1.301369863013698558e-01 2.451268281862644879e-02 6.180792561841839117e-01
1.301369863013698558e-01 2.514986272558249192e-02 6.441231130971347696e-01
1.301369863013698558e-01 2.578857343808039007e-02 6.713727964200824072e-01
1.301369863013698558e-01 2.642851505492493577e-02 6.998632734904786101e-01
1.301369863013698558e-01 2.706938681842663633e-02 7.299446682692121158e-01
1.301369863013698558e-01 2.771088709922104112e-02 7.618219479197418931e-01
1.301369863013698558e-01 2.856096536031892813e-02 7.905674983527331001e-01
1.301369863013698558e-01 2.920934221729554886e-02 8.209866090668177518e-01
1.301369863013698558e-01 2.985754734746778188e-02 8.538614288400998564e-01
1.301369863013698558e-01 3.073318762015636585e-02 8.841587983920070615e-01
1.301369863013698558e-01 3.138698404050770108e-02 9.152760898228400332e-01
1.301369863013698558e-01 3.228125336737307921e-02 9.484648124297450078e-01
1.301369863013698558e-01 3.293985111847114178e-02 9.779560320386165850e-01
1.301369863013698558e-01 3.359696891464274138e-02 1.011697731296531400e+00
1.301369863013698558e-01 3.451497309597092999e-02 1.040474983818928889e+00
1.301369863013698558e-01 3.517559525730352965e-02 1.073634299395745062e+00
1.301369863013698558e-01 3.611117128746634680e-02 1.101996916164397433e+00
1.301369863013698558e-01 3.705902645785343064e-02 1.134980016377893808e+00
1.301369863013698558e-01 3.772726374954146061e-02 1.162533575163804622e+00
1.301369863013698558e-01 3.869221137047121339e-02 1.193606984724306708e+00
1.301369863013698558e-01 3.936206522146201703e-02 1.222226592769569020e+00
1.301369863013698558e-01 4.034371932380524661e-02 1.250883466696866897e+00
1.301369863013698558e-01 4.133746390775003277e-02 1.282573940432087944e+00
1.301369863013698558e-01 4.234329897329641712e-02 1.317042056591804400e+00
1.301369863013698558e-01 4.336122452044434417e-02 1.354010403081432612e+00
1.301369863013698558e-01 4.439124054919386247e-02 1.393162781394574612e+00
1.301369863013698558e-01 4.543334705954495817e-02 1.434231370058951294e+00
1.266666666666666774e-01 1.126535528019172692e-02 2.126937346295804332e+00
1.266666666666666774e-01 1.187103820943785464e-02 1.616967106857090997e+00
1.266666666666666774e-01 1.249257990621711369e-02 1.275029585414715338e+00
1.266666666666666774e-01 1.312998037052950234e-02 1.081569498918057759e+00
1.266666666666666774e-01 1.355778214788261153e-02 9.588842284725349607e-01
1.266666666666666774e-01 1.397898109189159126e-02 8.545908470627203712e-01
1.266666666666666774e-01 1.439270458080566667e-02 7.679804867577709748e-01
1.266666666666666774e-01 1.488514406727578683e-02 6.949304709924298828e-01
1.266666666666666774e-01 1.537661338854164235e-02 6.366088458719905141e-01
1.266666666666666774e-01 1.577117761050022757e-02 5.887977516379911958e-01
1.266666666666666774e-01 1.625469480163346456e-02 5.511184918929197263e-01
1.266666666666666774e-01 1.673542313289811886e-02 5.233114840095747233e-01
1.266666666666666774e-01 1.732138002537258331e-02 5.016637669406722733e-01
1.266666666666666774e-01 1.779941655661776423e-02 4.876783931163663488e-01
1.266666666666666774e-01 1.827302945708778742e-02 4.819581551525699004e-01
1.266666666666666774e-01 1.886430404673197087e-02 4.788585805985757227e-01
1.266666666666666774e-01 1.945974373939411001e-02 4.839473251361841033e-01
1.266666666666666774e-01 1.992665614968628512e-02 4.896087272190458028e-01
1.266666666666666774e-01 2.052456824539932931e-02 5.006290972417184459e-01
1.266666666666666774e-01 2.112570579353561726e-02 5.157285997037495129e-01
1.266666666666666774e-01 2.172978690677811187e-02 5.339172040484785331e-01
1.266666666666666774e-01 2.218329086407078501e-02 5.534419297940894600e-01
1.266666666666666774e-01 2.278698538705434262e-02 5.749311881220567910e-01
1.266666666666666774e-01 2.339267230018439794e-02 5.985704807941844008e-01
1.266666666666666774e-01 2.400006635114125195e-02 6.242010526641120771e-01
1.266666666666666774e-01 2.478442931338547400e-02 6.500040288973928382e-01
1.266666666666666774e-01 2.540021141297849755e-02 6.765478983811294977e-01
1.266666666666666774e-01 2.601694322098680595e-02 7.043967511790438785e-01
1.266666666666666774e-01 2.663433679857812875e-02 7.337005364491023807e-01
1.266666666666666774e-01 2.725210339047698382e-02 7.648329324950786656e-01
1.266666666666666774e-01 2.807547917501171733e-02 7.944590854455865214e-01
1.266666666666666774e-01 2.869946600869581824e-02 8.240365322608863563e-01
1.266666666666666774e-01 2.932305978158464624e-02 8.561736629669599585e-01
1.266666666666666774e-01 3.017059764946335154e-02 8.866115862560443039e-01
1.266666666666666774e-01 3.079918116462417033e-02 9.170588559389656336e-01
1.266666666666666774e-01 3.166437809632072220e-02 9.501388042122961286e-01
1.266666666666666774e-01 3.229719509838137326e-02 9.789580921510199207e-01
1.266666666666666774e-01 3.292836687894696440e-02 1.012256732316803909e+00
1.266666666666666774e-01 3.381597618340916739e-02 1.040554537137915680e+00
1.266666666666666774e-01 3.445014002842224088e-02 1.073448099451683735e+00
1.266666666666666774e-01 3.535439602960691041e-02 1.101312371338751150e+00
1.266666666666666774e-01 3.627036635865942688e-02 1.133719605946040154e+00
1.266666666666666774e-01 3.691132320237968528e-02 1.161105383981611894e+00
1.266666666666666774e-01 3.784348116756402342e-02 1.191512162377107442e+00
1.266666666666666774e-01 3.848562316719338766e-02 1.220218878314720978e+00
1.266666666666666774e-01 3.943359921459691636e-02 1.248142363436381075e+00
1.266666666666666774e-01 4.039310889664365911e-02 1.279125502150696647e+00
1.266666666666666774e-01 4.136415221333356040e-02 1.312863242305802869e+00
1.266666666666666774e-01 4.234672916466666881e-02 1.349021381348338489e+00
1.266666666666666774e-01 4.334083975064296351e-02 1.387328118035361380e+00
1.233766233766233900e-01 1.077842296266099190e-02 2.423834195288180116e+00
1.233766233766233900e-01 1.135792592819614630e-02 1.835349000562037869e+00
1.233766233766233900e-01 1.195260218386615982e-02 1.420255872189159607e+00
1.233766233766233900e-01 1.256245172967103071e-02 1.158796013888686804e+00
1.233766233766233900e-01 1.304318519113838865e-02 1.017471527871044001e+00
1.233766233766233900e-01 1.344899223602589663e-02 9.063364390516419622e-01
1.233766233766233900e-01 1.392732485787060576e-02 8.112901081859154040e-01
1.233766233766233900e-01 1.432195289506627695e-02 7.321295409343662186e-01
1.233766233766233900e-01 1.479534149680705388e-02 6.664107512171517644e-01
1.233766233766233900e-01 1.526730647536001136e-02 6.136392537144306214e-01
1.233766233766233900e-01 1.573730147486978800e-02 5.712741696580175832e-01
1.233766233766233900e-01 1.620477749359072392e-02 5.377966725051767094e-01
1.233766233766233900e-01 1.666918280325422122e-02 5.123307109902149881e-01
1.233766233766233900e-01 1.712996286446041155e-02 4.947930744976611894e-01
1.233766233766233900e-01 1.758656023782896247e-02 4.855240485537851702e-01
1.233766233766233900e-01 1.815604792529774969e-02 4.788627471149298209e-01
1.233766233766233900e-01 1.860732817692610508e-02 4.806632684897833574e-01
1.233766233766233900e-01 1.917992570875575592e-02 4.835210258888152923e-01
1.233766233766233900e-01 1.975593861416072988e-02 4.923909375018692414e-01
1.233766233766233900e-01 2.033509778305233467e-02 5.057137004111865730e-01
1.233766233766233900e-01 2.077532221852795152e-02 5.201918783443588712e-01
1.233766233766233900e-01 2.135486411389357284e-02 5.372238800468382980e-01
1.233766233766233900e-01 2.193664480870633621e-02 5.569347482732723842e-01
1.233766233766233900e-01 2.252039213703648651e-02 5.787850922343961146e-01
1.233766233766233900e-01 2.310583323327653274e-02 6.025402120872415113e-01
1.233766233766233900e-01 2.369269452029850592e-02 6.280410095142164861e-01
1.233766233766233900e-01 2.428070169728435701e-02 6.551955081344755794e-01
1.233766233766233900e-01 2.504912450867723128e-02 6.824092673233156381e-01
1.233766233766233900e-01 2.564437954410644580e-02 7.094119026298595365e-01
1.233766233766233900e-01 2.624005226573323385e-02 7.378821887634009480e-01
1.233766233766233900e-01 2.683586580862653073e-02 7.682168259570035795e-01
1.233766233766233900e-01 2.763460014620791605e-02 7.987933108896266843e-01
1.233766233766233900e-01 2.823603470852758396e-02 8.274843797901935138e-01
1.233766233766233900e-01 2.883687557474878815e-02 8.587106002468741783e-01
1.233766233766233900e-01 2.965848791175604987e-02 8.895261545628332378e-01
1.233766233766233900e-01 3.026376990345868920e-02 9.191733847847106675e-01
1.233766233766233900e-01 3.110215113986491975e-02 9.522059060368089911e-01
1.233766233766233900e-01 3.171114913208520486e-02 9.803827417315662540e-01
1.233766233766233900e-01 3.231835303870533860e-02 1.012999276222433354e+00
1.233766233766233900e-01 3.317793412656409174e-02 1.041115423148569530e+00
1.233766233766233900e-01 3.378766390129116920e-02 1.073580386602239756e+00
1.233766233766233900e-01 3.466304295162663668e-02 1.101061892403205622e+00
1.233766233766233900e-01 3.554961720870523229e-02 1.132939039894030220e+00
1.233766233766233900e-01 3.616539082045790859e-02 1.160089979971377749e+00
1.233766233766233900e-01 3.706732277097943284e-02 1.189969328096766699e+00
1.233766233766233900e-01 3.768389004285634808e-02 1.218583348749874062e+00
1.233766233766233900e-01 3.860082529790456046e-02 1.245931755501221705e+00
1.233766233766233900e-01 3.952878242841795925e-02 1.276293679511639079e+00
1.233766233766233900e-01 4.046776143439658607e-02 1.309316781747815961e+00
1.233766233766233900e-01 4.141776231584042012e-02 1.344725483561191925e+00
1.202531645569620278e-01 1.032892242002174561e-02 2.750240148504259352e+00
1.202531645569620278e-01 1.088425794488663903e-02 2.083750684128810260e+00
1.202531645569620278e-01 1.145413397694839547e-02 1.595834514011653216e+00
1.202531645569620278e-01 1.203855051620701840e-02 1.266549313155541423e+00
1.202531645569620278e-01 1.263750756266250781e-02 1.077907065596406699e+00
1.202531645569620278e-01 1.303267504118428045e-02 9.584473044788102136e-01
1.202531645569620278e-01 1.342116241498729837e-02 8.570385123099838465e-01
1.202531645569620278e-01 1.388235442939046195e-02 7.723076465887239728e-01
1.202531645569620278e-01 1.425889473931246307e-02 6.998308126724359646e-01
1.202531645569620278e-01 1.471430773427994353e-02 6.406462811033941662e-01
1.202531645569620278e-01 1.516788156471484024e-02 5.929405970715515561e-01
1.202531645569620278e-01 1.561909028105546403e-02 5.549169693223705568e-01
1.202531645569620278e-01 1.606740540866504960e-02 5.254346573496968542e-01
1.202531645569620278e-01 1.651229587028072224e-02 5.041670833142428698e-01
1.202531645569620278e-01 1.695322790460983275e-02 4.912245579130884443e-01
1.202531645569620278e-01 1.750263273526378102e-02 4.809560072914618734e-01
1.202531645569620278e-01 1.793857334710792506e-02 4.792710334326853450e-01
1.202531645569620278e-01 1.849107143849947413e-02 4.795000015373953595e-01
1.202531645569620278e-01 1.904690188804107620e-02 4.862540262230595212e-01
1.202531645569620278e-01 1.947444569964636857e-02 4.963846587120754883e-01
1.202531645569620278e-01 2.003136579972107992e-02 5.081152878257112482e-01
1.202531645569620278e-01 2.059075092474029964e-02 5.234193892866454423e-01
1.202531645569620278e-01 2.115234092479385472e-02 5.414946164057465872e-01
1.202531645569620278e-01 2.171587501307215701e-02 5.617222249947022572e-01
1.202531645569620278e-01 2.228109175531634706e-02 5.837910892278910246e-01
1.202531645569620278e-01 2.284772905898264234e-02 6.074777398323336630e-01
1.202531645569620278e-01 2.341552416211064788e-02 6.326228201839180221e-01
1.202531645569620278e-01 2.398421362188443012e-02 6.593959888754604703e-01
1.202531645569620278e-01 2.455353330287527933e-02 6.878294457649538618e-01
1.202531645569620278e-01 2.530675440399636489e-02 7.149489049648488637e-01
1.202531645569620278e-01 2.588227352245426119e-02 7.425200148282654622e-01
1.202531645569620278e-01 2.645772178382453307e-02 7.720104598264163620e-01
1.202531645569620278e-01 2.723365446335427806e-02 8.035865154420125389e-01
1.202531645569620278e-01 2.781417497936038846e-02 8.312107315726697809e-01
1.202531645569620278e-01 2.839391934339974624e-02 8.616378425196309365e-01
1.202531645569620278e-01 2.919154872722783470e-02 8.928139778085557587e-01
1.202531645569620278e-01 2.977523231801952608e-02 9.215915315303027100e-01
1.202531645569620278e-01 3.035743008366978413e-02 9.543918507646714788e-01
1.202531645569620278e-01 3.117573782121671466e-02 9.820190954368716030e-01
1.202531645569620278e-01 3.176073573098667918e-02 1.014111590737854840e+00
1.202531645569620278e-01 3.259439956698532981e-02 1.042022645513976276e+00
1.202531645569620278e-01 3.318149776195320616e-02 1.074038008625595397e+00
1.202531645569620278e-01 3.403017863997398473e-02 1.101176252627979579e+00
1.202531645569620278e-01 3.488957622650788737e-02 1.132595888697839337e+00
1.202531645569620278e-01 3.548203344830907352e-02 1.159516686218549752e+00
1.202531645569620278e-01 3.635602521598923359e-02 1.188832718591699811e+00
1.202531645569620278e-01 3.694891967501480468e-02 1.217372338456056635e+00
1.202531645569620278e-01 3.783716528149042718e-02 1.244217794066751814e+00
1.202531645569620278e-01 3.873596108703795948e-02 1.273969370606859552e+00
1.202531645569620278e-01 3.964530709165737382e-02 1.306347913173599551e+00
1.172839506172839441e-01 9.912883993367243435e-03 3.104427863323250048e+00
1.172839506172839441e-01 1.044585117150292723e-02 2.360494237484999758e+00
1.172839506172839441e-01 1.099277318008325295e-02 1.800141287465903517e+00
1.172839506172839441e-01 1.155365001910821712e-02 1.403262001707340723e+00
1.172839506172839441e-01 1.212848168857782148e-02 1.151680333002882861e+00
1.172839506172839441e-01 1.257716179704563772e-02 1.014717858439981857e+00
1.172839506172839441e-01 1.302629838173818312e-02 9.063888955506853584e-01
1.172839506172839441e-01 1.339830943364197710e-02 8.130048540795866696e-01
1.172839506172839441e-01 1.376249892731563722e-02 7.366763900208652682e-01
1.172839506172839441e-01 1.420262063617123462e-02 6.707485126510186468e-01
1.172839506172839441e-01 1.464102592187945320e-02 6.174072445225680106e-01
1.172839506172839441e-01 1.507721016379775202e-02 5.745827314462647051e-01
1.172839506172839441e-01 1.551066639773622698e-02 5.408734771085211834e-01
1.172839506172839441e-01 1.594088524471002494e-02 5.157126485637512081e-01
1.172839506172839441e-01 1.647172922449762281e-02 4.986791662384698620e-01
1.172839506172839441e-01 1.689819716585137105e-02 4.850685712807799033e-01
1.172839506172839441e-01 1.731997975959486194e-02 4.798699866070891273e-01
1.172839506172839441e-01 1.785390246546333937e-02 4.774852922431359059e-01
1.172839506172839441e-01 1.839108176962662294e-02 4.821598307961714180e-01
1.172839506172839441e-01 1.880496374577575805e-02 4.883639097401696882e-01
1.172839506172839441e-01 1.934330080555569237e-02 4.982732688941105548e-01
1.172839506172839441e-01 1.988406208145707468e-02 5.119665309290289956e-01
1.172839506172839441e-01 2.042699790772744411e-02 5.285456412420612704e-01
1.172839506172839441e-01 2.097185802786536574e-02 5.473125571523578259e-01
1.172839506172839441e-01 2.151839158494239096e-02 5.678793180345851344e-01
1.172839506172839441e-01 2.206634711166546511e-02 5.899579135736855440e-01
1.172839506172839441e-01 2.261547252017034881e-02 6.133211402011548019e-01
1.172839506172839441e-01 2.316551509153612007e-02 6.380881957949208205e-01
1.172839506172839441e-01 2.371622146501077902e-02 6.642348413274908880e-01
1.172839506172839441e-01 2.426733762693657898e-02 6.919900876790328059e-01
1.172839506172839441e-01 2.500053380892855101e-02 7.210316067549294994e-01
1.172839506172839441e-01 2.555730223164948481e-02 7.476515086971461388e-01
1.172839506172839441e-01 2.611380624624714056e-02 7.762364790471127929e-01
1.172839506172839441e-01 2.666978952760762703e-02 8.071582569960307207e-01
1.172839506172839441e-01 2.742965784428674433e-02 8.353882993493625397e-01
1.172839506172839441e-01 2.798978752748356585e-02 8.648758046740506744e-01
1.172839506172839441e-01 2.876517383093803518e-02 8.964472486215875335e-01
1.172839506172839441e-01 2.932878224078798446e-02 9.243868975715622271e-01
1.172839506172839441e-01 2.989076578264528508e-02 9.562934207209899951e-01
1.172839506172839441e-01 3.068577959221677545e-02 9.840720629490263827e-01
1.172839506172839441e-01 3.125014664320249075e-02 1.015487600156598447e+00
1.172839506172839441e-01 3.205978307652588427e-02 1.043290043926888844e+00
1.172839506172839441e-01 3.262586075045652290e-02 1.074765888822964088e+00
1.172839506172839441e-01 3.344979371549237218e-02 1.101625079278583552e+00
1.172839506172839441e-01 3.428400114436082335e-02 1.132719579560643286e+00
1.172839506172839441e-01 3.485481001360952319e-02 1.159236753625249916e+00
1.172839506172839441e-01 3.570290727939444408e-02 1.188145657708245428e+00
1.172839506172839441e-01 3.627382791246524379e-02 1.216553417817353822e+00
1.172839506172839441e-01 3.713548771536875903e-02 1.242901165445190248e+00
1.172839506172839441e-01 3.800726180941244731e-02 1.272121369609022112e+00
1.144578313253012125e-01 9.526863505222856604e-03 3.484776127640757171e+00
1.144578313253012125e-01 1.003907625403136113e-02 2.664001706958938342e+00
1.144578313253012125e-01 1.056470041418832752e-02 2.031645857645420605e+00
1.144578313253012125e-01 1.110373598569375231e-02 1.567454639525183158e+00
1.144578313253012125e-01 1.165618296854763723e-02 1.253080592121567305e+00
1.144578313253012125e-01 1.222204136274998403e-02 1.071788870480786748e+00
1.144578313253012125e-01 1.258901261677188195e-02 9.558857144069421441e-01
1.144578313253012125e-01 1.294925183136203146e-02 8.574471722937497820e-01
1.144578313253012125e-01 1.337980802153610621e-02 7.734590782320787117e-01
1.144578313253012125e-01 1.372797352098116368e-02 7.037902412049190648e-01
1.144578313253012125e-01 1.415233108324210828e-02 6.445410816269940835e-01
1.144578313253012125e-01 1.457460273245723276e-02 5.966804413114483729e-01
1.144578313253012125e-01 1.499430145161269150e-02 5.585500734119769328e-01
1.144578313253012125e-01 1.541093797860300200e-02 5.293460969159513585e-01
1.144578313253012125e-01 1.592452829443509466e-02 5.080551007225587723e-01
1.144578313253012125e-01 1.633766192621752614e-02 4.911335243750494239e-01
1.144578313253012125e-01 1.674634275150493554e-02 4.823990108507949515e-01
1.144578313253012125e-01 1.726305452149371270e-02 4.774186982190760098e-01
1.144578313253012125e-01 1.766570246060486168e-02 4.794441651252279168e-01
1.144578313253012125e-01 1.818419787725085793e-02 4.824264802518328787e-01
1.144578313253012125e-01 1.870531998438971014e-02 4.906079309122374776e-01
1.144578313253012125e-01 1.922882938379669171e-02 5.028052266984468499e-01
1.144578313253012125e-01 1.975448613684806232e-02 5.180245876296939445e-01
1.144578313253012125e-01 2.014206742470814326e-02 5.347111338759840127e-01
1.144578313253012125e-01 2.066651597228186255e-02 5.533703126596452027e-01
1.144578313253012125e-01 2.119230303890167269e-02 5.743025447436507225e-01
1.144578313253012125e-01 2.187376850709077739e-02 5.972062098423572829e-01
1.144578313253012125e-01 2.240654341514235204e-02 6.202087157281049867e-01
1.144578313253012125e-01 2.294001419476325576e-02 6.443300649457033291e-01
1.144578313253012125e-01 2.347393686840920646e-02 6.697560494056068459e-01
1.144578313253012125e-01 2.400806684190512352e-02 6.967382601768739026e-01
1.144578313253012125e-01 2.454215889369950124e-02 7.256302542994462756e-01
1.144578313253012125e-01 2.526191334827522852e-02 7.532997866532887832e-01
1.144578313253012125e-01 2.580074936264747931e-02 7.807840180181579992e-01
1.144578313253012125e-01 2.633889671988128359e-02 8.108415407684642640e-01
1.144578313253012125e-01 2.707879731998192110e-02 8.399345249417604631e-01
1.144578313253012125e-01 2.762064260538902097e-02 8.684120678806274141e-01
1.144578313253012125e-01 2.837534953943234017e-02 9.005056903583116279e-01
1.144578313253012125e-01 2.892024987395303698e-02 9.273627644658750668e-01
1.144578313253012125e-01 2.946339858015540117e-02 9.585342022844464127e-01
1.144578313253012125e-01 3.023676132873699685e-02 9.864245698833462583e-01
1.144578313253012125e-01 3.078191067829184890e-02 1.017145278010354925e+00
1.144578313253012125e-01 3.156921748309692022e-02 1.044862656255081346e+00
1.144578313253012125e-01 3.211571968406348732e-02 1.075743961326496745e+00
1.144578313253012125e-01 3.291665652008032156e-02 1.102456051402712855e+00
1.144578313253012125e-01 3.372745804474538284e-02 1.133173866257273898e+00
1.144578313253012125e-01 3.427811425073504226e-02 1.159322452962453731e+00
1.144578313253012125e-01 3.510215415905403036e-02 1.187882323365094139e+00
1.144578313253012125e-01 3.565262407117974347e-02 1.216035773319006141e+00
1.144578313253012125e-01 3.648958720165372538e-02 1.241973295324061866e+00
1.117647058823529327e-01 9.660770869594324448e-03 2.992788139946692461e+00
1.117647058823529327e-01 1.016658778405000151e-02 2.288905408687858412e+00
1.117647058823529327e-01 1.068531072380091498e-02 1.757729930751749103e+00
1.117647058823529327e-01 1.121693968884706662e-02 1.380758555874283644e+00
1.117647058823529327e-01 1.176147467918845814e-02 1.141086620557254738e+00
1.117647058823529327e-01 1.218235409672508048e-02 1.009443225856409221e+00
1.117647058823529327e-01 1.260329252307525356e-02 9.039066540680886774e-01
1.117647058823529327e-01 1.294886175968684022e-02 8.131042380439414963e-01
1.117647058823529327e-01 1.336510561723864253e-02 7.378062223673047537e-01
1.117647058823529327e-01 1.369796335991598640e-02 6.742161499578473993e-01
1.117647058823529327e-01 1.410732056758657801e-02 6.211023798523210848e-01
1.117647058823529327e-01 1.451425034158674438e-02 5.783720846788817926e-01
1.117647058823529327e-01 1.491828211423418434e-02 5.449876201271761644e-01
1.117647058823529327e-01 1.541584449278190008e-02 5.193840735882429005e-01
1.117647058823529327e-01 1.581660634595379727e-02 4.990866788102700791e-01
1.117647058823529327e-01 1.621313286563179010e-02 4.867992992166728650e-01
1.117647058823529327e-01 1.671385942058547028e-02 4.792440836165099971e-01
1.117647058823529327e-01 1.710468282948478594e-02 4.775128801964005909e-01
1.117647058823529327e-01 1.760723453010559075e-02 4.785174116897205621e-01
1.117647058823529327e-01 1.811237039935523208e-02 4.850631426010185154e-01
1.117647058823529327e-01 1.849390530931410703e-02 4.955894370181435082e-01
1.117647058823529327e-01 1.899907749919334254e-02 5.067754024516378797e-01
1.117647058823529327e-01 1.950605949908457148e-02 5.211551114564445530e-01
1.117647058823529327e-01 2.001461908113485316e-02 5.381953851333713956e-01
1.117647058823529327e-01 2.052452348368765875e-02 5.574393530779975237e-01
1.117647058823529327e-01 2.103553940247382056e-02 5.785317246184286111e-01
1.117647058823529327e-01 2.154743298156429343e-02 6.014586751070953863e-01
1.117647058823529327e-01 2.205996980407635630e-02 6.260769051265298035e-01
1.117647058823529327e-01 2.273669663363528035e-02 6.513889355482579413e-01
1.117647058823529327e-01 2.325491697378006400e-02 6.759816316587935470e-01
1.117647058823529327e-01 2.377315812282022184e-02 7.021132975721675606e-01
1.117647058823529327e-01 2.429118367807156162e-02 7.301493400339480466e-01
1.117647058823529327e-01 2.499328291928690562e-02 7.593467015616327531e-01
1.117647058823529327e-01 2.551560091152826198e-02 7.858374959989589126e-01
1.117647058823529327e-01 2.603707598974568105e-02 8.148740658747992693e-01
1.117647058823529327e-01 2.675836735662827370e-02 8.448348948397149671e-01
1.117647058823529327e-01 2.728312642871625129e-02 8.723311488913557676e-01
1.117647058823529327e-01 2.780641166501255160e-02 9.033748588799318524e-01
1.117647058823529327e-01 2.854598727271243086e-02 9.307337748347289663e-01
1.117647058823529327e-01 2.907154308019667052e-02 9.610232221113546025e-01
1.117647058823529327e-01 2.982473572019912755e-02 9.891000766521071963e-01
1.117647058823529327e-01 3.035193941597526257e-02 1.019041021793022361e+00
1.117647058823529327e-01 3.111844680803672880e-02 1.046722243642526751e+00
1.117647058823529327e-01 3.164667399797716635e-02 1.077036680887914155e+00
1.117647058823529327e-01 3.242619337329661483e-02 1.103527398556291672e+00
1.117647058823529327e-01 3.321519684022035401e-02 1.134020613420170243e+00
1.117647058823529327e-01 3.374704601395531883e-02 1.159747099084523336e+00
1.117647058823529327e-01 3.454868385287133969e-02 1.187958289146146429e+00
1.117647058823529327e-01 3.508007304842179763e-02 1.215832577053306274e+00
1.091954022988505663e-01 9.308168549975960951e-03 3.345455184943533666e+00
1.091954022988505663e-01 9.795523975204042944e-03 2.570558778479706152e+00
1.091954022988505663e-01 1.029531437693450950e-02 1.972767361428861221e+00
1.091954022988505663e-01 1.080753975516735889e-02 1.533436965490122539e+00
1.091954022988505663e-01 1.133220010990259631e-02 1.235507488808923249e+00
1.091954022988505663e-01 1.186929544114021656e-02 1.063719335176344760e+00
1.091954022988505663e-01 1.221165673741715293e-02 9.512615900291490068e-01
1.091954022988505663e-01 1.254725248648128587e-02 8.557997044307603662e-01
1.091954022988505663e-01 1.295113721873071728e-02 7.733711381973511489e-01
1.091954022988505663e-01 1.335371217897300677e-02 7.054452795852580449e-01
1.091954022988505663e-01 1.367191324000164958e-02 6.477462767894585083e-01
1.091954022988505663e-01 1.406696426820462989e-02 6.002516081910579393e-01
1.091954022988505663e-01 1.445927144176520004e-02 5.625610579617041918e-01
1.091954022988505663e-01 1.494191078672733701e-02 5.325971135835629866e-01
1.091954022988505663e-01 1.533116724023192955e-02 5.088664347450333469e-01
1.091954022988505663e-01 1.571639212291361942e-02 4.930142445519494765e-01
1.091954022988505663e-01 1.620223810034069831e-02 4.829072837996486456e-01
1.091954022988505663e-01 1.658206921667992190e-02 4.774847184619941398e-01
1.091954022988505663e-01 1.706978068449333322e-02 4.765834641858969767e-01
1.091954022988505663e-01 1.756003741671727583e-02 4.815844661528861925e-01
1.091954022988505663e-01 1.793107341540639207e-02 4.875769189966870365e-01
1.091954022988505663e-01 1.842147265956617722e-02 4.972190869489362397e-01
1.091954022988505663e-01 1.891367122143149115e-02 5.101468616420582469e-01
1.091954022988505663e-01 1.940744539348273137e-02 5.257499043539233252e-01
1.091954022988505663e-01 1.990257097040884493e-02 5.435068506929663368e-01
1.091954022988505663e-01 2.039882324098026348e-02 5.629939549855597081e-01
1.091954022988505663e-01 2.089597697970424495e-02 5.841461029621964895e-01
1.091954022988505663e-01 2.139380643825490591e-02 6.067626793645312100e-01
1.091954022988505663e-01 2.189208533666931952e-02 6.309252272210071899e-01
1.091954022988505663e-01 2.239058685430155016e-02 6.567857261958652826e-01
1.091954022988505663e-01 2.305701329593996124e-02 6.829466143337510342e-01
1.091954022988505663e-01 2.356035789465821956e-02 7.081360284000073335e-01
1.091954022988505663e-01 2.406332296004306398e-02 7.351003972755241200e-01
1.091954022988505663e-01 2.456567975829591910e-02 7.644660440895724163e-01
1.091954022988505663e-01 2.525576793428710790e-02 7.913131410439112612e-01
1.091954022988505663e-01 2.576162234906977447e-02 8.192527096732432623e-01
1.091954022988505663e-01 2.646553338027999094e-02 8.501778389742514763e-01
1.091954022988505663e-01 2.697428880530251469e-02 8.764453646910862483e-01
1.091954022988505663e-01 2.748145040890860938e-02 9.065870971435094905e-01
1.091954022988505663e-01 2.820279047989271773e-02 9.343962458614785138e-01
1.091954022988505663e-01 2.871187506984000659e-02 9.637849982586704778e-01
1.091954022988505663e-01 2.944623671676466214e-02 9.920537857434951201e-01
1.091954022988505663e-01 2.995664337892942064e-02 1.021164339420309819e+00
1.091954022988505663e-01 3.070373481582194114e-02 1.048931227056199234e+00
1.091954022988505663e-01 3.121486101737158333e-02 1.078495123149704638e+00
1.091954022988505663e-01 3.197438999688265865e-02 1.104928119352966309e+00
1.091954022988505663e-01 3.274304877457553942e-02 1.135238958285239574e+00
1.091954022988505663e-01 3.325730536255601388e-02 1.160433040486438250e+00
1.091954022988505663e-01 3.403803719177008608e-02 1.188374099142778473e+00
1.067415730337078622e-01 8.978839924181240828e-03 3.720685204323048723e+00
1.067415730337078622e-01 9.448952420083081213e-03 2.875321051732262490e+00
1.067415730337078622e-01 9.931059935507444841e-03 2.211318246029750689e+00
1.067415730337078622e-01 1.042516247045432304e-02 1.709906062416168826e+00
1.067415730337078622e-01 1.093126002492372795e-02 1.353882617225728557e+00
1.067415730337078622e-01 1.144935259891564742e-02 1.127832075470413198e+00
1.067415730337078622e-01 1.184589505989448559e-02 1.001932163864336145e+00
1.067415730337078622e-01 1.224215811234377616e-02 8.998347412231452180e-01
1.067415730337078622e-01 1.256455662428952562e-02 8.115748651020351367e-01
1.067415730337078622e-01 1.295569863154027654e-02 7.375094011367705482e-01
1.067415730337078622e-01 1.334519165044494894e-02 6.760841574636496931e-01
1.067415730337078622e-01 1.364932947098667672e-02 6.241049424642753918e-01
1.067415730337078622e-01 1.403070693696729411e-02 5.819936954383677641e-01
1.067415730337078622e-01 1.449942225420165244e-02 5.476281978910534365e-01
1.067415730337078622e-01 1.487795555124660045e-02 5.204136497551560270e-01
1.067415730337078622e-01 1.525264853434461776e-02 5.009893355026477924e-01
1.067415730337078622e-01 1.572461247488232336e-02 4.883560177308192141e-01
1.067415730337078622e-01 1.609420236662599188e-02 4.793083643071757161e-01
1.067415730337078622e-01 1.656807095429518872e-02 4.765730495989452531e-01
1.067415730337078622e-01 1.693109134594609350e-02 4.779468179007558271e-01
1.067415730337078622e-01 1.740570719518264031e-02 4.817512591812753153e-01
1.067415730337078622e-01 1.788232849253577200e-02 4.899886229630945889e-01
1.067415730337078622e-01 1.836073994320850875e-02 5.016224627128693658e-01
1.067415730337078622e-01 1.884072579469945469e-02 5.159651127455399111e-01
1.067415730337078622e-01 1.932206982948297611e-02 5.324307640095204963e-01
1.067415730337078622e-01 1.980455535749707854e-02 5.505269852309980783e-01
1.067415730337078622e-01 2.028796520843188095e-02 5.701371455701971236e-01
1.067415730337078622e-01 2.077208172381195955e-02 5.910030288631523687e-01
1.067415730337078622e-01 2.125668674886450893e-02 6.131621974791832130e-01
1.067415730337078622e-01 2.174156162416610721e-02 6.367173514693886816e-01
1.067415730337078622e-01 2.222648717705929394e-02 6.618943578327093347e-01
1.067415730337078622e-01 2.271124371283101892e-02 6.889731162476040449e-01
1.067415730337078622e-01 2.336767722340670969e-02 7.146861757081263145e-01
1.067415730337078622e-01 2.385649398227715143e-02 7.406719105151921001e-01
1.067415730337078622e-01 2.434455859666528540e-02 7.689890589572841995e-01
1.067415730337078622e-01 2.501896304796609807e-02 7.972035597054487610e-01
1.067415730337078622e-01 2.551014996256235901e-02 8.240668520631571070e-01
1.067415730337078622e-01 2.599999843750550044e-02 8.541083166041073538e-01
1.067415730337078622e-01 2.669152832191734256e-02 8.809734284065079413e-01
1.067415730337078622e-01 2.718355679273016037e-02 9.100687278904384669e-01
1.067415730337078622e-01 2.788783502278119331e-02 9.383788137297074394e-01
1.067415730337078622e-01 2.838146446133699499e-02 9.667835399846737010e-01
1.067415730337078622e-01 2.909820951044229942e-02 9.952758974639416278e-01
1.067415730337078622e-01 2.959285938328225229e-02 1.023592220759202087e+00
1.067415730337078622e-01 3.032178929426901023e-02 1.051351969961768384e+00
1.067415730337078622e-01 3.081687753429656826e-02 1.080234417689453386e+00
1.067415730337078622e-01 3.155770991358926997e-02 1.106634384530786885e+00
1.067415730337078622e-01 3.230734158107825132e-02 1.136757338370311565e+00
1.067415730337078622e-01 3.280510490256917377e-02 1.161401133284033937e+00
1.043956043956044133e-01 9.124619982606553895e-03 3.201978570331543317e+00
1.043956043956044133e-01 9.590179303199180064e-03 2.472201147000224530e+00
1.043956043956044133e-01 1.006732191789267220e-02 1.909019392960974226e+00
1.043956043956044133e-01 1.055604782668703723e-02 1.495102607410946582e+00
1.043956043956044133e-01 1.105635702958226996e-02 1.214890499322602180e+00
1.043956043956044133e-01 1.156824952657837038e-02 1.054053820585050705e+00
1.043956043956044133e-01 1.188893525366209632e-02 9.448843962311718192e-01
1.043956043956044133e-01 1.220283544547908286e-02 8.522879255266415655e-01
1.043956043956044133e-01 1.258329396567443685e-02 7.718715578033139568e-01
1.043956043956044133e-01 1.296220690966939926e-02 7.051116143164227745e-01
1.043956043956044133e-01 1.333915477823623998e-02 6.493454647358343212e-01
1.043956043956044133e-01 1.371371638093146599e-02 6.028515892427804834e-01
1.043956043956044133e-01 1.408546878662872252e-02 5.644140968125872515e-01
1.043956043956044133e-01 1.445398727169714542e-02 5.336715162391167944e-01
1.043956043956044133e-01 1.481884526567323751e-02 5.106720585047616057e-01
1.043956043956044133e-01 1.527783239937700703e-02 4.955398051329957254e-01
1.043956043956044133e-01 1.563786087894031979e-02 4.829341554144886417e-01
1.043956043956044133e-01 1.609879061476627779e-02 4.784361677487876663e-01
1.043956043956044133e-01 1.645257450850574552e-02 4.757291570931928559e-01
1.043956043956044133e-01 1.691432955132105009e-02 4.780576208351682288e-01
1.043956043956044133e-01 1.737807461736841710e-02 4.850259180497094591e-01
1.043956043956044133e-01 1.772190013758232277e-02 4.949818293561088489e-01
1.043956043956044133e-01 1.818485694865464714e-02 5.061040806421325255e-01
1.043956043956044133e-01 1.864910529271000816e-02 5.201648862068354306e-01
1.043956043956044133e-01 1.911443572228496701e-02 5.366130443917374038e-01
1.043956043956044133e-01 1.958063833568661830e-02 5.552499098405764277e-01
1.043956043956044133e-01 2.004750276951840909e-02 5.757555184955859273e-01
1.043956043956044133e-01 2.051481819100394594e-02 5.981067342375139262e-01
1.043956043956044133e-01 2.113463840379925865e-02 6.206515096167849466e-01
1.043956043956044133e-01 2.160688610255493899e-02 6.434779874980469661e-01
1.043956043956044133e-01 2.207902487305724026e-02 6.678481449267245074e-01
1.043956043956044133e-01 2.255084222174976935e-02 6.939420970934835342e-01
1.043956043956044133e-01 2.319335462331930872e-02 7.219526729328346049e-01
1.043956043956044133e-01 2.366885247497695424e-02 7.467724971904049491e-01
1.043956043956044133e-01 2.414346490443290347e-02 7.739549657974101882e-01
1.043956043956044133e-01 2.480316137259732517e-02 8.036000520298738348e-01
1.043956043956044133e-01 2.528054711711838140e-02 8.291332297230157300e-01
1.043956043956044133e-01 2.575648042999839973e-02 8.581471104463557209e-01
1.043956043956044133e-01 2.643254305206630544e-02 8.858209194125961083e-01
1.043956043956044133e-01 2.691033833263148378e-02 9.138466478906387414e-01
1.043956043956044133e-01 2.759862219877333087e-02 9.426430969287139527e-01
1.043956043956044133e-01 2.807771945843251168e-02 9.700144464460075389e-01
1.043956043956044133e-01 2.877795224184307582e-02 9.988402351899184906e-01
1.043956043956044133e-01 2.925779006359641513e-02 1.026177677724827486e+00
1.043956043956044133e-01 2.996969902956572729e-02 1.054087190469045643e+00
1.043956043956044133e-01 3.044971454117206822e-02 1.082226481358970593e+00
1.043956043956044133e-01 3.117302654158540451e-02 1.108579803811501119e+00
1.043956043956044133e-01 3.165265538791268984e-02 1.138310484747375062e+00
1.021505376344086086e-01 8.820534157969902450e-03 3.549384324022768045e+00
1.021505376344086086e-01 9.270578312978696583e-03 2.754297635060181548e+00
1.021505376344086086e-01 9.731819738829812494e-03 2.129689917576578218e+00
1.021505376344086086e-01 1.020425843552325365e-02 1.658113957464750321e+00
1.021505376344086086e-01 1.068789440305901832e-02 1.323876229490840606e+00
1.021505376344086086e-01 1.118272764143710823e-02 1.112515059451531396e+00
1.021505376344086086e-01 1.155778754693727491e-02 9.926602617090551917e-01
1.021505376344086086e-01 1.193227726229728961e-02 8.944589391876841544e-01
1.021505376344086086e-01 1.223419500069928244e-02 8.084259169181196025e-01
1.021505376344086086e-01 1.260320321987716714e-02 7.361609286862120793e-01
1.021505376344086086e-01 1.297035822816814364e-02 6.756929492833175788e-01
1.021505376344086086e-01 1.333525303885083058e-02 6.250795692855938279e-01
1.021505376344086086e-01 1.369747903299152123e-02 5.828942281658464619e-01
1.021505376344086086e-01 1.405662591131002885e-02 5.485854461777257551e-01
1.021505376344086086e-01 1.441228164373678164e-02 5.220118053578090000e-01
1.021505376344086086e-01 1.476403241651117783e-02 5.035938348592642333e-01
1.021505376344086086e-01 1.521019894890956146e-02 4.883140158610290715e-01
1.021505376344086086e-01 1.555662140606045747e-02 4.808558216926439033e-01
1.021505376344086086e-01 1.600415698924469513e-02 4.754748711105749592e-01
1.021505376344086086e-01 1.645386917664289766e-02 4.764427485159669629e-01
1.021505376344086086e-01 1.679169974498081683e-02 4.810194518179791712e-01
1.021505376344086086e-01 1.724122548171362276e-02 4.871009218478674629e-01
1.021505376344086086e-01 1.769225427879329154e-02 4.968729532249641645e-01
1.021505376344086086e-01 1.814458415407898748e-02 5.095829414415516956e-01
1.021505376344086086e-01 1.859801270665915190e-02 5.246110960097319920e-01
1.021505376344086086e-01 1.905233711010140968e-02 5.417070927341041120e-01
1.021505376344086086e-01 1.950735410552384072e-02 5.604932157204307597e-01
1.021505376344086086e-01 1.996285999448079579e-02 5.809020791982082432e-01
1.021505376344086086e-01 2.041865063165700447e-02 6.029353133095982642e-01
1.021505376344086086e-01 2.087452141736247102e-02 6.267277333982138599e-01
1.021505376344086086e-01 2.148671408722332282e-02 6.512110706692079143e-01
1.021505376344086086e-01 2.194678580442232380e-02 6.745180171076814446e-01
1.021505376344086086e-01 2.240639440441312413e-02 6.997008151258778952e-01
1.021505376344086086e-01 2.286533368055413545e-02 7.270511241602296559e-01
1.021505376344086086e-01 2.349875994513042285e-02 7.533963470423901132e-01
1.021505376344086086e-01 2.396068585340058524e-02 7.794525514787573606e-01
1.021505376344086086e-01 2.442139522315446218e-02 8.083647309988306606e-01
1.021505376344086086e-01 2.507093851664491183e-02 8.346694875966856886e-01
1.021505376344086086e-01 2.553375454345499854e-02 8.625105340171433932e-01
1.021505376344086086e-01 2.619528929380198629e-02 8.910176077422355956e-01
1.021505376344086086e-01 2.665967121288112529e-02 9.178889477467394586e-01
1.021505376344086086e-01 2.733293412285669327e-02 9.471843452506789607e-01
1.021505376344086086e-01 2.779833983678159717e-02 9.735640759861692306e-01
1.021505376344086086e-01 2.848306722727675031e-02 1.002610711530571130e+00
1.021505376344086086e-01 2.894895328125817943e-02 1.029047941718684633e+00
1.021505376344086086e-01 2.964488108619298817e-02 1.057113250018518968e+00
1.021505376344086086e-01 3.011070264260086796e-02 1.084409029247620282e+00
1.021505376344086086e-01 3.081756640371444145e-02 1.110790492910098681e+00
1.000000000000000056e-01 8.970399028709101497e-03 3.056548361165296157e+00
1.000000000000000056e-01 9.416705558762656844e-03 2.370886399365481179e+00
1.000000000000000056e-01 9.873846794494449755e-03 1.841915748534297403e+00
1.000000000000000056e-01 1.034182273590448023e-02 1.453820333492678474e+00
1.000000000000000056e-01 1.082063338299274653e-02 1.192016366546320594e+00
1.000000000000000056e-01 1.124678284494236465e-02 1.043023249567925248e+00
1.000000000000000056e-01 1.161171688983643653e-02 9.371857294982626208e-01
1.000000000000000056e-01 1.190635950461852409e-02 8.470720098550434951e-01
1.000000000000000056e-01 1.226607817493752771e-02 7.691452950258399479e-01
1.000000000000000056e-01 1.262404941986919327e-02 7.038450739355843755e-01
1.000000000000000056e-01 1.297987958459571704e-02 6.490115334942314629e-01
1.000000000000000056e-01 1.333317348151388110e-02 6.030105206938867202e-01
1.000000000000000056e-01 1.368353434545366981e-02 5.651029627358674645e-01
1.000000000000000056e-01 1.403056378676669803e-02 5.349597860074771782e-01
1.000000000000000056e-01 1.437386174214704687e-02 5.128379282904984571e-01
1.000000000000000056e-01 1.480869427077695019e-02 4.954013925455241774e-01
1.000000000000000056e-01 1.514693246179503114e-02 4.840975451571483124e-01
1.000000000000000056e-01 1.558318961882276983e-02 4.771346136181386366e-01
1.000000000000000056e-01 1.591504100429808055e-02 4.766388392517594275e-01
1.000000000000000056e-01 1.635167476088135105e-02 4.767849066041296990e-01
1.000000000000000056e-01 1.679000939810121329e-02 4.816097670814077913e-01
1.000000000000000056e-01 1.722984990918664805e-02 4.902052930002380182e-01
1.000000000000000056e-01 1.767100090051345815e-02 5.017550939260831955e-01
1.000000000000000056e-01 1.811326658549401031e-02 5.155706989296855447e-01
1.000000000000000056e-01 1.855645077830788206e-02 5.313499911321941660e-01
1.000000000000000056e-01 1.900035688746819565e-02 5.486573421721283594e-01
1.000000000000000056e-01 1.944478790921723779e-02 5.673809882184713826e-01
1.000000000000000056e-01 1.988954642074580725e-02 5.874722360343983540e-01
1.000000000000000056e-01 2.033443457322937908e-02 6.090270128654293735e-01
1.000000000000000056e-01 2.077925408467490992e-02 6.322035614833521056e-01
1.000000000000000056e-01 2.122380623257072788e-02 6.571036982666215165e-01
1.000000000000000056e-01 2.182850908929079639e-02 6.820877730813358353e-01
1.000000000000000056e-01 2.227657665004803902e-02 7.061445860349482295e-01
1.000000000000000056e-01 2.272384928026673079e-02 7.323683072371537373e-01
1.000000000000000056e-01 2.334475614564960125e-02 7.606323688107505809e-01
1.000000000000000056e-01 2.379469518001904593e-02 7.852988238031397561e-01
1.000000000000000056e-01 2.424330904582974386e-02 8.130964315556976629e-01
1.000000000000000056e-01 2.487965356214172016e-02 8.405867041702493880e-01
1.000000000000000056e-01 2.533008112989571306e-02 8.672240763411636078e-01
1.000000000000000056e-01 2.597794686663490449e-02 8.965281017839688005e-01
1.000000000000000056e-01 2.642966414711752504e-02 9.221941233474552080e-01
1.000000000000000056e-01 2.708879593015784890e-02 9.520846980329300546e-01
1.000000000000000056e-01 2.754127766604660271e-02 9.772849749911620698e-01
1.000000000000000056e-01 2.821141995847846820e-02 1.006700941630338519e+00
1.000000000000000056e-01 2.866413960083044957e-02 1.032173287990513222e+00
1.000000000000000056e-01 2.934503649813206133e-02 1.060373269699813603e+00
1.000000000000000056e-01 2.979746618216307791e-02 1.086826417937325706e+00
