1.000000000000000056e-01 1.113834159810214545e-02 1.095570999758474162e+00
1.000000000000000056e-01 1.163789267571264073e-02 9.297408613786580789e-01
1.000000000000000056e-01 1.212621543101945372e-02 7.975486749102378425e-01
1.000000000000000056e-01 1.267883540054082214e-02 6.948259138573866789e-01
1.000000000000000056e-01 1.322646046724772380e-02 6.163588458307496243e-01
1.000000000000000056e-01 1.376766050845782373e-02 5.575572177554893871e-01
1.000000000000000056e-01 1.430099654136147806e-02 5.170034099972692365e-01
1.000000000000000056e-01 1.492354369827145893e-02 4.911954123671830041e-01
1.000000000000000056e-01 1.554668291760658710e-02 4.789189123793569092e-01
1.000000000000000056e-01 1.616946801522130620e-02 4.764641525078079365e-01
1.000000000000000056e-01 1.679094890269311816e-02 4.819403301235694603e-01
1.000000000000000056e-01 1.741017146179178396e-02 4.946888811512480388e-01
1.000000000000000056e-01 1.802617741230287327e-02 5.151123753207894618e-01
1.000000000000000056e-01 1.877281808350830805e-02 5.395377494825466247e-01
1.000000000000000056e-01 1.938616100062413167e-02 5.693433745857081618e-01
1.000000000000000056e-01 2.014175373041745057e-02 6.004911413914143514e-01
1.000000000000000056e-01 2.090431453787457844e-02 6.359904929829556242e-01
1.000000000000000056e-01 2.167337464713921594e-02 6.742104644715115613e-01
1.000000000000000056e-01 2.244846431479435508e-02 7.139704733209220056e-01
1.000000000000000056e-01 2.322911281348186488e-02 7.545951619384307918e-01
1.000000000000000056e-01 2.401484841506116436e-02 7.955387964440484572e-01
1.000000000000000056e-01 2.480519837328916052e-02 8.366320053162890069e-01
1.000000000000000056e-01 2.559968890600302846e-02 8.780876863422354406e-01
1.000000000000000056e-01 2.639784517678632481e-02 9.200782229336038620e-01
1.000000000000000056e-01 2.719919127609807946e-02 9.631196421613819059e-01
1.000000000000000056e-01 2.822742593346575651e-02 1.007435692343470413e+00
1.000000000000000056e-01 2.904224406273318154e-02 1.047008476045129255e+00
1.000000000000000056e-01 2.985898635824223504e-02 1.088558672587779164e+00
1.000000000000000056e-01 3.092720244633135121e-02 1.131597967763413815e+00
1.000000000000000056e-01 3.175537503780229837e-02 1.169741217767669372e+00
1.000000000000000056e-01 3.258419952679800918e-02 1.211660775119316469e+00
1.000000000000000056e-01 3.369054556385499277e-02 1.248852128181489718e+00
1.000000000000000056e-01 3.481536148466918973e-02 1.291852214545869071e+00
1.000000000000000056e-01 3.595864728924060699e-02 1.339611837555088725e+00
1.000000000000000056e-01 3.712040297756923762e-02 1.391562612706435775e+00
1.000000000000000056e-01 3.830062854965506774e-02 1.447153589350459901e+00
1.000000000000000056e-01 3.949932400549811817e-02 1.505683625263831704e+00
1.000000000000000056e-01 4.071648934509837503e-02 1.566662504945726342e+00
1.000000000000000056e-01 4.195212456845586607e-02 1.629724358958784869e+00
1.000000000000000056e-01 4.320622967557054273e-02 1.694523847807433814e+00
1.000000000000000056e-01 4.447880466644243969e-02 1.760573789102848563e+00
1.000000000000000056e-01 4.576984954107155001e-02 1.827821023436281944e+00
1.000000000000000056e-01 4.707936429945786677e-02 1.895787118958222939e+00
1.000000000000000056e-01 4.840734894160138996e-02 1.964340755986049736e+00
1.000000000000000056e-01 4.975380346750214039e-02 2.033097532486431547e+00
1.000000000000000056e-01 5.111872787716009725e-02 2.101843531652109576e+00
1.000000000000000056e-01 5.250212217057526748e-02 2.170758065551928517e+00
1.000000000000000056e-01 5.390398634774764414e-02 2.239460852557589199e+00
1.000000000000000056e-01 5.532432040867723416e-02 2.307914377083730706e+00
1.000000000000000056e-01 5.676312435336403756e-02 2.375988576103572836e+00
9.499999999999998723e-02 1.029938036085538064e-02 1.285076083400498170e+00
9.499999999999998723e-02 1.094898984096408928e-02 1.044617522769117235e+00
9.499999999999998723e-02 1.141214353357901737e-02 8.922458920085343248e-01
9.499999999999998723e-02 1.186346557938357249e-02 7.716920465507505211e-01
9.499999999999998723e-02 1.237771627609576645e-02 6.757890171615292818e-01
9.499999999999998723e-02 1.288621515225256593e-02 6.031874379258614915e-01
9.499999999999998723e-02 1.338763315206351404e-02 5.508760638366513307e-01
9.499999999999998723e-02 1.397204462451440143e-02 5.119882574883292126e-01
9.499999999999998723e-02 1.455721189095125247e-02 4.893772919523429743e-01
9.499999999999998723e-02 1.514226034046776623e-02 4.783592177891197728e-01
9.499999999999998723e-02 1.572631199456672735e-02 4.761844486158438028e-01
9.499999999999998723e-02 1.630848540112382963e-02 4.814203165782527938e-01
9.499999999999998723e-02 1.688789552284057985e-02 4.937785345523622582e-01
9.499999999999998723e-02 1.746365361979596367e-02 5.142026770845236072e-01
9.499999999999998723e-02 1.816604573557934615e-02 5.369310285995624321e-01
9.499999999999998723e-02 1.887554187647999884e-02 5.670771232844405985e-01
9.499999999999998723e-02 1.944794159729042876e-02 5.965129282522841914e-01
9.499999999999998723e-02 2.016382706325763399e-02 6.300414543151210411e-01
9.499999999999998723e-02 2.088536516772728294e-02 6.663492911532149510e-01
9.499999999999998723e-02 2.161212020636934031e-02 7.044699856720596509e-01
9.499999999999998723e-02 2.234365560305442630e-02 7.435968664452068388e-01
9.499999999999998723e-02 2.307953389496748137e-02 7.833602978571723163e-01
9.499999999999998723e-02 2.381931671729877950e-02 8.237626257860805046e-01
9.499999999999998723e-02 2.456256478749604261e-02 8.648070430449283919e-01
9.499999999999998723e-02 2.530883788906050647e-02 9.068687449386872990e-01
9.499999999999998723e-02 2.626560987507543105e-02 9.501852876775896961e-01
9.499999999999998723e-02 2.702450352129147360e-02 9.892052592393320021e-01
9.499999999999998723e-02 2.778525128530758351e-02 1.029806821049166210e+00
9.499999999999998723e-02 2.854740962801478529e-02 1.072755032780163154e+00
9.499999999999998723e-02 2.955075737866251148e-02 1.110869156225197774e+00
9.499999999999998723e-02 3.032291346492449469e-02 1.151045059044797814e+00
9.499999999999998723e-02 3.135248103543825798e-02 1.190435205173923983e+00
9.499999999999998723e-02 3.213347028323259441e-02 1.228271618513508745e+00
9.499999999999998723e-02 3.318868668368888525e-02 1.267122953018709586e+00
9.499999999999998723e-02 3.426095019885368187e-02 1.311023222852931935e+00
9.499999999999998723e-02 3.535026082872697040e-02 1.359364907289378310e+00
9.499999999999998723e-02 3.645661857330877165e-02 1.411369406166719020e+00
9.499999999999998723e-02 3.758002343259906480e-02 1.466505518280071252e+00
9.499999999999998723e-02 3.872047540659787762e-02 1.524320358644192241e+00
9.499999999999998723e-02 3.987797449530518235e-02 1.584445881464116246e+00
9.499999999999998723e-02 4.105252069872098591e-02 1.646333045920932214e+00
9.499999999999998723e-02 4.224411401684528833e-02 1.709889570801424785e+00
9.499999999999998723e-02 4.345275444967810347e-02 1.774587954196762629e+00
9.499999999999998723e-02 4.467844199721940357e-02 1.840281359665969063e+00
9.499999999999998723e-02 4.592117665946923721e-02 1.906540202420933028e+00
9.499999999999998723e-02 4.718095843642755582e-02 1.973116250775230895e+00
9.499999999999998723e-02 4.845778732809437328e-02 2.040173953383155769e+00
9.499999999999998723e-02 4.975166333446969652e-02 2.107290822578977707e+00
9.499999999999998723e-02 5.106258645555351861e-02 2.174416774241839878e+00
9.499999999999998723e-02 5.239055669134583954e-02 2.241395816880926706e+00
9.047619047619047394e-02 9.572249057261545888e-03 1.589824544843244869e+00
9.047619047619047394e-02 1.023449684015784004e-02 1.186248537130613290e+00
9.047619047619047394e-02 1.079341027712359818e-02 9.966440951275156168e-01
9.047619047619047394e-02 1.122416362333576896e-02 8.565661380927254154e-01
9.047619047619047394e-02 1.171392492539983544e-02 7.458496855546961068e-01
9.047619047619047394e-02 1.219867228573008784e-02 6.589685579617604594e-01
9.047619047619047394e-02 1.267717313256979013e-02 5.913511297090628949e-01
9.047619047619047394e-02 1.314818801921746778e-02 5.414658268990568679e-01
9.047619047619047394e-02 1.370055206539430408e-02 5.080485099937220861e-01
9.047619047619047394e-02 1.415791841102401714e-02 4.870996456471930469e-01
9.047619047619047394e-02 1.470449806123338109e-02 4.761341554507354523e-01
9.047619047619047394e-02 1.524938978850085697e-02 4.753730785456153352e-01
9.047619047619047394e-02 1.590275055580995037e-02 4.813592198212602868e-01
9.047619047619047394e-02 1.644738497581839723e-02 4.934269978082383989e-01
9.047619047619047394e-02 1.698800182174745391e-02 5.136665853169204432e-01
9.047619047619047394e-02 1.765187000662839928e-02 5.353712570148221328e-01
9.047619047619047394e-02 1.832201762399202766e-02 5.639269413614576010e-01
9.047619047619047394e-02 1.885793569960016874e-02 5.938857211862100804e-01
9.047619047619047394e-02 1.953321900533993433e-02 6.258970491566920868e-01
9.047619047619047394e-02 2.021342895167741946e-02 6.607691951807268538e-01
9.047619047619047394e-02 2.089815947242180949e-02 6.974327160567072026e-01
9.047619047619047394e-02 2.158700372333734532e-02 7.353154433217445884e-01
9.047619047619047394e-02 2.227955406888444678e-02 7.742052940655960169e-01
9.047619047619047394e-02 2.297540206858466119e-02 8.139329443407187226e-01
9.047619047619047394e-02 2.367413846299526795e-02 8.547290039906253467e-01
9.047619047619047394e-02 2.437535315927792309e-02 8.966933413461485314e-01
9.047619047619047394e-02 2.527974254647269436e-02 9.351938645271988815e-01
9.047619047619047394e-02 2.599217228094554202e-02 9.747599874683224863e-01
9.047619047619047394e-02 2.670598951761659137e-02 1.016257914875702939e+00
9.047619047619047394e-02 2.764461739525866241e-02 1.055670599772874585e+00
9.047619047619047394e-02 2.836788901366131196e-02 1.094186145084248940e+00
9.047619047619047394e-02 2.933107675636234535e-02 1.135811890976270888e+00
9.047619047619047394e-02 3.006271960947898975e-02 1.171504748126684481e+00
9.047619047619047394e-02 3.079396937748070731e-02 1.211457775274146220e+00
9.047619047619047394e-02 3.178886411873006052e-02 1.246622064449000034e+00
9.047619047619047394e-02 3.279957594648575531e-02 1.287057211445266525e+00
9.047619047619047394e-02 3.382610486074780903e-02 1.331906418067335895e+00
9.047619047619047394e-02 3.486845086151620782e-02 1.380597443911402822e+00
9.047619047619047394e-02 3.592661394879095860e-02 1.432587871358145026e+00
9.047619047619047394e-02 3.700059412257205443e-02 1.487487334266443639e+00
9.047619047619047394e-02 3.809039138285949533e-02 1.544683625040919495e+00
9.047619047619047394e-02 3.919600572965328822e-02 1.604043949227130783e+00
9.047619047619047394e-02 4.031743716295342617e-02 1.664990826178049943e+00
9.047619047619047394e-02 4.145468568275992305e-02 1.727361899922553956e+00
9.047619047619047394e-02 4.260775128907277193e-02 1.790681326123196637e+00
9.047619047619047394e-02 4.377663398189195892e-02 1.854665597256547338e+00
9.047619047619047394e-02 4.496133376121749098e-02 1.919463200130373970e+00
9.047619047619047394e-02 4.616185062704938891e-02 1.984608268565878575e+00
9.047619047619047394e-02 4.737818457938762495e-02 2.050037869192332884e+00
9.047619047619047394e-02 4.861033561823220606e-02 2.115569057499346428e+00
8.636363636363636465e-02 8.936626885019728975e-03 1.998441061737590285e+00
8.636363636363636465e-02 9.554899696954778990e-03 1.424475900574868836e+00
8.636363636363636465e-02 1.019385052935588287e-02 1.110076360690897879e+00
8.636363636363636465e-02 1.066548947166746746e-02 9.514390804722072659e-01
8.636363636363636465e-02 1.106712865671963773e-02 8.227583645734617424e-01
8.636363636363636465e-02 1.152699969739692451e-02 7.203776634762864006e-01
8.636363636363636465e-02 1.198122016108571671e-02 6.400857792652439038e-01
8.636363636363636465e-02 1.242863429928921411e-02 5.789711724475241628e-01
8.636363636363636465e-02 1.295240734340212183e-02 5.343710418136528029e-01
8.636363636363636465e-02 1.338745252821741012e-02 5.032506772649282256e-01
8.636363636363636465e-02 1.390620967557450703e-02 4.833182942145062277e-01
8.636363636363636465e-02 1.442358706621610191e-02 4.741933712375818732e-01
8.636363636363636465e-02 1.493881749652008033e-02 4.742117479433383131e-01
8.636363636363636465e-02 1.556020931255508617e-02 4.819299766390910955e-01
8.636363636363636465e-02 1.607419192659433754e-02 4.934502529466758269e-01
8.636363636363636465e-02 1.658384695630799391e-02 5.134219150738922322e-01
8.636363636363636465e-02 1.721388106172427532e-02 5.345576968105385518e-01
8.636363636363636465e-02 1.784947968971690654e-02 5.619982485650704129e-01
8.636363636363636465e-02 1.835329003989110211e-02 5.922006409181802544e-01
8.636363636363636465e-02 1.899294276305749790e-02 6.231426843677302374e-01
8.636363636363636465e-02 1.963689377528127916e-02 6.567497851163196509e-01
8.636363636363636465e-02 2.028476302676994469e-02 6.922457862238499127e-01
8.636363636363636465e-02 2.093616976885603193e-02 7.292012533974423505e-01
8.636363636363636465e-02 2.159073254210708975e-02 7.672717781715637786e-01
8.636363636363636465e-02 2.224806916409886176e-02 8.065403166626353704e-01
8.636363636363636465e-02 2.290779671683842653e-02 8.469523824295129844e-01
8.636363636363636465e-02 2.375773591974339807e-02 8.848441411224882147e-01
8.636363636363636465e-02 2.442809662182238162e-02 9.232984509734941669e-01
8.636363636363636465e-02 2.509982960391112308e-02 9.633352556448393500e-01
8.636363636363636465e-02 2.598200623229464726e-02 1.004036241823624831e+00
8.636363636363636465e-02 2.666272757666290905e-02 1.040975467562285539e+00
8.636363636363636465e-02 2.734379802687327693e-02 1.080622743807527986e+00
8.636363636363636465e-02 2.825671703252904954e-02 1.118592074152245708e+00
8.636363636363636465e-02 2.894512474362437304e-02 1.155888293085936436e+00
8.636363636363636465e-02 2.988028682160245864e-02 1.194110121129564162e+00
8.636363636363636465e-02 3.057501618774754321e-02 1.229718019525821049e+00
8.636363636363636465e-02 3.153192301550535731e-02 1.266816517862937364e+00
8.636363636363636465e-02 3.250357417034725749e-02 1.308491895878306277e+00
8.636363636363636465e-02 3.348996965227327149e-02 1.354110041985781221e+00
8.636363636363636465e-02 3.449110946128336463e-02 1.403258710986508451e+00
8.636363636363636465e-02 3.550699359737755773e-02 1.455261414006470577e+00
8.636363636363636465e-02 3.653762206055584383e-02 1.509943644299851062e+00
8.636363636363636465e-02 3.758299485081822294e-02 1.566677161219851122e+00
8.636363636363636465e-02 3.864311196816470895e-02 1.625284154239813761e+00
8.636363636363636465e-02 3.971797341259528796e-02 1.685241573317474373e+00
8.636363636363636465e-02 4.080757918410995305e-02 1.746229802421381372e+00
8.636363636363636465e-02 4.191192928270871809e-02 1.808380379012233030e+00
8.636363636363636465e-02 4.303102370839159002e-02 1.871182985668542686e+00
8.636363636363636465e-02 4.416486246115854802e-02 1.934561628419860124e+00
8.636363636363636465e-02 4.531344554100959904e-02 1.998305470669289763e+00
8.260869565217392185e-02 8.376737870692482074e-03 2.500756100998868803e+00
8.260869565217392185e-02 8.956275244781299050e-03 1.757819965863369971e+00
8.260869565217392185e-02 9.555195139742650445e-03 1.289098900337032561e+00
8.260869565217392185e-02 1.011455190233376093e-02 1.053047626012604709e+00
8.260869565217392185e-02 1.056042253767217054e-02 9.088842351410866272e-01
8.260869565217392185e-02 1.093567929901143217e-02 7.910258275029937725e-01
8.260869565217392185e-02 1.136858881186870139e-02 6.969982759905346548e-01
8.260869565217392185e-02 1.179529555029418079e-02 6.239059944203063646e-01
8.260869565217392185e-02 1.229395075693834501e-02 5.678295789297832519e-01
8.260869565217392185e-02 1.270942471380959171e-02 5.264074441383133074e-01
8.260869565217392185e-02 1.320374906526191293e-02 4.976945973431688985e-01
8.260869565217392185e-02 1.369696881870977913e-02 4.806128602368535674e-01
8.260869565217392185e-02 1.418836549941382072e-02 4.728310094944909725e-01
8.260869565217392185e-02 1.467721813719763228e-02 4.734767134306068215e-01
8.260869565217392185e-02 1.516280318734778733e-02 4.824022022283502298e-01
8.260869565217392185e-02 1.575703343127753467e-02 4.939360446328054377e-01
8.260869565217392185e-02 1.623918638371717876e-02 5.134003452929710720e-01
8.260869565217392185e-02 1.683927221683102424e-02 5.343383250903206427e-01
8.260869565217392185e-02 1.744429765191499518e-02 5.610075038357431598e-01
8.260869565217392185e-02 1.791961756205110584e-02 5.912628749078374657e-01
8.260869565217392185e-02 1.852775598729033621e-02 6.212698193948189562e-01
8.260869565217392185e-02 1.913964432497939835e-02 6.539145142701969782e-01
8.260869565217392185e-02 1.975492552887952308e-02 6.885480890734710924e-01
8.260869565217392185e-02 2.037324192133424181e-02 7.246491534430976600e-01
8.260869565217392185e-02 2.099423518254189130e-02 7.621505504557998245e-01
8.260869565217392185e-02 2.161754633952419485e-02 8.008407786153697305e-01
8.260869565217392185e-02 2.241961387712683440e-02 8.380316492079896706e-01
8.260869565217392185e-02 2.305305269302457272e-02 8.753073916681557431e-01
8.260869565217392185e-02 2.368785433915723826e-02 9.138781105372387747e-01
8.260869565217392185e-02 2.432365752080644858e-02 9.541823914727953770e-01
8.260869565217392185e-02 2.516379135687765028e-02 9.913082623485847122e-01
8.260869565217392185e-02 2.580758179063756541e-02 1.028939294262535498e+00
8.260869565217392185e-02 2.666921161556290790e-02 1.069425718708645334e+00
8.260869565217392185e-02 2.732003886114716881e-02 1.104278703685802832e+00
8.260869565217392185e-02 2.797030660230006779e-02 1.143077088506524674e+00
8.260869565217392185e-02 2.885960920849923658e-02 1.178204472027525984e+00
8.260869565217392185e-02 2.951535972452785234e-02 1.215639085852148416e+00
8.260869565217392185e-02 3.042487080470552760e-02 1.249758436279483131e+00
8.260869565217392185e-02 3.134818326697999535e-02 1.288484535140485443e+00
8.260869565217392185e-02 3.228529711135123131e-02 1.331383747884916202e+00
8.260869565217392185e-02 3.323621233781924589e-02 1.377714367535950668e+00
8.260869565217392185e-02 3.420092894638403908e-02 1.427259152963660460e+00
8.260869565217392185e-02 3.517944693704561088e-02 1.479338439521310056e+00
8.260869565217392185e-02 3.617176630980396129e-02 1.533759088420368677e+00
8.260869565217392185e-02 3.717788706465909032e-02 1.589950018524651121e+00
8.260869565217392185e-02 3.819780920161099796e-02 1.647554791331870883e+00
8.260869565217392185e-02 3.923153272065968422e-02 1.706687110914130612e+00
8.260869565217392185e-02 4.027905762180514909e-02 1.766791229151937204e+00
8.260869565217392185e-02 4.134038390504739258e-02 1.827777944158947676e+00
8.260869565217392185e-02 4.241551157038640080e-02 1.889407668343832114e+00
7.916666666666666297e-02 7.880165862606113014e-03 3.087657586997440529e+00
7.916666666666666297e-02 8.425348331234745400e-03 2.177533431987217050e+00
7.916666666666666297e-02 8.988764327242262583e-03 1.555484169427369778e+00
7.916666666666666297e-02 9.570413850628666300e-03 1.181817687560089647e+00
7.916666666666666297e-02 1.005197202505087560e-02 1.000375266990189527e+00
7.916666666666666297e-02 1.047438384289385224e-02 8.689955267878830547e-01
7.916666666666666297e-02 1.082555161775089481e-02 7.614214551813178744e-01
7.916666666666666297e-02 1.123395827462817485e-02 6.757243479551580112e-01
7.916666666666666297e-02 1.171038966458574741e-02 6.079503675591053646e-01
7.916666666666666297e-02 1.210857852096978299e-02 5.561516083059991900e-01
7.916666666666666297e-02 1.258129316745535894e-02 5.188658765321005895e-01
7.916666666666666297e-02 1.305315024752888402e-02 4.942345263642494713e-01
7.916666666666666297e-02 1.352347443463250420e-02 4.792691704396537244e-01
7.916666666666666297e-02 1.399158819538982336e-02 4.725169223091825188e-01
7.916666666666666297e-02 1.445681172101126628e-02 4.732681072529512645e-01
7.916666666666666297e-02 1.491846285517168559e-02 4.820420969930434008e-01
7.916666666666666297e-02 1.548697940546003501e-02 4.948994533586120737e-01
7.916666666666666297e-02 1.594452363139047327e-02 5.136283351833000888e-01
7.916666666666666297e-02 1.651791362588336809e-02 5.346333588733148678e-01
7.916666666666666297e-02 1.709569292775468125e-02 5.608784883953472633e-01
7.916666666666666297e-02 1.767752693175982451e-02 5.905344194327223351e-01
7.916666666666666297e-02 1.812561198161448395e-02 6.200986048052100630e-01
7.916666666666666297e-02 1.870894689926401108e-02 6.520545882802674109e-01
7.916666666666666297e-02 1.929521299207733256e-02 6.858997984176889995e-01
7.916666666666666297e-02 1.988407311312673578e-02 7.214150467939016709e-01
7.916666666666666297e-02 2.047518953227984648e-02 7.582297196353311453e-01
7.916666666666666297e-02 2.123487264303498129e-02 7.946373414332703611e-01
7.916666666666666297e-02 2.183567411938758945e-02 8.306766350350308636e-01
7.916666666666666297e-02 2.243783324739464374e-02 8.677816701031768609e-01
7.916666666666666297e-02 2.304101022436925647e-02 9.062985496845320510e-01
7.916666666666666297e-02 2.383684170202415506e-02 9.450834014570922426e-01
7.916666666666666297e-02 2.444768938228890007e-02 9.808342766165116799e-01
7.916666666666666297e-02 2.505865114124495793e-02 1.019280921099750659e+00
7.916666666666666297e-02 2.588154077701991171e-02 1.056519013340760260e+00
7.916666666666666297e-02 2.649871412287457817e-02 1.092446228432707445e+00
7.916666666666666297e-02 2.734122814552963562e-02 1.130910574403824143e+00
7.916666666666666297e-02 2.796371557401168204e-02 1.164836830848217764e+00
7.916666666666666297e-02 2.882541298833678212e-02 1.202686481085859738e+00
7.916666666666666297e-02 2.945231523581996746e-02 1.235322930638533379e+00
7.916666666666666297e-02 3.033275453021904225e-02 1.271498875114198235e+00
7.916666666666666297e-02 3.122616052998482272e-02 1.311702028922705487e+00
7.916666666666666297e-02 3.213253323511729848e-02 1.355671557163547591e+00
7.916666666666666297e-02 3.305187264561647992e-02 1.402675815067308651e+00
7.916666666666666297e-02 3.398417876148236705e-02 1.452506517284237741e+00
7.916666666666666297e-02 3.492945158271495987e-02 1.504543837805798479e+00
7.916666666666666297e-02 3.588769110931425144e-02 1.558393911497616413e+00
7.916666666666666297e-02 3.685889734128024176e-02 1.614151821483039484e+00
7.916666666666666297e-02 3.784307027861293776e-02 1.671215496715413362e+00
7.916666666666666297e-02 3.884020992131233252e-02 1.729482439141502903e+00
7.916666666666666297e-02 3.985031626937842603e-02 1.788683526429867943e+00
7.599999999999999811e-02 7.437017867702644738e-03 3.750963612010345116e+00
7.599999999999999811e-02 7.951541525077602396e-03 2.675728574948776028e+00
7.599999999999999811e-02 8.483273331528644323e-03 1.901668582224466109e+00
7.599999999999999811e-02 9.032213287055773990e-03 1.388523450781314006e+00
7.599999999999999811e-02 9.598361391658986191e-03 1.100914072740377891e+00
7.599999999999999811e-02 1.000338030393934166e-02 9.517830334345864784e-01
7.599999999999999811e-02 1.040429170403074643e-02 8.316693957273364468e-01
7.599999999999999811e-02 1.080013747605155193e-02 7.337299526950473716e-01
7.599999999999999811e-02 1.118995518901190825e-02 6.542971023005079712e-01
7.599999999999999811e-02 1.157277791050848569e-02 5.920947508826105432e-01
7.599999999999999811e-02 1.202625650379426578e-02 5.464609574477372611e-01
7.599999999999999811e-02 1.239634640840073417e-02 5.127096351863450474e-01
7.599999999999999811e-02 1.284367547859220811e-02 4.895464723746014712e-01
7.599999999999999811e-02 1.328898178291306083e-02 4.767402177125372731e-01
7.599999999999999811e-02 1.373162384319828386e-02 4.730369460380104973e-01
7.599999999999999811e-02 1.427136197997708536e-02 4.739252038183678351e-01
7.599999999999999811e-02 1.471143918649616897e-02 4.821384547754060113e-01
7.599999999999999811e-02 1.525687622444800440e-02 4.964616351538072014e-01
7.599999999999999811e-02 1.569225377909628377e-02 5.141802833810608098e-01
7.599999999999999811e-02 1.624169524797222305e-02 5.355024002820675255e-01
7.599999999999999811e-02 1.679503821558823301e-02 5.613332751608979265e-01
7.599999999999999811e-02 1.735196623339804733e-02 5.903070581352358737e-01
7.599999999999999811e-02 1.777687335064743676e-02 6.195399846570999181e-01
7.599999999999999811e-02 1.833461670324351353e-02 6.508669718615991417e-01
7.599999999999999811e-02 1.889488275101275025e-02 6.841961616851848227e-01
7.599999999999999811e-02 1.945735272538367047e-02 7.189962348138895232e-01
7.599999999999999811e-02 2.017927142714591796e-02 7.545472660178567104e-01
7.599999999999999811e-02 2.075103615789947523e-02 7.893004126852107838e-01
7.599999999999999811e-02 2.132415653682824541e-02 8.249450611585482651e-01
7.599999999999999811e-02 2.189831193598515413e-02 8.617327359248154739e-01
7.599999999999999811e-02 2.247318116394093207e-02 9.003884967807880280e-01
7.599999999999999811e-02 2.323622322978458749e-02 9.362078231875032852e-01
7.599999999999999811e-02 2.381795374121957118e-02 9.724216029177367160e-01
7.599999999999999811e-02 2.439954380374430298e-02 1.011369911395765930e+00
7.599999999999999811e-02 2.518784678351476680e-02 1.045803356129266781e+00
7.599999999999999811e-02 2.577491876389021580e-02 1.082776826262856984e+00
7.599999999999999811e-02 2.658159685683439410e-02 1.118439244538692368e+00
7.599999999999999811e-02 2.717330232940515233e-02 1.153670640553430493e+00
7.599999999999999811e-02 2.799793849114724786e-02 1.188869934638769665e+00
7.599999999999999811e-02 2.859342742799476228e-02 1.223252704859378648e+00
7.599999999999999811e-02 2.943560414467204581e-02 1.256895073809953356e+00
7.599999999999999811e-02 3.029000403575683731e-02 1.294872116954175256e+00
7.599999999999999811e-02 3.115662710124913679e-02 1.336399752481424175e+00
7.599999999999999811e-02 3.203547334114894424e-02 1.381254780150471539e+00
7.599999999999999811e-02 3.292654275545626313e-02 1.428768018419667163e+00
7.599999999999999811e-02 3.382983534417109001e-02 1.478507672879852075e+00
7.599999999999999811e-02 3.474535110729341791e-02 1.530549508109114054e+00
7.599999999999999811e-02 3.567309004482326074e-02 1.584244319477111196e+00
7.599999999999999811e-02 3.661305215676061153e-02 1.639476278946362831e+00
7.599999999999999811e-02 3.756523744310545643e-02 1.695946016176227866e+00
7.307692307692308098e-02 7.526332340199626443e-03 3.245279238088229157e+00
7.307692307692308098e-02 8.029629754742926076e-03 2.320792302286140085e+00
7.307692307692308098e-02 8.549215111504459078e-03 1.669117896857483130e+00
7.307692307692308098e-02 9.085088410484217641e-03 1.254351788350348107e+00
7.307692307692308098e-02 9.580832573943976610e-03 1.041876020864891395e+00
7.307692307692308098e-02 9.966552313296822563e-03 9.069157744628211226e-01
7.307692307692308098e-02 1.034763736828041639e-02 7.967074582206298272e-01
7.307692307692308098e-02 1.072317767836505030e-02 7.064672993688083658e-01
7.307692307692308098e-02 1.109225916052963661e-02 6.338757098751158781e-01
7.307692307692308098e-02 1.145396353406648998e-02 5.791358573007786559e-01
7.307692307692308098e-02 1.188587331756566640e-02 5.356210605033924210e-01
7.307692307692308098e-02 1.231664259000162139e-02 5.052047820231678754e-01
7.307692307692308098e-02 1.274566664556526022e-02 4.852672797858737508e-01
7.307692307692308098e-02 1.317233895443771681e-02 4.740040857283090991e-01
7.307692307692308098e-02 1.359605110669048766e-02 4.710044408080505396e-01
7.307692307692308098e-02 1.411581539101108666e-02 4.755804023594832897e-01
7.307692307692308098e-02 1.453632834926178036e-02 4.828989837316173261e-01
7.307692307692308098e-02 1.506093044162093095e-02 4.987136045171862153e-01
7.307692307692308098e-02 1.547621973373800898e-02 5.152115541814888955e-01
7.307692307692308098e-02 1.600405263017878540e-02 5.367687694860657777e-01
7.307692307692308098e-02 1.653535199745280460e-02 5.624218091855303081e-01
7.307692307692308098e-02 1.694153317428065061e-02 5.908332625913921277e-01
7.307692307692308098e-02 1.747374491270073035e-02 6.194019191652284650e-01
7.307692307692308098e-02 1.800841747272876464e-02 6.503628401146709370e-01
7.307692307692308098e-02 1.854524910549792266e-02 6.830228582414470395e-01
7.307692307692308098e-02 1.908393758249062738e-02 7.174023584917359475e-01
7.307692307692308098e-02 1.977910636538968495e-02 7.510771382170621235e-01
7.307692307692308098e-02 2.032624236528469616e-02 7.852711597059640614e-01
7.307692307692308098e-02 2.087443095126154460e-02 8.203895108110903500e-01
7.307692307692308098e-02 2.142336819120426242e-02 8.570830742382374856e-01
7.307692307692308098e-02 2.215076548323405975e-02 8.949633768625436803e-01
7.307692307692308098e-02 2.270634709550280184e-02 9.291196924679550051e-01
7.307692307692308098e-02 2.326186889384641507e-02 9.655115558702558332e-01
7.307692307692308098e-02 2.401341575519531230e-02 1.003038451060502156e+00
7.307692307692308098e-02 2.457427614086728565e-02 1.037028081421645487e+00
7.307692307692308098e-02 2.513426513758969943e-02 1.074711782708685615e+00
7.307692307692308098e-02 2.590877349012603650e-02 1.107969504933364657e+00
7.307692307692308098e-02 2.647279096527606693e-02 1.144258890535200912e+00
7.307692307692308098e-02 2.726416119242531036e-02 1.177244676950086610e+00
7.307692307692308098e-02 2.783140141314504115e-02 1.212974875130149899e+00
7.307692307692308098e-02 2.863923760428475560e-02 1.244561882045230883e+00
7.307692307692308098e-02 2.945863082247940010e-02 1.280229679951999655e+00
7.307692307692308098e-02 3.028958106772897813e-02 1.319740430354789940e+00
7.307692307692308098e-02 3.113208834003349315e-02 1.362375080755994672e+00
7.307692307692308098e-02 3.198615263939293130e-02 1.407663498642994115e+00
7.307692307692308098e-02 3.285177396580730297e-02 1.455661516326230975e+00
7.307692307692308098e-02 3.372895231927660470e-02 1.505672061221387192e+00
7.307692307692308098e-02 3.461768769980084343e-02 1.557565991605686984e+00
7.307692307692308098e-02 3.551798010738000527e-02 1.611013041941522284e+00
7.037037037037037479e-02 7.620432902861327268e-03 2.806623099587545411e+00
7.037037037037037479e-02 8.113539742086605180e-03 2.017609210262927721e+00
7.037037037037037479e-02 8.622104475958439554e-03 1.476343174828365301e+00
7.037037037037037479e-02 9.146127104476835593e-03 1.150645033247579940e+00
7.037037037037037479e-02 9.571851710185657822e-03 9.882305334807650610e-01
7.037037037037037479e-02 9.939658562277119483e-03 8.653352953916321200e-01
7.037037037037037479e-02 1.030235879493229291e-02 7.640890852622523877e-01
7.037037037037037479e-02 1.065908589218557585e-02 6.811582031071714560e-01
7.037037037037037479e-02 1.100896957314733034e-02 6.158081385643221495e-01
7.037037037037037479e-02 1.142575795977671810e-02 5.648161413066759007e-01
7.037037037037037479e-02 1.184162646118741731e-02 5.277682893053803337e-01
7.037037037037037479e-02 1.217364249864196293e-02 5.006698653320131864e-01
7.037037037037037479e-02 1.258192984441569573e-02 4.833732804975213737e-01
7.037037037037037479e-02 1.307797010161728529e-02 4.733424855483659988e-01
7.037037037037037479e-02 1.348440813227261975e-02 4.703647115430217851e-01
7.037037037037037479e-02 1.388704225374735347e-02 4.754000727573967633e-01
7.037037037037037479e-02 1.438870922227588993e-02 4.844940722130967048e-01
7.037037037037037479e-02 1.478651567069101148e-02 4.997424267215283544e-01
7.037037037037037479e-02 1.529138679120146602e-02 5.166146804321082309e-01
7.037037037037037479e-02 1.579961919753626251e-02 5.385904579265632375e-01
7.037037037037037479e-02 1.631092798634455748e-02 5.641692455698257280e-01
7.037037037037037479e-02 1.669821513592818774e-02 5.913633694996153212e-01
7.037037037037037479e-02 1.720985821752287273e-02 6.197902213094569346e-01
7.037037037037037479e-02 1.772362169983643029e-02 6.501973171496450155e-01
7.037037037037037479e-02 1.823921875425104505e-02 6.824769159967052357e-01
7.037037037037037479e-02 1.890361704457324543e-02 7.159091970580709896e-01
7.037037037037037479e-02 1.942737778158916753e-02 7.486664147857596818e-01
7.037037037037037479e-02 1.995220874371574429e-02 7.821767715840430846e-01
7.037037037037037479e-02 2.047782156085320784e-02 8.170148967442346644e-01
7.037037037037037479e-02 2.100392739592623140e-02 8.533752503045002324e-01
7.037037037037037479e-02 2.170517908357803491e-02 8.892776243002125103e-01
7.037037037037037479e-02 2.223725858486871529e-02 9.233247766259687905e-01
7.037037037037037479e-02 2.276906278620144039e-02 9.598926212284164539e-01
7.037037037037037479e-02 2.349299431703479740e-02 9.953183322058336557e-01
7.037037037037037479e-02 2.402953113627047388e-02 1.029677373643965055e+00
7.037037037037037479e-02 2.476999728758593616e-02 1.066749571480297254e+00
7.037037037037037479e-02 2.531050338031878150e-02 1.099099458343810731e+00
7.037037037037037479e-02 2.606712850668409590e-02 1.136226626826982944e+00
7.037037037037037479e-02 2.661083920271923101e-02 1.167277550203411174e+00
7.037037037037037479e-02 2.738324727033463607e-02 1.203213843210619638e+00
7.037037037037037479e-02 2.792939654890475715e-02 1.233893657410654932e+00
7.037037037037037479e-02 2.871721113037116815e-02 1.267707938102984544e+00
7.037037037037037479e-02 2.951598279920151016e-02 1.305124811945923335e+00
7.037037037037037479e-02 3.032571155539577970e-02 1.345635486141197434e+00
7.037037037037037479e-02 3.114639739895397330e-02 1.389275325192286470e+00
7.037037037037037479e-02 3.197804032987609790e-02 1.435298725532713870e+00
7.037037037037037479e-02 3.282064034816214310e-02 1.483563294144724320e+00
7.037037037037037479e-02 3.367419745381212276e-02 1.533707285063623527e+00
6.785714285714285199e-02 7.249602928875888488e-03 3.353489729686729426e+00
6.785714285714285199e-02 7.718713913968877453e-03 2.428525926656656786e+00
6.785714285714285199e-02 8.202530572575750245e-03 1.761633466089105315e+00
6.785714285714285199e-02 8.701052904696511200e-03 1.320195892373184909e+00
6.785714285714285199e-02 9.214280910331159452e-03 1.075138457628052713e+00
6.785714285714285199e-02 9.570084925934250683e-03 9.392154708760471760e-01
6.785714285714285199e-02 9.921181184957507046e-03 8.268183463363167895e-01
6.785714285714285199e-02 1.026674619004268145e-02 7.336287007529933568e-01
6.785714285714285199e-02 1.060595305322280073e-02 6.579974267240038532e-01
6.785714285714285199e-02 1.100906704322950763e-02 5.999796692760825945e-01
6.785714285714285199e-02 1.133673263167465917e-02 5.523482561710489902e-01
6.785714285714285199e-02 1.173413498430598070e-02 5.177685875099338197e-01
6.785714285714285199e-02 1.212963135313274363e-02 4.935731886337791363e-01
6.785714285714285199e-02 1.252267315199598503e-02 4.784456862851373393e-01
6.785714285714285199e-02 1.291271021618242698e-02 4.716935628224973032e-01
6.785714285714285199e-02 1.339352797704906027e-02 4.713728156909402500e-01
6.785714285714285199e-02 1.378011073603737334e-02 4.754919962434918101e-01
6.785714285714285199e-02 1.426493182223272267e-02 4.871498832861447248e-01
6.785714285714285199e-02 1.464622972677395545e-02 5.006579239487219946e-01
6.785714285714285199e-02 1.513360050538079503e-02 5.186292785876626121e-01
6.785714285714285199e-02 1.562396761604176350e-02 5.410387758618132592e-01
6.785714285714285199e-02 1.611705956373032586e-02 5.664914234791820213e-01
6.785714285714285199e-02 1.648705560872117115e-02 5.923592722910894226e-01
6.785714285714285199e-02 1.697996272564554834e-02 6.204122416170022580e-01
6.785714285714285199e-02 1.747468382480300494e-02 6.505388904294258090e-01
6.785714285714285199e-02 1.797094563267318326e-02 6.824155624437648893e-01
6.785714285714285199e-02 1.861386274354480744e-02 7.150406824965718222e-01
6.785714285714285199e-02 1.911758072878595380e-02 7.470056063691363768e-01
6.785714285714285199e-02 1.962211215676387677e-02 7.800940437749521728e-01
6.785714285714285199e-02 2.012718233079571414e-02 8.144115752929885765e-01
6.785714285714285199e-02 2.063251612294328408e-02 8.506451277378249687e-01
6.785714285714285199e-02 2.131005792604474466e-02 8.847093804708144882e-01
6.785714285714285199e-02 2.182076141735082159e-02 9.186602695930505824e-01
6.785714285714285199e-02 2.233099667310479985e-02 9.554778400959269558e-01
6.785714285714285199e-02 2.302989027485844581e-02 9.888644699483194467e-01
6.785714285714285199e-02 2.354431298363553193e-02 1.023636658859704340e+00
6.785714285714285199e-02 2.425881914318573501e-02 1.058636330260692038e+00
6.785714285714285199e-02 2.477670214588376107e-02 1.091766285909657519e+00
6.785714285714285199e-02 2.550646291751066871e-02 1.126810730024982554e+00
6.785714285714285199e-02 2.602707783300804711e-02 1.158968879038495770e+00
6.785714285714285199e-02 2.677173491363508961e-02 1.192862392686269812e+00
6.785714285714285199e-02 2.729435211597270802e-02 1.224909405997468781e+00
6.785714285714285199e-02 2.805354684036086288e-02 1.256784010582093991e+00
6.785714285714285199e-02 2.882315575849919362e-02 1.292204177653395458e+00
6.785714285714285199e-02 2.960317887038770024e-02 1.331184341231780088e+00
6.785714285714285199e-02 3.039361617602638968e-02 1.372929770457173460e+00
6.785714285714285199e-02 3.119446767541525847e-02 1.417284925746204571e+00
6.785714285714285199e-02 3.200573336855430662e-02 1.463856053564827953e+00
6.551724137931033698e-02 7.359374294357262647e-03 2.896864386617263420e+00
6.551724137931033698e-02 7.820667188512790344e-03 2.105401763075328780e+00
6.551724137931033698e-02 8.295981143280947018e-03 1.548844000367267881e+00
6.551724137931033698e-02 8.785316158661739608e-03 1.197682234165184045e+00
6.551724137931033698e-02 9.233853585850356274e-03 1.017981869444761767e+00
6.551724137931033698e-02 9.574415978620980441e-03 8.943361927690940405e-01
6.551724137931033698e-02 9.909850744299685682e-03 7.909945169825903788e-01
6.551724137931033698e-02 1.023937039715073181e-02 7.054163618065727448e-01
6.551724137931033698e-02 1.056218425624735717e-02 6.370212789679077225e-01
6.551724137931033698e-02 1.094887671985936110e-02 5.826567152525599091e-01
6.551724137931033698e-02 1.133442497719246850e-02 5.420905799577466766e-01
6.551724137931033698e-02 1.163972034360849506e-02 5.114809696332740518e-01
6.551724137931033698e-02 1.210000287299706039e-02 4.904176162558157026e-01
6.551724137931033698e-02 1.247898601132632103e-02 4.764277121717714336e-01
6.551724137931033698e-02 1.285473185828958469e-02 4.699062848476602827e-01
6.551724137931033698e-02 1.322671346914396084e-02 4.714268003132692786e-01
6.551724137931033698e-02 1.369257065974060876e-02 4.769757040302354256e-01
6.551724137931033698e-02 1.405963915067556802e-02 4.886976466319903900e-01
6.551724137931033698e-02 1.452805928454640842e-02 5.023646253562936703e-01
6.551724137931033698e-02 1.499940416303568308e-02 5.213509636824902316e-01
6.551724137931033698e-02 1.547341487107171086e-02 5.440825677561235141e-01
6.551724137931033698e-02 1.582996256002521668e-02 5.679564473738578645e-01
6.551724137931033698e-02 1.630392918348040621e-02 5.935648939047868389e-01
6.551724137931033698e-02 1.677969322833893634e-02 6.214933262417564608e-01
6.551724137931033698e-02 1.725699415802116332e-02 6.512953578813678313e-01
6.551724137931033698e-02 1.773557106444371978e-02 6.827843172100560576e-01
6.551724137931033698e-02 1.835891817599739212e-02 7.147901562223679672e-01
6.551724137931033698e-02 1.884431041511986857e-02 7.462335731169333908e-01
6.551724137931033698e-02 1.933028427916320610e-02 7.786527992181035973e-01
6.551724137931033698e-02 1.981657754169345240e-02 8.126634925431920342e-01
6.551724137931033698e-02 2.030292757666545336e-02 8.485677953052142009e-01
6.551724137931033698e-02 2.095887665651231802e-02 8.811382036211854452e-01
6.551724137931033698e-02 2.145004999552446723e-02 9.150852803103269872e-01
6.551724137931033698e-02 2.194058150685657127e-02 9.518530141027979896e-01
6.551724137931033698e-02 2.261667701008854975e-02 9.836072639122996897e-01
6.551724137931033698e-02 2.311090321108328488e-02 1.018575112215315714e+00
6.551724137931033698e-02 2.380177410368273724e-02 1.051952541862466450e+00
6.551724137931033698e-02 2.429900083769968855e-02 1.085521071619256039e+00
6.551724137931033698e-02 2.500430532430584010e-02 1.118965249773920423e+00
6.551724137931033698e-02 2.550383730452487549e-02 1.151792594677041981e+00
6.551724137931033698e-02 2.622323325984635481e-02 1.184116263386038259e+00
6.551724137931033698e-02 2.672437404818476039e-02 1.217126242013191417e+00
6.551724137931033698e-02 2.745751901256969843e-02 1.247156340407518327e+00
6.551724137931033698e-02 2.820058474778528237e-02 1.281187700545985297e+00
6.551724137931033698e-02 2.895357125383151570e-02 1.318375930352158942e+00
6.551724137931033698e-02 2.971647853070840187e-02 1.358552487247096652e+00
6.551724137931033698e-02 3.048930657841592701e-02 1.401291137440748180e+00
6.333333333333333870e-02 7.031042288828925554e-03 3.418042326742832593e+00
6.333333333333333870e-02 7.471755006597692941e-03 2.503219292392300233e+00
6.333333333333333870e-02 7.925863247702898129e-03 1.832327346464095896e+00
6.333333333333333870e-02 8.393367012144544587e-03 1.375476445094054201e+00
6.333333333333333870e-02 8.874266299922623641e-03 1.105955608333084594e+00
6.333333333333333870e-02 9.257700888380484411e-03 9.663466971197992583e-01
6.333333333333333870e-02 9.525362523147560753e-03 8.525384992784142968e-01
6.333333333333333870e-02 9.904597730594820112e-03 7.577947578891458535e-01
6.333333333333333870e-02 1.021902797421820989e-02 6.793898110550860014e-01
6.333333333333333870e-02 1.052643713518653518e-02 6.182411271890082549e-01
6.333333333333333870e-02 1.089777562052274100e-02 5.679208463570070142e-01
6.333333333333333870e-02 1.126758278895569065e-02 5.301411818938464027e-01
6.333333333333333870e-02 1.163535947763355213e-02 5.027091763430791005e-01
6.333333333333333870e-02 1.200060521962433707e-02 4.840616366902592560e-01
6.333333333333333870e-02 1.236281820456474126e-02 4.737591180476506958e-01
6.333333333333333870e-02 1.281148925170062271e-02 4.705021713242503179e-01
6.333333333333333870e-02 1.317005315077724066e-02 4.710952573300382085e-01
6.333333333333333870e-02 1.362204969876797123e-02 4.797601365067272750e-01
6.333333333333333870e-02 1.397529493719370901e-02 4.896322674404955944e-01
6.333333333333333870e-02 1.442929073360587483e-02 5.049628236573311391e-01
6.333333333333333870e-02 1.488589952766061070e-02 5.247838884416831107e-01
6.333333333333333870e-02 1.523020421775497443e-02 5.464733714860314784e-01
6.333333333333333870e-02 1.568689992947986181e-02 5.695569158762689987e-01
6.333333333333333870e-02 1.614537901036538006e-02 5.952490538715949908e-01
6.333333333333333870e-02 1.660539256021561008e-02 6.229800803744025561e-01
6.333333333333333870e-02 1.706669133913245665e-02 6.524522426744905346e-01
6.333333333333333870e-02 1.752902576189154654e-02 6.834088349050015943e-01
6.333333333333333870e-02 1.813447449604395356e-02 7.153493993746520285e-01
6.333333333333333870e-02 1.860304134440659771e-02 7.460118855968902452e-01
6.333333333333333870e-02 1.907197962364452770e-02 7.779774994230770346e-01
6.333333333333333870e-02 1.954103852347393797e-02 8.114880030259832289e-01
6.333333333333333870e-02 2.000996686216752890e-02 8.470622832033007921e-01
6.333333333333333870e-02 2.064617424929074407e-02 8.785639928913268060e-01
6.333333333333333870e-02 2.111942946969521881e-02 9.122115572397525574e-01
6.333333333333333870e-02 2.177022130448882237e-02 9.478767064920591290e-01
6.333333333333333870e-02 2.224714125503153908e-02 9.792468196507512213e-01
6.333333333333333870e-02 2.272284512394736125e-02 1.014554820269154112e+00
6.333333333333333870e-02 2.339211260327432249e-02 1.046278923523037641e+00
6.333333333333333870e-02 2.387039989829264561e-02 1.080454764128871981e+00
6.333333333333333870e-02 2.455335256841990194e-02 1.112190546021865734e+00
6.333333333333333870e-02 2.503355829823957976e-02 1.145863366006266482e+00
6.333333333333333870e-02 2.572986885039827212e-02 1.176516213074729977e+00
6.333333333333333870e-02 2.621132695566724680e-02 1.210284755458812755e+00
6.333333333333333870e-02 2.692066777143333270e-02 1.239090078716422072e+00
6.333333333333333870e-02 2.763947909208280818e-02 1.271453044601809967e+00
6.333333333333333870e-02 2.836776091761567670e-02 1.307192286689693450e+00
6.333333333333333870e-02 2.910551324803193826e-02 1.345848669292842192e+00
6.129032258064515126e-02 7.151791029865484442e-03 2.951012315964625987e+00
6.129032258064515126e-02 7.586452932250725006e-03 2.166714203708703046e+00
6.129032258064515126e-02 8.033936719662081866e-03 1.604741236511194380e+00
6.129032258064515126e-02 8.494242392099549815e-03 1.238036691002343703e+00
6.129032258064515126e-02 8.967369949563130591e-03 1.042574873329573215e+00
6.129032258064515126e-02 9.229020029106005038e-03 9.172878162432756000e-01
6.129032258064515126e-02 9.538610936337857393e-03 8.132439844535568341e-01
6.129032258064515126e-02 9.904514935220648866e-03 7.270143092952265906e-01
6.129032258064515126e-02 1.020469861183206928e-02 6.554706132128966800e-01
6.129032258064515126e-02 1.056628953597660986e-02 5.995850590582455508e-01
6.129032258064515126e-02 1.085449950634246458e-02 5.556573554823838190e-01
6.129032258064515126e-02 1.120954011028474535e-02 5.214673318232637689e-01
6.129032258064515126e-02 1.156221699881501003e-02 4.974004971254772922e-01
6.129032258064515126e-02 1.199463122465860981e-02 4.815131133836381694e-01
6.129032258064515126e-02 1.234481517945365016e-02 4.714408071595242444e-01
6.129032258064515126e-02 1.269127578482947757e-02 4.692939621733872024e-01
6.129032258064515126e-02 1.312734974333465074e-02 4.725101203906417746e-01
6.129032258064515126e-02 1.346884029642414493e-02 4.802767752213153996e-01
6.129032258064515126e-02 1.390695357744730319e-02 4.917386570490784314e-01
6.129032258064515126e-02 1.434763233618879634e-02 5.084759925405155645e-01
6.129032258064515126e-02 1.468074827492421228e-02 5.278065453866245260e-01
6.129032258064515126e-02 1.512163614127325084e-02 5.482940930905673138e-01
6.129032258064515126e-02 1.556429541502019932e-02 5.717184981798734134e-01
6.129032258064515126e-02 1.600848786552264841e-02 5.973863653914945893e-01
6.129032258064515126e-02 1.645397495056572998e-02 6.248881738018963183e-01
6.129032258064515126e-02 1.690051781125923025e-02 6.538660949803548617e-01
6.129032258064515126e-02 1.734787726679468123e-02 6.845387298730710723e-01
6.129032258064515126e-02 1.793689757553925540e-02 7.164045741514890597e-01
6.129032258064515126e-02 1.838995719145891314e-02 7.464984250966694157e-01
6.129032258064515126e-02 1.884319688326365622e-02 7.778223777368344916e-01
6.129032258064515126e-02 1.929637632849088430e-02 8.108320250251547234e-01
6.129032258064515126e-02 1.990989544371273012e-02 8.458086338750657740e-01
6.129032258064515126e-02 2.036734764048358376e-02 8.766203843730286938e-01
6.129032258064515126e-02 2.082410025535639392e-02 9.100918824871899737e-01
6.129032258064515126e-02 2.145605532280239411e-02 9.444245516748227542e-01
6.129032258064515126e-02 2.191604750465318829e-02 9.758677008165537181e-01
6.129032258064515126e-02 2.237469869265306874e-02 1.011191427416412880e+00
6.129032258064515126e-02 2.302414825149686275e-02 1.041734123243414745e+00
6.129032258064515126e-02 2.348500293826484217e-02 1.076105370270662442e+00
6.129032258064515126e-02 2.414745290305908912e-02 1.106613817263818911e+00
6.129032258064515126e-02 2.460987392810422628e-02 1.140753351566752505e+00
6.129032258064515126e-02 2.528501060715258875e-02 1.169815419776536469e+00
6.129032258064515126e-02 2.596928310053178354e-02 1.203470843119795797e+00
6.129032258064515126e-02 2.643586923026081462e-02 1.231981892891417241e+00
6.129032258064515126e-02 2.713243673930903696e-02 1.263035190662039176e+00
6.129032258064515126e-02 2.783806234340339969e-02 1.297368990075535633e+00
5.937500000000000416e-02 6.857385831924043239e-03 3.445029101189467369e+00
5.937500000000000416e-02 7.274154772549782516e-03 2.548373302311450761e+00
5.937500000000000416e-02 7.703217782220531454e-03 1.881976216025778914e+00
5.937500000000000416e-02 8.144574860936283980e-03 1.418477839142990415e+00
5.937500000000000416e-02 8.598226008697043565e-03 1.133534972786724770e+00
5.937500000000000416e-02 8.956462347082753267e-03 9.861838077081244158e-01
5.937500000000000416e-02 9.258769221516463185e-03 8.720733651861771740e-01
5.937500000000000416e-02 9.555512495431487882e-03 7.772461276480688852e-01
5.937500000000000416e-02 9.908827969934117658e-03 6.984486837938452819e-01
5.937500000000000416e-02 1.019551178914724666e-02 6.338879515912581031e-01
5.937500000000000416e-02 1.054381307071416800e-02 5.820878015670695182e-01
5.937500000000000416e-02 1.089044439180193204e-02 5.423165740482644992e-01
5.937500000000000416e-02 1.123494696488638867e-02 5.121639290702824088e-01
5.937500000000000416e-02 1.157686087937772126e-02 4.904695705299350061e-01
5.937500000000000416e-02 1.191572506802680669e-02 4.767577098398544377e-01
5.937500000000000416e-02 1.225107727166253706e-02 4.713696382591797129e-01
5.937500000000000416e-02 1.267252215404456733e-02 4.688515240051436272e-01
5.937500000000000416e-02 1.300322715350738130e-02 4.741509530325217492e-01
5.937500000000000416e-02 1.342675002142748077e-02 4.815495996361244257e-01
5.937500000000000416e-02 1.385279544339521225e-02 4.950451758575027950e-01
5.937500000000000416e-02 1.417564956727327199e-02 5.118570710268978141e-01
5.937500000000000416e-02 1.460201829790595124e-02 5.296861342873808720e-01
5.937500000000000416e-02 1.503014822619387278e-02 5.508174987311513782e-01
5.937500000000000416e-02 1.545981093746214528e-02 5.744339029733502855e-01
5.937500000000000416e-02 1.589077773045065659e-02 6.000135604507214060e-01
5.937500000000000416e-02 1.632281961267020159e-02 6.270970950401777433e-01
5.937500000000000416e-02 1.675570729563220437e-02 6.558197317309448771e-01
5.937500000000000416e-02 1.718921118994762992e-02 6.859198944239275342e-01
5.937500000000000416e-02 1.762310140028992486e-02 7.177550759909759881e-01
5.937500000000000416e-02 1.820181840348249896e-02 7.474792728320681645e-01
5.937500000000000416e-02 1.864053991264888813e-02 7.781571743340727210e-01
5.937500000000000416e-02 1.907903598791928571e-02 8.108005241504353533e-01
5.937500000000000416e-02 1.967615291802227509e-02 8.449689296401106109e-01
5.937500000000000416e-02 2.011849120807174610e-02 8.753913465929412663e-01
5.937500000000000416e-02 2.055999044456819497e-02 9.084630583348595190e-01
5.937500000000000416e-02 2.117460506263570130e-02 9.419037117501547485e-01
5.937500000000000416e-02 2.161895482898280527e-02 9.731087090606282963e-01
5.937500000000000416e-02 2.224646811393073131e-02 1.008264379685351653e+00
5.937500000000000416e-02 2.269305848437624604e-02 1.037877709524977154e+00
5.937500000000000416e-02 2.313780979158027232e-02 1.072667637504062466e+00
5.937500000000000416e-02 2.378138993786938632e-02 1.101827004900541640e+00
5.937500000000000416e-02 2.443379834405272344e-02 1.135778511678423364e+00
5.937500000000000416e-02 2.488303654215638303e-02 1.164353759585771364e+00
5.937500000000000416e-02 2.554744087679240716e-02 1.196560258026346135e+00
5.937500000000000416e-02 2.599708445502875095e-02 1.225916481177843798e+00
5.937500000000000416e-02 2.667318327355820001e-02 1.255696519741960504e+00
5.757575757575757874e-02 6.985905515764993801e-03 2.973947124508790729e+00
5.757575757575757874e-02 7.397966262283719660e-03 2.203936327830606334e+00
5.757575757575757874e-02 7.821833906983493775e-03 1.644154250109065574e+00
5.757575757575757874e-02 8.257508449864323086e-03 1.269975819404556283e+00
5.757575757575757874e-02 8.704989890926202387e-03 1.059002956247299343e+00
5.757575757575757874e-02 9.000589907226170736e-03 9.352191894870707234e-01
5.757575757575757874e-02 9.290976386327894423e-03 8.308347743208541747e-01
5.757575757575757874e-02 9.575483686600381669e-03 7.441898100395698545e-01
5.757575757575757874e-02 9.916871954931910302e-03 6.722277143680539524e-01
5.757575757575757874e-02 1.019072042157730985e-02 6.143945735612577064e-01
5.757575757575757874e-02 1.052644963876766572e-02 5.670330291666745293e-01
5.757575757575757874e-02 1.086019087411858874e-02 5.307835528367068623e-01
5.757575757575757874e-02 1.119150255579291937e-02 5.041156337278621669e-01
5.757575757575757874e-02 1.151994204483240691e-02 4.862253234710446348e-01
5.757575757575757874e-02 1.192812191327551410e-02 4.748685266215217915e-01
5.757575757575757874e-02 1.225302665984406500e-02 4.686182960745132187e-01
5.757575757575757874e-02 1.266398181395025392e-02 4.710249490496898894e-01
5.757575757575757874e-02 1.298387908737249664e-02 4.742732025253162953e-01
5.757575757575757874e-02 1.339643899590513450e-02 4.843830886970771910e-01
5.757575757575757874e-02 1.370985028403521634e-02 4.985303954630250778e-01
5.757575757575757874e-02 1.412284044262296021e-02 5.136464650904716267e-01
5.757575757575757874e-02 1.453758306521554453e-02 5.324651410552755371e-01
5.757575757575757874e-02 1.495385879601109080e-02 5.540452962574604623e-01
5.757575757575757874e-02 1.537144801490606012e-02 5.777525535152120417e-01
5.757575757575757874e-02 1.579013083325701838e-02 6.030257221575152649e-01
5.757575757575757874e-02 1.620968708952826368e-02 6.299157056343652750e-01
5.757575757575757874e-02 1.662989634482106224e-02 6.580683509852889301e-01
5.757575757575757874e-02 1.705053787828017184e-02 6.877638702670499926e-01
5.757575757575757874e-02 1.747139068237304679e-02 7.190685021487212003e-01
5.757575757575757874e-02 1.803585817596344357e-02 7.489422286024743913e-01
5.757575757575757874e-02 1.846110851797798727e-02 7.791113458985360340e-01
5.757575757575757874e-02 1.888598203454091781e-02 8.110806662125700228e-01
5.757575757575757874e-02 1.946795054452242144e-02 8.448183214109493688e-01
5.757575757575757874e-02 1.989627071612775494e-02 8.746330712417796915e-01
5.757575757575757874e-02 2.032362421563663549e-02 9.075057879852009846e-01
5.757575757575757874e-02 2.092222622499736312e-02 9.399743664154728284e-01
5.757575757575757874e-02 2.135207306302328370e-02 9.711537108408114793e-01
5.757575757575757874e-02 2.196297423658036957e-02 1.005142571701372667e+00
5.757575757575757874e-02 2.239472809614877907e-02 1.034910630183684344e+00
5.757575757575757874e-02 2.301763936191037266e-02 1.068976696342200938e+00
5.757575757575757874e-02 2.345071308740117114e-02 1.097625957056810764e+00
5.757575757575757874e-02 2.408534512948925718e-02 1.130700387966893983e+00
5.757575757575757874e-02 2.451915071120091758e-02 1.159564792969605351e+00
5.757575757575757874e-02 2.516521396662543819e-02 1.190676494611096370e+00
5.757575757575757874e-02 2.559916252486794247e-02 1.220679632580556895e+00
5.588235294117646634e-02 6.719080217931132012e-03 3.440327948375209832e+00
5.588235294117646634e-02 7.115402384652666327e-03 2.567610144229147906e+00
5.588235294117646634e-02 7.523080487383411973e-03 1.912158975336857081e+00
5.588235294117646634e-02 7.942114526123368948e-03 1.449100766446012933e+00
5.588235294117646634e-02 8.372504500872540723e-03 1.155730305818077674e+00
5.588235294117646634e-02 8.761696910260076757e-03 1.002466447921412041e+00
5.588235294117646634e-02 9.046213798634799783e-03 8.890824742902785349e-01
5.588235294117646634e-02 9.325202257841632911e-03 7.930279548529717282e-01
5.588235294117646634e-02 9.598020560243716512e-03 7.140578758175887275e-01
5.588235294117646634e-02 9.928072926784149016e-03 6.479763009507104599e-01
5.588235294117646634e-02 1.025676537438890805e-02 5.959441901039967959e-01
5.588235294117646634e-02 1.051347822642515091e-02 5.544016239470034302e-01
5.588235294117646634e-02 1.083499518846262055e-02 5.221968941643405637e-01
5.588235294117646634e-02 1.123044477111052701e-02 4.980071402843208039e-01
5.588235294117646634e-02 1.154945425221747327e-02 4.810482974062876282e-01
5.588235294117646634e-02 1.186497720921908874e-02 4.716533983408139896e-01
5.588235294117646634e-02 1.226341212445550277e-02 4.691079442140058120e-01
5.588235294117646634e-02 1.257423198657441586e-02 4.697930431595027656e-01
5.588235294117646634e-02 1.297432693486680159e-02 4.763864248389799161e-01
5.588235294117646634e-02 1.327902226750704399e-02 4.877360718692427266e-01
5.588235294117646634e-02 1.367964779472813884e-02 5.000920348595668807e-01
5.588235294117646634e-02 1.408201830196652293e-02 5.165835981000116428e-01
5.588235294117646634e-02 1.448592281788893370e-02 5.361459280454380361e-01
5.588235294117646634e-02 1.489115012680605754e-02 5.580318886195023698e-01
5.588235294117646634e-02 1.529748876479433521e-02 5.815783519172037508e-01
5.588235294117646634e-02 1.570472701571425100e-02 6.067510852488312567e-01
5.588235294117646634e-02 1.611265290712135187e-02 6.331029936383825163e-01
5.588235294117646634e-02 1.652105420606608463e-02 6.608358000719770642e-01
5.588235294117646634e-02 1.692971841477834000e-02 6.899532538436550233e-01
5.588235294117646634e-02 1.733843276623222088e-02 7.206708279500008141e-01
5.588235294117646634e-02 1.788969999635802235e-02 7.510371505057109598e-01
5.588235294117646634e-02 1.830241190170316459e-02 7.803811071640457397e-01
5.588235294117646634e-02 1.871460778481761136e-02 8.118471701996349266e-01
5.588235294117646634e-02 1.928254546663115201e-02 8.451298191642913071e-01
5.588235294117646634e-02 1.969782344250000858e-02 8.745375225803876384e-01
5.588235294117646634e-02 2.011201758835765019e-02 9.069005745359630666e-01
5.588235294117646634e-02 2.069579040825740915e-02 9.388388989142447683e-01
5.588235294117646634e-02 2.111214890325029472e-02 9.696084238062481209e-01
5.588235294117646634e-02 2.170766691678657073e-02 1.002890642615325900e+00
5.588235294117646634e-02 2.212562533203145734e-02 1.032464971508270546e+00
5.588235294117646634e-02 2.273261020534595236e-02 1.065332551015094387e+00
5.588235294117646634e-02 2.315160332576760363e-02 1.094413739710162536e+00
5.588235294117646634e-02 2.376977649676921545e-02 1.126298130018337673e+00
5.588235294117646634e-02 2.418923830663613148e-02 1.155575316857079038e+00
5.588235294117646634e-02 2.481832098198515427e-02 1.185624433113914744e+00
5.428571428571429131e-02 6.853131275104436780e-03 2.970200297332502348e+00
5.428571428571429131e-02 7.245782513216488495e-03 2.219785183355099889e+00
5.428571428571429131e-02 7.649371111721632241e-03 1.668299741314640094e+00
5.428571428571429131e-02 8.063897070619869753e-03 1.292762160162738372e+00
5.428571428571429131e-02 8.489360389911200164e-03 1.072891951335406269e+00
5.428571428571429131e-02 8.765781483423759624e-03 9.501516937078802183e-01
5.428571428571429131e-02 9.093005807431671361e-03 8.470172284443606703e-01
5.428571428571429131e-02 9.361065362248623470e-03 7.584828404883340314e-01
5.428571428571429131e-02 9.622685683175471669e-03 6.863523276849292643e-01
5.428571428571429131e-02 9.941932892260278362e-03 6.260154594338779299e-01
5.428571428571429131e-02 1.025951651641907394e-02 5.781186095896275745e-01
5.428571428571429131e-02 1.057502796167907565e-02 5.404455346811123384e-01
5.428571428571429131e-02 1.088805772836814144e-02 5.115053768333254203e-01
5.428571428571429131e-02 1.119819538449875161e-02 4.907043437882311343e-01
5.428571428571429131e-02 1.150502953785109347e-02 4.778082248094783768e-01
5.428571428571429131e-02 1.189185815294352584e-02 4.701178345158987248e-01
5.428571428571429131e-02 1.219427310025277163e-02 4.679983640348828189e-01
5.428571428571429131e-02 1.258281423996169580e-02 4.709566319285487523e-01
5.428571428571429131e-02 1.287944148525856439e-02 4.793875363284462732e-01
5.428571428571429131e-02 1.326860749587395645e-02 4.889431357114852328e-01
5.428571428571429131e-02 1.365951206523362792e-02 5.030979811490459142e-01
5.428571428571429131e-02 1.405195200331151549e-02 5.206638348698912067e-01
5.428571428571429131e-02 1.444572389364006011e-02 5.407807759460080410e-01
5.428571428571429131e-02 1.484062408975264473e-02 5.626837477997999049e-01
5.428571428571429131e-02 1.523644871153193026e-02 5.862526872936665301e-01
5.428571428571429131e-02 1.563299364146071568e-02 6.109473226073370844e-01
5.428571428571429131e-02 1.603005452077185117e-02 6.368897979891782191e-01
5.428571428571429131e-02 1.642742674549336687e-02 6.640210646896383961e-01
5.428571428571429131e-02 1.682490546238498558e-02 6.924892183068886986e-01
5.428571428571429131e-02 1.722228556476194591e-02 7.227605080258514558e-01
5.428571428571429131e-02 1.776129174370616806e-02 7.534662548644921465e-01
5.428571428571429131e-02 1.816229949518246081e-02 7.821609001174441023e-01
5.428571428571429131e-02 1.856266285420608494e-02 8.128648130179940701e-01
5.428571428571429131e-02 1.911756991854608387e-02 8.461036299124612414e-01
5.428571428571429131e-02 1.952067839583611700e-02 8.748012608415827174e-01
5.428571428571429131e-02 1.992259515767680692e-02 9.068807410980201933e-01
5.428571428571429131e-02 2.049259773898139472e-02 9.381193902706002063e-01
5.428571428571429131e-02 2.089637494286674529e-02 9.687340523917620239e-01
5.428571428571429131e-02 2.147760938829537669e-02 1.001156499348382800e+00
5.428571428571429131e-02 2.188270295129000204e-02 1.030368439388255952e+00
5.428571428571429131e-02 2.247490091169424692e-02 1.062674671214631550e+00
5.428571428571429131e-02 2.288076601222936018e-02 1.091653991743634533e+00
5.428571428571429131e-02 2.348365892440982053e-02 1.122692002901981567e+00
5.428571428571429131e-02 2.388974998869857619e-02 1.152208839268905161e+00
5.277777777777778456e-02 6.609079266094873041e-03 3.409105810123762126e+00
5.277777777777778456e-02 6.987747505829312346e-03 2.564510099301325674e+00
5.277777777777778456e-02 7.376963607394796188e-03 1.925134682909252604e+00
5.277777777777778456e-02 7.776727570791321965e-03 1.467749811949648819e+00
5.277777777777778456e-02 8.187039396018889678e-03 1.171834747634791896e+00
5.277777777777778456e-02 8.556407655182042549e-03 1.013352971367825317e+00
5.277777777777778456e-02 8.822909094145087866e-03 9.011626110817833046e-01
5.277777777777778456e-02 9.083847533214986850e-03 8.070098257449958012e-01
5.277777777777778456e-02 9.398232857584827224e-03 7.265280966804187335e-01
5.277777777777778456e-02 9.649097565973707713e-03 6.612984510503245872e-01
5.277777777777778456e-02 9.958017723595754059e-03 6.061655869302877697e-01
5.277777777777778456e-02 1.026499238822941099e-02 5.625696497041754451e-01
5.277777777777778456e-02 1.056962674789102032e-02 5.287057480571000223e-01
5.277777777777778456e-02 1.087152512459708953e-02 5.036698007471931415e-01
5.277777777777778456e-02 1.117029094867476313e-02 4.869420643240978119e-01
5.277777777777778456e-02 1.154633249527750594e-02 4.739309321145768750e-01
5.277777777777778456e-02 1.184094448483492303e-02 4.687837368728110521e-01
5.277777777777778456e-02 1.221874844061109945e-02 4.679996415878314164e-01
5.277777777777778456e-02 1.250788732544308099e-02 4.734018991932938403e-01
5.277777777777778456e-02 1.288640492039544103e-02 4.801232328146346484e-01
5.277777777777778456e-02 1.326665556030128326e-02 4.919361995395065135e-01
5.277777777777778456e-02 1.364844329496883203e-02 5.075295880607598731e-01
5.277777777777778456e-02 1.403157196390717766e-02 5.259307958131816951e-01
5.277777777777778456e-02 1.430690887322664390e-02 5.454843919917135020e-01
5.277777777777778456e-02 1.468831960102557135e-02 5.671789346285931455e-01
5.277777777777778456e-02 1.507041393453008304e-02 5.909006438749127010e-01
5.277777777777778456e-02 1.557356522647609237e-02 6.158472769396837743e-01
5.277777777777778456e-02 1.596044856507312926e-02 6.411877980726756743e-01
5.277777777777778456e-02 1.634749126935799990e-02 6.676287118437640444e-01
5.277777777777778456e-02 1.673449561013320638e-02 6.955813480734887033e-01
5.277777777777778456e-02 1.712126361915164777e-02 7.250579971668258406e-01
5.277777777777778456e-02 1.764885261395291241e-02 7.564408792225361111e-01
5.277777777777778456e-02 1.803890525977843926e-02 7.842255276176486323e-01
5.277777777777778456e-02 1.842819479392959064e-02 8.143972781088577584e-01
5.277777777777778456e-02 1.881652240181751895e-02 8.472812290648448208e-01
5.277777777777778456e-02 1.936269208842194417e-02 8.756703123291020852e-01
5.277777777777778456e-02 1.975312306971580695e-02 9.070866233710789261e-01
5.277777777777778456e-02 2.031030655044635883e-02 9.380750617341516717e-01
5.277777777777778456e-02 2.070231646394466232e-02 9.681930529936099150e-01
5.277777777777778456e-02 2.127025489495443927e-02 9.997707849185150097e-01
5.277777777777778456e-02 2.166331861648951307e-02 1.029076772082564428e+00
5.277777777777778456e-02 2.224175295536178973e-02 1.060487962035768339e+00
5.277777777777778456e-02 2.263534466538878395e-02 1.089506457739967571e+00
5.277777777777778456e-02 2.322401566854490756e-02 1.119722996490563505e+00
5.135135135135135420e-02 6.747068086444404748e-03 2.943980439933233662e+00
5.135135135135135420e-02 7.122878393759037551e-03 2.217326300039343057e+00
5.135135135135135420e-02 7.508873262247510276e-03 1.678492898166196623e+00
5.135135135135135420e-02 7.905052691909818588e-03 1.306743024823451726e+00
5.135135135135135420e-02 8.311416682745971160e-03 1.083123183965345016e+00
5.135135135135135420e-02 8.623372098098268032e-03 9.601279128576200028e-01
5.135135135135135420e-02 8.880295471915381628e-03 8.569949919890953449e-01
5.135135135135135420e-02 9.131387366659167795e-03 7.703351500312443090e-01
5.135135135135135420e-02 9.436413055591303528e-03 6.972920406071541066e-01
5.135135135135135420e-02 9.740057937182180700e-03 6.383087657453175856e-01
5.135135135135135420e-02 9.975947286723279434e-03 5.886269924830374034e-01
5.135135135135135420e-02 1.027276468313250042e-02 5.494216690584944329e-01
5.135135135135135420e-02 1.056699230062121443e-02 5.197869418786872364e-01
5.135135135135135420e-02 1.093321547452577938e-02 4.968441575250743814e-01
5.135135135135135420e-02 1.122423885579813818e-02 4.804297628153074706e-01
5.135135135135135420e-02 1.151158868915254721e-02 4.720487501959241272e-01
5.135135135135135420e-02 1.187939001619155513e-02 4.674256177036821280e-01
5.135135135135135420e-02 1.216156121220676213e-02 4.696997499147506638e-01
5.135135135135135420e-02 1.253015988158620066e-02 4.735588051355027472e-01
5.135135135135135420e-02 1.290048686002638785e-02 4.830288285661831771e-01
5.135135135135135420e-02 1.327235294936341195e-02 4.966761813488363986e-01
5.135135135135135420e-02 1.354392034015778484e-02 5.115265577337397840e-01
5.135135135135135420e-02 1.391468089799818321e-02 5.285539582558601568e-01
5.135135135135135420e-02 1.428634675752213368e-02 5.483312764196038858e-01
5.135135135135135420e-02 1.465872779996487893e-02 5.701332946677033497e-01
5.135135135135135420e-02 1.503163369604513383e-02 5.938886860070242690e-01
5.135135135135135420e-02 1.540487390255374650e-02 6.194224856202475982e-01
5.135135135135135420e-02 1.590257615871264185e-02 6.460013801435372516e-01
5.135135135135135420e-02 1.627991986287216988e-02 6.718760989934705607e-01
5.135135135135135420e-02 1.665709070865260127e-02 6.989488408161123045e-01
5.135135135135135420e-02 1.703389739514475643e-02 7.278221232178841982e-01
5.135135135135135420e-02 1.741014839170376347e-02 7.586551368229881298e-01
5.135135135135135420e-02 1.793060251025577895e-02 7.868403273732699210e-01
5.135135135135135420e-02 1.830950175885122377e-02 8.161638848856457296e-01
5.135135135135135420e-02 1.868733571198706936e-02 8.485936230373510858e-01
5.135135135135135420e-02 1.922199645820183225e-02 8.767978859678345893e-01
5.135135135135135420e-02 1.960165468176359310e-02 9.078274955207872310e-01
5.135135135135135420e-02 2.014687637306596807e-02 9.383814196396832452e-01
5.135135135135135420e-02 2.052785209380212500e-02 9.678353020481739177e-01
5.135135135135135420e-02 2.108338456931438745e-02 9.992025832077890968e-01
5.135135135135135420e-02 2.146517036976009277e-02 1.028077659626872364e+00
5.135135135135135420e-02 2.203076328163015851e-02 1.058921660934734943e+00
5.135135135135135420e-02 2.241285108840270629e-02 1.087826399870917005e+00
5.000000000000000278e-02 6.522077553071541078e-03 3.355999185099945770e+00
5.000000000000000278e-02 6.885355933865436491e-03 2.542742013893623643e+00
5.000000000000000278e-02 7.258479257228271642e-03 1.922928435626188870e+00
5.000000000000000278e-02 7.641447523160046530e-03 1.475627151642248336e+00
5.000000000000000278e-02 8.034260731660766361e-03 1.181660663523375288e+00
5.000000000000000278e-02 8.386302681002918979e-03 1.021385576173340137e+00
5.000000000000000278e-02 8.636956456570078072e-03 9.114869942838019767e-01
5.000000000000000278e-02 8.937753783031529911e-03 8.166015411621375675e-01
5.000000000000000278e-02 9.179327342635287476e-03 7.370236381371229051e-01
5.000000000000000278e-02 9.475349277089194569e-03 6.703586383442026175e-01
5.000000000000000278e-02 9.769719556211694383e-03 6.162995268091364665e-01
5.000000000000000278e-02 1.006207007510230046e-02 5.723805329155712274e-01
5.000000000000000278e-02 1.035203198460548160e-02 5.371074741829834354e-01
5.000000000000000278e-02 1.063923566980489767e-02 5.093929906252421258e-01
5.000000000000000278e-02 1.092331072748300123e-02 4.895026913208720964e-01
5.000000000000000278e-02 1.120388594247805243e-02 4.776977184440702739e-01
5.000000000000000278e-02 1.156234761939950277e-02 4.691487214855530885e-01
5.000000000000000278e-02 1.183802038134101724e-02 4.682049743300048528e-01
5.000000000000000278e-02 1.219735844944774480e-02 4.691791958844772625e-01
5.000000000000000278e-02 1.255842075990740506e-02 4.763089850092154798e-01
5.000000000000000278e-02 1.282612702182686290e-02 4.870794609927679431e-01
5.000000000000000278e-02 1.318665569309008558e-02 4.989173643378205236e-01
5.000000000000000278e-02 1.354829671100049593e-02 5.140338497756402614e-01
5.000000000000000278e-02 1.391086652355052848e-02 5.320164760450540875e-01
5.000000000000000278e-02 1.427418138564673887e-02 5.520473844395822338e-01
5.000000000000000278e-02 1.463805735604509911e-02 5.739735636825104015e-01
5.000000000000000278e-02 1.500231029420444166e-02 5.975569616271190210e-01
5.000000000000000278e-02 1.536675585705517960e-02 6.226972087202784500e-01
5.000000000000000278e-02 1.573120949568009366e-02 6.496937366527035795e-01
5.000000000000000278e-02 1.622354944025670986e-02 6.764787461918871925e-01
5.000000000000000278e-02 1.659146628767375550e-02 7.028606979625687812e-01
5.000000000000000278e-02 1.695890003891722952e-02 7.308133561411921386e-01
5.000000000000000278e-02 1.732566541630866166e-02 7.610832880777053111e-01
5.000000000000000278e-02 1.783596702500179002e-02 7.897349096525377865e-01
5.000000000000000278e-02 1.820509386185583181e-02 8.184409385067757947e-01
5.000000000000000278e-02 1.857305935875038297e-02 8.500341976030143520e-01
5.000000000000000278e-02 1.909695635593912019e-02 8.784862004554507831e-01
5.000000000000000278e-02 1.946648620737426172e-02 9.087875383243471106e-01
5.000000000000000278e-02 2.000052140353911559e-02 9.388878582495923109e-01
5.000000000000000278e-02 2.037112537376780178e-02 9.681596121983824244e-01
5.000000000000000278e-02 2.091505673748280184e-02 9.989599356011977793e-01
5.000000000000000278e-02 2.128624398199509618e-02 1.027555412908436550e+00
5.000000000000000278e-02 2.183982930545903464e-02 1.057847094338643767e+00
