1.000000000000000000e+03 inf 3.650422078570347395e+00
1.000000000000000000e+03 inf 3.594275697140266956e+00
1.000000000000000000e+03 inf 3.661925930680127284e+00
1.866404715127701408e+01 8.759850458958079814e+51 3.787991698960979647e+00
1.866404715127701408e+01 9.021812867140028453e+51 3.617675323424515810e+00
1.866404715127701408e+01 9.287634758315447154e+51 3.216159540999653732e+00
1.866404715127701408e+01 9.557316132484341234e+51 2.920734080435583913e+00
1.866404715127701408e+01 9.830856989646706707e+51 2.735824496464302147e+00
1.866404715127701408e+01 1.010825732980254756e+52 2.665275326757140739e+00
1.866404715127701408e+01 1.038951715295185980e+52 2.712363957958311200e+00
1.866404715127701408e+01 1.067463645909464078e+52 2.880163866107251280e+00
1.866404715127701408e+01 1.096361524823089713e+52 3.171594141430096325e+00
1.866404715127701408e+01 1.125645352036062621e+52 3.589470311615996501e+00
9.419930589985126446e+00 9.590277004851588129e+24 3.634238919401938439e+00
9.419930589985126446e+00 1.137856139956379273e+25 3.238193058895197041e+00
9.419930589985126446e+00 1.288999833307683462e+25 2.799119612067175744e+00
9.419930589985126446e+00 1.326428011244876855e+25 2.441716265598359303e+00
9.419930589985126446e+00 1.364391833946824035e+25 2.191732369604461717e+00
9.419930589985126446e+00 1.402891301413525647e+25 2.052396552772963734e+00
9.419930589985126446e+00 1.441926413644981262e+25 2.026610597080291676e+00
9.419930589985126446e+00 1.481497170641190880e+25 2.117194691650924554e+00
9.419930589985126446e+00 1.521603572402154500e+25 2.326871909318665388e+00
9.419930589985126446e+00 1.562245618927872122e+25 2.658302739171979123e+00
9.419930589985126446e+00 1.603423310218343748e+25 3.114186633650311897e+00
9.419930589985126446e+00 1.645136646273569805e+25 3.430784826826640987e+00
9.419930589985126446e+00 1.687385627093550080e+25 3.556925850293802593e+00
9.419930589985126446e+00 1.730170252678283927e+25 3.672681038591826042e+00
9.419930589985126446e+00 1.773490523027772851e+25 3.780007284400790368e+00
6.299734748010610730e+00 7.781089306756504000e+15 3.346278236521781135e+00
6.299734748010610730e+00 8.491655538849250000e+15 2.873574042844707854e+00
6.299734748010610730e+00 9.269076975222914000e+15 2.465257506580606162e+00
6.299734748010610730e+00 1.012008802215832200e+16 2.124782172307392525e+00
6.299734748010610730e+00 1.105216316465481000e+16 1.854116235597451645e+00
6.299734748010610730e+00 1.171243041715512200e+16 1.661901570204818324e+00
6.299734748010610730e+00 1.203832596970156800e+16 1.579585439884455766e+00
6.299734748010610730e+00 1.236869350238587000e+16 1.612398510513237904e+00
6.299734748010610730e+00 1.270353301520803200e+16 1.762687967886432894e+00
6.299734748010610730e+00 1.304284450816805600e+16 2.032817102364901540e+00
6.299734748010610730e+00 1.338662798126593400e+16 2.280973784474471522e+00
6.299734748010610730e+00 1.373488343450167000e+16 2.412988837935901465e+00
6.299734748010610730e+00 1.408761086787527000e+16 2.538142938961200468e+00
6.299734748010610730e+00 1.444481028138672400e+16 2.657363268507054954e+00
6.299734748010610730e+00 1.480648167503604000e+16 2.771198201475153944e+00
6.299734748010610730e+00 1.517262504882321600e+16 2.880128570004147015e+00
6.299734748010610730e+00 1.554324040274824400e+16 2.984530420881922996e+00
6.299734748010610730e+00 1.591832773681113600e+16 3.084741551803988902e+00
6.299734748010610730e+00 1.629788705101188400e+16 3.180798027546486217e+00
6.299734748010610730e+00 1.668191834535048800e+16 3.273219122430792716e+00
6.299734748010610730e+00 1.707042161982695600e+16 3.362061427353668641e+00
6.299734748010610730e+00 1.746339687444127800e+16 3.447604345416469762e+00
6.299734748010610730e+00 1.786084410919346400e+16 3.529935486339799144e+00
6.299734748010610730e+00 1.826276332408350800e+16 3.609326497963194935e+00
6.299734748010610730e+00 1.866915451911140400e+16 3.685815539553598530e+00
6.299734748010610730e+00 1.908001769427716800e+16 3.759591784597294151e+00
4.732254047322540735e+00 2.050743720392500916e+11 3.045247872274909895e+00
4.732254047322540735e+00 2.197618305596449280e+11 2.593880848040954312e+00
4.732254047322540735e+00 2.355009964931477966e+11 2.206711189676672902e+00
4.732254047322540735e+00 2.575869440999276733e+11 1.883954192465105315e+00
4.732254047322540735e+00 2.761149512280972900e+11 1.628868258767362853e+00
4.732254047322540735e+00 2.959958402984182739e+11 1.443119554798715232e+00
4.732254047322540735e+00 3.173365544086197510e+11 1.327545103325490139e+00
4.732254047322540735e+00 3.330532976981734619e+11 1.293006446867964954e+00
4.732254047322540735e+00 3.420695615358665771e+11 1.374191183724950083e+00
4.732254047322540735e+00 3.512062429206406860e+11 1.517068483963941450e+00
4.732254047322540735e+00 3.604633418524957886e+11 1.620439690022394741e+00
4.732254047322540735e+00 3.698408583314320068e+11 1.725230162793176758e+00
4.732254047322540735e+00 3.793387923574492798e+11 1.830165761688209436e+00
4.732254047322540735e+00 3.889571439305475464e+11 1.934481604560690293e+00
4.732254047322540735e+00 3.986959130507269897e+11 2.037580907526582052e+00
4.732254047322540735e+00 4.085550997179873657e+11 2.139118213551023384e+00
4.732254047322540735e+00 4.185347039323287354e+11 2.238844420333802265e+00
4.732254047322540735e+00 4.286347256937512207e+11 2.336613099005779848e+00
4.732254047322540735e+00 4.388551650022547607e+11 2.432096896538663344e+00
4.732254047322540735e+00 4.491960218578392944e+11 2.525478669748136173e+00
4.732254047322540735e+00 4.596572962605048828e+11 2.616575711109502933e+00
4.732254047322540735e+00 4.702389882102514038e+11 2.705451908420828389e+00
4.732254047322540735e+00 4.809410977070791626e+11 2.792023397517155114e+00
4.732254047322540735e+00 4.917636247509879150e+11 2.876412082082673294e+00
4.732254047322540735e+00 5.027065693419776001e+11 2.958535048420824154e+00
4.732254047322540735e+00 5.137699314800485229e+11 3.038472365533289477e+00
4.732254047322540735e+00 5.249537111652004395e+11 3.116292530425503138e+00
4.732254047322540735e+00 5.362579083974332886e+11 3.192046276444086672e+00
4.732254047322540735e+00 5.476825231767471313e+11 3.265774435714028368e+00
4.732254047322540735e+00 5.592275555031422119e+11 3.337492136007139898e+00
4.732254047322540735e+00 5.708930053766181641e+11 3.407312393417873952e+00
4.732254047322540735e+00 5.826788727971751709e+11 3.475216907375195508e+00
4.732254047322540735e+00 5.945851577648134766e+11 3.541285100866887525e+00
4.732254047322540735e+00 6.066118602795323486e+11 3.605581198005467947e+00
4.732254047322540735e+00 6.187589803413327637e+11 3.668191112414338928e+00
4.732254047322540735e+00 6.310265179502139893e+11 3.729073367011320528e+00
4.732254047322540735e+00 6.434144731061762695e+11 3.788422629328193736e+00
3.789389708815317448e+00 3.598491142149707675e+08 2.817489133818626534e+00
3.789389708815317448e+00 3.814795064560018182e+08 2.380560399172380937e+00
3.789389708815317448e+00 4.103555825951433182e+08 2.004801238201057600e+00
3.789389708815317448e+00 4.349894272901934981e+08 1.694719102508353004e+00
3.789389708815317448e+00 4.680865879951420426e+08 1.449002512866290449e+00
3.789389708815317448e+00 4.961931511641051173e+08 1.270768729529843544e+00
3.789389708815317448e+00 5.342009441975752115e+08 1.160881572186661881e+00
3.789389708815317448e+00 5.663357083942388296e+08 1.117774577803277269e+00
3.789389708815317448e+00 6.004002766537842751e+08 1.139652821386010428e+00
3.789389708815317448e+00 6.164369740041291714e+08 1.182491452012450095e+00
3.789389708815317448e+00 6.326850281564555168e+08 1.238790756945043148e+00
3.789389708815317448e+00 6.491444391107633114e+08 1.304483977346274859e+00
3.789389708815317448e+00 6.658152068670526743e+08 1.376841358808176263e+00
3.789389708815317448e+00 6.826973314253233671e+08 1.453972466812771813e+00
3.789389708815317448e+00 6.997908127855758667e+08 1.534410998612393717e+00
3.789389708815317448e+00 7.170956509478096962e+08 1.617114620509016554e+00
3.789389708815317448e+00 7.346118459120248556e+08 1.701266999070694785e+00
3.789389708815317448e+00 7.523393976782217026e+08 1.786252706778644006e+00
3.789389708815317448e+00 7.702783062463997602e+08 1.871397956007669894e+00
3.789389708815317448e+00 7.884285716165595055e+08 1.956512159726717881e+00
3.789389708815317448e+00 8.067901937887005806e+08 2.041163652463954037e+00
3.789389708815317448e+00 8.253631727628231049e+08 2.125168567939657471e+00
3.789389708815317448e+00 8.441475085389273167e+08 2.208251348312760598e+00
3.789389708815317448e+00 8.631432011170130968e+08 2.290349063087529391e+00
3.789389708815317448e+00 8.823502504970799685e+08 2.371239565124295012e+00
3.789389708815317448e+00 9.017686566791287661e+08 2.450863788515113217e+00
3.789389708815317448e+00 9.213984196631587744e+08 2.529179084785920573e+00
3.789389708815317448e+00 9.412395394491703510e+08 2.606134598312733086e+00
3.789389708815317448e+00 9.612920160371632576e+08 2.681685299401972422e+00
3.789389708815317448e+00 9.815558494271378517e+08 2.755765566886386964e+00
3.789389708815317448e+00 1.002031039619093776e+09 2.828427378671658499e+00
3.789389708815317448e+00 1.022717586613031149e+09 2.899584234106952429e+00
3.789389708815317448e+00 1.043615490408950448e+09 2.969266534434025218e+00
3.789389708815317448e+00 1.064724751006850481e+09 3.037489216290842897e+00
3.789389708815317448e+00 1.086045368406732559e+09 3.104300858702890409e+00
3.789389708815317448e+00 1.107577342608596087e+09 3.169612277031710779e+00
3.789389708815317448e+00 1.129320673612440825e+09 3.233598904667496221e+00
3.789389708815317448e+00 1.151275361418267012e+09 3.296163277033597350e+00
3.789389708815317448e+00 1.173441406026074886e+09 3.357352094179312907e+00
3.789389708815317448e+00 1.195818807435864449e+09 3.417151974288895389e+00
3.789389708815317448e+00 1.218407565647634983e+09 3.475720697895550160e+00
3.789389708815317448e+00 1.241207680661387444e+09 3.532891264806921505e+00
3.789389708815317448e+00 1.264219152477121115e+09 3.588833380805482420e+00
3.789389708815317448e+00 1.287441981094836473e+09 3.643596234433133851e+00
3.789389708815317448e+00 1.310876166514533281e+09 3.697033718897515975e+00
3.789389708815317448e+00 1.334521708736211300e+09 3.749383970780024722e+00
3.789389708815317448e+00 1.358378607759871006e+09 3.800484099914020586e+00
3.159820389156827058e+00 5.188426753505419008e+06 2.731445795516395325e+00
3.159820389156827058e+00 5.521806178690720350e+06 2.292886106014534242e+00
3.159820389156827058e+00 5.811831966911530122e+06 1.914658912911272104e+00
3.159820389156827058e+00 6.185322102381178178e+06 1.599582642872043658e+00
3.159820389156827058e+00 6.508658757156170905e+06 1.349432971819433336e+00
3.159820389156827058e+00 6.927630296829584986e+06 1.162537507530239322e+00
3.159820389156827058e+00 7.288604694371365942e+06 1.043021842076796712e+00
3.159820389156827058e+00 7.759283484923696145e+06 9.880531281070495941e-01
3.159820389156827058e+00 8.065271479209755547e+06 1.004647723587231534e+00
3.159820389156827058e+00 8.482958084940547124e+06 1.031506015947866395e+00
3.159820389156827058e+00 8.813140806716259569e+06 1.063153072262653431e+00
3.159820389156827058e+00 9.153747813198236749e+06 1.098376346261251468e+00
3.159820389156827058e+00 9.505085880502758548e+06 1.135736735970824141e+00
3.159820389156827058e+00 9.746092757661316544e+06 1.177244867663515437e+00
3.159820389156827058e+00 9.990116935316387564e+06 1.226597210115034864e+00
3.159820389156827058e+00 1.023715841346796416e+07 1.282185659430209457e+00
3.159820389156827058e+00 1.048721719211604446e+07 1.342707259446030088e+00
3.159820389156827058e+00 1.074029327126063593e+07 1.407122660692046834e+00
3.159820389156827058e+00 1.099638665090173297e+07 1.474450529117811381e+00
3.159820389156827058e+00 1.125549733103933930e+07 1.544127797478861197e+00
3.159820389156827058e+00 1.151762531167345494e+07 1.615484686987028073e+00
3.159820389156827058e+00 1.178277059280407429e+07 1.688083282979799149e+00
3.159820389156827058e+00 1.205093317443120480e+07 1.761453768089735306e+00
3.159820389156827058e+00 1.232211305655484460e+07 1.835334838822629155e+00
3.159820389156827058e+00 1.259631023917498626e+07 1.909359248318050151e+00
3.159820389156827058e+00 1.287352472229164280e+07 1.983314547105477388e+00
3.159820389156827058e+00 1.315375650590480305e+07 2.057034275769733522e+00
3.159820389156827058e+00 1.343700559001447260e+07 2.130352067781407843e+00
3.159820389156827058e+00 1.372327197462064587e+07 2.203125416606952935e+00
3.159820389156827058e+00 1.401255565972333215e+07 2.275197314211769406e+00
3.159820389156827058e+00 1.430485664532252401e+07 2.346544217964575019e+00
3.159820389156827058e+00 1.460017493141822144e+07 2.417003498219751023e+00
3.159820389156827058e+00 1.489851051801043190e+07 2.486544379485579714e+00
3.159820389156827058e+00 1.519986340509914421e+07 2.555121107069122210e+00
3.159820389156827058e+00 1.550423359268436953e+07 2.622733840075372580e+00
3.159820389156827058e+00 1.581162108076610044e+07 2.689240195281019208e+00
3.159820389156827058e+00 1.612202586934434064e+07 2.754780914849858320e+00
3.159820389156827058e+00 1.643544795841908641e+07 2.819216276890124551e+00
3.159820389156827058e+00 1.675188734799033962e+07 2.882561908987281818e+00
3.159820389156827058e+00 1.707134403805810586e+07 2.944770414750689902e+00
3.159820389156827058e+00 1.739381802862237021e+07 3.005975219863899817e+00
3.159820389156827058e+00 1.771930931968314946e+07 3.065976445307721843e+00
3.159820389156827058e+00 1.804781791124043241e+07 3.124930043506685795e+00
3.159820389156827058e+00 1.837934380329423025e+07 3.182861936837520389e+00
3.159820389156827058e+00 1.871388699584453180e+07 3.239602228833197373e+00
3.159820389156827058e+00 1.905144748889134079e+07 3.295377968819980463e+00
3.159820389156827058e+00 1.939202528243465349e+07 3.350006140265773702e+00
3.159820389156827058e+00 1.973562037647447735e+07 3.403673529248862906e+00
3.159820389156827058e+00 2.008223277101081237e+07 3.456224193185695182e+00
3.159820389156827058e+00 2.043186246604365110e+07 3.507859292974368604e+00
2.709640616086708587e+00 2.499293042851639329e+05 2.597185073421538704e+00
2.709640616086708587e+00 2.640063168777637184e+05 2.163530571255569246e+00
2.709640616086708587e+00 2.788631107652135543e+05 1.790749344605357063e+00
2.709640616086708587e+00 2.945491665062645334e+05 1.480267240151057484e+00
2.709640616086708587e+00 3.083669341018435662e+05 1.232467665990154115e+00
2.709640616086708587e+00 3.256751407259186381e+05 1.047393578970118977e+00
2.709640616086708587e+00 3.439701144544790150e+05 9.275542666383796986e-01
2.709640616086708587e+00 3.599666391058467561e+05 9.046622001452268025e-01
2.709640616086708587e+00 3.731532927942022798e+05 9.086286556678904169e-01
2.709640616086708587e+00 3.867063805191575666e+05 9.241819346845056016e-01
2.709640616086708587e+00 4.044264028671684791e+05 9.454891852151823262e-01
2.709640616086708587e+00 4.188965647569345310e+05 9.717089228337112417e-01
2.709640616086708587e+00 4.337660913132636342e+05 1.001666647399611865e+00
2.709640616086708587e+00 4.490448282769750222e+05 1.034121782622129171e+00
2.709640616086708587e+00 4.647429060888446984e+05 1.068191478987849052e+00
2.709640616086708587e+00 4.808707496042008861e+05 1.103363418442804056e+00
2.709640616086708587e+00 4.974390881930075702e+05 1.139321994346728539e+00
2.709640616086708587e+00 5.094432196748832357e+05 1.177259392403166682e+00
2.709640616086708587e+00 5.215904704590761103e+05 1.221005997659656117e+00
2.709640616086708587e+00 5.338808405455865432e+05 1.269645233837881637e+00
2.709640616086708587e+00 5.463143299344144762e+05 1.322289113985663178e+00
2.709640616086708587e+00 5.588909386255595600e+05 1.378253174080084742e+00
2.709640616086708587e+00 5.716106666190224933e+05 1.436880247227149798e+00
2.709640616086708587e+00 5.844735139148026938e+05 1.497709918808933338e+00
2.709640616086708587e+00 5.974794805129001616e+05 1.560231178022452037e+00
2.709640616086708587e+00 6.106285664133154787e+05 1.624073914429186694e+00
2.709640616086708587e+00 6.239207716160480632e+05 1.688943385555101484e+00
2.709640616086708587e+00 6.373560961210979149e+05 1.754550973516906254e+00
2.709640616086708587e+00 6.509345399284652667e+05 1.820651306761755350e+00
2.709640616086708587e+00 6.646561030381502351e+05 1.886990933008037219e+00
2.709640616086708587e+00 6.785207854501524707e+05 1.953461782781365619e+00
2.709640616086708587e+00 6.925285871644722065e+05 2.019821602157874985e+00
2.709640616086708587e+00 7.066795081811095588e+05 2.085970479539301703e+00
2.709640616086708587e+00 7.209735485000639455e+05 2.151794680505689339e+00
2.709640616086708587e+00 7.354107081213361816e+05 2.217238425650124523e+00
2.709640616086708587e+00 7.499909870449258015e+05 2.282103285759538469e+00
2.709640616086708587e+00 7.647143852708326885e+05 2.346483515390626273e+00
2.709640616086708587e+00 7.795809027990570758e+05 2.410195751098552996e+00
2.709640616086708587e+00 7.945905396295989631e+05 2.473217966606243046e+00
2.709640616086708587e+00 8.097432957624583505e+05 2.535464662905074551e+00
2.709640616086708587e+00 8.250391711976347724e+05 2.597034755675698747e+00
2.709640616086708587e+00 8.404781659351291601e+05 2.657697333994805788e+00
2.709640616086708587e+00 8.560602799749405822e+05 2.717585334378946449e+00
2.709640616086708587e+00 8.717855133170698537e+05 2.776695717184040291e+00
2.709640616086708587e+00 8.876538659615163924e+05 2.834836779573770116e+00
2.709640616086708587e+00 9.036653379082801985e+05 2.892212731097623557e+00
2.709640616086708587e+00 9.198199291573616210e+05 2.948623772237375817e+00
2.709640616086708587e+00 9.361176397087605437e+05 3.004236052938638935e+00
2.709640616086708587e+00 9.525584695624767337e+05 3.058878607805909144e+00
2.709640616086708587e+00 9.691424187185104238e+05 3.112739913749058118e+00
2.371738859068780680e+00 2.561930125680645506e+04 2.502495193928009343e+00
2.371738859068780680e+00 2.709421785220449237e+04 2.071407597384359534e+00
2.371738859068780680e+00 2.846233189307229986e+04 1.700390662043486323e+00
2.371738859068780680e+00 2.989614994704074707e+04 1.390884994431792254e+00
2.371738859068780680e+00 3.118087533091056684e+04 1.142659888363907195e+00
2.371738859068780680e+00 3.274275076133240873e+04 9.567758553668755939e-01
2.371738859068780680e+00 3.413561641831142333e+04 8.790966467249607952e-01
2.371738859068780680e+00 3.557981096702099603e+04 8.549091470455648656e-01
2.371738859068780680e+00 3.707733410200654907e+04 8.464909552603122611e-01
2.371738859068780680e+00 3.834719277786986640e+04 8.493053014689753155e-01
2.371738859068780680e+00 3.994278177567373496e+04 8.602625919934568932e-01
2.371738859068780680e+00 4.128773272894795809e+04 8.769946044742522595e-01
2.371738859068780680e+00 4.266580495312113635e+04 8.990407518891289085e-01
2.371738859068780680e+00 4.407768412398911460e+04 9.248315355885030620e-01
2.371738859068780680e+00 4.552407333652445232e+04 9.531835937012387294e-01
2.371738859068780680e+00 4.700569364028578275e+04 9.833093852355776487e-01
2.371738859068780680e+00 4.852328459426333575e+04 1.014644908544158675e+00
2.371738859068780680e+00 5.007760484197694313e+04 1.046830707544680772e+00
2.371738859068780680e+00 5.166943270768183720e+04 1.079611841588868693e+00
2.371738859068780680e+00 5.329956681457929517e+04 1.112951813682002467e+00
2.371738859068780680e+00 5.496882672597126657e+04 1.146826219780458844e+00
2.371738859068780680e+00 5.623425467845953244e+04 1.181962153789388292e+00
2.371738859068780680e+00 5.751408294904155628e+04 1.221768877082371141e+00
2.371738859068780680e+00 5.880831153771734535e+04 1.265593581585142013e+00
2.371738859068780680e+00 6.011694044448686327e+04 1.312786925682706274e+00
2.371738859068780680e+00 6.143996966935015371e+04 1.362823090484956756e+00
2.371738859068780680e+00 6.277739921230717300e+04 1.415279829857001292e+00
2.371738859068780680e+00 6.412922907335795026e+04 1.469744314468844681e+00
2.371738859068780680e+00 6.549545925250247092e+04 1.525867101686009697e+00
2.371738859068780680e+00 6.687608974974075682e+04 1.583297048489734404e+00
2.371738859068780680e+00 6.827112056507277885e+04 1.641836460679892307e+00
2.371738859068780680e+00 6.968055169849854428e+04 1.701163050881320249e+00
2.371738859068780680e+00 7.110438315001809679e+04 1.761102887646545767e+00
2.371738859068780680e+00 7.254261491963134904e+04 1.821470011837458047e+00
2.371738859068780680e+00 7.399524700733838836e+04 1.882147866988847174e+00
2.371738859068780680e+00 7.546227941313917108e+04 1.942881061217557992e+00
2.371738859068780680e+00 7.694371213703368267e+04 2.003708458131184589e+00
2.371738859068780680e+00 7.843954517902195221e+04 2.064403008440046872e+00
2.371738859068780680e+00 7.994977853910399426e+04 2.124900203127707776e+00
2.371738859068780680e+00 8.147441221727977972e+04 2.185073888625447491e+00
2.371738859068780680e+00 8.301344621354927949e+04 2.244980600558062811e+00
2.371738859068780680e+00 8.456688052791258087e+04 2.304360543482488310e+00
2.371738859068780680e+00 8.613471516036958201e+04 2.363316225326312470e+00
2.371738859068780680e+00 8.771695011092038476e+04 2.421811387966553930e+00
2.371738859068780680e+00 8.931358537956491637e+04 2.479634477682072458e+00
2.371738859068780680e+00 9.092462096630317683e+04 2.536957358502217375e+00
2.371738859068780680e+00 9.255005687113519525e+04 2.593566493451680000e+00
2.371738859068780680e+00 9.418989309406097163e+04 2.649598997901016162e+00
2.371738859068780680e+00 9.584412963508049143e+04 2.704871207141771983e+00
2.371738859068780680e+00 9.751276649419378373e+04 2.759551242451335984e+00
2.108768035516093153e+00 4.370340225497185202e+03 2.438772176638591471e+00
2.108768035516093153e+00 4.572384282917985729e+03 2.007461602812439683e+00
2.108768035516093153e+00 4.782804971848833702e+03 1.636369957702902278e+00
2.108768035516093153e+00 5.001995333514970298e+03 1.325780432889290594e+00
2.108768035516093153e+00 5.230372797482023088e+03 1.075958179891174371e+00
2.108768035516093153e+00 5.468381082802175115e+03 9.295660432502796944e-01
2.108768035516093153e+00 5.684163183973903870e+03 8.709067322271628608e-01
2.108768035516093153e+00 5.906947320601028878e+03 8.334818123228469045e-01
2.108768035516093153e+00 6.136967204785056310e+03 8.123180599560775317e-01
2.108768035516093153e+00 6.337473129580032037e+03 8.025141613844486432e-01
2.108768035516093153e+00 6.580877573482654952e+03 8.024679705346633440e-01
2.108768035516093153e+00 6.791913507834065967e+03 8.096499910539906031e-01
2.108768035516093153e+00 7.049440315023952280e+03 8.236438180474685566e-01
2.108768035516093153e+00 7.271516574950906033e+03 8.405721260807749173e-01
2.108768035516093153e+00 7.498509823311989749e+03 8.616285972078232547e-01
2.108768035516093153e+00 7.730506951079439204e+03 8.857522097283768714e-01
2.108768035516093153e+00 7.967596843514773354e+03 9.121270538910827286e-01
2.108768035516093153e+00 8.209870436985738706e+03 9.401688617394335923e-01
2.108768035516093153e+00 8.457420777723276842e+03 9.694371158961521129e-01
2.108768035516093153e+00 8.710343082595858505e+03 9.996944805554563995e-01
2.108768035516093153e+00 8.968734801982122008e+03 1.030765830390342419e+00
2.108768035516093153e+00 9.232695684826441720e+03 1.062596855113875804e+00
2.108768035516093153e+00 9.442821435024174207e+03 1.094604836044912988e+00
2.108768035516093153e+00 9.716156941843511959e+03 1.125661601440521187e+00
2.108768035516093153e+00 9.995314396112704344e+03 1.157301682322983583e+00
2.108768035516093153e+00 1.021528721841501647e+04 1.190457432740841259e+00
2.108768035516093153e+00 1.043765430272878075e+04 1.227515644097729730e+00
2.108768035516093153e+00 1.066241564905400082e+04 1.267940467313751540e+00
2.108768035516093153e+00 1.088957125739067305e+04 1.311279958370811016e+00
2.108768035516093153e+00 1.111912112773879926e+04 1.357086610547631800e+00
2.108768035516093153e+00 1.135106526009837944e+04 1.405070792995526618e+00
2.108768035516093153e+00 1.158540365446941360e+04 1.454831895011822418e+00
2.108768035516093153e+00 1.182213631085190173e+04 1.506119334872121573e+00
2.108768035516093153e+00 1.206126322924584019e+04 1.558672928420095527e+00
2.108768035516093153e+00 1.230278440965123627e+04 1.612312516283811892e+00
2.108768035516093153e+00 1.254669985206808633e+04 1.666726223551352248e+00
2.108768035516093153e+00 1.279300955649638854e+04 1.721890913209865648e+00
2.108768035516093153e+00 1.304171352293614109e+04 1.777536772216371075e+00
2.108768035516093153e+00 1.329281175138735307e+04 1.833553369428711610e+00
2.108768035516093153e+00 1.354630424185001903e+04 1.889772523367894141e+00
2.108768035516093153e+00 1.380219099432413168e+04 1.946202379239333702e+00
2.108768035516093153e+00 1.406047200880970559e+04 2.002556581570736682e+00
2.108768035516093153e+00 1.432114728530672801e+04 2.058901328030398048e+00
2.108768035516093153e+00 1.458421682381520986e+04 2.115164051346483554e+00
2.108768035516093153e+00 1.484968062433514206e+04 2.171115244687642054e+00
2.108768035516093153e+00 1.511753868686652822e+04 2.226886802398549303e+00
2.108768035516093153e+00 1.538779101140936655e+04 2.282254215319337920e+00
2.108768035516093153e+00 1.566043759796365885e+04 2.337318733451935859e+00
2.108768035516093153e+00 1.593547844652940512e+04 2.391886087786971871e+00
2.108768035516093153e+00 1.621291355710660719e+04 2.446097749999845306e+00
1.898291537616145552e+00 1.054808913833097677e+03 2.350368083211343162e+00
1.898291537616145552e+00 1.104576046599197525e+03 1.922818427635319516e+00
1.898291537616145552e+00 1.151634444328557493e+03 1.555549864600859866e+00
1.898291537616145552e+00 1.200416765637236949e+03 1.248794007904918235e+00
1.898291537616145552e+00 1.250993998387557212e+03 1.057764435869053887e+00
1.898291537616145552e+00 1.303441190526618584e+03 9.589584380965924248e-01
1.898291537616145552e+00 1.351737523428105078e+03 8.866259973096146663e-01
1.898291537616145552e+00 1.401428568426038282e+03 8.357355088700493262e-01
1.898291537616145552e+00 1.452554156559227749e+03 8.016198234652068821e-01
1.898291537616145552e+00 1.498220200540036558e+03 7.795408475389203895e-01
1.898291537616145552e+00 1.552016909807197862e+03 7.682405940010005319e-01
1.898291537616145552e+00 1.599841102110021666e+03 7.660849007901245900e-01
1.898291537616145552e+00 1.656434680445822778e+03 7.695931460611451502e-01
1.898291537616145552e+00 1.706504789765576106e+03 7.792089734437060988e-01
1.898291537616145552e+00 1.757588353330721020e+03 7.939919516518043618e-01
1.898291537616145552e+00 1.818437994668627653e+03 8.111476560835851890e-01
1.898291537616145552e+00 1.871899076421000018e+03 8.314418357024707662e-01
1.898291537616145552e+00 1.926428085106105527e+03 8.543091011413033176e-01
1.898291537616145552e+00 1.982041207047585203e+03 8.791370606052961723e-01
1.898291537616145552e+00 2.038754969456971594e+03 9.054984985243249573e-01
1.898291537616145552e+00 2.096586249573912482e+03 9.330731197639671182e-01
1.898291537616145552e+00 2.155552284104133832e+03 9.616652433921213383e-01
1.898291537616145552e+00 2.215670678966563173e+03 9.911432255667143032e-01
1.898291537616145552e+00 2.265529499428847885e+03 1.021015882749975789e+00
1.898291537616145552e+00 2.327627340915569675e+03 1.050226811245087655e+00
1.898291537616145552e+00 2.390922257493999496e+03 1.080020361933867967e+00
1.898291537616145552e+00 2.455433160386478903e+03 1.110566480845153192e+00
1.898291537616145552e+00 2.508307728458326892e+03 1.140873420109966618e+00
1.898291537616145552e+00 2.574891409633703461e+03 1.170179427967110497e+00
1.898291537616145552e+00 2.629169578651677512e+03 1.202044503313486778e+00
1.898291537616145552e+00 2.684013882418209050e+03 1.237219461649202934e+00
1.898291537616145552e+00 2.739424320933298077e+03 1.275228502715602730e+00
1.898291537616145552e+00 2.795400894196945956e+03 1.315743410369444533e+00
1.898291537616145552e+00 2.851943602209149503e+03 1.358429422059318714e+00
1.898291537616145552e+00 2.909052444969912813e+03 1.403041457734800046e+00
1.898291537616145552e+00 2.966727422479233155e+03 1.449212634028442803e+00
1.898291537616145552e+00 3.024968534737111440e+03 1.496853026715429635e+00
1.898291537616145552e+00 3.083775781743546759e+03 1.545651664564273275e+00
1.898291537616145552e+00 3.143149163498540929e+03 1.595449857641207947e+00
1.898291537616145552e+00 3.203088680002092133e+03 1.646036922708878247e+00
1.898291537616145552e+00 3.263594331254200370e+03 1.697368119436419187e+00
1.898291537616145552e+00 3.324666117254867913e+03 1.749132942214604469e+00
1.898291537616145552e+00 3.386304038004091581e+03 1.801356666185495836e+00
1.898291537616145552e+00 3.448508093501874100e+03 1.853928267518910822e+00
1.898291537616145552e+00 3.511278283748214562e+03 1.906602106196955582e+00
1.898291537616145552e+00 3.574614608743112512e+03 1.959464059681507386e+00
1.898291537616145552e+00 3.638517068486567496e+03 2.012281150254666251e+00
1.898291537616145552e+00 3.702985662978580876e+03 2.065113256077820925e+00
1.898291537616145552e+00 3.768020392219152200e+03 2.117757389667215939e+00
1.898291537616145552e+00 3.833621256208280101e+03 2.170323252148314008e+00
1.726017441860465240e+00 3.304056301898387460e+02 2.340253867898730356e+00
1.726017441860465240e+00 3.448081673922874870e+02 1.910200428410754547e+00
1.726017441860465240e+00 3.585568759859496595e+02 1.538064062845714286e+00
1.726017441860465240e+00 3.727515620443439275e+02 1.263499747397442086e+00
1.726017441860465240e+00 3.874080476825495225e+02 1.117970227630906921e+00
1.726017441860465240e+00 4.011301951889633983e+02 1.006572633813402451e+00
1.726017441860465240e+00 4.152079602686237649e+02 9.219993375574396799e-01
1.726017441860465240e+00 4.311930186321971519e+02 8.579481309153942359e-01
1.726017441860465240e+00 4.460769742006779097e+02 8.109151164881296392e-01
1.726017441860465240e+00 4.596614511242575531e+02 7.770528339736387791e-01
1.726017441860465240e+00 4.752497434737698541e+02 7.545286048713841787e-01
1.726017441860465240e+00 4.912393006112726539e+02 7.419860289065122183e-01
1.726017441860465240e+00 5.057391614914094475e+02 7.366135970653222564e-01
1.726017441860465240e+00 5.224786177716291604e+02 7.379717975795218043e-01
1.726017441860465240e+00 5.375948010139097732e+02 7.439749109807108907e-01
1.726017441860465240e+00 5.529922721148724349e+02 7.552394081908446744e-01
1.726017441860465240e+00 5.708690482113489679e+02 7.698388454259178504e-01
1.726017441860465240e+00 5.869133757629740558e+02 7.867867199908047393e-01
1.726017441860465240e+00 6.032516498731743013e+02 8.065028993487922682e-01
1.726017441860465240e+00 6.198876289631400596e+02 8.283820240784350863e-01
1.726017441860465240e+00 6.368251438602076178e+02 8.519650838933905401e-01
1.726017441860465240e+00 6.540680996188217478e+02 8.769207359344178832e-01
1.726017441860465240e+00 6.716204773978384992e+02 9.030033032887577749e-01
1.726017441860465240e+00 6.894863363962324456e+02 9.300673101587204616e-01
1.726017441860465240e+00 7.076698158493722985e+02 9.580363657054170590e-01
1.726017441860465240e+00 7.232439259254980470e+02 9.859330200634296437e-01
1.726017441860465240e+00 7.419825680964449930e+02 1.013694426330647769e+00
1.726017441860465240e+00 7.610493565391711854e+02 1.042134760800953241e+00
1.726017441860465240e+00 7.804487129052454293e+02 1.071385829341119145e+00
1.726017441860465240e+00 7.969004075244594105e+02 1.099909075646885226e+00
1.726017441860465240e+00 8.168769574791136847e+02 1.128089398964789991e+00
1.726017441860465240e+00 8.371972857285736609e+02 1.157278554832452677e+00
1.726017441860465240e+00 8.543043234527428922e+02 1.185181283373584415e+00
1.726017441860465240e+00 8.715843779933380802e+02 1.216209173969448942e+00
1.726017441860465240e+00 8.890374493503602480e+02 1.250052033097777349e+00
1.726017441860465240e+00 9.066635375238088272e+02 1.286290136684547614e+00
1.726017441860465240e+00 9.244626425136838179e+02 1.324763438384677139e+00
1.726017441860465240e+00 9.424347643199849927e+02 1.365121883656560398e+00
1.726017441860465240e+00 9.605799029427130336e+02 1.407157062336196640e+00
1.726017441860465240e+00 9.788980583818675996e+02 1.450615996846395417e+00
1.726017441860465240e+00 9.973892306374482359e+02 1.495397801563482565e+00
1.726017441860465240e+00 1.016053419709455852e+03 1.541170248477079063e+00
1.726017441860465240e+00 1.034890625597889539e+03 1.587914131927543826e+00
1.726017441860465240e+00 1.053900848302750092e+03 1.635478586003868084e+00
1.726017441860465240e+00 1.073084087824036942e+03 1.683603566694828579e+00
1.726017441860465240e+00 1.092440344161750318e+03 1.732324209641304291e+00
1.726017441860465240e+00 1.111969617315889991e+03 1.781401329422895863e+00
1.726017441860465240e+00 1.131671907286456417e+03 1.830849045172005862e+00
1.726017441860465240e+00 1.151547214073449140e+03 1.880457345847391881e+00
1.726017441860465240e+00 1.171595537676868389e+03 1.930300040231480718e+00
1.582410260681269332e+00 1.260342040683934215e+02 2.366439615419821507e+00
1.582410260681269332e+00 1.301419347723429212e+02 1.913487169901143981e+00
1.582410260681269332e+00 1.353962864287326795e+02 1.547325814651008047e+00
1.582410260681269332e+00 1.404515142004503900e+02 1.351037279697370197e+00
1.582410260681269332e+00 1.452562329263041931e+02 1.195375125435797825e+00
1.582410260681269332e+00 1.505880919360235737e+02 1.071124403831047012e+00
1.582410260681269332e+00 1.556390792578237381e+02 9.733423779221108685e-01
1.582410260681269332e+00 1.608083117660321477e+02 8.969811793432012070e-01
1.582410260681269332e+00 1.665719117260065048e+02 8.374538963212567744e-01
1.582410260681269332e+00 1.715112077815773546e+02 7.923966544880162166e-01
1.582410260681269332e+00 1.770499202862494030e+02 7.588750878210652751e-01
1.582410260681269332e+00 1.827169831159020532e+02 7.355107610537416907e-01
1.582410260681269332e+00 1.885151384662971452e+02 7.213658523402448619e-01
1.582410260681269332e+00 1.938688095384486303e+02 7.136410206326571082e-01
1.582410260681269332e+00 1.999135489193893136e+02 7.124423664235379761e-01
1.582410260681269332e+00 2.054746525618292594e+02 7.156498239523150229e-01
1.582410260681269332e+00 2.111315119302639118e+02 7.240834561579813089e-01
1.582410260681269332e+00 2.175492150464384338e+02 7.355338191610685250e-01
1.582410260681269332e+00 2.234221096451101687e+02 7.496661122864832771e-01
1.582410260681269332e+00 2.293943318613309543e+02 7.666543428525304238e-01
1.582410260681269332e+00 2.354669415935248082e+02 7.859075630726581885e-01
1.582410260681269332e+00 2.416410175389023038e+02 8.069652079573000902e-01
1.582410260681269332e+00 2.479176576396615701e+02 8.294715955240233862e-01
1.582410260681269332e+00 2.542979795423709675e+02 8.531614220800600723e-01
1.582410260681269332e+00 2.607831210709998118e+02 8.778744478468394341e-01
1.582410260681269332e+00 2.673742407140826458e+02 9.034740000731682485e-01
1.582410260681269332e+00 2.740725181265188439e+02 9.299567834132149713e-01
1.582410260681269332e+00 2.799743142943373755e+02 9.571031456089084122e-01
1.582410260681269332e+00 2.868630964982585851e+02 9.833561806754901324e-01
1.582410260681269332e+00 2.938620397408822100e+02 1.010273420414415257e+00
1.582410260681269332e+00 3.009723982423241750e+02 1.038059281749666773e+00
1.582410260681269332e+00 3.071858581192603310e+02 1.065775063930119781e+00
1.582410260681269332e+00 3.144930229027983728e+02 1.092522860855612565e+00
1.582410260681269332e+00 3.219147868550111866e+02 1.120320877054033826e+00
1.582410260681269332e+00 3.283609805772946970e+02 1.147556244709398099e+00
1.582410260681269332e+00 3.359842215543706061e+02 1.174245185599680941e+00
1.582410260681269332e+00 3.425800734739484028e+02 1.202101870242113346e+00
1.582410260681269332e+00 3.492400406005209561e+02 1.232609318760418793e+00
1.582410260681269332e+00 3.559641229340881523e+02 1.265508633383384041e+00
1.582410260681269332e+00 3.627523204746501051e+02 1.300505260045703881e+00
1.582410260681269332e+00 3.696046332222065303e+02 1.337439915259782897e+00
1.582410260681269332e+00 3.765210611767578825e+02 1.375961045061975918e+00
1.582410260681269332e+00 3.835016043383037641e+02 1.416002280735075169e+00
1.582410260681269332e+00 3.905462627068444590e+02 1.457372142545883653e+00
1.582410260681269332e+00 3.976550362823797400e+02 1.499797813453105144e+00
1.582410260681269332e+00 4.048279250649096639e+02 1.543260071135432066e+00
1.582410260681269332e+00 4.120649290544342875e+02 1.587515559174673463e+00
1.582410260681269332e+00 4.193660482509536109e+02 1.632529196641511193e+00
1.582410260681269332e+00 4.267312826544676909e+02 1.678085470073127805e+00
1.582410260681269332e+00 4.341606322649763570e+02 1.724219025285347318e+00
1.460864216515454395e+00 5.583269807929537620e+01 2.503134742255026080e+00
1.460864216515454395e+00 5.750236905286671174e+01 1.957400069746910498e+00
1.460864216515454395e+00 5.919663923046855558e+01 1.657901189707422951e+00
1.460864216515454395e+00 6.129521572516844685e+01 1.453177065748288754e+00
1.460864216515454395e+00 6.344794980405653462e+01 1.286010344972717601e+00
1.460864216515454395e+00 6.565623889468683672e+01 1.150341372751704672e+00
1.460864216515454395e+00 6.777439623509987143e+01 1.039521212755365243e+00
1.460864216515454395e+00 6.993774339760760483e+01 9.507783448471507359e-01
1.460864216515454395e+00 7.230668949416140379e+01 8.790272465829449544e-01
1.460864216515454395e+00 7.456930809383727876e+01 8.223681693422864036e-01
1.460864216515454395e+00 7.687970302744255946e+01 7.786819978124387420e-01
1.460864216515454395e+00 7.905858274030343580e+01 7.455193310627499237e-01
1.460864216515454395e+00 8.145975520875538223e+01 7.210318775677371228e-01
1.460864216515454395e+00 8.391104322144383332e+01 7.050037656507190942e-01
1.460864216515454395e+00 8.621195036355699415e+01 6.957275562367136734e-01
1.460864216515454395e+00 8.875816753434536110e+01 6.917254110961984503e-01
1.460864216515454395e+00 9.114082541577678853e+01 6.928617024921358558e-01
1.460864216515454395e+00 9.378475834794282662e+01 6.988008033649999451e-01
1.460864216515454395e+00 9.625113780565948218e+01 7.070333220704528854e-01
1.460864216515454395e+00 9.875651042582563832e+01 7.188620596314561073e-01
1.460864216515454395e+00 1.013012151956222198e+02 7.335708954533127768e-01
1.460864216515454395e+00 1.038855966346546609e+02 7.505767688962429185e-01
1.460864216515454395e+00 1.065100049188259703e+02 7.694184689530545462e-01
1.460864216515454395e+00 1.091747960076995270e+02 7.897138120919517945e-01
1.460864216515454395e+00 1.118803317754714897e+02 8.112211630473592505e-01
1.460864216515454395e+00 1.146269801456747217e+02 8.337087198869614912e-01
1.460864216515454395e+00 1.174151152297423124e+02 8.570903887352205874e-01
1.460864216515454395e+00 1.202451174695642493e+02 8.812874237236553165e-01
1.460864216515454395e+00 1.231173737841750295e+02 9.062923951553550905e-01
1.460864216515454395e+00 1.260322777207163227e+02 9.320829873079358174e-01
1.460864216515454395e+00 1.286613027101381306e+02 9.582828544110231217e-01
1.460864216515454395e+00 1.316531834915695640e+02 9.835884039712045057e-01
1.460864216515454395e+00 1.346887141615061125e+02 1.009715978120159452e+00
1.460864216515454395e+00 1.377683115778453100e+02 1.036794965118503775e+00
1.460864216515454395e+00 1.405270578718535432e+02 1.062554678137625386e+00
1.460864216515454395e+00 1.436857376678972287e+02 1.088684267347889367e+00
1.460864216515454395e+00 1.465064946791290197e+02 1.115901779878483380e+00
1.460864216515454395e+00 1.497451658641545862e+02 1.141007542147150611e+00
1.460864216515454395e+00 1.530296105139954079e+02 1.167579080962717786e+00
1.460864216515454395e+00 1.559478687282272915e+02 1.192923836260178394e+00
1.460864216515454395e+00 1.588936901841519784e+02 1.220850625310220705e+00
1.460864216515454395e+00 1.618670748817696108e+02 1.250990898280282426e+00
1.460864216515454395e+00 1.648680228210800465e+02 1.283229169658997026e+00
1.460864216515454395e+00 1.678965340020833708e+02 1.317333066801687602e+00
1.460864216515454395e+00 1.709526084247795836e+02 1.353018528826202438e+00
1.460864216515454395e+00 1.740362460891686283e+02 1.390209288832771728e+00
1.460864216515454395e+00 1.771474469952505046e+02 1.428659649975124735e+00
1.460864216515454395e+00 1.802862111430252980e+02 1.468282689926614593e+00
1.460864216515454395e+00 1.834525385324929232e+02 1.508858756084781927e+00
1.460864216515454395e+00 1.866464291636534085e+02 1.550380785672932582e+00
1.356658336308461221e+00 2.768172443375436487e+01 2.707499075204351957e+00
1.356658336308461221e+00 2.850954349633661877e+01 2.193612966770680295e+00
1.356658336308461221e+00 2.934955878820184338e+01 1.830926767250346199e+00
1.356658336308461221e+00 3.020177030935005291e+01 1.570967249067750870e+00
1.356658336308461221e+00 3.116571012955589737e+01 1.389438799474049802e+00
1.356658336308461221e+00 3.220100171364314434e+01 1.242038137963025424e+00
1.356658336308461221e+00 3.320546143591230503e+01 1.118469411014590520e+00
1.356658336308461221e+00 3.422957205802931213e+01 1.017695281138749408e+00
1.356658336308461221e+00 3.533285288934959567e+01 9.338343656751884048e-01
1.356658336308461221e+00 3.639944057908773800e+01 8.658492279373626310e-01
1.356658336308461221e+00 3.748658206411909788e+01 8.112925642968842332e-01
1.356658336308461221e+00 3.859457004981828732e+01 7.681768984082307794e-01
1.356658336308461221e+00 3.972370576121849695e+01 7.351570364474064867e-01
1.356658336308461221e+00 4.080237159173442762e+01 7.103532590408134784e-01
1.356658336308461221e+00 4.197194178990407210e+01 6.922641212910300990e-01
1.356658336308461221e+00 4.316352198667977547e+01 6.816385714120875017e-01
1.356658336308461221e+00 4.429738004704726251e+01 6.752014148426560558e-01
1.356658336308461221e+00 4.544835802544023551e+01 6.749660596632081067e-01
1.356658336308461221e+00 4.670169374618775038e+01 6.772357036690676013e-01
1.356658336308461221e+00 4.788987403526638076e+01 6.837469312115226350e-01
1.356658336308461221e+00 4.909558541265558063e+01 6.937948763650650941e-01
1.356658336308461221e+00 5.041275369411224716e+01 7.063981245338795123e-01
1.356658336308461221e+00 5.165671375446908087e+01 7.205331135241387353e-01
1.356658336308461221e+00 5.291863990854101019e+01 7.368067219484332186e-01
1.356658336308461221e+00 5.419866105206269680e+01 7.548901440042006250e-01
1.356658336308461221e+00 5.549690808405723885e+01 7.744485598130156356e-01
1.356658336308461221e+00 5.681351395054554843e+01 7.953072555758412543e-01
1.356658336308461221e+00 5.814861368946829145e+01 8.173070586629421763e-01
1.356658336308461221e+00 5.950234447686024453e+01 8.403677755596196119e-01
1.356658336308461221e+00 6.075664137590507607e+01 8.633495549275337355e-01
1.356658336308461221e+00 6.214469093459224780e+01 8.868382777277582507e-01
1.356658336308461221e+00 6.355172194181864853e+01 9.110284393708376616e-01
1.356658336308461221e+00 6.497787908969587534e+01 9.360529343299551774e-01
1.356658336308461221e+00 6.629218976772705219e+01 9.616695476170937784e-01
1.356658336308461221e+00 6.775340526521192430e+01 9.860462532916095535e-01
1.356658336308461221e+00 6.923411551061589364e+01 1.011281857676471718e+00
1.356658336308461221e+00 7.073447326826058656e+01 1.037672730506038477e+00
1.356658336308461221e+00 7.210959489137465539e+01 1.061985837661653331e+00
1.356658336308461221e+00 7.364578619418385586e+01 1.087533888408452221e+00
1.356658336308461221e+00 7.505020341633372993e+01 1.112984347579750066e+00
1.356658336308461221e+00 7.662256287147815215e+01 1.137659459964318831e+00
1.356658336308461221e+00 7.805640430136912755e+01 1.163540548216914772e+00
1.356658336308461221e+00 7.966527251587558567e+01 1.187366986064018137e+00
1.356658336308461221e+00 8.112866829404804037e+01 1.213238481717242356e+00
1.356658336308461221e+00 8.260538280512761844e+01 1.241242120483452727e+00
1.356658336308461221e+00 8.409541604911434831e+01 1.271242682948178659e+00
1.356658336308461221e+00 8.559876802600820156e+01 1.302993773458516413e+00
1.356658336308461221e+00 8.711543873580923503e+01 1.336354662540396809e+00
1.356658336308461221e+00 8.864542817851739187e+01 1.371102778598379590e+00
1.356658336308461221e+00 9.018873635413268630e+01 1.407187421891635370e+00
1.266328978938949579e+00 1.502079176022510687e+01 3.135059758210588576e+00
1.266328978938949579e+00 1.546998696061625189e+01 2.567139753946377834e+00
1.266328978938949579e+00 1.592580013817705975e+01 2.119105344322714135e+00
1.266328978938949579e+00 1.638823129290754110e+01 1.774623604279017552e+00
1.266328978938949579e+00 1.685728042480768352e+01 1.520016023084096002e+00
1.266328978938949579e+00 1.733294753387750120e+01 1.343737368949259103e+00
1.266328978938949579e+00 1.787932224815761018e+01 1.208502154212717894e+00
1.266328978938949579e+00 1.843697433676165787e+01 1.095829149488959375e+00
1.266328978938949579e+00 1.898263032947599882e+01 1.000387409827511842e+00
1.266328978938949579e+00 1.953800199774175539e+01 9.216109071890827842e-01
1.266328978938949579e+00 2.010319537811686885e+01 8.567622581322122954e-01
1.266328978938949579e+00 2.067831934102585478e+01 8.036915727031843648e-01
1.266328978938949579e+00 2.126348569870280869e+01 7.608853436058847786e-01
1.266328978938949579e+00 2.185880931840804209e+01 7.271237961392127414e-01
1.266328978938949579e+00 2.246440824123237689e+01 7.016062236606223079e-01
1.266328978938949579e+00 2.305006823962818885e+01 6.830610587137688761e-01
1.266328978938949579e+00 2.367545115088603680e+01 6.696732232954064612e-01
1.266328978938949579e+00 2.427901292770663488e+01 6.627698187709011313e-01
1.266328978938949579e+00 2.492455207387260074e+01 6.590892581948520901e-01
1.266328978938949579e+00 2.554628173668172053e+01 6.602124939062636866e-01
1.266328978938949579e+00 2.621236589955283947e+01 6.652601111512368437e-01
1.266328978938949579e+00 2.685254040855284785e+01 6.721395454518681589e-01
1.266328978938949579e+00 2.750150045360111761e+01 6.821406857143177405e-01
1.266328978938949579e+00 2.815929384187275986e+01 6.946488678023265972e-01
1.266328978938949579e+00 2.882596906588672780e+01 7.092601223754528839e-01
1.266328978938949579e+00 2.950157531764270402e+01 7.255494825164764405e-01
1.266328978938949579e+00 3.018616250313206706e+01 7.432615175820831421e-01
1.266328978938949579e+00 3.087978125723547507e+01 7.621713566997353473e-01
1.266328978938949579e+00 3.158248295901909586e+01 7.821333477460243877e-01
1.266328978938949579e+00 3.229431974744278477e+01 8.029886307427047676e-01
1.266328978938949579e+00 3.301534453749344067e+01 8.247809547831075339e-01
1.266328978938949579e+00 3.374561103675787166e+01 8.473878166437986970e-01
1.266328978938949579e+00 3.448517376244935662e+01 8.708934590044596913e-01
1.266328978938949579e+00 3.518270702676507966e+01 8.942163280265105207e-01
1.266328978938949579e+00 3.593963426718585907e+01 9.174897462668220038e-01
1.266328978938949579e+00 3.670599692197919239e+01 9.415446082707809028e-01
1.266328978938949579e+00 3.748185234986733150e+01 9.666430025117159763e-01
1.266328978938949579e+00 3.821052259026338049e+01 9.902666610531911662e-01
1.266328978938949579e+00 3.900403628259579136e+01 1.014627375435036782e+00
1.266328978938949579e+00 3.974783905963726482e+01 1.040093973844410158e+00
1.266328978938949579e+00 4.055913798269038750e+01 1.063562543230247348e+00
1.266328978938949579e+00 4.138016520420480759e+01 1.088354868399902253e+00
1.266328978938949579e+00 4.214733617821904943e+01 1.112539774435112871e+00
1.266328978938949579e+00 4.298636887014013297e+01 1.136657658974660423e+00
1.266328978938949579e+00 4.376881231490467883e+01 1.161083867710011486e+00
1.266328978938949579e+00 4.462598346544217520e+01 1.184553718697423763e+00
1.266328978938949579e+00 4.542375061632258593e+01 1.208792821862908040e+00
1.266328978938949579e+00 4.622858547175123789e+01 1.235097582135509242e+00
1.266328978938949579e+00 4.704048803172809556e+01 1.263243599474253021e+00
1.266328978938949579e+00 4.785945829625318027e+01 1.293135133917680646e+00
1.187277385490220549e+00 8.772003461742921004e+00 3.691539818718367005e+00
1.187277385490220549e+00 9.034329304197072474e+00 3.040510259389912484e+00
1.187277385490220549e+00 9.300519984109111959e+00 2.508863202646056667e+00
1.187277385490220549e+00 9.570575501479039460e+00 2.081861421142953361e+00
1.187277385490220549e+00 9.844495856306853199e+00 1.746921086287469782e+00
1.187277385490220549e+00 1.012228104859256028e+01 1.493179444104247189e+00
1.187277385490220549e+00 1.040393107833615183e+01 1.310771119566557452e+00
1.187277385490220549e+00 1.070741533637497689e+01 1.183759674215666635e+00
1.187277385490220549e+00 1.101593582099414625e+01 1.077442115903493036e+00
1.187277385490220549e+00 1.132953200047360021e+01 9.884497212697602730e-01
1.187277385490220549e+00 1.165837148327057626e+01 9.127452095511681129e-01
1.187277385490220549e+00 1.198262050542014734e+01 8.497041600130610384e-01
1.187277385490220549e+00 1.231208137840073746e+01 7.978139940259529883e-01
1.187277385490220549e+00 1.264679804947980024e+01 7.556662818123326408e-01
1.187277385490220549e+00 1.298681560272564539e+01 7.222899230893200517e-01
1.187277385490220549e+00 1.332003585681157354e+01 6.951605471261528280e-01
1.187277385490220549e+00 1.367035323856636531e+01 6.750500305674037582e-01
1.187277385490220549e+00 1.401313444688833343e+01 6.614150731813716044e-01
1.187277385490220549e+00 1.437389405854201208e+01 6.515633130952689367e-01
1.187277385490220549e+00 1.472633858183504252e+01 6.472974095911298020e-01
1.187277385490220549e+00 1.509768873726298288e+01 6.461681021804697167e-01
1.187277385490220549e+00 1.545990282595943910e+01 6.485240291878248131e-01
1.187277385490220549e+00 1.582682964702703998e+01 6.545133304132927377e-01
1.187277385490220549e+00 1.621409212419349544e+01 6.632278711576414798e-01
1.187277385490220549e+00 1.659094504701893413e+01 6.733526359786883297e-01
1.187277385490220549e+00 1.697257594133720815e+01 6.857349260889148423e-01
1.187277385490220549e+00 1.735900413244728924e+01 7.000349636127990438e-01
1.187277385490220549e+00 1.775024920999485190e+01 7.159514550876052708e-01
1.187277385490220549e+00 1.814633103329222763e+01 7.332683253305016802e-01
1.187277385490220549e+00 1.854726973677705715e+01 7.517578165446922034e-01
1.187277385490220549e+00 1.895308573561388599e+01 7.714060151820829603e-01
1.187277385490220549e+00 1.936379973144346422e+01 7.920271599701910192e-01
1.187277385490220549e+00 1.975947379553312899e+01 8.134260229668573983e-01
1.187277385490220549e+00 2.017951225290799400e+01 8.345103829795668116e-01
1.187277385490220549e+00 2.060450170332982722e+01 8.563908126185100222e-01
1.187277385490220549e+00 2.103446385360592075e+01 8.790202304540247757e-01
1.187277385490220549e+00 2.146942072338993057e+01 9.026253616130355262e-01
1.187277385490220549e+00 2.188679945413272776e+01 9.254583644381656482e-01
1.187277385490220549e+00 2.233122650492421357e+01 9.484962017755089736e-01
1.187277385490220549e+00 2.278070446627466339e+01 9.725814056692951848e-01
1.187277385490220549e+00 2.321102703845922477e+01 9.960974644796972699e-01
1.187277385490220549e+00 2.367005884253912029e+01 1.019387966398862533e+00
1.187277385490220549e+00 2.413419958301705037e+01 1.044094842439630133e+00
1.187277385490220549e+00 2.457752808317777493e+01 1.066800576311448312e+00
1.187277385490220549e+00 2.505130879026178192e+01 1.090825582763758739e+00
1.187277385490220549e+00 2.550318349424959408e+01 1.114079838125877187e+00
1.187277385490220549e+00 2.598665619695882611e+01 1.137520077882271385e+00
1.187277385490220549e+00 2.644709740666900899e+01 1.160838060723538234e+00
1.187277385490220549e+00 2.694031496744382537e+01 1.183800394336781858e+00
1.187277385490220549e+00 2.740934319819676901e+01 1.206807446540172357e+00
1.117515586401599759e+00 5.605688191383701557e+00 3.601774656948301345e+00
1.117515586401599759e+00 5.770856174616955769e+00 2.988426048951184022e+00
1.117515586401599759e+00 5.938422241091346088e+00 2.480926691499594661e+00
1.117515586401599759e+00 6.108386390806870736e+00 2.067554067989875843e+00
1.117515586401599759e+00 6.280748623763535932e+00 1.738004410964920865e+00
1.117515586401599759e+00 6.455508939961334569e+00 1.482775767854310756e+00
1.117515586401599759e+00 6.632667339400269313e+00 1.293878218949378045e+00
1.117515586401599759e+00 6.812223822080340163e+00 1.163946364450183957e+00
1.117515586401599759e+00 7.005269475000279300e+00 1.063445954021652096e+00
1.117515586401599759e+00 7.197599775258621158e+00 9.779811296154381495e-01
1.117515586401599759e+00 7.392812718651972759e+00 9.057512761036115023e-01
1.117515586401599759e+00 7.590923866761242422e+00 8.449363005270911220e-01
1.117515586401599759e+00 7.791949152909808163e+00 7.939615650080467102e-01
1.117515586401599759e+00 7.995904895359058351e+00 7.517075465819895719e-01
1.117515586401599759e+00 8.202807811114283254e+00 7.173427594454664380e-01
1.117515586401599759e+00 8.412675030375664775e+00 6.902717448523091326e-01
1.117515586401599759e+00 8.620592988780179766e+00 6.699108178196582219e-01
1.117515586401599759e+00 8.836268874467869239e+00 6.537553212294453520e-01
1.117515586401599759e+00 9.054957894166355103e+00 6.439068329853768757e-01
1.117515586401599759e+00 9.271243225302676194e+00 6.368501761576872422e-01
1.117515586401599759e+00 9.490235657812510439e+00 6.348094385817564245e-01
1.117515586401599759e+00 9.717693239269705074e+00 6.356652733102524655e-01
1.117515586401599759e+00 9.942282728651269608e+00 6.391532963731556549e-01
1.117515586401599759e+00 1.016960292194776905e+01 6.457841153684746871e-01
1.117515586401599759e+00 1.039966081520794638e+01 6.549526833420561411e-01
1.117515586401599759e+00 1.063246349330975349e+01 6.662418356847135126e-01
1.117515586401599759e+00 1.087465477743575271e+01 6.790437239039450734e-01
1.117515586401599759e+00 1.111314959914232681e+01 6.932557322780290576e-01
1.117515586401599759e+00 1.135441461808702357e+01 7.089570288893058958e-01
1.117515586401599759e+00 1.159845735365233921e+01 7.260768309012564092e-01
1.117515586401599759e+00 1.183790306303347073e+01 7.440781823944644380e-01
1.117515586401599759e+00 1.208732842672324814e+01 7.626674190726312474e-01
1.117515586401599759e+00 1.233955080494044765e+01 7.820571171092842722e-01
1.117515586401599759e+00 1.259457805813635822e+01 8.022968917604996753e-01
1.117515586401599759e+00 1.285241815253685616e+01 8.232931569596082522e-01
1.117515586401599759e+00 1.311307916227603521e+01 8.452365212453318843e-01
1.117515586401599759e+00 1.336800547851883358e+01 8.671985631323212429e-01
1.117515586401599759e+00 1.363411463484994179e+01 8.888029034973613518e-01
1.117515586401599759e+00 1.390306535129443866e+01 9.113250713259174463e-01
1.117515586401599759e+00 1.417486607998515602e+01 9.349462309549072536e-01
1.117515586401599759e+00 1.444012097993845067e+01 9.567328854606776956e-01
1.117515586401599759e+00 1.471741355438528132e+01 9.797127093383790619e-01
1.117515586401599759e+00 1.498776222929646629e+01 1.003280057049768192e+00
1.117515586401599759e+00 1.527056554810265787e+01 1.025481670189094530e+00
1.117515586401599759e+00 1.555625364494644103e+01 1.049189659600947344e+00
1.117515586401599759e+00 1.583434876319324403e+01 1.071482315906637783e+00
1.117515586401599759e+00 1.612558021631965843e+01 1.094616291463844426e+00
1.117515586401599759e+00 1.640879026320163447e+01 1.117192454286568992e+00
1.117515586401599759e+00 1.670558477051694624e+01 1.139881844029418057e+00
1.055496916837953547e+00 3.766662060572755433e+00 3.547546901837452360e+00
1.055496916837953547e+00 3.876033135874314972e+00 2.961576253597030473e+00
1.055496916837953547e+00 3.986969450178400098e+00 2.471664726928708866e+00
1.055496916837953547e+00 4.099471003485014364e+00 2.067978746765758657e+00
1.055496916837953547e+00 4.213537795794153773e+00 1.741336691330042097e+00
1.055496916837953547e+00 4.329169827105819657e+00 1.483966701586461268e+00
1.055496916837953547e+00 4.446367097420012016e+00 1.288628684543268399e+00
1.055496916837953547e+00 4.565129606736731738e+00 1.149056852148273800e+00
1.055496916837953547e+00 4.687790044775978160e+00 1.052381454270232553e+00
1.055496916837953547e+00 4.812159960057027952e+00 9.699978505401773976e-01
1.055496916837953547e+00 4.938243892580865158e+00 8.999475177757378930e-01
1.055496916837953547e+00 5.066046484409144846e+00 8.404942551924099448e-01
1.055496916837953547e+00 5.195572483146759346e+00 7.903739831256673121e-01
1.055496916837953547e+00 5.326826745580412137e+00 7.485978301797850953e-01
1.055496916837953547e+00 5.459814241481851127e+00 7.144171705551527474e-01
1.055496916837953547e+00 5.594540057584924675e+00 6.873721645310530981e-01
1.055496916837953547e+00 5.729469395746589200e+00 6.648705324157804242e-01
1.055496916837953547e+00 5.867635037656810049e+00 6.485489952748511033e-01
1.055496916837953547e+00 6.005915372872250302e+00 6.366081971361641223e-01
1.055496916837953547e+00 6.147536905549258357e+00 6.291642268005335215e-01
1.055496916837953547e+00 6.289179842650605146e+00 6.248744007414204216e-01
1.055496916837953547e+00 6.432484294860611129e+00 6.247391528409342865e-01
1.055496916837953547e+00 6.579291478343487931e+00 6.270204683912719013e-01
1.055496916837953547e+00 6.725975572575074501e+00 6.315923100872998797e-01
1.055496916837953547e+00 6.874328304095945086e+00 6.388405764968211331e-01
1.055496916837953547e+00 7.024351783182949838e+00 6.483307282005305039e-01
1.055496916837953547e+00 7.176048145673225243e+00 6.597161588525838338e-01
1.055496916837953547e+00 7.329419553441145041e+00 6.726387531614866910e-01
1.055496916837953547e+00 7.484468194886972015e+00 6.869846659500887798e-01
1.055496916837953547e+00 7.641196285437579228e+00 7.024400793626646156e-01
1.055496916837953547e+00 7.799606068059611985e+00 7.189551965645517573e-01
1.055496916837953547e+00 7.959699813785448441e+00 7.364043124554816577e-01
1.055496916837953547e+00 8.121479822252403835e+00 7.547927642175593643e-01
1.055496916837953547e+00 8.284948422255501654e+00 7.739807471234544378e-01
1.055496916837953547e+00 8.450107972314331306e+00 7.941222694220423373e-01
1.055496916837953547e+00 8.614383263462812579e+00 8.151512935615763400e-01
1.055496916837953547e+00 8.782867251015897381e+00 8.352334674816178639e-01
1.055496916837953547e+00 8.953048230258293216e+00 8.561383589827447071e-01
1.055496916837953547e+00 9.124928663796101347e+00 8.780148198963576567e-01
1.055496916837953547e+00 9.295683860080728778e+00 9.001189981972013143e-01
1.055496916837953547e+00 9.470901556384490050e+00 9.214001881472135835e-01
1.055496916837953547e+00 9.647825000302926668e+00 9.438199092872432416e-01
1.055496916837953547e+00 9.823435958523832667e+00 9.662963826443740079e-01
1.055496916837953547e+00 1.000370607706349446e+01 9.880113972564522618e-01
1.055496916837953547e+00 1.018568842206150116e+01 1.011177361478821313e+00
1.055496916837953547e+00 1.036616222612613569e+01 1.032733375542986609e+00
1.055496916837953547e+00 1.055150090667624063e+01 1.055322565779319488e+00
1.055496916837953547e+00 1.073520149844835103e+01 1.077418355527630656e+00
1.000000000000000000e+00 2.640308204914619150e+00 3.514850279089416052e+00
1.000000000000000000e+00 2.715876718034152315e+00 2.950281066530498375e+00
1.000000000000000000e+00 2.792511453561016932e+00 2.474138629357471864e+00
1.000000000000000000e+00 2.870212411495211224e+00 2.077527992456912553e+00
1.000000000000000000e+00 2.948979591836735192e+00 1.752878211529340868e+00
1.000000000000000000e+00 3.028812994585589724e+00 1.493072873740668660e+00
1.000000000000000000e+00 3.109712619741774819e+00 1.291942309012472645e+00
1.000000000000000000e+00 3.191678467305289590e+00 1.143645392690119555e+00
1.000000000000000000e+00 3.274710537276134925e+00 1.042983596441699135e+00
1.000000000000000000e+00 3.358808829654310824e+00 9.636017443938110771e-01
1.000000000000000000e+00 3.443973344439816398e+00 8.954948363704805514e-01
1.000000000000000000e+00 3.530204081632653867e+00 8.373557816437682266e-01
1.000000000000000000e+00 3.617501041232820569e+00 7.880486763610422551e-01
1.000000000000000000e+00 3.705864223240316946e+00 7.466814133532453379e-01
1.000000000000000000e+00 3.795293627655144331e+00 7.126585079083036511e-01
1.000000000000000000e+00 3.885789254477301391e+00 6.842054695802808340e-01
1.000000000000000000e+00 3.977351103706789015e+00 6.614740026472916146e-01
1.000000000000000000e+00 4.069979175343607203e+00 6.448155568073480337e-01
1.000000000000000000e+00 4.163673469387754622e+00 6.310794302565330138e-01
1.000000000000000000e+00 4.258433985839233493e+00 6.229326251584006435e-01
1.000000000000000000e+00 4.354260724698042928e+00 6.170993126378397919e-01
1.000000000000000000e+00 4.451153685964181150e+00 6.151467728388437806e-01
1.000000000000000000e+00 4.549112869637651713e+00 6.167022012348232218e-01
1.000000000000000000e+00 4.648138275718451062e+00 6.199088722493473202e-01
1.000000000000000000e+00 4.748229904206580976e+00 6.254621492512517644e-01
1.000000000000000000e+00 4.849387755102040565e+00 6.333529995910682775e-01
1.000000000000000000e+00 4.951611828404831606e+00 6.431592285285666621e-01
1.000000000000000000e+00 5.054902124114952322e+00 6.547121041116006346e-01
1.000000000000000000e+00 5.159258642232402714e+00 6.676375164873362689e-01
1.000000000000000000e+00 5.264681382757185446e+00 6.818383080171651622e-01
1.000000000000000000e+00 5.371170345689295189e+00 6.971376000543352269e-01
1.000000000000000000e+00 5.478725531028738160e+00 7.134966664776829504e-01
1.000000000000000000e+00 5.587346938775510807e+00 7.307299578010877372e-01
1.000000000000000000e+00 5.697034568929613130e+00 7.489546189905543772e-01
1.000000000000000000e+00 5.807788421491045128e+00 7.680915196017311652e-01
1.000000000000000000e+00 5.919608496459808578e+00 7.874951820567480665e-01
1.000000000000000000e+00 6.032494793835902591e+00 8.067447396777074342e-01
1.000000000000000000e+00 6.146447313619324504e+00 8.268691412872191115e-01
1.000000000000000000e+00 6.261466055810079645e+00 8.478804052224450105e-01
1.000000000000000000e+00 6.377551020408162685e+00 8.689112587253415843e-01
1.000000000000000000e+00 6.494702207413578066e+00 8.894957216902600328e-01
1.000000000000000000e+00 6.612919616826323121e+00 9.111710120504891153e-01
1.000000000000000000e+00 6.732203248646397853e+00 9.328652229718363831e-01
1.000000000000000000e+00 6.852553102873802260e+00 9.539165497067803035e-01
1.000000000000000000e+00 6.973969179508538119e+00 9.763428084128742412e-01
1.000000000000000000e+00 7.096451478550603653e+00 9.973999639065370681e-01
1.000000000000000000e+00 7.219999999999999751e+00 1.019301434494001235e+00
