-1.000000000000000056e-01 1.271332114074633221e-03 1.407579118328666556e+00
-1.000000000000000056e-01 1.288102897366971917e-03 1.288237184558758797e+00
-1.000000000000000056e-01 1.315467124824970090e-03 1.183555328238377946e+00
-1.000000000000000056e-01 1.329163517746505783e-03 1.094902399513940416e+00
-1.000000000000000056e-01 1.354243115757536569e-03 1.017786144080841781e+00
-1.000000000000000056e-01 1.378333369737297018e-03 9.541688851109956238e-01
-1.000000000000000056e-01 1.401383924179701486e-03 9.024539746816826469e-01
-1.000000000000000056e-01 1.423344776704051767e-03 8.615182822655350625e-01
-1.000000000000000056e-01 1.444166290642434581e-03 8.305962999820005743e-01
-1.000000000000000056e-01 1.463799208406384817e-03 8.095038072930308415e-01
-1.000000000000000056e-01 1.498444404707870332e-03 7.978523623279820676e-01
-1.000000000000000056e-01 1.516075835367419094e-03 7.910915957995661163e-01
-1.000000000000000056e-01 1.532379756446697111e-03 7.941759163528312460e-01
-1.000000000000000056e-01 1.565161717553195274e-03 8.028867329543775133e-01
-1.000000000000000056e-01 1.579209608427599139e-03 8.190533606789187626e-01
-1.000000000000000056e-01 1.610757503763361742e-03 8.390846405232578187e-01
-1.000000000000000056e-01 1.641926382788040130e-03 8.670547479860331030e-01
-1.000000000000000056e-01 1.652567411183967919e-03 8.981447332208183365e-01
-1.000000000000000056e-01 1.682309921005700195e-03 9.329978074489505557e-01
-1.000000000000000056e-01 1.711589118542388268e-03 9.729798923055610338e-01
-1.000000000000000056e-01 1.740379687243254073e-03 1.017269632750478214e+00
-1.000000000000000056e-01 1.768656407264294515e-03 1.065114392954342071e+00
-1.000000000000000056e-01 1.796394157516140308e-03 1.116039939518146173e+00
-1.000000000000000056e-01 1.823567917788071350e-03 1.169489461787476703e+00
-1.000000000000000056e-01 1.850152770952109968e-03 1.225212791561125059e+00
-1.000000000000000056e-01 1.876123905251373368e-03 1.282994313557068944e+00
-1.000000000000000056e-01 1.901456616677138761e-03 1.342697837931091431e+00
-1.000000000000000056e-01 1.926126311439380371e-03 1.404424980040829940e+00
-1.000000000000000056e-01 1.950108508535855880e-03 1.468217918495211771e+00
-1.000000000000000056e-01 1.973378842425175216e-03 1.534310648494629614e+00
-1.000000000000000056e-01 1.995913065809653067e-03 1.603037581762664754e+00
-1.000000000000000056e-01 2.046762317125745516e-03 1.670381405510046102e+00
-1.000000000000000056e-01 2.068444492449482679e-03 1.737837178782390524e+00
-1.000000000000000056e-01 2.089325225923824737e-03 1.808197414758800026e+00
-1.000000000000000056e-01 2.140595104311306899e-03 1.882479041095484584e+00
-1.000000000000000056e-01 2.192486435770152169e-03 1.971775144514201106e+00
-1.000000000000000056e-01 2.244999220300361413e-03 2.075305321832128680e+00
-1.000000000000000056e-01 2.298133457901934198e-03 2.192024980049143590e+00
-1.000000000000000056e-01 2.351889148574869658e-03 2.321250914429326517e+00
-1.000000000000000056e-01 2.406266292319170393e-03 2.462125337394489133e+00
-1.000000000000000056e-01 2.461264889134832066e-03 2.613865772266363408e+00
-1.000000000000000056e-01 2.516884939021859016e-03 2.775889052310317240e+00
-1.000000000000000056e-01 2.573126441980247772e-03 2.947294147051624513e+00
-1.000000000000000056e-01 2.629989398010002238e-03 3.127715265420206947e+00
-1.000000000000000056e-01 2.687473807111118509e-03 3.316314171405168043e+00
-1.000000000000000056e-01 2.745579669283598756e-03 3.512610754123886014e+00
-1.000000000000000056e-01 2.804306984527442110e-03 3.716090335970894998e+00
-9.499999999999998723e-02 1.258136632313949874e-03 1.623216433935915859e+00
-9.499999999999998723e-02 1.298485077369714198e-03 1.466159933331648624e+00
-9.499999999999998723e-02 1.315018105360875669e-03 1.342678722280270076e+00
-9.499999999999998723e-02 1.342243012346080013e-03 1.233592290314891038e+00
-9.499999999999998723e-02 1.355719502602850202e-03 1.140405584475708389e+00
-9.499999999999998723e-02 1.380671753257041142e-03 1.058504932185655445e+00
-9.499999999999998723e-02 1.404640317883317294e-03 9.899435657445729841e-01
-9.499999999999998723e-02 1.427576163346051807e-03 9.332158456372927624e-01
-9.499999999999998723e-02 1.449430581037467304e-03 8.871628965710297576e-01
-9.499999999999998723e-02 1.470155198410644150e-03 8.511984204380262931e-01
-9.499999999999998723e-02 1.489701991221900525e-03 8.251074996365808101e-01
-9.499999999999998723e-02 1.524318242879651054e-03 8.078725428797953745e-01
-9.499999999999998723e-02 1.541882772370285195e-03 7.962304187350504048e-01
-9.499999999999998723e-02 1.558133987583978312e-03 7.944963574131783668e-01
-9.499999999999998723e-02 1.590904764084095663e-03 7.979006374309299821e-01
-9.499999999999998723e-02 1.604925468689377775e-03 8.092929260104093636e-01
-9.499999999999998723e-02 1.636476168569247092e-03 8.243451567239539202e-01
-9.499999999999998723e-02 1.667652307789846064e-03 8.474496358991013834e-01
-9.499999999999998723e-02 1.678308459542691977e-03 8.739249487920770498e-01
-9.499999999999998723e-02 1.708077079942668490e-03 9.041628120412246172e-01
-9.499999999999998723e-02 1.737388999654705885e-03 9.397051280569286291e-01
-9.499999999999998723e-02 1.766219548330818546e-03 9.796584891219796143e-01
-9.499999999999998723e-02 1.794544144084891935e-03 1.023406400296589025e+00
-9.499999999999998723e-02 1.822338295354585360e-03 1.070253152220668857e+00
-9.499999999999998723e-02 1.849577602831848277e-03 1.119806488324285754e+00
-9.499999999999998723e-02 1.876237761465553806e-03 1.171706353793531941e+00
-9.499999999999998723e-02 1.902294562539970021e-03 1.225688691801691155e+00
-9.499999999999998723e-02 1.927723895833048044e-03 1.281704153564663384e+00
-9.499999999999998723e-02 1.952501751858751189e-03 1.339674794983931827e+00
-9.499999999999998723e-02 1.976604224197950864e-03 1.399684887234175612e+00
-9.499999999999998723e-02 2.000007511922710212e-03 1.461950229401420387e+00
-9.499999999999998723e-02 2.022687922119122388e-03 1.526671231441204091e+00
-9.499999999999998723e-02 2.073571165159931486e-03 1.593774606852838893e+00
-9.499999999999998723e-02 2.095417995852083114e-03 1.657356126472905089e+00
-9.499999999999998723e-02 2.116478141765612466e-03 1.723768506489237629e+00
-9.499999999999998723e-02 2.136728293422872436e-03 1.793454994677101677e+00
-9.499999999999998723e-02 2.187905600904230859e-03 1.862541133075998445e+00
-9.499999999999998723e-02 2.239688556994836200e-03 1.946087904114823797e+00
-9.499999999999998723e-02 2.292077161694688024e-03 2.043368992630456127e+00
-9.499999999999998723e-02 2.345071415003788500e-03 2.153495333339401352e+00
-9.499999999999998723e-02 2.398671316922132857e-03 2.275658340335443786e+00
-9.499999999999998723e-02 2.452876867449726734e-03 2.409243943426838452e+00
-9.499999999999998723e-02 2.507688066586564925e-03 2.553316980603274722e+00
-9.499999999999998723e-02 2.563104914332652636e-03 2.707493124710127042e+00
-9.499999999999998723e-02 2.619127410687985529e-03 2.870888607714051854e+00
-9.499999999999998723e-02 2.675755555652566207e-03 3.043005147205703143e+00
-9.499999999999998723e-02 2.732989349226392934e-03 3.223295779561705210e+00
-9.499999999999998723e-02 2.790828791409466145e-03 3.411017180330234488e+00
-9.499999999999998723e-02 2.849273882201787140e-03 3.605832553290335252e+00
-9.047619047619047394e-02 1.223485383822513987e-03 1.979730590567137849e+00
-9.047619047619047394e-02 1.273933136008448524e-03 1.698433564197511902e+00
-9.047619047619047394e-02 1.325400034703189990e-03 1.519790896910181655e+00
-9.047619047619047394e-02 1.341686255244173374e-03 1.392335486317329174e+00
-9.047619047619047394e-02 1.368761967828266337e-03 1.280434553011851939e+00
-9.047619047619047394e-02 1.382009112965620380e-03 1.182588490407921800e+00
-9.047619047619047394e-02 1.406823795550057876e-03 1.097070957894350496e+00
-9.047619047619047394e-02 1.430660255051713304e-03 1.024560956436420422e+00
-9.047619047619047394e-02 1.453470738471019253e-03 9.635448926362053523e-01
-9.047619047619047394e-02 1.475207791916445044e-03 9.130722966312538880e-01
-9.047619047619047394e-02 1.495824271197315454e-03 8.725575187799474719e-01
-9.047619047619047394e-02 1.515273353063849564e-03 8.417446088915802038e-01
-9.047619047619047394e-02 1.549848807365406672e-03 8.206487299268088176e-01
-9.047619047619047394e-02 1.567334151451697192e-03 8.042138113234156283e-01
-9.047619047619047394e-02 1.583519949072395789e-03 7.974219184010699069e-01
-9.047619047619047394e-02 1.616266792870891004e-03 7.968976641034331010e-01
-9.047619047619047394e-02 1.630246746089708152e-03 8.031467714601451258e-01
-9.047619047619047394e-02 1.661786828706621503e-03 8.142869493768598588e-01
-9.047619047619047394e-02 1.692956517655289745e-03 8.335669408460845142e-01
-9.047619047619047394e-02 1.703612818246457317e-03 8.546383204180556525e-01
-9.047619047619047394e-02 1.733393032939003695e-03 8.810527815505619920e-01
-9.047619047619047394e-02 1.762722808362236293e-03 9.127805160231725612e-01
-9.047619047619047394e-02 1.791578102116564387e-03 9.490732125941363506e-01
-9.047619047619047394e-02 1.819934952955755371e-03 9.891068549401944576e-01
-9.047619047619047394e-02 1.824723070244715310e-03 1.031659063706334534e+00
-9.047619047619047394e-02 1.851400542790177179e-03 1.076795304691253730e+00
-9.047619047619047394e-02 1.877501163716860984e-03 1.125103655145477610e+00
-9.047619047619047394e-02 1.903001369294489171e-03 1.176428734568282675e+00
-9.047619047619047394e-02 1.953409819693044478e-03 1.229495992747208888e+00
-9.047619047619047394e-02 1.978277593368588279e-03 1.283803885195463401e+00
-9.047619047619047394e-02 2.002481618473747442e-03 1.340115558215857261e+00
-9.047619047619047394e-02 2.025998649710325245e-03 1.398494028545441248e+00
-9.047619047619047394e-02 2.048805540728298406e-03 1.459292446067696147e+00
-9.047619047619047394e-02 2.070879246512263155e-03 1.522664218550418225e+00
-9.047619047619047394e-02 2.121696479658385232e-03 1.586987986204910772e+00
-9.047619047619047394e-02 2.142914908305347706e-03 1.649181739501240473e+00
-9.047619047619047394e-02 2.163338092820579674e-03 1.714500667443719317e+00
-9.047619047619047394e-02 2.182943347733709138e-03 1.783386904266596629e+00
-9.047619047619047394e-02 2.234004623985457426e-03 1.848459973057928085e+00
-9.047619047619047394e-02 2.285656204008903146e-03 1.927522419922713670e+00
-9.047619047619047394e-02 2.337898087804043262e-03 2.019743091706282190e+00
-9.047619047619047394e-02 2.390730275370882545e-03 2.124480122836942098e+00
-9.047619047619047394e-02 2.444152766709415791e-03 2.240767426636011805e+00
-9.047619047619047394e-02 2.498165561819648203e-03 2.368205266348202720e+00
-9.047619047619047394e-02 2.552768660701575446e-03 2.505867150562703038e+00
-9.047619047619047394e-02 2.607962063355199686e-03 2.653239435245013045e+00
-9.047619047619047394e-02 2.663745769780520058e-03 2.809745604874204439e+00
-9.047619047619047394e-02 2.720119779977536994e-03 2.974621704118295185e+00
-9.047619047619047394e-02 2.777084093946250928e-03 3.147506809280813833e+00
-9.047619047619047394e-02 2.834638711686660994e-03 3.327885440292178920e+00
-8.636363636363636465e-02 1.190258635469023350e-03 2.476698501231782590e+00
-8.636363636363636465e-02 1.239336355132260791e-03 2.071266269107850277e+00
-8.636363636363636465e-02 1.289405543879604092e-03 1.770640013993025841e+00
-8.636363636363636465e-02 1.340466201711053252e-03 1.569302545347668332e+00
-8.636363636363636465e-02 1.368211050403424093e-03 1.437792443230827111e+00
-8.636363636363636465e-02 1.382545854009936551e-03 1.324129821779387539e+00
-8.636363636363636465e-02 1.408142331392576172e-03 1.221704062843266936e+00
-8.636363636363636465e-02 1.432812624161927326e-03 1.133551950830314903e+00
-8.636363636363636465e-02 1.456509947448047897e-03 1.057839799939069181e+00
-8.636363636363636465e-02 1.479187783602301399e-03 9.932869031992406228e-01
-8.636363636363636465e-02 1.500799891402472813e-03 9.389717632937912839e-01
-8.636363636363636465e-02 1.521300315804802183e-03 8.942876423222370086e-01
-8.636363636363636465e-02 1.540643398287844940e-03 8.590254191896790070e-01
-8.636363636363636465e-02 1.558783787837790449e-03 8.334471160452939786e-01
-8.636363636363636465e-02 1.592567422603734803e-03 8.143564398319529385e-01
-8.636363636363636465e-02 1.608678318920497320e-03 8.024959836341919450e-01
-8.636363636363636465e-02 1.641392584394484608e-03 7.992346550635305302e-01
-8.636363636363636465e-02 1.655321397000030685e-03 8.000386270062274097e-01
-8.636363636363636465e-02 1.686841557446155113e-03 8.083199542085425238e-01
-8.636363636363636465e-02 1.698437352694845675e-03 8.226951452073232307e-01
-8.636363636363636465e-02 1.728639788514136928e-03 8.397119602757231460e-01
-8.636363636363636465e-02 1.758421218236803875e-03 8.629791645497919550e-01
-8.636363636363636465e-02 1.787758134251525664e-03 8.916263428517761103e-01
-8.636363636363636465e-02 1.794802906004324371e-03 9.245524551372406030e-01
-8.636363636363636465e-02 1.822591794660549094e-03 9.588148619506164927e-01
-8.636363636363636465e-02 1.849859097282751438e-03 9.970212776147054923e-01
-8.636363636363636465e-02 1.876581656419517696e-03 1.038686603896413763e+00
-8.636363636363636465e-02 1.902736395331872847e-03 1.083518959736984755e+00
-8.636363636363636465e-02 1.928300319771273242e-03 1.131223739590297539e+00
-8.636363636363636465e-02 1.953250519825421114e-03 1.181643159078645811e+00
-8.636363636363636465e-02 1.977564171835455818e-03 1.234793966405346222e+00
-8.636363636363636465e-02 2.027945954133459489e-03 1.288947884961527457e+00
-8.636363636363636465e-02 2.051561694294975167e-03 1.343619849325428328e+00
-8.636363636363636465e-02 2.074479523263506910e-03 1.400372663387859262e+00
-8.636363636363636465e-02 2.096676923295234547e-03 1.459636947705812204e+00
-8.636363636363636465e-02 2.118131471967448724e-03 1.521624687111850394e+00
-8.636363636363636465e-02 2.168863362381635157e-03 1.584241657724728469e+00
-8.636363636363636465e-02 2.189442071443626833e-03 1.644966617881655324e+00
-8.636363636363636465e-02 2.209217549651558508e-03 1.709047026799198843e+00
-8.636363636363636465e-02 2.228167712620051158e-03 1.777028792245329614e+00
-8.636363636363636465e-02 2.279095616175544695e-03 1.839087184310297385e+00
-8.636363636363636465e-02 2.330598976268390046e-03 1.914709292278446551e+00
-8.636363636363636465e-02 2.382677792898583741e-03 2.002901055286097964e+00
-8.636363636363636465e-02 2.435332066066130119e-03 2.103250273121867409e+00
-8.636363636363636465e-02 2.488561795771025275e-03 2.214790379071327475e+00
-8.636363636363636465e-02 2.542366982013270944e-03 2.336994983034270668e+00
-8.636363636363636465e-02 2.596747624792866693e-03 2.469260623363917162e+00
-8.636363636363636465e-02 2.651703724109812088e-03 2.610804676899916021e+00
-8.636363636363636465e-02 2.707235279964108430e-03 2.761244734697056114e+00
-8.636363636363636465e-02 2.763342292355754851e-03 2.920027141366567491e+00
-8.260869565217392185e-02 1.158437949354984824e-03 3.093765491148871227e+00
-8.260869565217392185e-02 1.206203612406273138e-03 2.570278041389843615e+00
-8.260869565217392185e-02 1.254934238347486580e-03 2.153416849903986741e+00
-8.260869565217392185e-02 1.304629827178625150e-03 1.837780857527497647e+00
-8.260869565217392185e-02 1.355290378899688414e-03 1.618353304824158734e+00
-8.260869565217392185e-02 1.394674569781789285e-03 1.479967588097255149e+00
-8.260869565217392185e-02 1.408762007110919093e-03 1.361976711191187350e+00
-8.260869565217392185e-02 1.434206035195371293e-03 1.258423813059807994e+00
-8.260869565217392185e-02 1.458727708118532935e-03 1.168358146638042605e+00
-8.260869565217392185e-02 1.468257275985139628e-03 1.089947699049740759e+00
-8.260869565217392185e-02 1.490331222505274743e-03 1.021990707873047910e+00
-8.260869565217392185e-02 1.526304084720928869e-03 9.649977039571761006e-01
-8.260869565217392185e-02 1.546683098376988932e-03 9.164851989117901443e-01
-8.260869565217392185e-02 1.565914441672088724e-03 8.771198168733105316e-01
-8.260869565217392185e-02 1.583953867106089979e-03 8.469205748715112891e-01
-8.260869565217392185e-02 1.600757422724600511e-03 8.264978030845228085e-01
-8.260869565217392185e-02 1.633719575503150400e-03 8.096519915673801027e-01
-8.260869565217392185e-02 1.648431745456294898e-03 8.028843681929591636e-01
-8.260869565217392185e-02 1.680265536814928243e-03 7.999014234547255908e-01
-8.260869565217392185e-02 1.711759629247798812e-03 8.061413140936333210e-01
-8.260869565217392185e-02 1.723322839720251238e-03 8.142515569145591936e-01
-8.260869565217392185e-02 1.753514291788035645e-03 8.289058931539458053e-01
-8.260869565217392185e-02 1.783289751613503392e-03 8.497898073308365330e-01
-8.260869565217392185e-02 1.791394579534276877e-03 8.744223374850752517e-01
-8.260869565217392185e-02 1.819695232890746264e-03 9.014194826984814890e-01
-8.260869565217392185e-02 1.847504455376167793e-03 9.328204094915749645e-01
-8.260869565217392185e-02 1.874799582164616988e-03 9.680384885805977113e-01
-8.260869565217392185e-02 1.901558021256890369e-03 1.006652064216298825e+00
-8.260869565217392185e-02 1.927757255048287823e-03 1.048271981305739953e+00
-8.260869565217392185e-02 1.953374841954816973e-03 1.092611218937554973e+00
-8.260869565217392185e-02 1.978388418100805041e-03 1.139589852967077155e+00
-8.260869565217392185e-02 2.002775699071128283e-03 1.189031237990192391e+00
-8.260869565217392185e-02 2.026514481731454299e-03 1.241099665024560039e+00
-8.260869565217392185e-02 2.049582646120141211e-03 1.295736710831754346e+00
-8.260869565217392185e-02 2.099877282736712508e-03 1.349933893366042748e+00
-8.260869565217392185e-02 2.122185623272589312e-03 1.404990407894284310e+00
-8.260869565217392185e-02 2.143763855751424068e-03 1.462651483147989540e+00
-8.260869565217392185e-02 2.164590155056505920e-03 1.523163158036922482e+00
-8.260869565217392185e-02 2.215222131371375348e-03 1.584918249390794509e+00
-8.260869565217392185e-02 2.235153091795824554e-03 1.644090965973481477e+00
-8.260869565217392185e-02 2.254273350199186270e-03 1.706752480172838649e+00
-8.260869565217392185e-02 2.305215772833406861e-03 1.772924496477972012e+00
-8.260869565217392185e-02 2.323343327653301475e-03 1.833596424378748369e+00
-8.260869565217392185e-02 2.374686381506768869e-03 1.906628970701860659e+00
-8.260869565217392185e-02 2.426590561631857511e-03 1.991780917940442208e+00
-8.260869565217392185e-02 2.479055868028569136e-03 2.088515554551867659e+00
-8.260869565217392185e-02 2.532082300696903310e-03 2.196204942914449454e+00
-8.260869565217392185e-02 2.585669859636859167e-03 2.314049593902818280e+00
-8.260869565217392185e-02 2.639818544848438874e-03 2.441648129880200635e+00
-8.260869565217392185e-02 2.694528356331640263e-03 2.578410881856704862e+00
-7.916666666666666297e-02 1.174497653220923574e-03 3.177818482613299800e+00
-7.916666666666666297e-02 1.221947358411049024e-03 2.650223322971973161e+00
-7.916666666666666297e-02 1.270336661723751046e-03 2.225500391545944368e+00
-7.916666666666666297e-02 1.319665563159029640e-03 1.898726421057641112e+00
-7.916666666666666297e-02 1.369934062716885673e-03 1.665103492308463551e+00
-7.916666666666666297e-02 1.408816198895122829e-03 1.516248678442045694e+00
-7.916666666666666297e-02 1.434979747818142335e-03 1.397614143239342299e+00
-7.916666666666666297e-02 1.447073654382008759e-03 1.292902093718589995e+00
-7.916666666666666297e-02 1.470995729143054209e-03 1.198988700870479818e+00
-7.916666666666666297e-02 1.493948150651064474e-03 1.117411827856127804e+00
-7.916666666666666297e-02 1.515886808438697423e-03 1.047010683214606663e+00
-7.916666666666666297e-02 1.536767832919133268e-03 9.869926936090408498e-01
-7.916666666666666297e-02 1.556547603899801832e-03 9.370503076178861024e-01
-7.916666666666666297e-02 1.591167358457965669e-03 8.962745643256572192e-01
-7.916666666666666297e-02 1.609101630401827462e-03 8.616702990741018642e-01
-7.916666666666666297e-02 1.625811429390837566e-03 8.363735858667403766e-01
-7.916666666666666297e-02 1.658730909162150482e-03 8.191234415355228560e-01
-7.916666666666666297e-02 1.673369558335162247e-03 8.067981136301973777e-01
-7.916666666666666297e-02 1.705170731605251634e-03 8.028398115281124570e-01
-7.916666666666666297e-02 1.717593826188611996e-03 8.033878290267881805e-01
-7.916666666666666297e-02 1.748158712576274769e-03 8.093455871234119803e-01
-7.916666666666666297e-02 1.778334746678065636e-03 8.224087925540963795e-01
-7.916666666666666297e-02 1.787434929346517131e-03 8.386029985748899573e-01
-7.916666666666666297e-02 1.816206102515579256e-03 8.584298664153355851e-01
-7.916666666666666297e-02 1.844514597202180509e-03 8.831729548223068438e-01
-7.916666666666666297e-02 1.872338234600401038e-03 9.121521257333635724e-01
-7.916666666666666297e-02 1.899654901815544302e-03 9.448222522645511878e-01
-7.916666666666666297e-02 1.926442553251242126e-03 9.807075670206674145e-01
-7.916666666666666297e-02 1.952679212047072092e-03 1.019398072935788102e+00
-7.916666666666666297e-02 1.978342971569220163e-03 1.060724055759084905e+00
-7.916666666666666297e-02 2.003411996956883448e-03 1.104391393584357228e+00
-7.916666666666666297e-02 2.027864526727285802e-03 1.150464993359184618e+00
-7.916666666666666297e-02 2.051678874442362625e-03 1.198788526529470877e+00
-7.916666666666666297e-02 2.074833430440372033e-03 1.249601043492613250e+00
-7.916666666666666297e-02 2.097306663635906815e-03 1.302906902921626031e+00
-7.916666666666666297e-02 2.147539773918569813e-03 1.358949748459175932e+00
-7.916666666666666297e-02 2.169231059461232576e-03 1.412208306052346707e+00
-7.916666666666666297e-02 2.190183116343245862e-03 1.468123282685919850e+00
-7.916666666666666297e-02 2.210374691885829204e-03 1.527049827445428054e+00
-7.916666666666666297e-02 2.260895910953982998e-03 1.588605349143853873e+00
-7.916666666666666297e-02 2.280173642984182746e-03 1.646098463699855241e+00
-7.916666666666666297e-02 2.298633667961354210e-03 1.707191472341311078e+00
-7.916666666666666297e-02 2.349430668472999618e-03 1.772174319350263039e+00
-7.916666666666666297e-02 2.366882064130099942e-03 1.831482405457734330e+00
-7.916666666666666297e-02 2.418056413302528077e-03 1.902549002239605214e+00
-7.916666666666666297e-02 2.469778081717442005e-03 1.985430267575704733e+00
-7.916666666666666297e-02 2.522047069374840859e-03 2.079311495780801877e+00
-7.916666666666666297e-02 2.574863376274726372e-03 2.183774724936678346e+00
-7.916666666666666297e-02 2.628227002417097679e-03 2.298196367077339097e+00
-7.599999999999999811e-02 1.190394275853181878e-03 3.245652995868318236e+00
-7.599999999999999811e-02 1.237534072244138176e-03 2.716833935643366615e+00
-7.599999999999999811e-02 1.285589204487346069e-03 2.287449750929831715e+00
-7.599999999999999811e-02 1.334559672582806208e-03 1.952789099158525943e+00
-7.599999999999999811e-02 1.384445476530517510e-03 1.708343332239682599e+00
-7.599999999999999811e-02 1.435246616330480189e-03 1.549734891389677571e+00
-7.599999999999999811e-02 1.448409412331749585e-03 1.429394390230094292e+00
-7.599999999999999811e-02 1.473105906250378721e-03 1.321996726531722288e+00
-7.599999999999999811e-02 1.496880730466555644e-03 1.227546035003032499e+00
-7.599999999999999811e-02 1.519690651041609268e-03 1.144614158808599402e+00
-7.599999999999999811e-02 1.541492650794822755e-03 1.072124133615433461e+00
-7.599999999999999811e-02 1.562243936752503526e-03 1.009495472707591990e+00
-7.599999999999999811e-02 1.581901948034945176e-03 9.561642737966709049e-01
-7.599999999999999811e-02 1.600424364216779380e-03 9.121891765649270400e-01
-7.599999999999999811e-02 1.617769114199836458e-03 8.778105103362593420e-01
-7.599999999999999811e-02 1.650905762350902495e-03 8.481402056592456384e-01
-7.599999999999999811e-02 1.666263531679066951e-03 8.276617540146936625e-01
-7.599999999999999811e-02 1.698342599284009390e-03 8.134093640863300223e-01
-7.599999999999999811e-02 1.711571878860401177e-03 8.059656591665309566e-01
-7.599999999999999811e-02 1.742477914101355245e-03 8.032001303575974083e-01
-7.599999999999999811e-02 1.773020924432305162e-03 8.084352479839986838e-01
-7.599999999999999811e-02 1.783056981924933818e-03 8.161118785116242558e-01
-7.599999999999999811e-02 1.812261924186284916e-03 8.288906039164863904e-01
-7.599999999999999811e-02 1.841031598753986630e-03 8.471419302925923267e-01
-7.599999999999999811e-02 1.869344303935026449e-03 8.700997213331829183e-01
-7.599999999999999811e-02 1.897178397861057049e-03 8.971012758724064007e-01
-7.599999999999999811e-02 1.901611260241953738e-03 9.263626543758169962e-01
-7.599999999999999811e-02 1.927844729560345251e-03 9.587077288664448416e-01
-7.599999999999999811e-02 1.953528553322529671e-03 9.945034788664554037e-01
-7.599999999999999811e-02 1.978641382613880416e-03 1.033358661116953625e+00
-7.599999999999999811e-02 2.003161936026662260e-03 1.075269178896150146e+00
-7.599999999999999811e-02 2.052928038080060677e-03 1.119172643184966898e+00
-7.599999999999999811e-02 2.076811176250651682e-03 1.164095228835605456e+00
-7.599999999999999811e-02 2.100044879430968282e-03 1.211080065846868115e+00
-7.599999999999999811e-02 2.122608105327565033e-03 1.260444823774638845e+00
-7.599999999999999811e-02 2.144479886045404064e-03 1.312259834207015974e+00
-7.599999999999999811e-02 2.165639329872603644e-03 1.366932244198272084e+00
-7.599999999999999811e-02 2.215710261663819593e-03 1.421969583621355060e+00
-7.599999999999999811e-02 2.236031224286652921e-03 1.475918817885372158e+00
-7.599999999999999811e-02 2.255583646051917066e-03 1.533115845011093548e+00
-7.599999999999999811e-02 2.274346905045831688e-03 1.593842630561716156e+00
-7.599999999999999811e-02 2.324607197718624261e-03 1.650698311911995564e+00
-7.599999999999999811e-02 2.342403912220474352e-03 1.710161347547072275e+00
-7.599999999999999811e-02 2.359355918245663146e-03 1.774295917084390162e+00
-7.599999999999999811e-02 2.409821996623710567e-03 1.832226776222452447e+00
-7.599999999999999811e-02 2.460822107577187272e-03 1.901969986533722512e+00
-7.599999999999999811e-02 2.512356251106093261e-03 1.983093251366856213e+00
-7.599999999999999811e-02 2.564424427210428101e-03 2.074941082351936750e+00
-7.307692307692308098e-02 1.206162097009392479e-03 3.298251969235145964e+00
-7.307692307692308098e-02 1.252999012758647304e-03 2.770797074892117351e+00
-7.307692307692308098e-02 1.300728060236460478e-03 2.339413471627841190e+00
-7.307692307692308098e-02 1.349349239442830051e-03 1.999683178322028354e+00
-7.307692307692308098e-02 1.398862550377756890e-03 1.747299436501763559e+00
-7.307692307692308098e-02 1.449267993041240994e-03 1.578036960205926320e+00
-7.307692307692308098e-02 1.474689834773762866e-03 1.457783542072516703e+00
-7.307692307692308098e-02 1.485876120289265218e-03 1.350430030235019840e+00
-7.307692307692308098e-02 1.509064207747026027e-03 1.253740369026056012e+00
-7.307692307692308098e-02 1.531285676192820988e-03 1.168738631481287982e+00
-7.307692307692308098e-02 1.552498623528691382e-03 1.094641651733806231e+00
-7.307692307692308098e-02 1.572661359450616561e-03 1.030657791899247222e+00
-7.307692307692308098e-02 1.591732412939162681e-03 9.766283167163715140e-01
-7.307692307692308098e-02 1.625761172441790104e-03 9.291598044254845146e-01
-7.307692307692308098e-02 1.643001600331751161e-03 8.904181347600107488e-01
-7.307692307692308098e-02 1.659033150194480629e-03 8.612872869262624409e-01
-7.307692307692308098e-02 1.691364462188902924e-03 8.367075078101782193e-01
-7.307692307692308098e-02 1.705350781568584599e-03 8.209426324887654225e-01
-7.307692307692308098e-02 1.736569366941009785e-03 8.094743856731219100e-01
-7.307692307692308098e-02 1.767449512232443457e-03 8.069155323717388528e-01
-7.307692307692308098e-02 1.778366718944158521e-03 8.060501177183945209e-01
-7.307692307692308098e-02 1.807972572255891900e-03 8.119246720029492659e-01
-7.307692307692308098e-02 1.837169291650256287e-03 8.238646826436627491e-01
-7.307692307692308098e-02 1.844729698821955411e-03 8.396596341201345570e-01
-7.307692307692308098e-02 1.872492271320314212e-03 8.579320901003943955e-01
-7.307692307692308098e-02 1.899775706922920190e-03 8.806782256923100238e-01
-7.307692307692308098e-02 1.926558972445314901e-03 9.072945537700861651e-01
-7.307692307692308098e-02 1.952821093429690617e-03 9.374610057432228860e-01
-7.307692307692308098e-02 1.978541155395463751e-03 9.706805517959761209e-01
-7.307692307692308098e-02 2.003698305135641951e-03 1.006859720749318843e+00
-7.307692307692308098e-02 2.028271752061316761e-03 1.045667727605607888e+00
-7.307692307692308098e-02 2.052240769596703086e-03 1.087168361145785189e+00
-7.307692307692308098e-02 2.075584696627367446e-03 1.131180329657470285e+00
-7.307692307692308098e-02 2.098282939004411044e-03 1.177951961523482804e+00
-7.307692307692308098e-02 2.147944722059048558e-03 1.226126786504047050e+00
-7.307692307692308098e-02 2.169911305612940398e-03 1.273818224275344413e+00
-7.307692307692308098e-02 2.191176860004160742e-03 1.323942709163441478e+00
-7.307692307692308098e-02 2.211721028159463736e-03 1.376805264113913463e+00
-7.307692307692308098e-02 2.231523527073343751e-03 1.432962390466764768e+00
-7.307692307692308098e-02 2.281388435517821105e-03 1.486041558911162852e+00
-7.307692307692308098e-02 2.300298872441334987e-03 1.541301722643765526e+00
-7.307692307692308098e-02 2.318413056335590777e-03 1.600262858185028669e+00
-7.307692307692308098e-02 2.368539457253009562e-03 1.657712177749535387e+00
-7.307692307692308098e-02 2.385671284695915512e-03 1.715379704609170330e+00
-7.307692307692308098e-02 2.401952717285250893e-03 1.777787644840798098e+00
-7.307692307692308098e-02 2.452254027445412762e-03 1.835443617911762804e+00
-7.307692307692308098e-02 2.503076594705680447e-03 1.904562166530706868e+00
-7.037037037037037479e-02 1.221828701390341096e-03 3.336820532236822068e+00
-7.037037037037037479e-02 1.268370414116851488e-03 2.812853432651810870e+00
-7.037037037037037479e-02 1.315782065398996914e-03 2.381777917156028934e+00
-7.037037037037037479e-02 1.364063655236778458e-03 2.039360304302645588e+00
-7.037037037037037479e-02 1.413215183630195252e-03 1.781450802078675677e+00
-7.037037037037037479e-02 1.463236650579247729e-03 1.604161438106572746e+00
-7.037037037037037479e-02 1.488083736963172633e-03 1.482220702697873538e+00
-7.037037037037037479e-02 1.512051039691313537e-03 1.373751505811503071e+00
-7.037037037037037479e-02 1.535097283219839966e-03 1.277226850449732609e+00
-7.037037037037037479e-02 1.557181377137336047e-03 1.191634166172276021e+00
-7.037037037037037479e-02 1.578262422387140002e-03 1.115912865726267800e+00
-7.037037037037037479e-02 1.598299717846558962e-03 1.049657226555313683e+00
-7.037037037037037479e-02 1.617252767291137540e-03 9.925904991468509353e-01
-7.037037037037037479e-02 1.635081286774988339e-03 9.447678929572922435e-01
-7.037037037037037479e-02 1.668369441130423264e-03 9.057833619868502772e-01
-7.037037037037037479e-02 1.684306139574525112e-03 8.717059691999970994e-01
-7.037037037037037479e-02 1.699004450511419888e-03 8.473754472824871486e-01
-7.037037037037037479e-02 1.730510160176113683e-03 8.272641774298528095e-01
-7.037037037037037479e-02 1.743108119438951508e-03 8.162758653493706884e-01
-7.037037037037037479e-02 1.773448792850711468e-03 8.075936005582389221e-01
-7.037037037037037479e-02 1.803426083534801806e-03 8.067253569208623354e-01
-7.037037037037037479e-02 1.812879449099043423e-03 8.115288998943552823e-01
-7.037037037037037479e-02 1.841534640937061594e-03 8.184246987078824809e-01
-7.037037037037037479e-02 1.869757716707000274e-03 8.308350048548209799e-01
-7.037037037037037479e-02 1.897528027920139396e-03 8.480593108766300015e-01
-7.037037037037037479e-02 1.924824978512039517e-03 8.693876078878035596e-01
-7.037037037037037479e-02 1.951628025918077970e-03 8.944272042773317999e-01
-7.037037037037037479e-02 1.977916682187004071e-03 9.225808251113375436e-01
-7.037037037037037479e-02 2.003670515134361747e-03 9.536705793401553111e-01
-7.037037037037037479e-02 2.028869149537740682e-03 9.872863047999267394e-01
-7.037037037037037479e-02 2.053492268375947411e-03 1.023390871824032100e+00
-7.037037037037037479e-02 2.077519614114302707e-03 1.061714498046568256e+00
-7.037037037037037479e-02 2.100930990038435333e-03 1.102424642391709897e+00
-7.037037037037037479e-02 2.123706261639071897e-03 1.145434700963231078e+00
-7.037037037037037479e-02 2.145825358050506421e-03 1.190982192411032425e+00
-7.037037037037037479e-02 2.167268273545594568e-03 1.239178351464217620e+00
-7.037037037037037479e-02 2.216804234859845717e-03 1.289816264035579918e+00
-7.037037037037037479e-02 2.237460176698847971e-03 1.338032354114756517e+00
-7.037037037037037479e-02 2.257386158305242294e-03 1.388896558195580111e+00
-7.037037037037037479e-02 2.276562404443633301e-03 1.443162505097926207e+00
-7.037037037037037479e-02 2.326321861535087746e-03 1.498582932601139284e+00
-7.037037037037037479e-02 2.344588733719647853e-03 1.551600203562725433e+00
-7.037037037037037479e-02 2.362052653218305303e-03 1.608618841656952902e+00
-7.037037037037037479e-02 2.412041800782260131e-03 1.667076276197340112e+00
-7.037037037037037479e-02 2.428508325772540249e-03 1.722647546464848078e+00
-7.037037037037037479e-02 2.444119100392438959e-03 1.783302498939687730e+00
-6.785714285714285199e-02 1.237416367906402255e-03 3.362503187744863009e+00
-6.785714285714285199e-02 1.283670957790420753e-03 2.843865447704970961e+00
-6.785714285714285199e-02 1.330774255745705492e-03 2.415019029682846430e+00
-6.785714285714285199e-02 1.378726261772256906e-03 2.071890916822886730e+00
-6.785714285714285199e-02 1.427526975870074344e-03 1.810654142018039314e+00
-6.785714285714285199e-02 1.477176398039158241e-03 1.627617435669065582e+00
-6.785714285714285199e-02 1.501458364715281199e-03 1.504782263553154031e+00
-6.785714285714285199e-02 1.524856763981493951e-03 1.395171919453151332e+00
-6.785714285714285199e-02 1.547331360785136889e-03 1.297605313538572336e+00
-6.785714285714285199e-02 1.568842095574786996e-03 1.210829088116174290e+00
-6.785714285714285199e-02 1.589349090228347680e-03 1.134255071394187908e+00
-6.785714285714285199e-02 1.608812654321954954e-03 1.067403097538505374e+00
-6.785714285714285199e-02 1.627193291766669504e-03 1.010125442105760607e+00
-6.785714285714285199e-02 1.660658691051097608e-03 9.600382118324171099e-01
-6.785714285714285199e-02 1.677222212425669851e-03 9.174767207135605673e-01
-6.785714285714285199e-02 1.692591154217919702e-03 8.844082670005808389e-01
-6.785714285714285199e-02 1.724361304477530638e-03 8.557459471484545332e-01
-6.785714285714285199e-02 1.737708686642777276e-03 8.359684102876283607e-01
-6.785714285714285199e-02 1.768370947977846623e-03 8.199851580319189592e-01
-6.785714285714285199e-02 1.798693155591734672e-03 8.125491869264669376e-01
-6.785714285714285199e-02 1.809013321096005194e-03 8.078847856094764079e-01
-6.785714285714285199e-02 1.838073789765858144e-03 8.087981657581764239e-01
-6.785714285714285199e-02 1.866726903083206716e-03 8.156704456363771394e-01
-6.785714285714285199e-02 1.894952443896195937e-03 8.277409667460048359e-01
-6.785714285714285199e-02 1.900984530413992769e-03 8.414816397000116632e-01
-6.785714285714285199e-02 1.927749514218444604e-03 8.593771801273298871e-01
-6.785714285714285199e-02 1.954020410078548698e-03 8.811563484051799788e-01
-6.785714285714285199e-02 1.979777230206020318e-03 9.065843858776407860e-01
-6.785714285714285199e-02 2.005000039560120208e-03 9.351778108022659186e-01
-6.785714285714285199e-02 2.029668956983031979e-03 9.668396907883750613e-01
-6.785714285714285199e-02 2.053764156377045885e-03 1.001223307935512619e+00
-6.785714285714285199e-02 2.077265867925660609e-03 1.038433945431937566e+00
-6.785714285714285199e-02 2.100154379360845598e-03 1.078324157978168829e+00
-6.785714285714285199e-02 2.122410037278862210e-03 1.121058886667784193e+00
-6.785714285714285199e-02 2.171481480867686227e-03 1.163025153764231989e+00
-6.785714285714285199e-02 2.193017683551840361e-03 1.206936504768184149e+00
-6.785714285714285199e-02 2.213868236378588056e-03 1.253515947391636409e+00
-6.785714285714285199e-02 2.234013694176307987e-03 1.302817308736932134e+00
-6.785714285714285199e-02 2.283382672081666395e-03 1.354676773997332440e+00
-6.785714285714285199e-02 2.302688624765453999e-03 1.403408358654863575e+00
-6.785714285714285199e-02 2.321237194103160061e-03 1.455446705823626896e+00
-6.785714285714285199e-02 2.339009159576964456e-03 1.511331579934155567e+00
-6.785714285714285199e-02 2.388510627663302348e-03 1.564080066273485725e+00
-6.785714285714285199e-02 2.405324040570918070e-03 1.618847350348130210e+00
-6.785714285714285199e-02 2.421309108457683334e-03 1.678384626604527696e+00
-6.551724137931033698e-02 1.252943146903591357e-03 3.376486131130808310e+00
-6.551724137931033698e-02 1.298918911963524480e-03 2.864676436560511963e+00
-6.551724137931033698e-02 1.345723069186700047e-03 2.439635827925864309e+00
-6.551724137931033698e-02 1.393355618573117408e-03 2.097599573448809984e+00
-6.551724137931033698e-02 1.441816560122776997e-03 1.834935516126348531e+00
-6.551724137931033698e-02 1.491105893835678814e-03 1.648063873552674918e+00
-6.551724137931033698e-02 1.528024505430312843e-03 1.523503637375434927e+00
-6.551724137931033698e-02 1.537671713752935664e-03 1.415021119167878982e+00
-6.551724137931033698e-02 1.559584599513658696e-03 1.316793134495013673e+00
-6.551724137931033698e-02 1.580531980748516290e-03 1.229526996790904825e+00
-6.551724137931033698e-02 1.600474955161330622e-03 1.152553413766642443e+00
-6.551724137931033698e-02 1.634732535470921578e-03 1.084623946753551449e+00
-6.551724137931033698e-02 1.653001095299190494e-03 1.024428849244300332e+00
-6.551724137931033698e-02 1.670155249690564656e-03 9.731800361013012157e-01
-6.551724137931033698e-02 1.686156783597476255e-03 9.312626958224274887e-01
-6.551724137931033698e-02 1.718171070215214176e-03 8.941678136364673568e-01
-6.551724137931033698e-02 1.732226476590485080e-03 8.656408002523582335e-01
-6.551724137931033698e-02 1.763187461776237735e-03 8.425277542212307180e-01
-6.551724137931033698e-02 1.775168238221181641e-03 8.271486035753436994e-01
-6.551724137931033698e-02 1.804971273215788584e-03 8.148816056597497637e-01
-6.551724137931033698e-02 1.834410446014545686e-03 8.100947244189161678e-01
-6.551724137931033698e-02 1.843291096976857691e-03 8.105028869887529464e-01
-6.551724137931033698e-02 1.871422586338526749e-03 8.133433456559822083e-01
-6.551724137931033698e-02 1.899124703503102642e-03 8.214876633204409861e-01
-6.551724137931033698e-02 1.926377767493779852e-03 8.344216848335737069e-01
-6.551724137931033698e-02 1.953162143617554521e-03 8.513768930005697344e-01
-6.551724137931033698e-02 1.979458244411107151e-03 8.720423745616781019e-01
-6.551724137931033698e-02 2.005246530619877489e-03 8.958658998534080320e-01
-6.551724137931033698e-02 2.030507512211917383e-03 9.226565758969368369e-01
-6.551724137931033698e-02 2.055221749428229414e-03 9.519890760620133285e-01
-6.551724137931033698e-02 2.079369853871390443e-03 9.838956258008114686e-01
-6.551724137931033698e-02 2.102932489634373910e-03 1.018149850783318655e+00
-6.551724137931033698e-02 2.125890374471607874e-03 1.054834284012783341e+00
-6.551724137931033698e-02 2.148224281014432004e-03 1.093910539646359759e+00
-6.551724137931033698e-02 2.169915038033261127e-03 1.135461043253380709e+00
-6.551724137931033698e-02 2.190943531748923423e-03 1.179844737883456895e+00
-6.551724137931033698e-02 2.239901652643559293e-03 1.226079690672092548e+00
-6.551724137931033698e-02 2.260157534803155805e-03 1.270710826655682801e+00
-6.551724137931033698e-02 2.279699792038120901e-03 1.318046857316014009e+00
-6.551724137931033698e-02 2.298509513695546833e-03 1.368635311380053787e+00
-6.551724137931033698e-02 2.347674101528102446e-03 1.420377680924771013e+00
-6.551724137931033698e-02 2.365594385710968750e-03 1.469970737142844985e+00
-6.551724137931033698e-02 2.382731267628148287e-03 1.523539915081046248e+00
-6.551724137931033698e-02 2.432112986959372464e-03 1.578857922156752691e+00
-6.333333333333333870e-02 1.268423701063721909e-03 3.379857563255026509e+00
-6.333333333333333870e-02 1.314129019373734856e-03 2.876085849799839167e+00
-6.333333333333333870e-02 1.360643281370650442e-03 2.456288327110122793e+00
-6.333333333333333870e-02 1.407966487054469317e-03 2.116892853461009416e+00
-6.333333333333333870e-02 1.456098636425191264e-03 1.854377944040960902e+00
-6.333333333333333870e-02 1.505039729482815633e-03 1.665304446720343723e+00
-6.333333333333333870e-02 1.541501645175744235e-03 1.538901149105733168e+00
-6.333333333333333870e-02 1.564209242221040966e-03 1.430604415633897730e+00
-6.333333333333333870e-02 1.585993659892822412e-03 1.333108329925045243e+00
-6.333333333333333870e-02 1.606816714072612732e-03 1.245518155788916115e+00
-6.333333333333333870e-02 1.626640382567073667e-03 1.167274935591870566e+00
-6.333333333333333870e-02 1.645426810698768713e-03 1.098130535183913903e+00
-6.333333333333333870e-02 1.663138317223288639e-03 1.038054218876998558e+00
-6.333333333333333870e-02 1.679737400598888854e-03 9.872291180830945478e-01
-6.333333333333333870e-02 1.711977592088540683e-03 9.418418175812695026e-01
-6.333333333333333870e-02 1.726702782520857455e-03 9.046384454330982372e-01
-6.333333333333333870e-02 1.757941839172227861e-03 8.745785113269916033e-01
-6.333333333333333870e-02 1.770667091671631298e-03 8.501748509760659323e-01
-6.333333333333333870e-02 1.800802472814045947e-03 8.318874953228875269e-01
-6.333333333333333870e-02 1.811402700083696461e-03 8.208555141461331139e-01
-6.333333333333333870e-02 1.840332506605523019e-03 8.120040262090325589e-01
-6.333333333333333870e-02 1.868875780536736900e-03 8.097530268460126912e-01
-6.333333333333333870e-02 1.897013197698636236e-03 8.131358990227371963e-01
-6.333333333333333870e-02 1.903498538531777327e-03 8.205326284093852340e-01
-6.333333333333333870e-02 1.930240093660376714e-03 8.302485882990817689e-01
-6.333333333333333870e-02 1.956512143996936431e-03 8.444008350865808143e-01
-6.333333333333333870e-02 1.982295564494615785e-03 8.623729132551976040e-01
-6.333333333333333870e-02 2.007571275856487921e-03 8.839200222987866340e-01
-6.333333333333333870e-02 2.032320245501463563e-03 9.085485173079373977e-01
-6.333333333333333870e-02 2.056523488565039758e-03 9.362348558879987070e-01
-6.333333333333333870e-02 2.080162068936595131e-03 9.666989577759387275e-01
-6.333333333333333870e-02 2.103217100335058945e-03 9.999573231487822733e-01
-6.333333333333333870e-02 2.125669747424910327e-03 1.035910682285323903e+00
-6.333333333333333870e-02 2.147501226974558516e-03 1.074581120791617828e+00
-6.333333333333333870e-02 2.196030796426452422e-03 1.113613916345880472e+00
-6.333333333333333870e-02 2.217153722446962415e-03 1.153644092048528691e+00
-6.333333333333333870e-02 2.237605038786141982e-03 1.196391981663031956e+00
-6.333333333333333870e-02 2.257366146386054987e-03 1.241880193560617851e+00
-6.333333333333333870e-02 2.276418503748953680e-03 1.290597754996682944e+00
-6.333333333333333870e-02 2.325110569978984174e-03 1.336029918085510637e+00
-6.333333333333333870e-02 2.343308285752870694e-03 1.384240448713638161e+00
-6.333333333333333870e-02 2.360747399130366624e-03 1.436258691755033290e+00
-6.333333333333333870e-02 2.409673506350094863e-03 1.486917535083508657e+00
-6.129032258064515126e-02 1.283869965976685342e-03 3.373616700151405023e+00
-6.129032258064515126e-02 1.329313193458162403e-03 2.878984518788676450e+00
-6.129032258064515126e-02 1.375546737939317352e-03 2.465655059435197582e+00
-6.129032258064515126e-02 1.422570599420150622e-03 2.130165959075132065e+00
-6.129032258064515126e-02 1.470384777900661131e-03 1.869130501898620622e+00
-6.129032258064515126e-02 1.518989273380849528e-03 1.679491561837774150e+00
-6.129032258064515126e-02 1.555005423885114221e-03 1.551998282798543904e+00
-6.129032258064515126e-02 1.577169581633780212e-03 1.443866396765957072e+00
-6.129032258064515126e-02 1.598408015711235645e-03 1.346318780345798105e+00
-6.129032258064515126e-02 1.618683444772996746e-03 1.258635911418561681e+00
-6.129032258064515126e-02 1.637958741779126093e-03 1.180396945587739888e+00
-6.129032258064515126e-02 1.656196939345282301e-03 1.111406736723417055e+00
-6.129032258064515126e-02 1.673361235406807274e-03 1.051659188444576287e+00
-6.129032258064515126e-02 1.705810912555685193e-03 9.981371693675686885e-01
-6.129032258064515126e-02 1.721170512451478552e-03 9.523583639462926964e-01
-6.129032258064515126e-02 1.752668933897666642e-03 9.155434525453745032e-01
-6.129032258064515126e-02 1.766100196031197183e-03 8.823704910065657270e-01
-6.129032258064515126e-02 1.796546871892397900e-03 8.583153653024644392e-01
-6.129032258064515126e-02 1.807927034742206913e-03 8.377412293199022475e-01
-6.129032258064515126e-02 1.837222065113412392e-03 8.237155744773583255e-01
-6.129032258064515126e-02 1.866152673187061696e-03 8.167431225854054899e-01
-6.129032258064515126e-02 1.874473407773495940e-03 8.114158472378210085e-01
-6.129032258064515126e-02 1.902109378076636973e-03 8.116266597641421665e-01
-6.129032258064515126e-02 1.929318378599535365e-03 8.168316746919752624e-01
-6.129032258064515126e-02 1.956081617719783883e-03 8.266010093438878048e-01
-6.129032258064515126e-02 1.982380344951240915e-03 8.402590796128024397e-01
-6.129032258064515126e-02 2.008195851780981197e-03 8.574732343378881350e-01
-6.129032258064515126e-02 2.010156822382379999e-03 8.774016418888316293e-01
-6.129032258064515126e-02 2.034406642372635007e-03 9.003591970813523693e-01
-6.129032258064515126e-02 2.082556612731904441e-03 9.264531258703210259e-01
-6.129032258064515126e-02 2.106253023254448485e-03 9.546092621486670371e-01
-6.129032258064515126e-02 2.129373331822130479e-03 9.850851708660759432e-01
-6.129032258064515126e-02 2.151899101071306358e-03 1.017824028621334254e+00
-6.129032258064515126e-02 2.173811942370266342e-03 1.053064537307636828e+00
-6.129032258064515126e-02 2.195093516933419205e-03 1.090667345643415054e+00
-6.129032258064515126e-02 2.215725536978519362e-03 1.131102151860901461e+00
-6.129032258064515126e-02 2.235689766929149433e-03 1.174338608911415616e+00
-6.129032258064515126e-02 2.284027607883682299e-03 1.216489142865399442e+00
-6.129032258064515126e-02 2.303201270099702967e-03 1.259939891909491738e+00
-6.129032258064515126e-02 2.321658144807467114e-03 1.306418611920586947e+00
-6.129032258064515126e-02 2.339380180871115239e-03 1.356570405615748154e+00
-6.129032258064515126e-02 2.387863455955594946e-03 1.402561125104864637e+00
-5.937500000000000416e-02 1.299291672136479447e-03 3.358802656604285009e+00
-5.937500000000000416e-02 1.344481067392118163e-03 2.874236652270635517e+00
-5.937500000000000416e-02 1.390442930942725449e-03 2.468353907003263625e+00
-5.937500000000000416e-02 1.437177262788300438e-03 2.137820877552529808e+00
-5.937500000000000416e-02 1.484684062928843130e-03 1.879623661146195168e+00
-5.937500000000000416e-02 1.532963331364354392e-03 1.690454998674068232e+00
-5.937500000000000416e-02 1.568544381317460087e-03 1.562894935146798225e+00
-5.937500000000000416e-02 1.590174575944692083e-03 1.455230423341871582e+00
-5.937500000000000416e-02 1.610876604359435344e-03 1.357976604237321361e+00
-5.937500000000000416e-02 1.630614049124997104e-03 1.270551161028974585e+00
-5.937500000000000416e-02 1.649350640072457658e-03 1.192606542234264655e+00
-5.937500000000000416e-02 1.667050259429323292e-03 1.123959297032108395e+00
-5.937500000000000416e-02 1.699694593177051172e-03 1.062474350111052734e+00
-5.937500000000000416e-02 1.715655830445380605e-03 1.008244107729334704e+00
-5.937500000000000416e-02 1.730477936975253692e-03 9.632847200724415915e-01
-5.937500000000000416e-02 1.761498187321876340e-03 9.231917578472734753e-01
-5.937500000000000416e-02 1.774394900448545472e-03 8.912991406116825832e-01
-5.937500000000000416e-02 1.804358348093003253e-03 8.639370842919833482e-01
-5.937500000000000416e-02 1.833997123720501696e-03 8.450638364298391769e-01
-5.937500000000000416e-02 1.844018732176993733e-03 8.281896083071427217e-01
-5.937500000000000416e-02 1.872460140546415054e-03 8.179271664870930714e-01
-5.937500000000000416e-02 1.900515423125249004e-03 8.138938680155706207e-01
-5.937500000000000416e-02 1.907410510000013366e-03 8.132590627970116559e-01
-5.937500000000000416e-02 1.934129032246235990e-03 8.158622114172217055e-01
-5.937500000000000416e-02 1.960400446936354409e-03 8.230270438302449421e-01
-5.937500000000000416e-02 1.986206431127872027e-03 8.343721832129948890e-01
-5.937500000000000416e-02 2.011528701829216979e-03 8.492739207004291746e-01
-5.937500000000000416e-02 2.036349016827099841e-03 8.675924839045154879e-01
-5.937500000000000416e-02 2.060649175543083876e-03 8.889301356761899475e-01
-5.937500000000000416e-02 2.084411019920789400e-03 9.131675099044509469e-01
-5.937500000000000416e-02 2.107616435345228273e-03 9.400762490065895927e-01
-5.937500000000000416e-02 2.130247351595860976e-03 9.695449450092624710e-01
-5.937500000000000416e-02 2.152285743835085849e-03 1.001761509084380553e+00
-5.937500000000000416e-02 2.173713633633925571e-03 1.036533571734686854e+00
-5.937500000000000416e-02 2.194513090036878927e-03 1.074271892642244985e+00
-5.937500000000000416e-02 2.242479172463251492e-03 1.111513933176755398e+00
-5.937500000000000416e-02 2.262549521815440234e-03 1.150177220154815494e+00
-5.937500000000000416e-02 2.281943287289598613e-03 1.191634037301768423e+00
-5.937500000000000416e-02 2.300642705606013166e-03 1.236068532067129411e+00
-5.937500000000000416e-02 2.348822397683049228e-03 1.281293631970805036e+00
-5.937500000000000416e-02 2.366683298288392318e-03 1.325395886195276596e+00
-5.757575757575757874e-02 1.314696759730477060e-03 3.336396915039539834e+00
-5.757575757575757874e-02 1.359640429482826323e-03 2.862611348909545050e+00
-5.757575757575757874e-02 1.405339455029332380e-03 2.464965498276129541e+00
-5.757575757575757874e-02 1.451793836369995880e-03 2.140489142761391239e+00
-5.757575757575757874e-02 1.499003573504815740e-03 1.885927404690286968e+00
-5.757575757575757874e-02 1.546968666433793478e-03 1.698504489381310600e+00
-5.757575757575757874e-02 1.582124973355163253e-03 1.571540837438948124e+00
-5.757575757575757874e-02 1.603230411495207243e-03 1.464636074042254821e+00
-5.757575757575757874e-02 1.623405336995737379e-03 1.367977865709265162e+00
-5.757575757575757874e-02 1.642614159653999796e-03 1.281077398688070135e+00
-5.757575757575757874e-02 1.660821430022992084e-03 1.203584863897114055e+00
-5.757575757575757874e-02 1.693646991297910335e-03 1.134319941186827663e+00
-5.757575757575757874e-02 1.710179460298327922e-03 1.071781289734645926e+00
-5.757575757575757874e-02 1.725610095171743351e-03 1.018182769922249875e+00
-5.757575757575757874e-02 1.756885823896640495e-03 9.721329583163367261e-01
-5.757575757575757874e-02 1.770458117116659180e-03 9.313518363591486438e-01
-5.757575757575757874e-02 1.800725698216899427e-03 8.989203280019526510e-01
-5.757575757575757874e-02 1.812321861471489397e-03 8.706776557386438631e-01
-5.757575757575757874e-02 1.841485553193204696e-03 8.489699838780393470e-01
-5.757575757575757874e-02 1.850988617396279092e-03 8.342189756878261031e-01
-5.757575757575757874e-02 1.878953225294462603e-03 8.213672811642201976e-01
-5.757575757575757874e-02 1.906529032228099435e-03 8.145257931847882382e-01
-5.757575757575757874e-02 1.933697993780178221e-03 8.131579596044566927e-01
-5.757575757575757874e-02 1.960442100898028388e-03 8.164817449029858620e-01
-5.757575757575757874e-02 1.964950462583486303e-03 8.227168999623275525e-01
-5.757575757575757874e-02 1.990276154280191945e-03 8.318983116653759780e-01
-5.757575757575757874e-02 2.015117639688051958e-03 8.450102118699357456e-01
-5.757575757575757874e-02 2.039457082578408683e-03 8.616103729130355493e-01
-5.757575757575757874e-02 2.063276686414442819e-03 8.815220961125671550e-01
-5.757575757575757874e-02 2.086558695199921144e-03 9.044649685108192561e-01
-5.757575757575757874e-02 2.109285394358720398e-03 9.302755415021929375e-01
-5.757575757575757874e-02 2.131439111646694223e-03 9.590932327988794803e-01
-5.757575757575757874e-02 2.179067565869909767e-03 9.899514574433648795e-01
-5.757575757575757874e-02 2.200580941187883430e-03 1.021419323069376439e+00
-5.757575757575757874e-02 2.221473914077784668e-03 1.055174204098990209e+00
-5.757575757575757874e-02 2.241728961778604364e-03 1.091515279448891373e+00
-5.757575757575757874e-02 2.261328608144092325e-03 1.130673179790499194e+00
-5.757575757575757874e-02 2.280255424751342300e-03 1.172784407445305987e+00
-5.757575757575757874e-02 2.328008169649020860e-03 1.212841898878678659e+00
-5.757575757575757874e-02 2.346127906880862441e-03 1.255055487862524854e+00
-5.588235294117646634e-02 1.330091709963739750e-03 3.307262876424621467e+00
-5.588235294117646634e-02 1.374797570215298892e-03 2.844808342788098798e+00
-5.588235294117646634e-02 1.420242370305726566e-03 2.456260292372631771e+00
-5.588235294117646634e-02 1.466426110235022773e-03 2.138417005218861799e+00
-5.588235294117646634e-02 1.513348790003188164e-03 1.888538924770090555e+00
-5.588235294117646634e-02 1.561010409610222088e-03 1.703757117464546500e+00
-5.588235294117646634e-02 1.595751997387651706e-03 1.578014850785453671e+00
-5.588235294117646634e-02 1.616341592248037376e-03 1.472116571451947964e+00
-5.588235294117646634e-02 1.635998418900619106e-03 1.376292060506335124e+00
-5.588235294117646634e-02 1.654687679769193363e-03 1.290035341607050690e+00
-5.588235294117646634e-02 1.672374711994267489e-03 1.213141434382140282e+00
-5.588235294117646634e-02 1.704757725790593962e-03 1.142493629310916470e+00
-5.588235294117646634e-02 1.720767160381396097e-03 1.080492612030328203e+00
-5.588235294117646634e-02 1.735676300830273251e-03 1.027645352168804038e+00
-5.588235294117646634e-02 1.766498544954103354e-03 9.794168887484213659e-01
-5.588235294117646634e-02 1.779550603380122961e-03 9.396925213430821211e-01
-5.588235294117646634e-02 1.809358805962735413e-03 9.048247199135648344e-01
-5.588235294117646634e-02 1.820438580098091485e-03 8.781320806395827017e-01
-5.588235294117646634e-02 1.849139119122947044e-03 8.539238772915105358e-01
-5.588235294117646634e-02 1.877489249701422714e-03 8.371283991242286504e-01
-5.588235294117646634e-02 1.885631966613435153e-03 8.261949891107003285e-01
-5.588235294117646634e-02 1.912740358281572175e-03 8.171659616964033201e-01
-5.588235294117646634e-02 1.939439719711274568e-03 8.135043681889488898e-01
-5.588235294117646634e-02 1.965712439122293317e-03 8.147021300800327825e-01
-5.588235294117646634e-02 1.991540939147622927e-03 8.200208203122749673e-01
-5.588235294117646634e-02 2.016907677523040350e-03 8.292155457217137426e-01
-5.588235294117646634e-02 2.041795147800203394e-03 8.417845084707356040e-01
-5.588235294117646634e-02 2.066185880084426673e-03 8.574837283946320499e-01
-5.588235294117646634e-02 2.090062441798296033e-03 8.759683269956395346e-01
-5.588235294117646634e-02 2.113407438472361156e-03 8.970051792363383791e-01
-5.588235294117646634e-02 2.136203514564235986e-03 9.206778775800413817e-01
-5.588235294117646634e-02 2.158433354307469614e-03 9.466851429878657687e-01
-5.588235294117646634e-02 2.180079682591714620e-03 9.752945083791153547e-01
-5.588235294117646634e-02 2.201125265875715931e-03 1.006337469215396574e+00
-5.588235294117646634e-02 2.221552913134848886e-03 1.040062786326485300e+00
-5.588235294117646634e-02 2.241345476844938591e-03 1.076649488764489515e+00
-5.588235294117646634e-02 2.288780045939385784e-03 1.113926198920661248e+00
-5.588235294117646634e-02 2.307824587709030734e-03 1.151100155011158588e+00
-5.588235294117646634e-02 2.326188001384856506e-03 1.191197850277892822e+00
-5.428571428571429131e-02 1.345481811012139107e-03 3.272171795575653075e+00
-5.428571428571429131e-02 1.389957560207111427e-03 2.821686983825466122e+00
-5.428571428571429131e-02 1.435156492315823457e-03 2.442609018220962547e+00
-5.428571428571429131e-02 1.481078607338274762e-03 2.132234838380588471e+00
-5.428571428571429131e-02 1.527723905274465561e-03 1.887734989768501848e+00
-5.428571428571429131e-02 1.575092386124395420e-03 1.706432620872944783e+00
-5.428571428571429131e-02 1.609428929409137312e-03 1.582455713635800176e+00
-5.428571428571429131e-02 1.629511286566320090e-03 1.477767183190554778e+00
-5.428571428571429131e-02 1.648658705905221324e-03 1.382849824671849026e+00
-5.428571428571429131e-02 1.666837149811644216e-03 1.297354538391508161e+00
-5.428571428571429131e-02 1.699403384255220029e-03 1.219939445715631399e+00
-5.428571428571429131e-02 1.715963927727756850e-03 1.149777400617194800e+00
-5.428571428571429131e-02 1.731459188438403199e-03 1.088419456581041000e+00
-5.428571428571429131e-02 1.762534416954701514e-03 1.035046779890200774e+00
-5.428571428571429131e-02 1.776235540834176629e-03 9.865391314232746511e-01
-5.428571428571429131e-02 1.806342440697790604e-03 9.473121695327690883e-01
-5.428571428571429131e-02 1.818136274647690152e-03 9.110809962460320044e-01
-5.428571428571429131e-02 1.847182965201259793e-03 8.829813158809232121e-01
-5.428571428571429131e-02 1.856957080022929264e-03 8.596844806806007711e-01
-5.428571428571429131e-02 1.884852164100293912e-03 8.406943281735123064e-01
-5.428571428571429131e-02 1.912376112916940258e-03 8.281237063667161724e-01
-5.428571428571429131e-02 1.939511612948625332e-03 8.210993856528960855e-01
-5.428571428571429131e-02 1.945388936675378905e-03 8.156397328359361598e-01
-5.428571428571429131e-02 1.971202010093564029e-03 8.148482436961048681e-01
-5.428571428571429131e-02 1.996569511410746338e-03 8.184627641422717037e-01
-5.428571428571429131e-02 2.021474276336149376e-03 8.259426114328197732e-01
-5.428571428571429131e-02 2.045899174807602316e-03 8.369915330676680476e-01
-5.428571428571429131e-02 2.069827111698928097e-03 8.512179374307511370e-01
-5.428571428571429131e-02 2.093241027552127705e-03 8.683416652288455939e-01
-5.428571428571429131e-02 2.116123899335606989e-03 8.884022786295214802e-01
-5.428571428571429131e-02 2.138458741229634728e-03 9.110543143898759411e-01
-5.428571428571429131e-02 2.160228605440453128e-03 9.365109152546848836e-01
-5.428571428571429131e-02 2.181416583044396007e-03 9.645630772365629824e-01
-5.428571428571429131e-02 2.202005804863579365e-03 9.954108831325273465e-01
-5.428571428571429131e-02 2.249106200644387238e-03 1.028595210101999502e+00
-5.428571428571429131e-02 2.269004159659354126e-03 1.060813035958309447e+00
-5.428571428571429131e-02 2.288258088944877984e-03 1.095723982058835366e+00
-5.428571428571429131e-02 2.306851259561937002e-03 1.133503141278307869e+00
-5.277777777777778456e-02 1.317326320763892618e-03 3.742390921926651792e+00
-5.277777777777778456e-02 1.360871372484924241e-03 3.232031749069538051e+00
-5.277777777777778456e-02 1.405124473827435837e-03 2.793700625372588231e+00
-5.277777777777778456e-02 1.450085624791427842e-03 2.424731066960476245e+00
-5.277777777777778456e-02 1.495754825376900254e-03 2.122333732574606113e+00
-5.277777777777778456e-02 1.542132075583852206e-03 1.883868293549972872e+00
-5.277777777777778456e-02 1.589217375412284783e-03 1.706780684381996815e+00
-5.277777777777778456e-02 1.623158192173153888e-03 1.585058858057295295e+00
-5.277777777777778456e-02 1.642741602623837846e-03 1.481603180820895593e+00
-5.277777777777778456e-02 1.661387987028778435e-03 1.387676182109004674e+00
-5.277777777777778456e-02 1.679064036894536982e-03 1.303142339118691151e+00
-5.277777777777778456e-02 1.711212122528960001e-03 1.225630082254437259e+00
-5.277777777777778456e-02 1.727266329183298763e-03 1.156078507192698446e+00
-5.277777777777778456e-02 1.742255949492121925e-03 1.095338567774566840e+00
-5.277777777777778456e-02 1.772901160948583792e-03 1.040967485584244345e+00
-5.277777777777778456e-02 1.786096462026565699e-03 9.931275099663312567e-01
-5.277777777777778456e-02 1.815766766617196498e-03 9.525020760165681111e-01
-5.277777777777778456e-02 1.827056995743490996e-03 9.172017446332477730e-01
-5.277777777777778456e-02 1.855662475834550258e-03 8.875518465841267801e-01
-5.277777777777778456e-02 1.883933287094624728e-03 8.652594932239650038e-01
-5.277777777777778456e-02 1.892388775342677921e-03 8.450389269256777247e-01
-5.277777777777778456e-02 1.919465949076140784e-03 8.306571418893231584e-01
-5.277777777777778456e-02 1.946152151280226015e-03 8.218680486879865743e-01
-5.277777777777778456e-02 1.972430467563092253e-03 8.178324603689202110e-01
-5.277777777777778456e-02 1.976906861595896254e-03 8.166070457290350859e-01
-5.277777777777778456e-02 2.001824691117470682e-03 8.187000931914965030e-01
-5.277777777777778456e-02 2.026278832809575488e-03 8.248015324311372964e-01
-5.277777777777778456e-02 2.050252518002572931e-03 8.344754039492128239e-01
-5.277777777777778456e-02 2.073729011458182343e-03 8.473967193124584130e-01
-5.277777777777778456e-02 2.096691612072364500e-03 8.635629767235006859e-01
-5.277777777777778456e-02 2.119123653603188599e-03 8.825870475953836447e-01
-5.277777777777778456e-02 2.141008505424947354e-03 9.046290918490439426e-01
-5.277777777777778456e-02 2.162329573309758769e-03 9.294422637013309840e-01
-5.277777777777778456e-02 2.209081293764022114e-03 9.568065376732078908e-01
-5.277777777777778456e-02 2.229765669946653581e-03 9.842091340856432558e-01
-5.277777777777778456e-02 2.249841746845363585e-03 1.013946006119726739e+00
-5.277777777777778456e-02 2.269293058631203109e-03 1.046391646458568081e+00
-5.277777777777778456e-02 2.288103179539433332e-03 1.081671969836876857e+00
-5.135135135135135420e-02 1.332919734992922111e-03 3.683013131748791746e+00
-5.135135135135135420e-02 1.376263899112098541e-03 3.187344999212746721e+00
-5.135135135135135420e-02 1.420301569857181957e-03 2.761621834067770287e+00
-5.135135135135135420e-02 1.465032747228172142e-03 2.403094844803329355e+00
-5.135135135135135420e-02 1.510457431225069314e-03 2.109160460798789494e+00
-5.135135135135135420e-02 1.556575621847873254e-03 1.877296688478784059e+00
-5.135135135135135420e-02 1.603387319096584180e-03 1.705097832303835492e+00
-5.135135135135135420e-02 1.636941369239421854e-03 1.585902632537939061e+00
-5.135135135135135420e-02 1.656033807857663909e-03 1.483724055856207924e+00
-5.135135135135135420e-02 1.674187209311524000e-03 1.390954105052039536e+00
-5.135135135135135420e-02 1.691368965095996126e-03 1.307436238344247270e+00
-5.135135135135135420e-02 1.723108710644431427e-03 1.230237548627043598e+00
-5.135135135135135420e-02 1.738664819894080588e-03 1.161253323361489675e+00
-5.135135135135135420e-02 1.753157005446554428e-03 1.101314647179813200e+00
-5.135135135135135420e-02 1.783382443697668473e-03 1.046177044158426384e+00
-5.135135135135135420e-02 1.796080117469736658e-03 9.991930301581216645e-01
-5.135135135135135420e-02 1.825324305810687667e-03 9.573548593212184432e-01
-5.135135135135135420e-02 1.836119020739831065e-03 9.232022812390044963e-01
-5.135135135135135420e-02 1.864293926182013185e-03 8.921085439205059808e-01
-5.135135135135135420e-02 1.892130548178857022e-03 8.684024413370623474e-01
-5.135135135135135420e-02 1.900095934969141254e-03 8.497210923969694685e-01
-5.135135135135135420e-02 1.926737149050047893e-03 8.339460369221356473e-01
-5.135135135135135420e-02 1.952984953947016706e-03 8.235023220667354593e-01
-5.135135135135135420e-02 1.978822788572324933e-03 8.180110707312809870e-01
-5.135135135135135420e-02 2.004234120972302625e-03 8.168449495075778000e-01
-5.135135135135135420e-02 2.029202448901975837e-03 8.195976697389062426e-01
-5.135135135135135420e-02 2.031315661147631985e-03 8.252068804721840456e-01
-5.135135135135135420e-02 2.054849040842485295e-03 8.336701695035413362e-01
-5.135135135135135420e-02 2.077884993563931543e-03 8.456921483237591630e-01
-5.135135135135135420e-02 2.100407162581985950e-03 8.608464425632806893e-01
-5.135135135135135420e-02 2.122399224571022008e-03 8.792415596074422135e-01
-5.135135135135135420e-02 2.168789094200704488e-03 8.991129302912257426e-01
-5.135135135135135420e-02 2.190196953520156652e-03 9.212995717596927925e-01
-5.135135135135135420e-02 2.211030935677446227e-03 9.459443040982218331e-01
-5.135135135135135420e-02 2.231274835164394343e-03 9.730019686937880774e-01
-5.135135135135135420e-02 2.250912483153478475e-03 1.002802249277691793e+00
-5.135135135135135420e-02 2.269927748343145840e-03 1.035423753869340047e+00
-5.000000000000000278e-02 1.348512548515673048e-03 3.619602279443240533e+00
-5.000000000000000278e-02 1.391662231977877986e-03 3.138908300852991218e+00
-5.000000000000000278e-02 1.435491438014290314e-03 2.725966228672978442e+00
-5.000000000000000278e-02 1.480000166624910896e-03 2.378209336061821499e+00
-5.000000000000000278e-02 1.525188417809739301e-03 2.093148309284018183e+00
-5.000000000000000278e-02 1.571056191568775962e-03 1.868410166524804961e+00
-5.000000000000000278e-02 1.617603487902020227e-03 1.701533404255525905e+00
-5.000000000000000278e-02 1.650779376357263285e-03 1.585143018667223513e+00
-5.000000000000000278e-02 1.669388504343916838e-03 1.484370782485834539e+00
-5.000000000000000278e-02 1.687056657159727606e-03 1.392794634813122157e+00
-5.000000000000000278e-02 1.703751898756154445e-03 1.310315653684186010e+00
-5.000000000000000278e-02 1.735092714351612079e-03 1.233681737098911935e+00
-5.000000000000000278e-02 1.750158638865872019e-03 1.165453879281367122e+00
-5.000000000000000278e-02 1.764161270624910486e-03 1.106140192149735579e+00
-5.000000000000000278e-02 1.793976759625604033e-03 1.050786420772586327e+00
-5.000000000000000278e-02 1.806184678391114292e-03 1.004425081639446216e+00
-5.000000000000000278e-02 1.835012798569087174e-03 9.619748281699986858e-01
-5.000000000000000278e-02 1.863537066596076489e-03 9.279595364181788542e-01
-5.000000000000000278e-02 1.873074302255848351e-03 8.966465637644720488e-01
-5.000000000000000278e-02 1.900487060793032900e-03 8.717445626564588324e-01
-5.000000000000000278e-02 1.927541730878202424e-03 8.532075883820594564e-01
-5.000000000000000278e-02 1.934185508937131311e-03 8.374944441462927047e-01
-5.000000000000000278e-02 1.960005368906863298e-03 8.258953210373065623e-01
-5.000000000000000278e-02 1.985413241956963254e-03 8.191225329257689758e-01
-5.000000000000000278e-02 2.010392934403937640e-03 8.167241916804114377e-01
-5.000000000000000278e-02 2.034928281052234521e-03 8.181687287853270929e-01
-5.000000000000000278e-02 2.059003145765462423e-03 8.230289740786030928e-01
-5.000000000000000278e-02 2.082601422057061939e-03 8.312153614313095851e-01
-5.000000000000000278e-02 2.105707033701275776e-03 8.422561366119332149e-01
-5.000000000000000278e-02 2.128303935365440710e-03 8.561786885973835526e-01
-5.000000000000000278e-02 2.150376113264546897e-03 8.726741986805599538e-01
-5.000000000000000278e-02 2.171907585839203368e-03 8.917812757307145288e-01
-5.000000000000000278e-02 2.192882404458099121e-03 9.134768189983545339e-01
-5.000000000000000278e-02 2.213284654146200139e-03 9.376789499631715818e-01
-5.000000000000000278e-02 2.233098454339955182e-03 9.646740544423930697e-01
-5.000000000000000278e-02 2.252307959670876020e-03 9.944952430393867449e-01
