-1.000000000000000000e+00 -inf 2.915289957439751056e+00
-1.000000000000000000e+00 -inf 1.013495279568007224e+00
-1.000000000000000000e+00 -inf 3.572939881184246658e-01
-1.000000000000000000e+00 -inf 3.177138611115327693e-01
-1.000000000000000000e+00 -inf 4.543631619399506327e-01
-1.000000000000000000e+00 -inf 5.492946072444512273e-01
-1.000000000000000000e+00 -inf 6.420518565036110736e-01
-1.000000000000000000e+00 -inf 7.507283588126075768e-01
-1.000000000000000000e+00 -inf 8.709351751025018462e-01
-1.000000000000000000e+00 -inf 1.007620717263015386e+00
-1.000000000000000000e+00 -inf 1.146357326905500296e+00
-1.000000000000000000e+00 -inf 1.304015542636703717e+00
-1.000000000000000000e+00 -inf 1.451186483503068336e+00
-1.000000000000000000e+00 -inf 1.607874643577516194e+00
-1.000000000000000000e+00 -inf 1.769424101220582912e+00
-1.000000000000000000e+00 -inf 1.933732432304319682e+00
-1.000000000000000000e+00 -inf 2.100925586221721986e+00
-1.000000000000000000e+00 -inf 2.285010031246438977e+00
-1.000000000000000000e+00 -inf 2.540408024512898599e+00
-1.000000000000000000e+00 -inf 2.857301119456573169e+00
-1.000000000000000000e+00 -inf 3.227048271064345997e+00
-1.000000000000000000e+00 -inf 3.641976810783550178e+00
-9.500000000000000666e-01 1.070282414981447571e-04 2.511533608133889039e+00
-9.500000000000000666e-01 9.716237494399008350e-05 8.309984074245364560e-01
-9.500000000000000666e-01 9.479637326221820404e-05 3.668004961448704249e-01
-9.500000000000000666e-01 9.603815905455676124e-05 3.400059480159701719e-01
-9.500000000000000666e-01 9.892279242805026055e-05 4.454897622977505023e-01
-9.500000000000000666e-01 1.006647203804383363e-04 4.925493904262868705e-01
-9.500000000000000666e-01 1.049041608478005436e-04 5.708719261072281448e-01
-9.500000000000000666e-01 1.044733359344239830e-04 6.577145794385544919e-01
-9.500000000000000666e-01 1.069517425770571630e-04 7.651520103126012717e-01
-9.500000000000000666e-01 1.130737422284832576e-04 8.813198727335633809e-01
-9.500000000000000666e-01 1.141730448935730368e-04 1.006992912834614229e+00
-9.500000000000000666e-01 1.194180518848533752e-04 1.149226380453800989e+00
-9.500000000000000666e-01 1.190335231754279714e-04 1.294994662902047011e+00
-9.500000000000000666e-01 1.232900266803577864e-04 1.441164936219776038e+00
-9.500000000000000666e-01 1.271757001789994301e-04 1.595016945682578458e+00
-9.500000000000000666e-01 1.306695053208124888e-04 1.752893897652911370e+00
-9.500000000000000666e-01 1.337527020856601741e-04 1.913471154159468224e+00
-9.500000000000000666e-01 1.364088550175214369e-04 2.077418316465888370e+00
-9.500000000000000666e-01 1.457881406915108714e-04 2.254630719086766710e+00
-9.500000000000000666e-01 1.554792486363765496e-04 2.500352347456059832e+00
-9.500000000000000666e-01 1.654821788521185796e-04 2.805442122538593708e+00
-9.500000000000000666e-01 1.757969313387368533e-04 3.161763335248135576e+00
-9.500000000000000666e-01 1.864235060962314517e-04 3.562073997410267978e+00
-9.047619047619048782e-01 7.009104315771114602e-05 2.185787820615153532e+00
-9.047619047619048782e-01 6.585568550179149233e-05 7.138938677207877781e-01
-9.047619047619048782e-01 6.479315423279685042e-05 4.180784989938647334e-01
-9.047619047619048782e-01 6.605393934395338269e-05 3.948446831862071904e-01
-9.047619047619048782e-01 6.838648665501063397e-05 4.373689704831453806e-01
-9.047619047619048782e-01 6.997604593425002430e-05 4.617343675394913749e-01
-9.047619047619048782e-01 7.079230986995023792e-05 5.111920109736887152e-01
-9.047619047619048782e-01 7.337485544799716714e-05 5.809904037544643129e-01
-9.047619047619048782e-01 7.545924383176006410e-05 6.695943060994440366e-01
-9.047619047619048782e-01 7.702096580737414393e-05 7.723125545438752626e-01
-9.047619047619048782e-01 7.804122211311268593e-05 8.929142727151918590e-01
-9.047619047619048782e-01 8.177538035596526578e-05 1.015023215618338526e+00
-9.047619047619048782e-01 8.182461939904590983e-05 1.157997416056987916e+00
-9.047619047619048782e-01 8.492113488847687563e-05 1.292189117138988319e+00
-9.047619047619048782e-01 8.777998212193884335e-05 1.437428698942253558e+00
-9.047619047619048782e-01 9.038605029290734238e-05 1.588560364056152530e+00
-9.047619047619048782e-01 9.272566388424047310e-05 1.742856882857227507e+00
-9.047619047619048782e-01 9.478658981332094247e-05 1.899672864291779728e+00
-9.047619047619048782e-01 9.655804490927354469e-05 2.060273810199590550e+00
-9.047619047619048782e-01 1.029766358297862401e-04 2.233147271405506729e+00
-9.047619047619048782e-01 1.096017521143798057e-04 2.471751104716872760e+00
-9.047619047619048782e-01 1.164333937630542145e-04 2.767515135082202260e+00
-9.047619047619048782e-01 1.234715607758094663e-04 3.112780946790438374e+00
-9.047619047619048782e-01 1.307162531526455884e-04 3.500700693444430023e+00
-8.636363636363636465e-01 6.108199514232273328e-05 1.911405018789062105e+00
-8.636363636363636465e-01 5.795719294521296252e-05 7.344011497170410685e-01
-8.636363636363636465e-01 5.897021786085528469e-05 5.007988253452863026e-01
-8.636363636363636465e-01 5.890754704087081687e-05 4.796769708677148802e-01
-8.636363636363636465e-01 6.126956599338319613e-05 4.525899046464047504e-01
-8.636363636363636465e-01 6.300623754993913729e-05 4.547277604522299010e-01
-8.636363636363636465e-01 6.408549652932132824e-05 4.786127729929172681e-01
-8.636363636363636465e-01 6.448557516970016056e-05 5.354179142145444326e-01
-8.636363636363636465e-01 6.650600837912889628e-05 6.025375140630436777e-01
-8.636363636363636465e-01 6.808650749136658273e-05 6.914745016893238949e-01
-8.636363636363636465e-01 7.185277821722802058e-05 7.929663402691119467e-01
-8.636363636363636465e-01 7.264059280669497691e-05 9.018175889460823269e-01
-8.636363636363636465e-01 7.590818894930401693e-05 1.032234554377426727e+00
-8.636363636363636465e-01 7.583756881804989850e-05 1.159956121146169750e+00
-8.636363636363636465e-01 7.853933513621485574e-05 1.295760247368912488e+00
-8.636363636363636465e-01 8.102988941839506655e-05 1.439847590381460929e+00
-8.636363636363636465e-01 8.329649640609297222e-05 1.588137054465964759e+00
-8.636363636363636465e-01 8.532759323705838613e-05 1.738711557686562159e+00
-8.636363636363636465e-01 8.711279783377050073e-05 1.891637234663823719e+00
-8.636363636363636465e-01 8.864291769725772649e-05 2.048579406346496157e+00
-8.636363636363636465e-01 9.434585829944157559e-05 2.219251819165182660e+00
-8.636363636363636465e-01 1.002265771976738109e-04 2.452876655979605580e+00
-8.636363636363636465e-01 1.062850743919544459e-04 2.741405479574229975e+00
-8.636363636363636465e-01 1.125213498822834806e-04 3.077627737313318068e+00
-8.636363636363636465e-01 1.189354036686608880e-04 3.455099336141609356e+00
-8.260869565217391353e-01 5.736094103799224708e-05 1.692282685865164726e+00
-8.260869565217391353e-01 5.607190661227947086e-05 8.216323423378959490e-01
-8.260869565217391353e-01 5.737838716423706317e-05 6.060068296829295154e-01
-8.260869565217391353e-01 5.768272694636475200e-05 5.462818145784065216e-01
-8.260869565217391353e-01 6.024690695784537243e-05 4.894471102893852010e-01
-8.260869565217391353e-01 6.044756089717025482e-05 4.661778393026010381e-01
-8.260869565217391353e-01 6.360862019934120223e-05 4.711310920249468515e-01
-8.260869565217391353e-01 6.434465386754859907e-05 4.967871525894692053e-01
-8.260869565217391353e-01 6.661229048994333015e-05 5.499612234213777651e-01
-8.260869565217391353e-01 6.847011493716524059e-05 6.213317359124965744e-01
-8.260869565217391353e-01 6.989704068609250075e-05 7.063504618208181762e-01
-8.260869565217391353e-01 7.087613989230516823e-05 8.081914576478889112e-01
-8.260869565217391353e-01 7.418099059338094815e-05 9.217045841690246766e-01
-8.260869565217391353e-01 7.435705162539728232e-05 1.043536358618898152e+00
-8.260869565217391353e-01 7.713972510767573402e-05 1.169167577890631637e+00
-8.260869565217391353e-01 7.972882093618125009e-05 1.305929114742990338e+00
-8.260869565217391353e-01 8.211146873305611316e-05 1.448434975032867555e+00
-8.260869565217391353e-01 8.427584616687964917e-05 1.593539891436685396e+00
-8.260869565217391353e-01 8.621118818914835183e-05 1.740149790007010200e+00
-8.260869565217391353e-01 8.790779671861485259e-05 1.888830317438180195e+00
-8.260869565217391353e-01 8.935705081002975924e-05 2.041773514561340708e+00
-8.260869565217391353e-01 9.492680985256264788e-05 2.212000943871241798e+00
-8.260869565217391353e-01 1.006649466545356687e-04 2.442412156287713465e+00
-8.260869565217391353e-01 1.065714612159488351e-04 2.725456681718135599e+00
-8.260869565217391353e-01 1.126463535368021202e-04 3.054359661927568581e+00
-8.260869565217391353e-01 1.188896236170955374e-04 3.423015947670583259e+00
-7.916666666666667407e-01 5.643211477741112459e-05 1.529110721014556029e+00
-7.916666666666667407e-01 5.796298289480039244e-05 9.436339802368631791e-01
-7.916666666666667407e-01 5.833038422509566096e-05 7.423301879254076141e-01
-7.916666666666667407e-01 5.898062714143187922e-05 6.346775526211305696e-01
-7.916666666666667407e-01 6.183733352892737452e-05 5.463627393819086020e-01
-7.916666666666667407e-01 6.238676997434781219e-05 4.947381164745440207e-01
-7.916666666666667407e-01 6.396047556089231928e-05 4.760428791545961436e-01
-7.916666666666667407e-01 6.692600677127752461e-05 4.866954175809637961e-01
-7.916666666666667407e-01 6.735922093799583425e-05 5.171841620870182288e-01
-7.916666666666667407e-01 6.940899304039967676e-05 5.693897652359964923e-01
-7.916666666666667407e-01 7.104064201397964219e-05 6.413001989208511056e-01
-7.916666666666667407e-01 7.223530262814819691e-05 7.328330977520165490e-01
-7.916666666666667407e-01 7.571301585138988756e-05 8.278582184623035634e-01
-7.916666666666667407e-01 7.612335628624578899e-05 9.420574176547028555e-01
-7.916666666666667407e-01 7.909801858206381932e-05 1.056857744788610054e+00
-7.916666666666667407e-01 8.188761928067586344e-05 1.186031364104083607e+00
-7.916666666666667407e-01 8.447869579279490798e-05 1.322936199162704884e+00
-7.916666666666667407e-01 8.685876556669916036e-05 1.463242193571263172e+00
-7.916666666666667407e-01 8.901633609708834143e-05 1.604734028458880246e+00
-7.916666666666667407e-01 9.094091541964513634e-05 1.746913957128866768e+00
-7.916666666666667407e-01 9.262302313050229871e-05 1.890961392204352887e+00
-7.916666666666667407e-01 9.405420197418446556e-05 2.039503356167527315e+00
-7.916666666666667407e-01 9.973959136593280050e-05 2.210691835081746603e+00
-7.916666666666667407e-01 1.055918107166667992e-04 2.439343865703133662e+00
-7.916666666666667407e-01 1.116108600263864616e-04 2.718373546410759012e+00
-7.916666666666667407e-01 1.177967392950918148e-04 3.041387018569723377e+00
-7.916666666666667407e-01 1.241494485227827640e-04 3.402758415058323216e+00
-7.599999999999998979e-01 5.580331726836145205e-05 1.684152951532325027e+00
-7.599999999999998979e-01 5.992778112555659546e-05 1.101942689661273400e+00
-7.599999999999998979e-01 6.065169305524431711e-05 8.962620038534392375e-01
-7.599999999999998979e-01 6.314424870296234886e-05 7.368791573638489023e-01
-7.599999999999998979e-01 6.486552386176429406e-05 6.218749214070178333e-01
-7.599999999999998979e-01 6.577221987547948376e-05 5.427968671844376480e-01
-7.599999999999998979e-01 6.770971307992662059e-05 4.995608831231092561e-01
-7.599999999999998979e-01 6.902639769534613676e-05 4.872331607273947540e-01
-7.599999999999998979e-01 7.185507924826904831e-05 5.018352784840760528e-01
-7.599999999999998979e-01 7.198135126677462014e-05 5.409912695737425503e-01
-7.599999999999998979e-01 7.385137100540694645e-05 5.962089839917065204e-01
-7.599999999999998979e-01 7.789249555851316244e-05 6.679444802356571120e-01
-7.599999999999998979e-01 7.901541187254605312e-05 7.496883672141443355e-01
-7.599999999999998979e-01 7.966633363724918168e-05 8.547000950792070784e-01
-7.599999999999998979e-01 8.290107816122777278e-05 9.580851957519855855e-01
-7.599999999999998979e-01 8.595516055476659764e-05 1.079429304054467353e+00
-7.599999999999998979e-01 8.881428203663403113e-05 1.210882610464527831e+00
-7.599999999999998979e-01 8.785440270454417968e-05 1.341955811102208518e+00
-7.599999999999998979e-01 9.010350461865698768e-05 1.477812758495830714e+00
-7.599999999999998979e-01 9.212152227476023134e-05 1.620625169031873369e+00
-7.599999999999998979e-01 9.804826276755391166e-05 1.758905856556833180e+00
-7.599999999999998979e-01 9.975133479641148807e-05 1.897863455559026136e+00
-7.599999999999998979e-01 1.011937574262608764e-04 2.041524282878393493e+00
-7.599999999999998979e-01 1.071312999534876679e-04 2.214804894538703550e+00
-7.599999999999998979e-01 1.132381047583098037e-04 2.442884207770971372e+00
-7.599999999999998979e-01 1.195141718407273247e-04 2.719096895699919969e+00
-7.599999999999998979e-01 1.259595012007401764e-04 3.037563485768613347e+00
-7.599999999999998979e-01 1.325740928383483861e-04 3.392768638449100926e+00
-7.307692307692307265e-01 5.601594028734664682e-05 2.093288645598593067e+00
-7.307692307692307265e-01 6.400063719067900165e-05 1.287239209838056286e+00
-7.307692307692307265e-01 6.521072369815563634e-05 1.049680297008561025e+00
-7.307692307692307265e-01 6.670706643822137626e-05 8.579638851240252162e-01
-7.307692307692307265e-01 6.881431091872858416e-05 7.146276390724038974e-01
-7.307692307692307265e-01 7.009857139175853927e-05 6.088131787777170123e-01
-7.307692307692307265e-01 7.243558776322306825e-05 5.435303718447428434e-01
-7.307692307692307265e-01 7.414497891804680270e-05 5.072852489541187504e-01
-7.307692307692307265e-01 7.519553503744894377e-05 4.993831077784394168e-01
-7.307692307692307265e-01 7.790643802556400388e-05 5.172550464982093033e-01
-7.307692307692307265e-01 8.019878779538417790e-05 5.578188066505255227e-01
-7.307692307692307265e-01 8.204827186520248072e-05 6.141221213532743750e-01
-7.307692307692307265e-01 8.343423314903111547e-05 6.862550010249486299e-01
-7.307692307692307265e-01 8.433975593871697121e-05 7.806947296635328160e-01
-7.307692307692307265e-01 8.788352051667073920e-05 8.721484170094995214e-01
-7.307692307692307265e-01 9.124908983830909415e-05 9.854425531002680705e-01
-7.307692307692307265e-01 9.091195494436266446e-05 1.105267001854052911e+00
-7.307692307692307265e-01 9.368661086834468839e-05 1.225013521186379295e+00
-7.307692307692307265e-01 9.624005736240830763e-05 1.353242430593220025e+00
-7.307692307692307265e-01 9.856028332777899497e-05 1.487666213169288376e+00
-7.307692307692307265e-01 1.006362331018291158e-04 1.627776752775610403e+00
-7.307692307692307265e-01 1.024578200426383933e-04 1.774605995216435250e+00
-7.307692307692307265e-01 1.086511914279164468e-04 1.909420692357874483e+00
-7.307692307692307265e-01 1.101190749561506551e-04 2.047684251102826369e+00
-7.307692307692307265e-01 1.163961918803059167e-04 2.223939187192100153e+00
-7.307692307692307265e-01 1.228472916221985147e-04 2.452389339426932491e+00
-7.307692307692307265e-01 1.294723741818284491e-04 2.726916624712841575e+00
-7.307692307692307265e-01 1.362714395591957200e-04 3.041764755552086363e+00
-7.307692307692307265e-01 1.432444877543003544e-04 3.391989334665809430e+00
-7.037037037037037202e-01 5.673312728377099374e-05 2.651954270194856189e+00
-7.037037037037037202e-01 6.611200582127296798e-05 1.511339903194528045e+00
-7.037037037037037202e-01 6.899532243773482299e-05 1.220547012487826155e+00
-7.037037037037037202e-01 7.089011274647546610e-05 9.966417603355748334e-01
-7.037037037037037202e-01 7.341318333518569313e-05 8.233618187860450854e-01
-7.037037037037037202e-01 7.510056386091642307e-05 6.913886004282162601e-01
-7.037037037037037202e-01 7.590856809918051021e-05 6.011190363084546462e-01
-7.037037037037037202e-01 7.789563522248463766e-05 5.428458974783784141e-01
-7.037037037037037202e-01 8.146806818154302588e-05 5.164144624707636133e-01
-7.037037037037037202e-01 8.222661781736137932e-05 5.125284509897602980e-01
-7.037037037037037202e-01 8.481754807052887288e-05 5.338875295389156062e-01
-7.037037037037037202e-01 8.695927746338468455e-05 5.761376611435227169e-01
-7.037037037037037202e-01 8.862867297658872778e-05 6.366800788225271956e-01
-7.037037037037037202e-01 9.287546251920003073e-05 7.189828820609077686e-01
-7.037037037037037202e-01 9.369768400635761110e-05 7.983868631029741314e-01
-7.037037037037037202e-01 9.741255499053301764e-05 9.034318985408531510e-01
-7.037037037037037202e-01 9.731846409424846996e-05 1.008972881899710572e+00
-7.037037037037037202e-01 1.004331306614567845e-04 1.121613545214298568e+00
-7.037037037037037202e-01 1.033244654459598253e-04 1.243374317870421297e+00
-7.037037037037037202e-01 1.059793143504602633e-04 1.371002802494933004e+00
-7.037037037037037202e-01 1.083854607901652066e-04 1.503067032278372572e+00
-7.037037037037037202e-01 1.105316398791247596e-04 1.639706579250365337e+00
-7.037037037037037202e-01 1.124075533796489718e-04 1.782453970322679826e+00
-7.037037037037037202e-01 1.190030652525975408e-04 1.925563995632066261e+00
-7.037037037037037202e-01 1.205024482343949058e-04 2.057865505287762797e+00
-7.037037037037037202e-01 1.271811316186565669e-04 2.237767130263203619e+00
-7.037037037037037202e-01 1.340399356335796141e-04 2.467490637552792521e+00
-7.037037037037037202e-01 1.410788602791641423e-04 2.741051950987593244e+00
-7.037037037037037202e-01 1.482979055554100158e-04 3.053299858786532539e+00
-7.037037037037037202e-01 1.556970714623173973e-04 3.399317903778862338e+00
-6.785714285714286031e-01 5.776493780093793710e-05 3.389897379467936567e+00
-6.785714285714286031e-01 6.731439085067896985e-05 1.876856007197089671e+00
-6.785714285714286031e-01 7.466331360819674365e-05 1.407022324213290432e+00
-6.785714285714286031e-01 7.553298321108776298e-05 1.151516542050631031e+00
-6.785714285714286031e-01 7.850141378041359164e-05 9.469074184459758126e-01
-6.785714285714286031e-01 8.061964813983089017e-05 7.892493554527626465e-01
-6.785714285714286031e-01 8.183667846614779955e-05 6.699746771626093889e-01
-6.785714285714286031e-01 8.427341328185101359e-05 5.893208903491045092e-01
-6.785714285714286031e-01 8.602393989333503583e-05 5.407710800122538242e-01
-6.785714285714286031e-01 8.953813909113946695e-05 5.260210755423770923e-01
-6.785714285714286031e-01 8.996837429276360214e-05 5.270214391337193494e-01
-6.785714285714286031e-01 9.242420426252075138e-05 5.529424660185888740e-01
-6.785714285714286031e-01 9.439744535703542745e-05 6.001429006189253901e-01
-6.785714285714286031e-01 9.902975270249099687e-05 6.664230219896185581e-01
-6.785714285714286031e-01 1.001373168135114266e-04 7.361781415919119720e-01
-6.785714285714286031e-01 1.042335140712128067e-04 8.327961612984465800e-01
-6.785714285714286031e-01 1.043978121070994605e-04 9.247779109585678725e-01
-6.785714285714286031e-01 1.078831493701459826e-04 1.030992719444971950e+00
-6.785714285714286031e-01 1.111426833186017623e-04 1.147322216599361511e+00
-6.785714285714286031e-01 1.141620702998744920e-04 1.269583931860578385e+00
-6.785714285714286031e-01 1.169278901422069741e-04 1.395454413198073951e+00
-6.785714285714286031e-01 1.194276608342588898e-04 1.524211601936640070e+00
-6.785714285714286031e-01 1.216498539876266678e-04 1.656560182921340996e+00
-6.785714285714286031e-01 1.235839111489623764e-04 1.794514240640045166e+00
-6.785714285714286031e-01 1.252202610360708213e-04 1.941247122698932515e+00
-6.785714285714286031e-01 1.321604227423938066e-04 2.071971646609078732e+00
-6.785714285714286031e-01 1.392877570142527801e-04 2.256179787250729873e+00
-6.785714285714286031e-01 1.466022638516478228e-04 2.487672533168087785e+00
-6.785714285714286031e-01 1.541039432545788807e-04 2.761103291225503131e+00
-6.785714285714286031e-01 1.617927952230459809e-04 3.071364652583879362e+00
-6.785714285714286031e-01 1.696688197570491504e-04 3.413981876502459656e+00
-6.551724137931035363e-01 6.874845531298299497e-05 2.392097550504213466e+00
-6.551724137931035363e-01 7.924704386319742552e-05 1.605597774634108799e+00
-6.551724137931035363e-01 8.215919616440199363e-05 1.319893663563580288e+00
-6.551724137931035363e-01 8.397350824166265385e-05 1.084176347171610599e+00
-6.551724137931035363e-01 8.462873297493608024e-05 9.012115515537992838e-01
-6.551724137931035363e-01 8.820501212165633980e-05 7.556113163199913441e-01
-6.551724137931035363e-01 8.889091813775055811e-05 6.553537821798416374e-01
-6.551724137931035363e-01 9.334116753886646030e-05 5.860611382139645498e-01
-6.551724137931035363e-01 9.481716727204427594e-05 5.423718081740723784e-01
-6.551724137931035363e-01 9.825398653129533094e-05 5.356236334392514564e-01
-6.551724137931035363e-01 9.831253794495365469e-05 5.435638291159923252e-01
-6.551724137931035363e-01 1.006095356087962592e-04 5.758758472527685246e-01
-6.551724137931035363e-01 1.056553418664863905e-04 6.254552795041263824e-01
-6.551724137931035363e-01 1.070672978184852153e-04 6.849354268921989952e-01
-6.551724137931035363e-01 1.079180615466496457e-04 7.701106192053557287e-01
-6.551724137931035363e-01 1.120134791410084309e-04 8.520467623876082364e-01
-6.551724137931035363e-01 1.158971744867615789e-04 9.524437855643113071e-01
-6.551724137931035363e-01 1.195526866393853340e-04 1.064270130165178019e+00
-6.551724137931035363e-01 1.229644517349770452e-04 1.182447111050581423e+00
-6.551724137931035363e-01 1.214301349389645783e-04 1.303400929431136834e+00
-6.551724137931035363e-01 1.289990574356364634e-04 1.426748182530829467e+00
-6.551724137931035363e-01 1.315953884522948832e-04 1.551223905826864424e+00
-6.551724137931035363e-01 1.338949858285596434e-04 1.678456421532778853e+00
-6.551724137931035363e-01 1.358870017613468279e-04 1.810868441239068538e+00
-6.551724137931035363e-01 1.375615838747931523e-04 1.951964273788501014e+00
-6.551724137931035363e-01 1.449801996063204159e-04 2.090082918983896754e+00
-6.551724137931035363e-01 1.525936373128291049e-04 2.278858956930640112e+00
-6.551724137931035363e-01 1.604018969943191110e-04 2.512761581470746464e+00
-6.551724137931035363e-01 1.684049786507905153e-04 2.786502576839972711e+00
-6.551724137931035363e-01 1.766028822822432638e-04 3.095433154938768361e+00
-6.551724137931035363e-01 1.849956078886773835e-04 3.435350395321111527e+00
-6.333333333333333037e-01 7.032697545610933684e-05 3.039927576813360233e+00
-6.333333333333333037e-01 8.106662009151814445e-05 1.889314705733283972e+00
-6.333333333333333037e-01 8.748197908561359377e-05 1.498021997176335773e+00
-6.333333333333333037e-01 8.975453783048386539e-05 1.234156089351851282e+00
-6.333333333333333037e-01 9.083765462109426780e-05 1.021770031171306714e+00
-6.333333333333333037e-01 9.280055486117952369e-05 8.559955588360375067e-01
-6.333333333333333037e-01 9.606183186529802743e-05 7.250037841984660059e-01
-6.333333333333333037e-01 9.860715459845827526e-05 6.341013117043803327e-01
-6.333333333333333037e-01 1.003943288977080742e-04 5.767230008675976460e-01
-6.333333333333333037e-01 1.042011933313011370e-04 5.462293453651203556e-01
-6.333333333333333037e-01 1.075343981491550611e-04 5.452013580120852465e-01
-6.333333333333333037e-01 1.103621745391262328e-04 5.630250476305056484e-01
-6.333333333333333037e-01 1.126562296778001757e-04 5.954557561665788645e-01
-6.333333333333333037e-01 1.143918499983432457e-04 6.441050807211345930e-01
-6.333333333333333037e-01 1.155480137657839218e-04 7.160261453403405918e-01
-6.333333333333333037e-01 1.200677851857953165e-04 7.901857166365633400e-01
-6.333333333333333037e-01 1.243750589081933742e-04 8.853100111705410891e-01
-6.333333333333333037e-01 1.240370219942128391e-04 9.860037170537707674e-01
-6.333333333333333037e-01 1.276377432329244487e-04 1.089418438244321496e+00
-6.333333333333333037e-01 1.309749306501721436e-04 1.201876313010891151e+00
-6.333333333333333037e-01 1.340341042902137240e-04 1.321255267768181252e+00
-6.333333333333333037e-01 1.368017274869139511e-04 1.446918889579535517e+00
-6.333333333333333037e-01 1.392652246065336646e-04 1.579601349713369407e+00
-6.333333333333333037e-01 1.472037593124604215e-04 1.705458578874595510e+00
-6.333333333333333037e-01 1.492506219051292510e-04 1.831561625137696492e+00
-6.333333333333333037e-01 1.509590073023447531e-04 1.966488049042946162e+00
-6.333333333333333037e-01 1.588864139513468160e-04 2.112019811178190931e+00
-6.333333333333333037e-01 1.670166767974276458e-04 2.305800595645753237e+00
-6.333333333333333037e-01 1.753497958405873781e-04 2.542371282234952012e+00
-6.333333333333333037e-01 1.838857710808259585e-04 2.816917944188125134e+00
-6.333333333333333037e-01 1.926246025181433601e-04 3.125080119016413693e+00
-6.333333333333333037e-01 2.015662901525395827e-04 3.462790179672796675e+00
-6.129032258064516236e-01 8.298481423882927803e-05 2.303564662526200735e+00
-6.129032258064516236e-01 9.303261999231094901e-05 1.689191375668867678e+00
-6.129032258064516236e-01 9.578788198681314266e-05 1.395903932995112395e+00
-6.129032258064516236e-01 9.732479503974312467e-05 1.154878193004361897e+00
-6.129032258064516236e-01 9.977273544685646999e-05 9.615680467714419200e-01
-6.129032258064516236e-01 1.035703622420640352e-04 8.130333912525209428e-01
-6.129032258064516236e-01 1.040897034080425458e-04 7.021739023233330990e-01
-6.129032258064516236e-01 1.089264430978155939e-04 6.231468510550022266e-01
-6.129032258064516236e-01 1.103972482200004962e-04 5.714510867704047925e-01
-6.129032258064516236e-01 1.141105916934921118e-04 5.515271199009516012e-01
-6.129032258064516236e-01 1.173086444488409265e-04 5.551148985940403957e-01
-6.129032258064516236e-01 1.199604890271546915e-04 5.758370899423865819e-01
-6.129032258064516236e-01 1.220387432911212923e-04 6.131644593705586344e-01
-6.129032258064516236e-01 1.235196746798727279e-04 6.719886952630931276e-01
-6.129032258064516236e-01 1.284862642275997095e-04 7.386390928771369158e-01
-6.129032258064516236e-01 1.288994783142364989e-04 8.265611971945487912e-01
-6.129032258064516236e-01 1.331819120293273155e-04 9.109823023903432793e-01
-6.129032258064516236e-01 1.372130583080572645e-04 1.008988541778422787e+00
-6.129032258064516236e-01 1.409762487078170499e-04 1.115983027030893471e+00
-6.129032258064516236e-01 1.444557305173163012e-04 1.229060114894326095e+00
-6.129032258064516236e-01 1.476366837748891749e-04 1.346828952576017535e+00
-6.129032258064516236e-01 1.505052392151901876e-04 1.469288959523089577e+00
-6.129032258064516236e-01 1.530484972235535385e-04 1.597670338941612034e+00
-6.129032258064516236e-01 1.552545478864219826e-04 1.734329686751788113e+00
-6.129032258064516236e-01 1.636273348150000628e-04 1.856774377441150925e+00
-6.129032258064516236e-01 1.653630407654457833e-04 1.984726983329314409e+00
-6.129032258064516236e-01 1.738247144417233870e-04 2.137898427330288786e+00
-6.129032258064516236e-01 1.824975132655378167e-04 2.336752215329235050e+00
-6.129032258064516236e-01 1.913814372368890452e-04 2.576317993471659129e+00
-6.129032258064516236e-01 2.004764863557770998e-04 2.852085655968402023e+00
-6.129032258064516236e-01 2.097826606222019262e-04 3.159846750215327127e+00
-6.129032258064516236e-01 2.192999600361635515e-04 3.495847992759980372e+00
-5.937500000000000000e-01 8.495424224990698336e-05 2.833772008933252984e+00
-5.937500000000000000e-01 9.700831353162233978e-05 1.908429291635130420e+00
-5.937500000000000000e-01 1.020286706696027051e-04 1.568541722757811119e+00
-5.937500000000000000e-01 1.040449885265750448e-04 1.299575219059625031e+00
-5.937500000000000000e-01 1.070056154145928987e-04 1.080980984850644422e+00
-5.937500000000000000e-01 1.089208055194211110e-04 9.075145993418092250e-01
-5.937500000000000000e-01 1.123523955478376727e-04 7.730643733331450385e-01
-5.937500000000000000e-01 1.149899258705879950e-04 6.747081491080043625e-01
-5.937500000000000000e-01 1.167892810198536914e-04 6.102293183231857210e-01
-5.937500000000000000e-01 1.208990562708052311e-04 5.698690599015689973e-01
-5.937500000000000000e-01 1.244843462220161269e-04 5.579413932579075919e-01
-5.937500000000000000e-01 1.275116208673133644e-04 5.660460305176865381e-01
-5.937500000000000000e-01 1.299508408690253840e-04 5.916198903611978865e-01
-5.937500000000000000e-01 1.317755728959812153e-04 6.374998944258117861e-01
-5.937500000000000000e-01 1.372093270586243038e-04 6.968860696472352068e-01
-5.937500000000000000e-01 1.379357969808195285e-04 7.687533927835306091e-01
-5.937500000000000000e-01 1.426735465033602331e-04 8.479170389698922339e-01
-5.937500000000000000e-01 1.471575456721705083e-04 9.416921070946663308e-01
-5.937500000000000000e-01 1.513698642498789856e-04 1.044704622717168130e+00
-5.937500000000000000e-01 1.552934766170098891e-04 1.153292988138004072e+00
-5.937500000000000000e-01 1.589122789032422836e-04 1.265338622124892343e+00
-5.937500000000000000e-01 1.622111070418313136e-04 1.380132307757589771e+00
-5.937500000000000000e-01 1.651757558246812337e-04 1.498218876285529300e+00
-5.937500000000000000e-01 1.677929990443181613e-04 1.621276778699937582e+00
-5.937500000000000000e-01 1.700506108190099957e-04 1.752228099326096800e+00
-5.937500000000000000e-01 1.789805870222421194e-04 1.886385696395143086e+00
-5.937500000000000000e-01 1.807354731075155223e-04 2.006874659296498553e+00
-5.937500000000000000e-01 1.897530768678480217e-04 2.167558869507897779e+00
-5.937500000000000000e-01 1.989901994897389002e-04 2.371638229921273044e+00
-5.937500000000000000e-01 2.084468409731881581e-04 2.614460720508926528e+00
-5.937500000000000000e-01 2.181230013181957952e-04 2.891684021247749481e+00
-5.937500000000000000e-01 2.280186805247618115e-04 3.199420664171822359e+00
-5.937500000000000000e-01 2.381338785928862071e-04 3.534041207452874200e+00
-5.757575757575756903e-01 8.694103044338199354e-05 3.466951170026232099e+00
-5.757575757575756903e-01 9.927700508709035422e-05 2.230925650235938917e+00
-5.757575757575756903e-01 1.084400547860119073e-04 1.751251073251225421e+00
-5.757575757575756903e-01 1.109605745210837644e-04 1.454977994079837522e+00
-5.757575757575756903e-01 1.144603463167977067e-04 1.213083989273207486e+00
-5.757575757575756903e-01 1.168911750784427131e-04 1.014042595894011578e+00
-5.757575757575756903e-01 1.181933431459824657e-04 8.600378827592423114e-01
-5.757575757575756903e-01 1.211928136660271886e-04 7.414018641135465826e-01
-5.757575757575756903e-01 1.264241324182766284e-04 6.584564893069266844e-01
-5.757575757575756903e-01 1.278561141685396433e-04 5.994446861813098604e-01
-5.757575757575756903e-01 1.318443431401844187e-04 5.708760422891624442e-01
-5.757575757575756903e-01 1.352636268872362631e-04 5.655611925118144701e-01
-5.757575757575756903e-01 1.380812907802476128e-04 5.790048030194077100e-01
-5.757575757575756903e-01 1.402682204816959222e-04 6.120901030321190817e-01
-5.757575757575756903e-01 1.461875375224178130e-04 6.644378432212956209e-01
-5.757575757575756903e-01 1.472474495693205812e-04 7.214027398971394334e-01
-5.757575757575756903e-01 1.524605482165871848e-04 7.961262133713288280e-01
-5.757575757575756903e-01 1.574182228974087174e-04 8.867357137557839719e-01
-5.757575757575756903e-01 1.567226930021660772e-04 9.761143671005443334e-01
-5.757575757575756903e-01 1.608483716626162127e-04 1.074278919981010105e+00
-5.757575757575756903e-01 1.646628883331233595e-04 1.180750360927795839e+00
-5.757575757575756903e-01 1.681503128378926838e-04 1.294364413508555689e+00
-5.757575757575756903e-01 1.712956760755761300e-04 1.415226628726021119e+00
-5.757575757575756903e-01 1.807895046439095526e-04 1.533668137704453205e+00
-5.757575757575756903e-01 1.834732927481091979e-04 1.650579632765474258e+00
-5.757575757575756903e-01 1.857742091827601575e-04 1.774839501612465842e+00
-5.757575757575756903e-01 1.876807499847521639e-04 1.910680489035747387e+00
-5.757575757575756903e-01 1.970448809309651166e-04 2.032827763138718158e+00
-5.757575757575756903e-01 2.066369663781108396e-04 2.200998518249832170e+00
-5.757575757575756903e-01 2.164570063261893600e-04 2.410406359950072019e+00
-5.757575757575756903e-01 2.265050007752007050e-04 2.656581901681549951e+00
-5.757575757575756903e-01 2.367809497251448204e-04 2.935509708767741088e+00
-5.757575757575756903e-01 2.472848531760217061e-04 3.243439482602882507e+00
-5.757575757575756903e-01 2.580167111278313893e-04 3.577011645336271251e+00
-5.588235294117647189e-01 1.015374031277653142e-04 2.656036628682033829e+00
-5.588235294117647189e-01 1.149909699752614832e-04 1.943268989722839235e+00
-5.588235294117647189e-01 1.180393413663398172e-04 1.620273091309180513e+00
-5.588235294117647189e-01 1.197085215272363136e-04 1.351317894364429728e+00
-5.588235294117647189e-01 1.224943113169153991e-04 1.130882799849271869e+00
-5.588235294117647189e-01 1.268946581745567480e-04 9.521450800325579333e-01
-5.588235294117647189e-01 1.304711132604851156e-04 8.154140291155950182e-01
-5.588235294117647189e-01 1.331701375502700570e-04 7.106344054789396347e-01
-5.588235294117647189e-01 1.349457185100627567e-04 6.395260496741245193e-01
-5.588235294117647189e-01 1.393513139696524834e-04 5.933299451129234736e-01
-5.588235294117647189e-01 1.431780483042646311e-04 5.738909726903043129e-01
-5.588235294117647189e-01 1.463906431333187219e-04 5.748779992252930349e-01
-5.588235294117647189e-01 1.489573321272248012e-04 5.953163493370464687e-01
-5.588235294117647189e-01 1.508499875206940075e-04 6.391938862400494692e-01
-5.588235294117647189e-01 1.567917790775652206e-04 6.839534986142706829e-01
-5.588235294117647189e-01 1.624986132787083497e-04 7.549779424153109098e-01
-5.588235294117647189e-01 1.626583073441951110e-04 8.269778739873671070e-01
-5.588235294117647189e-01 1.675567376212484707e-04 9.095802510970479871e-01
-5.588235294117647189e-01 1.721570691643088409e-04 1.002909763316656377e+00
-5.588235294117647189e-01 1.764411579410837957e-04 1.103677734294228552e+00
-5.588235294117647189e-01 1.803917886242866028e-04 1.210050568088251621e+00
-5.588235294117647189e-01 1.839926943775158639e-04 1.321485532052149026e+00
-5.588235294117647189e-01 1.872285777661392159e-04 1.438610564219112709e+00
-5.588235294117647189e-01 1.900851328916332923e-04 1.563332308888930822e+00
-5.588235294117647189e-01 2.000671947327233621e-04 1.685417084045616409e+00
-5.588235294117647189e-01 2.024018593004366898e-04 1.802343856894374152e+00
-5.588235294117647189e-01 2.043179001249953485e-04 1.930710121310036387e+00
-5.588235294117647189e-01 2.142640339556274337e-04 2.062626050462624150e+00
-5.588235294117647189e-01 2.244465361949925122e-04 2.238223994150944307e+00
-5.588235294117647189e-01 2.348654068430905027e-04 2.452914128136670868e+00
-5.588235294117647189e-01 2.455206458999215405e-04 2.702559145526065798e+00
-5.588235294117647189e-01 2.564122533654854632e-04 2.983293326733153616e+00
-5.588235294117647189e-01 2.675402292397824062e-04 3.291648379590278672e+00
-5.588235294117647189e-01 2.789045735228123696e-04 3.624464286472333985e+00
-5.428571428571428159e-01 1.037688597246441094e-04 3.173083988041847547e+00
-5.428571428571428159e-01 1.175180915149950808e-04 2.182633450347837734e+00
-5.428571428571428159e-01 1.252532405770200312e-04 1.794709830930067973e+00
-5.428571428571428159e-01 1.274447517597405261e-04 1.498097721581473030e+00
-5.428571428571428159e-01 1.307907618129915009e-04 1.253633990363628214e+00
-5.428571428571428159e-01 1.329579850665303068e-04 1.055766745710954302e+00
-5.428571428571428159e-01 1.369279368347642637e-04 8.961134648268347380e-01
-5.428571428571428159e-01 1.400044562093443867e-04 7.744510901573675721e-01
-5.428571428571428159e-01 1.421375266815347001e-04 6.894353778702480007e-01
-5.428571428571428159e-01 1.469736483517597079e-04 6.247509352104940739e-01
-5.428571428571428159e-01 1.512220993050026263e-04 5.905716183755551629e-01
-5.428571428571428159e-01 1.548450375329211330e-04 5.788220520556002224e-01
-5.428571428571428159e-01 1.578080822152889973e-04 5.867604495591085545e-01
-5.428571428571428159e-01 1.600804397200331704e-04 6.165705765561984020e-01
-5.428571428571428159e-01 1.665314852193533392e-04 6.558870688657068015e-01
-5.428571428571428159e-01 1.675709231644279278e-04 7.143003412872452884e-01
-5.428571428571428159e-01 1.732472958541057709e-04 7.772024313848310273e-01
-5.428571428571428159e-01 1.786429831261514398e-04 8.564735401091622125e-01
-5.428571428571428159e-01 1.837376876026132271e-04 9.465555514073528132e-01
-5.428571428571428159e-01 1.885120086491152514e-04 1.043498968900741897e+00
-5.428571428571428159e-01 1.929474609870673743e-04 1.144824607253823512e+00
-5.428571428571428159e-01 1.970264943204639500e-04 1.249364996312767317e+00
-5.428571428571428159e-01 2.007325140622185625e-04 1.357128983607872819e+00
-5.428571428571428159e-01 2.040499032544904469e-04 1.469411262788132388e+00
-5.428571428571428159e-01 2.069640457883141320e-04 1.588256784636615571e+00
-5.428571428571428159e-01 2.094613510402536206e-04 1.716972451317032355e+00
-5.428571428571428159e-01 2.199122018572445471e-04 1.834604902274230120e+00
-5.428571428571428159e-01 2.218264616915160189e-04 1.954848311269099526e+00
-5.428571428571428159e-01 2.323683543331530102e-04 2.096308971432640167e+00
-5.428571428571428159e-01 2.431549579829648568e-04 2.279142363476301725e+00
-5.428571428571428159e-01 2.541862726409515314e-04 2.499095265511809494e+00
-5.428571428571428159e-01 2.654622983071130071e-04 2.752191861600611134e+00
-5.428571428571428159e-01 2.769830349814493922e-04 3.034860102526339531e+00
-5.428571428571428159e-01 2.887484826639605782e-04 3.343837416266522311e+00
-5.428571428571428159e-01 3.007586413546465653e-04 3.676070812379538921e+00
-5.277777777777777901e-01 1.199951951799121686e-04 2.513719503460543514e+00
-5.277777777777777901e-01 1.302617775473897065e-04 1.977358624249735186e+00
-5.277777777777777901e-01 1.353153602419934092e-04 1.655397808693956918e+00
-5.277777777777777901e-01 1.365352284535008200e-04 1.389874126630376239e+00
-5.277777777777777901e-01 1.419757311538712749e-04 1.166506267426087540e+00
-5.277777777777777901e-01 1.434364740270092280e-04 9.895621410704937837e-01
-5.277777777777777901e-01 1.469020406451890346e-04 8.490731531693310741e-01
-5.277777777777777901e-01 1.529756352416693709e-04 7.428650247271570972e-01
-5.277777777777777901e-01 1.546841894771299884e-04 6.646209581599591409e-01
-5.277777777777777901e-01 1.593674370804986327e-04 6.151654352680421267e-01
-5.277777777777777901e-01 1.634150114993727226e-04 5.904418213257727199e-01
-5.277777777777777901e-01 1.667899624977854710e-04 5.860272935254745574e-01
-5.277777777777777901e-01 1.694588727000115292e-04 6.023883339639301004e-01
-5.277777777777777901e-01 1.764335394102130121e-04 6.367187740373689842e-01
-5.277777777777777901e-01 1.778426841808466844e-04 6.790337722966841572e-01
-5.277777777777777901e-01 1.840343635429017761e-04 7.388190968134684677e-01
-5.277777777777777901e-01 1.899446475113332846e-04 8.159616129288596031e-01
-5.277777777777777901e-01 1.893877224924902950e-04 8.902954582735148614e-01
-5.277777777777777901e-01 1.943716111242631056e-04 9.760892732489332424e-01
-5.277777777777777901e-01 1.990105907590752378e-04 1.070698839844275385e+00
-5.277777777777777901e-01 2.032863716853597683e-04 1.172559602198109507e+00
-5.277777777777777901e-01 2.071816202037004564e-04 1.281309089840845239e+00
-5.277777777777777901e-01 2.106799812209357678e-04 1.397892872962770650e+00
-5.277777777777777901e-01 2.217435534700395419e-04 1.507349067679598198e+00
-5.277777777777777901e-01 2.247045742478998237e-04 1.619475508103324302e+00
-5.277777777777777901e-01 2.272239860770907522e-04 1.740941118028985324e+00
-5.277777777777777901e-01 2.382851812717840683e-04 1.871626493449723316e+00
-5.277777777777777901e-01 2.401855066786079971e-04 1.983144597599106440e+00
-5.277777777777777901e-01 2.513349847149196612e-04 2.133810720325492571e+00
-5.277777777777777901e-01 2.627374061335476657e-04 2.323721610415050876e+00
-5.277777777777777901e-01 2.743927709344920105e-04 2.548796558285780556e+00
-5.277777777777777901e-01 2.863010791177526414e-04 2.805364615893557900e+00
-5.277777777777777901e-01 2.984623306833296668e-04 3.090065051460717527e+00
-5.277777777777777901e-01 3.108765256312229241e-04 3.399749702613202196e+00
-5.277777777777777901e-01 3.235436639614325217e-04 3.731607177493963423e+00
-5.135135135135135975e-01 1.224095974182123664e-04 2.927635841433614772e+00
-5.135135135135135975e-01 1.376218195977435034e-04 2.164902190361973400e+00
-5.135135135135135975e-01 1.407289285229886791e-04 1.820409741833634687e+00
-5.135135135135135975e-01 1.450552556755958474e-04 1.526844711898814655e+00
-5.135135135135135975e-01 1.481616954682932587e-04 1.284772756877242017e+00
-5.135135135135135975e-01 1.531758311921796695e-04 1.086739918682313455e+00
-5.135135135135135975e-01 1.572683726706503471e-04 9.290735407957304570e-01
-5.135135135135135975e-01 1.603801330902567034e-04 8.035378906128834986e-01
-5.135135135135135975e-01 1.624593687681761493e-04 7.124536613979906008e-01
-5.135135135135135975e-01 1.675893164365240896e-04 6.472591238329825636e-01
-5.135135135135135975e-01 1.720746829329488053e-04 6.093630761533528339e-01
-5.135135135135135975e-01 1.758760002846404156e-04 5.927432779802214169e-01
-5.135135135135135975e-01 1.789572763507265240e-04 5.962310712545431102e-01
-5.135135135135135975e-01 1.812861300424552507e-04 6.232354075494010992e-01
-5.135135135135135975e-01 1.882656773563711481e-04 6.536017793909203455e-01
-5.135135135135135975e-01 1.949876267011621111e-04 7.111664511242186126e-01
-5.135135135135135975e-01 1.953865721864643361e-04 7.669740278147830770e-01
-5.135135135135135975e-01 2.012135215838801170e-04 8.375919159462489327e-01
-5.135135135135135975e-01 2.067121210379669846e-04 9.196132199148320252e-01
-5.135135135135135975e-01 2.118619110347856529e-04 1.009543304585528434e+00
-5.135135135135135975e-01 2.166433513450699057e-04 1.105227543775090915e+00
-5.135135135135135975e-01 2.210378420432729631e-04 1.205717351885953637e+00
-5.135135135135135975e-01 2.250277457292888252e-04 1.311377334138218886e+00
-5.135135135135135975e-01 2.285964110574916657e-04 1.423346083245123239e+00
-5.135135135135135975e-01 2.317281976898670547e-04 1.544051162181093950e+00
-5.135135135135135975e-01 2.432900290831992380e-04 1.656760171960540484e+00
-5.135135135135135975e-01 2.458194381086388708e-04 1.770182011236718367e+00
-5.135135135135135975e-01 2.478688975917260899e-04 1.897296598858484895e+00
-5.135135135135135975e-01 2.593750407716379673e-04 2.015540674998732129e+00
-5.135135135135135975e-01 2.711422188416015111e-04 2.175114302295375612e+00
-5.135135135135135975e-01 2.831704318016168296e-04 2.371836949938536332e+00
-5.135135135135135975e-01 2.954596796516838686e-04 2.601943520939293375e+00
-5.135135135135135975e-01 3.080099623918026281e-04 2.861979437357820011e+00
-5.135135135135135975e-01 3.208212800219731623e-04 3.148705272060711824e+00
-5.135135135135135975e-01 3.338936325421953629e-04 3.459221886061645268e+00
-5.000000000000000000e-01 1.247520578263274947e-04 3.416340210548215239e+00
-5.000000000000000000e-01 1.402553848614138880e-04 2.411728557134458661e+00
-5.000000000000000000e-01 1.487416297934713119e-04 1.989320741510913315e+00
-5.000000000000000000e-01 1.536893084896207148e-04 1.676129137253848711e+00
-5.000000000000000000e-01 1.573994455532656844e-04 1.411893104379011721e+00
-5.000000000000000000e-01 1.597931168339489076e-04 1.191534163662688606e+00
-5.000000000000000000e-01 1.643024295692956755e-04 1.013906441826227800e+00
-5.000000000000000000e-01 1.678161179669957848e-04 8.727817516504106088e-01
-5.000000000000000000e-01 1.702785864006898045e-04 7.677921767412563270e-01
-5.000000000000000000e-01 1.758659848629341368e-04 6.864622342783111009e-01
-5.000000000000000000e-01 1.808011656198790502e-04 6.352312156453648884e-01
-5.000000000000000000e-01 1.850422002778325209e-04 6.065548718569637732e-01
-5.000000000000000000e-01 1.885505768582925270e-04 5.977071691985645918e-01
-5.000000000000000000e-01 1.912913331464021296e-04 6.105007573463954174e-01
-5.000000000000000000e-01 1.988123899857168766e-04 6.374696102516723695e-01
-5.000000000000000000e-01 2.001848353335581904e-04 6.785137607302831331e-01
-5.000000000000000000e-01 2.068524202492035642e-04 7.301119130460134166e-01
-5.000000000000000000e-01 2.132125402752051667e-04 7.986523146970677667e-01
-5.000000000000000000e-01 2.192426432398372890e-04 8.785361715548873907e-01
-5.000000000000000000e-01 2.178111400243020683e-04 9.591987219697892808e-01
-5.000000000000000000e-01 2.227927192958579876e-04 1.049027217691836045e+00
-5.000000000000000000e-01 2.273806797605075209e-04 1.147340440159444919e+00
-5.000000000000000000e-01 2.396431867802872233e-04 1.249608690458896554e+00
-5.000000000000000000e-01 2.437165570702345550e-04 1.350570408580591852e+00
-5.000000000000000000e-01 2.473438779017926234e-04 1.456842772182831869e+00
-5.000000000000000000e-01 2.505092343159924951e-04 1.570922752628300278e+00
-5.000000000000000000e-01 2.531977579774634911e-04 1.696331787338714037e+00
-5.000000000000000000e-01 2.652305134988202132e-04 1.804672060791323585e+00
-5.000000000000000000e-01 2.672511939475463163e-04 1.923026340398027223e+00
-5.000000000000000000e-01 2.793756928169650400e-04 2.052017696761208487e+00
-5.000000000000000000e-01 2.917691531324070279e-04 2.220106635889302460e+00
-5.000000000000000000e-01 3.044315748938722799e-04 2.423438546097753221e+00
-5.000000000000000000e-01 3.173629581013609046e-04 2.658469227570829041e+00
-5.000000000000000000e-01 3.305633027548727934e-04 2.921871824986832067e+00
-5.000000000000000000e-01 3.440326088544079465e-04 3.210662955085586745e+00
-5.000000000000000000e-01 3.577708763999663637e-04 3.522063777788725147e+00
