2.500000000000000139e-02 1.313774287819417796e-03 2.376621871652227824e+00
2.500000000000000139e-02 1.434399149271355306e-03 1.702486221243148190e+00
2.500000000000000139e-02 1.545574988479142802e-03 1.198528124672313178e+00
2.500000000000000139e-02 1.666526609019032459e-03 8.282216359636109804e-01
2.500000000000000139e-02 1.803055655935870312e-03 5.538182403981424251e-01
2.500000000000000139e-02 1.961952419919737317e-03 3.608261006632090817e-01
2.500000000000000139e-02 2.090027641233718845e-03 2.255254228226649393e-01
2.500000000000000139e-02 2.244005709629200759e-03 1.376248297595433212e-01
2.500000000000000139e-02 2.432660978394367811e-03 8.788778744994792114e-02
2.500000000000000139e-02 2.584263750204680334e-03 5.755186681656315750e-02
2.500000000000000139e-02 2.776060004460352559e-03 5.502327576518736829e-02
2.500000000000000139e-02 2.921978294063105885e-03 6.959854101074268440e-02
2.500000000000000139e-02 3.114273168935355589e-03 9.020833185752918926e-02
2.500000000000000139e-02 3.307947245985490975e-03 1.222520629380486612e-01
2.500000000000000139e-02 3.563654321445082658e-03 1.551290558706781009e-01
2.500000000000000139e-02 3.763179502595880022e-03 1.925926145060237182e-01
2.500000000000000139e-02 3.962763049606387797e-03 2.369451312172433377e-01
2.500000000000000139e-02 4.237268590342955707e-03 2.868018729894654673e-01
2.500000000000000139e-02 4.440559657654900329e-03 3.270025256587498208e-01
2.500000000000000139e-02 4.642584704609887744e-03 3.814304392563537816e-01
2.500000000000000139e-02 4.933918470515095446e-03 4.195086808360397601e-01
2.500000000000000139e-02 5.234117164290172548e-03 4.711106230490039737e-01
2.500000000000000139e-02 5.440861133441794034e-03 5.108305882833075184e-01
2.500000000000000139e-02 5.752921150076243349e-03 5.544592400495309548e-01
2.500000000000000139e-02 5.959407000113464692e-03 6.040440720920253748e-01
2.500000000000000139e-02 6.282670811848177841e-03 6.381203713711761649e-01
2.500000000000000139e-02 6.614472203244553712e-03 6.774943259832796327e-01
2.500000000000000139e-02 6.954811174302589702e-03 7.212030621998999358e-01
2.500000000000000139e-02 7.163565918283837201e-03 7.569700042946477803e-01
2.500000000000000139e-02 7.514123031280500915e-03 7.886783650286998126e-01
2.500000000000000139e-02 7.873053929821053135e-03 8.228075092638571508e-01
2.500000000000000139e-02 8.240358613905502533e-03 8.592913986040080498e-01
2.500000000000000139e-02 8.616037083533846508e-03 8.969813420666623571e-01
2.500000000000000139e-02 8.823956158897628549e-03 9.220141234507914785e-01
2.500000000000000139e-02 9.208702359582203456e-03 9.480690353658873804e-01
2.500000000000000139e-02 9.601658469495743392e-03 9.752167739655779322e-01
2.500000000000000139e-02 1.000282448863824142e-02 1.003466309295374614e+00
2.500000000000000139e-02 1.041220041700970621e-02 1.031267991880123081e+00
2.500000000000000139e-02 1.082978625461013429e-02 1.060253722956945754e+00
2.500000000000000139e-02 1.103079658016825441e-02 1.086411565482595876e+00
2.500000000000000139e-02 1.145613470182290164e-02 1.105781812501481998e+00
2.500000000000000139e-02 1.188951877246843813e-02 1.127192170902425961e+00
2.500000000000000139e-02 1.233094879210486217e-02 1.148569096190843908e+00
2.500000000000000139e-02 1.278042476073217547e-02 1.170001438844916475e+00
2.500000000000000139e-02 1.323794667835036937e-02 1.192057745406698954e+00
2.500000000000000139e-02 1.370351454495945427e-02 1.213717533220651124e+00
2.500000000000000139e-02 1.417712836055942845e-02 1.235541083548124419e+00
2.500000000000000139e-02 1.465878812515029363e-02 1.256966194156185157e+00
2.500000000000000139e-02 1.514849383873203940e-02 1.279052413911525576e+00
2.500000000000000139e-02 1.564624550130467445e-02 1.300430053454615820e+00
2.435897435897435917e-02 1.291781034207444044e-03 2.510502638315236013e+00
2.435897435897435917e-02 1.411247732651190606e-03 1.811336807398528315e+00
2.435897435897435917e-02 1.521678374346464900e-03 1.284383207007911087e+00
2.435897435897435917e-02 1.641776917409978236e-03 8.933362062551193361e-01
2.435897435897435917e-02 1.777186157418082085e-03 6.046753112660778751e-01
2.435897435897435917e-02 1.907859934010399218e-03 3.980369000072677133e-01
2.435897435897435917e-02 2.062009884498871345e-03 2.525152539082654024e-01
2.435897435897435917e-02 2.214862959425011393e-03 1.556684512985446467e-01
2.435897435897435917e-02 2.365454484131404578e-03 9.447818500414305321e-02
2.435897435897435917e-02 2.512817689080161510e-03 6.743734436043620495e-02
2.435897435897435917e-02 2.699283220013493339e-03 5.227517460275819122e-02
2.435897435897435917e-02 2.888209728263018989e-03 5.874771872389846633e-02
2.435897435897435917e-02 3.079116374042972608e-03 7.799169909716718863e-02
2.435897435897435917e-02 3.271521810929284117e-03 1.050773365368336543e-01
2.435897435897435917e-02 3.464944169220095151e-03 1.382492175616824581e-01
2.435897435897435917e-02 3.658901038351387164e-03 1.777942592129973520e-01
2.435897435897435917e-02 3.852909448293192346e-03 2.255034009800032380e-01
2.435897435897435917e-02 4.119805293003818078e-03 2.643753320950478214e-01
2.435897435897435917e-02 4.317409895278776812e-03 3.101698797554698350e-01
2.435897435897435917e-02 4.597112039387113783e-03 3.572451817751942649e-01
2.435897435897435917e-02 4.797028760504799816e-03 4.014529963122870360e-01
2.435897435897435917e-02 5.088898554566207745e-03 4.469761310531478182e-01
2.435897435897435917e-02 5.289841693049108541e-03 4.941940654747075112e-01
2.435897435897435917e-02 5.593240005603039924e-03 5.331784842314312156e-01
2.435897435897435917e-02 5.905098093665444442e-03 5.804906453595513049e-01
2.435897435897435917e-02 6.108209374294257775e-03 6.208753855219452111e-01
2.435897435897435917e-02 6.430797081023877093e-03 6.571633554309651570e-01
2.435897435897435917e-02 6.761685290148878799e-03 6.982816428943496856e-01
2.435897435897435917e-02 6.964554490377090901e-03 7.418805722731147689e-01
2.435897435897435917e-02 7.305372756489931542e-03 7.714644518906126347e-01
2.435897435897435917e-02 7.654332175539231391e-03 8.037888248402553781e-01
2.435897435897435917e-02 8.011432747524997386e-03 8.387628985238564372e-01
2.435897435897435917e-02 8.376674472447224323e-03 8.751939213310031551e-01
2.435897435897435917e-02 8.578705862065627921e-03 9.075562975904724050e-01
2.435897435897435917e-02 8.952758546347390836e-03 9.325031653923796515e-01
2.435897435897435917e-02 9.334792956190936936e-03 9.587061145811054397e-01
2.435897435897435917e-02 9.724809091596262750e-03 9.861718119928404302e-01
2.435897435897435917e-02 1.012280695256337522e-02 1.013321153444787903e+00
2.435897435897435917e-02 1.052878653909227434e-02 1.041781296126971901e+00
2.435897435897435917e-02 1.094274785118295318e-02 1.070651496798504798e+00
2.435897435897435917e-02 1.113757873260696508e-02 1.093178691084945697e+00
2.435897435897435917e-02 1.155891187278943084e-02 1.114140112730686472e+00
2.435897435897435917e-02 1.198806723160819425e-02 1.135144565664391259e+00
2.435897435897435917e-02 1.242504480906326050e-02 1.156261414034853274e+00
2.435897435897435917e-02 1.286984460515461920e-02 1.178080555312860156e+00
2.435897435897435917e-02 1.332246661988228074e-02 1.199547611899972388e+00
2.435897435897435917e-02 1.378291085324624167e-02 1.221219205245017925e+00
2.435897435897435917e-02 1.425117730524650198e-02 1.242539079315559736e+00
2.435897435897435917e-02 1.472726597588305646e-02 1.264565241937177120e+00
2.435897435897435917e-02 1.521117686515591379e-02 1.285906059078413932e+00
2.374999999999999681e-02 1.257309970277131284e-03 2.665965709482169377e+00
2.374999999999999681e-02 1.389345117546300114e-03 1.921723911381536976e+00
2.374999999999999681e-02 1.499073543257578318e-03 1.372816379000714404e+00
2.374999999999999681e-02 1.618367679618369723e-03 9.626004209925216326e-01
2.374999999999999681e-02 1.752719950820775434e-03 6.614887043554118495e-01
2.374999999999999681e-02 1.882615325693538138e-03 4.391116294416034793e-01
2.374999999999999681e-02 2.006642040791259147e-03 2.849819774483899337e-01
2.374999999999999681e-02 2.155351515584053110e-03 1.771802949790465820e-01
2.374999999999999681e-02 2.301853530737422299e-03 1.123474384938381171e-01
2.374999999999999681e-02 2.483805676528339380e-03 6.940494911745720419e-02
2.374999999999999681e-02 2.626629475596433446e-03 5.858909198004306346e-02
2.374999999999999681e-02 2.810442481352582594e-03 5.605547486996038248e-02
2.374999999999999681e-02 2.996178067782171751e-03 6.991681216964532042e-02
2.374999999999999681e-02 3.183367686138304474e-03 9.448686352570498381e-02
2.374999999999999681e-02 3.371542290987304940e-03 1.273637656452510925e-01
2.374999999999999681e-02 3.560232323527191128e-03 1.683636741734035325e-01
2.374999999999999681e-02 3.815699766613950793e-03 2.061704794728497214e-01
2.374999999999999681e-02 4.008663363639050278e-03 2.464166996491962136e-01
2.374999999999999681e-02 4.200890007752547395e-03 2.973213693508958699e-01
2.374999999999999681e-02 4.473043444843746372e-03 3.360206694879046552e-01
2.374999999999999681e-02 4.667511441280787141e-03 3.866973941887904553e-01
2.374999999999999681e-02 4.951500900414763755e-03 4.259096236044935258e-01
2.374999999999999681e-02 5.243876625456051280e-03 4.776321070731589513e-01
2.374999999999999681e-02 5.442162060868863289e-03 5.144370766834793773e-01
2.374999999999999681e-02 5.745596609275182773e-03 5.576655079695014283e-01
2.374999999999999681e-02 5.943151182569970242e-03 6.057324516116542323e-01
2.374999999999999681e-02 6.257021810319071155e-03 6.387893066390755159e-01
2.374999999999999681e-02 6.578968641355280658e-03 6.771827966628475304e-01
2.374999999999999681e-02 6.908991675678600487e-03 7.196422151185386529e-01
2.374999999999999681e-02 7.107878392548130052e-03 7.557647374618137182e-01
2.374999999999999681e-02 7.447403998867557252e-03 7.861828046957888283e-01
2.374999999999999681e-02 7.794850669173229718e-03 8.195529848128149109e-01
2.374999999999999681e-02 8.150218403465145714e-03 8.546382065021516095e-01
2.374999999999999681e-02 8.513507201743302638e-03 8.910126322587459402e-01
2.374999999999999681e-02 8.710621019308082899e-03 9.179671657290313647e-01
2.374999999999999681e-02 9.082322874468673132e-03 9.431594340197038129e-01
2.374999999999999681e-02 9.461790580354361227e-03 9.697801111509604111e-01
2.374999999999999681e-02 9.849024136965155857e-03 9.962211317459460647e-01
2.374999999999999681e-02 1.024402354430105529e-02 1.024103301155663504e+00
2.374999999999999681e-02 1.064678880236205431e-02 1.052501728326507013e+00
2.374999999999999681e-02 1.105731991114815640e-02 1.080754646017565879e+00
2.374999999999999681e-02 1.124614626649221745e-02 1.101717226530490423e+00
2.374999999999999681e-02 1.166368936998160230e-02 1.122312220478983047e+00
2.374999999999999681e-02 1.208884303542356875e-02 1.143078845370962382e+00
2.374999999999999681e-02 1.252160726281810986e-02 1.164628682648680025e+00
2.374999999999999681e-02 1.296198205216524124e-02 1.185873146302176107e+00
2.374999999999999681e-02 1.340996740346495249e-02 1.207364534648628140e+00
2.374999999999999681e-02 1.386556331671724533e-02 1.228553372236789842e+00
2.374999999999999681e-02 1.432876979192211804e-02 1.250494950854859955e+00
2.374999999999999681e-02 1.479958682907957235e-02 1.271776322498542555e+00
2.317073170731707293e-02 1.224627812327129008e-03 2.846641937762409924e+00
2.317073170731707293e-02 1.368593185933041512e-03 2.033536835820667577e+00
2.317073170731707293e-02 1.477658812629188950e-03 1.463691694155898393e+00
2.317073170731707293e-02 1.596193212138735489e-03 1.035815442942682907e+00
2.317073170731707293e-02 1.706966288358429881e-03 7.165463000142595629e-01
2.317073170731707293e-02 1.833426770552658335e-03 4.842176526724124574e-01
2.317073170731707293e-02 1.982299976686073897e-03 3.138510952549804500e-01
2.317073170731707293e-02 2.130086517888056877e-03 1.987994311127610769e-01
2.317073170731707293e-02 2.275872313971063089e-03 1.220604968131811796e-01
2.317073170731707293e-02 2.418741434154948831e-03 7.875117722325578051e-02
2.317073170731707293e-02 2.598839606942530446e-03 5.636347728793906359e-02
2.317073170731707293e-02 2.781415343813274481e-03 5.777781255036547325e-02
2.317073170731707293e-02 2.917580864544429883e-03 6.903804574727584464e-02
2.317073170731707293e-02 3.099829250423205302e-03 9.038431331967962390e-02
2.317073170731707293e-02 3.339448631600390547e-03 1.215935708514601366e-01
2.317073170731707293e-02 3.527373021564869562e-03 1.524927620284205754e-01
2.317073170731707293e-02 3.715491824769952874e-03 1.886793993541321379e-01
2.317073170731707293e-02 3.903346945751327325e-03 2.328226598788184776e-01
2.317073170731707293e-02 4.164687423518696925e-03 2.770717645521649231e-01
2.317073170731707293e-02 4.355480302178368381e-03 3.184242181564816976e-01
2.317073170731707293e-02 4.628797550972906655e-03 3.677592823253942877e-01
2.317073170731707293e-02 4.821310291783785160e-03 4.078528273819060912e-01
2.317073170731707293e-02 5.105998534916534291e-03 4.540756141311965699e-01
2.317073170731707293e-02 5.299011763600119940e-03 4.981909550838424794e-01
2.317073170731707293e-02 5.594464788244349514e-03 5.371630842432304487e-01
2.317073170731707293e-02 5.897932568181023759e-03 5.839997253881766826e-01
2.317073170731707293e-02 6.092368740572146925e-03 6.223424526677303614e-01
2.317073170731707293e-02 6.405843564376741128e-03 6.578800742779804533e-01
2.317073170731707293e-02 6.727182066771641988e-03 6.979267367861765603e-01
2.317073170731707293e-02 6.920755442710451420e-03 7.415588920223136205e-01
2.317073170731707293e-02 7.251342652859997864e-03 7.699712828672791165e-01
2.317073170731707293e-02 7.589642396014097993e-03 8.016454058310693576e-01
2.317073170731707293e-02 7.935654672172744867e-03 8.352996327916339947e-01
2.317073170731707293e-02 8.289379481335941088e-03 8.704788866636807843e-01
2.317073170731707293e-02 8.481204464720606614e-03 9.044496673000090858e-01
2.317073170731707293e-02 8.843116597798730480e-03 9.285665011478816400e-01
2.317073170731707293e-02 9.212590047997190959e-03 9.542819918179913374e-01
2.317073170731707293e-02 9.589624815315996725e-03 9.799595952574209345e-01
2.317073170731707293e-02 9.974220899755142575e-03 1.007212206815736977e+00
2.317073170731707293e-02 1.036637830131462851e-02 1.035090739173369911e+00
2.317073170731707293e-02 1.076609701999445452e-02 1.062914939523951663e+00
2.317073170731707293e-02 1.094981891124449311e-02 1.089918096138040582e+00
2.317073170731707293e-02 1.135636007321301835e-02 1.110067134835477809e+00
2.317073170731707293e-02 1.177031126464576222e-02 1.130449251290947421e+00
2.317073170731707293e-02 1.219167248554271776e-02 1.151698043892635637e+00
2.317073170731707293e-02 1.262044373590389193e-02 1.172690408249660088e+00
2.317073170731707293e-02 1.305662501572927951e-02 1.193973670187014724e+00
2.317073170731707293e-02 1.350021632501888398e-02 1.215005957633872757e+00
2.317073170731707293e-02 1.395121766377269666e-02 1.236838691315530259e+00
2.317073170731707293e-02 1.440962903199073143e-02 1.258038229410159081e+00
2.261904761904761849e-02 1.193599027742159313e-03 3.050969306349833765e+00
2.261904761904761849e-02 1.333891709844186929e-03 2.146020343466957581e+00
2.261904761904761849e-02 1.457342876419280174e-03 1.556880285389181662e+00
2.261904761904761849e-02 1.555626895682779955e-03 1.110003196956490301e+00
2.261904761904761849e-02 1.685554297715025724e-03 7.728573919263708181e-01
2.261904761904761849e-02 1.811388475267051556e-03 5.257173121625664525e-01
2.261904761904761849e-02 1.931790018667927300e-03 3.512261970604236838e-01
2.261904761904761849e-02 2.075777120589253431e-03 2.231491058101805758e-01
2.261904761904761849e-02 2.217808739627478119e-03 1.408269241953872819e-01
2.261904761904761849e-02 2.393648909017862675e-03 8.843185833791875061e-02
2.261904761904761849e-02 2.532470082561859900e-03 6.077091884404376559e-02
2.261904761904761849e-02 2.710358795160320352e-03 5.222939495147172623e-02
2.261904761904761849e-02 2.890214065006170910e-03 6.086828846609109583e-02
2.261904761904761849e-02 3.071591250666506033e-03 7.975680643907391565e-02
2.261904761904761849e-02 3.254045271137289384e-03 1.056162800761132337e-01
2.261904761904761849e-02 3.437130591373057341e-03 1.374283317119894265e-01
2.261904761904761849e-02 3.620401206993852268e-03 1.759524779292354069e-01
2.261904761904761849e-02 3.871190915732021943e-03 2.222463679538231318e-01
2.261904761904761849e-02 4.058060077540676623e-03 2.576966970574766647e-01
2.261904761904761849e-02 4.243925045679186082e-03 3.043802169131101243e-01
2.261904761904761849e-02 4.510241923979641833e-03 3.462158879012318113e-01
2.261904761904761849e-02 4.697775313530536123e-03 3.927487249407511927e-01
2.261904761904761849e-02 4.975169075745038486e-03 4.332691216359674247e-01
2.261904761904761849e-02 5.163182353893768992e-03 4.843969246693407560e-01
2.261904761904761849e-02 5.451062040013058413e-03 5.189450856991497663e-01
2.261904761904761849e-02 5.746751039442611099e-03 5.620374684562073897e-01
2.261904761904761849e-02 5.936139436653930894e-03 6.077935797714890676e-01
2.261904761904761849e-02 6.241575687022754733e-03 6.403474638285855391e-01
2.261904761904761849e-02 6.554673964196723775e-03 6.778626652973254174e-01
2.261904761904761849e-02 6.875434268175845826e-03 7.195765344139621877e-01
2.261904761904761849e-02 7.065315825591683523e-03 7.551363594072664220e-01
2.261904761904761849e-02 7.394936785946873078e-03 7.850241384459523131e-01
2.261904761904761849e-02 7.732072421045911234e-03 8.171638322242207320e-01
2.261904761904761849e-02 8.076722730888797122e-03 8.510707077333894421e-01
2.261904761904761849e-02 8.428887715475532477e-03 8.865963977210435942e-01
2.261904761904761849e-02 8.616157851464438175e-03 9.149172086633508005e-01
2.261904761904761849e-02 8.976148758926582802e-03 9.396683464172322919e-01
2.261904761904761849e-02 9.343506922169352719e-03 9.645283061910828737e-01
2.261904761904761849e-02 9.718232341192742721e-03 9.911005636219671899e-01
2.261904761904761849e-02 1.010032501599675281e-02 1.018411788640708249e+00
2.261904761904761849e-02 1.048978494658138298e-02 1.045763711144827690e+00
2.261904761904761849e-02 1.088661213294663498e-02 1.075047449604270344e+00
2.261904761904761849e-02 1.106477258769639725e-02 1.098404429713483621e+00
2.261904761904761849e-02 1.146809511058937033e-02 1.118368191412660417e+00
2.261904761904761849e-02 1.187863740199628787e-02 1.139284591827623094e+00
2.261904761904761849e-02 1.229639946191716030e-02 1.159995701685397673e+00
2.261904761904761849e-02 1.272138129035198240e-02 1.181043238661089179e+00
2.261904761904761849e-02 1.315358288730075764e-02 1.201893745436219074e+00
2.261904761904761849e-02 1.359300425276347909e-02 1.223593636314470601e+00
2.261904761904761849e-02 1.403964538674015369e-02 1.244689185418452748e+00
2.209302325581395318e-02 1.164101420204170356e-03 3.277488851619806187e+00
2.209302325581395318e-02 1.315552555033469703e-03 2.258386575245980410e+00
2.209302325581395318e-02 1.421266671665929278e-03 1.647942995735121929e+00
2.209302325581395318e-02 1.536125929638948668e-03 1.182272043819486029e+00
2.209302325581395318e-02 1.665217867164655273e-03 8.347500883243149650e-01
2.209302325581395318e-02 1.790459066335985203e-03 5.749436960605454061e-01
2.209302325581395318e-02 1.910543951508346296e-03 3.818616815689427346e-01
2.209302325581395318e-02 2.053775905189864776e-03 2.481808679010811258e-01
2.209302325581395318e-02 2.195242887118145029e-03 1.560161267721598410e-01
2.209302325581395318e-02 2.334074726600670040e-03 9.717754766226671670e-02
2.209302325581395318e-02 2.508446633730394663e-03 6.844472849102302414e-02
2.209302325581395318e-02 2.642835276800931197e-03 5.444357757518183266e-02
2.209302325581395318e-02 2.818185217703524873e-03 5.613822147034581989e-02
2.209302325581395318e-02 2.995015634847883641e-03 7.109592324925034790e-02
2.209302325581395318e-02 3.172892413760031952e-03 9.539448811720147026e-02
2.209302325581395318e-02 3.351381007366555347e-03 1.275424807077080447e-01
2.209302325581395318e-02 3.530046421430731250e-03 1.678749175341686661e-01
2.209302325581395318e-02 3.774577141438397766e-03 2.024207412432417752e-01
2.209302325581395318e-02 3.956744971386999370e-03 2.422123337505787122e-01
2.209302325581395318e-02 4.213081543320333633e-03 2.914485360492035659e-01
2.209302325581395318e-02 4.397594893570418509e-03 3.279170001822579450e-01
2.209302325581395318e-02 4.665161585377541713e-03 3.793964356423827899e-01
2.209302325581395318e-02 4.850862258878430033e-03 4.151632543259395902e-01
2.209302325581395318e-02 5.129082952270661716e-03 4.620744810199064467e-01
2.209302325581395318e-02 5.314811402020684118e-03 5.029739412647090679e-01
2.209302325581395318e-02 5.603109582097260365e-03 5.421700817047148124e-01
2.209302325581395318e-02 5.899021879774900452e-03 5.881688226677973530e-01
2.209302325581395318e-02 6.085503603928791444e-03 6.245593821099943987e-01
2.209302325581395318e-02 6.390772784287790387e-03 6.594271743503483663e-01
2.209302325581395318e-02 6.703512400651127738e-03 6.989082470455817431e-01
2.209302325581395318e-02 7.023722453018798294e-03 7.415030089390561852e-01
2.209302325581395318e-02 7.209949281808336434e-03 7.696733842041915130e-01
2.209302325581395318e-02 7.538651324910800033e-03 8.002166304678898223e-01
2.209302325581395318e-02 7.874680059956782816e-03 8.327753517189844246e-01
2.209302325581395318e-02 8.218035486946285648e-03 8.671730906036669850e-01
2.209302325581395318e-02 8.400531404926754597e-03 9.022015713089930333e-01
2.209302325581395318e-02 8.751513243439593831e-03 9.259301732559515052e-01
2.209302325581395318e-02 9.109677966089446341e-03 9.499191192389805360e-01
2.209302325581395318e-02 9.475025572876303454e-03 9.757610027726546509e-01
2.209302325581395318e-02 9.847556063800166903e-03 1.002458206452199185e+00
2.209302325581395318e-02 1.022726943886103669e-02 1.029294902150747371e+00
2.209302325581395318e-02 1.061416569805891628e-02 1.058163504326391946e+00
2.209302325581395318e-02 1.100824484139380222e-02 1.086881066477073166e+00
2.209302325581395318e-02 1.118097489478412851e-02 1.106831266082754395e+00
2.209302325581395318e-02 1.158123867086925662e-02 1.127384315155947503e+00
2.209302325581395318e-02 1.198854145820448663e-02 1.147785362342683246e+00
2.209302325581395318e-02 1.240288325678981507e-02 1.168569894962222078e+00
2.209302325581395318e-02 1.282426406662524193e-02 1.189213670544943646e+00
2.209302325581395318e-02 1.325268388771076548e-02 1.210756980982085063e+00
2.209302325581395318e-02 1.368814272004638746e-02 1.231726615857478668e+00
2.159090909090909116e-02 1.136024530611100432e-03 3.524836738511052392e+00
2.159090909090909116e-02 1.298107392122625336e-03 2.371916509694390829e+00
2.159090909090909116e-02 1.403310726673698055e-03 1.740405783141897977e+00
2.159090909090909116e-02 1.517579329767061117e-03 1.258241951747260057e+00
2.159090909090909116e-02 1.624916348171953628e-03 8.936337070323552290e-01
2.159090909090909116e-02 1.747091056708744350e-03 6.197579867617850624e-01
2.159090909090909116e-02 1.890342897441335806e-03 4.224029319915202363e-01
2.159090909090909116e-02 2.003958343776384658e-03 2.750531156283408940e-01
2.159090909090909116e-02 2.141961634328900990e-03 1.755159313387369968e-01
2.159090909090909116e-02 2.312289507701762933e-03 1.142296183171037371e-01
2.159090909090909116e-02 2.447506221100280779e-03 7.097282457627161756e-02
2.159090909090909116e-02 2.620053373887417346e-03 5.761760706024973699e-02
2.159090909090909116e-02 2.749652444394898917e-03 5.825033609016206509e-02
2.159090909090909116e-02 2.922157960606384247e-03 6.863678453513967492e-02
2.159090909090909116e-02 3.095681006750796403e-03 9.077549242481827707e-02
2.159090909090909116e-02 3.269797495640636240e-03 1.227045954972095787e-01
2.159090909090909116e-02 3.504424545145997261e-03 1.518956368396122136e-01
2.159090909090909116e-02 3.682658834123913281e-03 1.868419066770864168e-01
2.159090909090909116e-02 3.860355491161485825e-03 2.305343979549101252e-01
2.159090909090909116e-02 4.110447498658619317e-03 2.708225658115861467e-01
2.159090909090909116e-02 4.290426305046278997e-03 3.127988735117284147e-01
2.159090909090909116e-02 4.551472445190271783e-03 3.575327230525469080e-01
2.159090909090909116e-02 4.732603069747168267e-03 3.997096434185687386e-01
2.159090909090909116e-02 5.004041019815802516e-03 4.414685481633118247e-01
2.159090909090909116e-02 5.185191843721887080e-03 4.892127812834926037e-01
2.159090909090909116e-02 5.466458902666740394e-03 5.243647941337951091e-01
2.159090909090909116e-02 5.755154383336427877e-03 5.669391620147563593e-01
2.159090909090909116e-02 5.937030048356634060e-03 6.104906662127139727e-01
2.159090909090909116e-02 6.234851299412749390e-03 6.425977971666450017e-01
2.159090909090909116e-02 6.539960723464682303e-03 6.797409893557420091e-01
2.159090909090909116e-02 6.852358320512420657e-03 7.203444318512954858e-01
2.159090909090909116e-02 7.033971432315115971e-03 7.555775655789498391e-01
2.159090909090909116e-02 7.354650634145290869e-03 7.844440437232775842e-01
2.159090909090909116e-02 7.682477700656584023e-03 8.155802397709946971e-01
2.159090909090909116e-02 8.017452631848996300e-03 8.487811025945917187e-01
2.159090909090909116e-02 8.359575427722526833e-03 8.835067257670476959e-01
2.159090909090909116e-02 8.537822553802528608e-03 9.130585750581641236e-01
2.159090909090909116e-02 8.887241764166936911e-03 9.361239803349579169e-01
2.159090909090909116e-02 9.243668470090157796e-03 9.611862351068936050e-01
2.159090909090909116e-02 9.607102671572189528e-03 9.872233918757437054e-01
2.159090909090909116e-02 9.977544368613032108e-03 1.013502514916603037e+00
2.159090909090909116e-02 1.035499356121268900e-02 1.041916171947969039e+00
2.159090909090909116e-02 1.073945024937115675e-02 1.070262039470454507e+00
2.159090909090909116e-02 1.090784933296837927e-02 1.095834115930887531e+00
2.159090909090909116e-02 1.129833558341316810e-02 1.115993238118947684e+00
2.159090909090909116e-02 1.169568889821430424e-02 1.136055757418685364e+00
2.159090909090909116e-02 1.209990927737178250e-02 1.156550321793030411e+00
2.159090909090909116e-02 1.251099672088560461e-02 1.176962692591918325e+00
2.159090909090909116e-02 1.292895122875576709e-02 1.198325942377004516e+00
2.159090909090909116e-02 1.335377280098227516e-02 1.219147965611059981e+00
2.111111111111111174e-02 1.281492568091498066e-03 2.486525992803691132e+00
2.111111111111111174e-02 1.386211183987006877e-03 1.834988887414898961e+00
2.111111111111111174e-02 1.499918919661607109e-03 1.337738190078193057e+00
2.111111111111111174e-02 1.606993056963110364e-03 9.547914328688287267e-01
2.111111111111111174e-02 1.728693379362792378e-03 6.691583383323255196e-01
2.111111111111111174e-02 1.845610077558975867e-03 4.559449689276249829e-01
2.111111111111111174e-02 1.984725743279383905e-03 3.033444918544946356e-01
2.111111111111111174e-02 2.122290616021855255e-03 1.959442443364513564e-01
2.111111111111111174e-02 2.257475930134463047e-03 1.223214879717791914e-01
2.111111111111111174e-02 2.389451363767116157e-03 8.177519958712485548e-02
2.111111111111111174e-02 2.557886008103292877e-03 5.687412544601307823e-02
2.111111111111111174e-02 2.728276915337064356e-03 5.402842021892072938e-02
2.111111111111111174e-02 2.900210952354573095e-03 6.432051773082930746e-02
2.111111111111111174e-02 3.073274612591977550e-03 8.295077064767307495e-02
2.111111111111111174e-02 3.247054003985847762e-03 1.075750152523831937e-01
2.111111111111111174e-02 3.421134836251303168e-03 1.378992249178997431e-01
2.111111111111111174e-02 3.595102407435801003e-03 1.754138663187782832e-01
2.111111111111111174e-02 3.835805013132831485e-03 2.188197484732510856e-01
2.111111111111111174e-02 4.012685460290857722e-03 2.536789723054135859e-01
2.111111111111111174e-02 4.188346700764148875e-03 3.007991805560222831e-01
2.111111111111111174e-02 4.443181922740422306e-03 3.385815790108929191e-01
2.111111111111111174e-02 4.619961448704125624e-03 3.868609022142904252e-01
2.111111111111111174e-02 4.884938850474555491e-03 4.232950639488255451e-01
2.111111111111111174e-02 5.157304722256327370e-03 4.710962037319654794e-01
2.111111111111111174e-02 5.336301708363932507e-03 5.085894176062701888e-01
2.111111111111111174e-02 5.618123306975614240e-03 5.476054725119451350e-01
2.111111111111111174e-02 5.907196455493093738e-03 5.932542505913795949e-01
2.111111111111111174e-02 6.086341679231493419e-03 6.273524197474953379e-01
2.111111111111111174e-02 6.384183618863397899e-03 6.620549751104616298e-01
2.111111111111111174e-02 6.689140132514734098e-03 7.005713081698474731e-01
2.111111111111111174e-02 7.001211220185510689e-03 7.426207494560476130e-01
2.111111111111111174e-02 7.179399769247909666e-03 7.698322756727422611e-01
2.111111111111111174e-02 7.499415182996779783e-03 7.994729553956987367e-01
2.111111111111111174e-02 7.826408137977044696e-03 8.314092424596254416e-01
2.111111111111111174e-02 8.160378634188699201e-03 8.650524069982614694e-01
2.111111111111111174e-02 8.501326671631745033e-03 9.002643940698003000e-01
2.111111111111111174e-02 8.675387055332607969e-03 9.231349254363564460e-01
2.111111111111111174e-02 9.023317235786181695e-03 9.473690500781499768e-01
2.111111111111111174e-02 9.378087866615073334e-03 9.727008128587705249e-01
2.111111111111111174e-02 9.739698947819277683e-03 9.983806121860734351e-01
2.111111111111111174e-02 1.010815047939879995e-02 1.026300058786188574e+00
2.111111111111111174e-02 1.048344246135363839e-02 1.054237907322421064e+00
2.111111111111111174e-02 1.086557489368379474e-02 1.082358890571450738e+00
2.111111111111111174e-02 1.102889555988347328e-02 1.105107420121582473e+00
2.111111111111111174e-02 1.141677288720847200e-02 1.124803285252095941e+00
2.111111111111111174e-02 1.181135351477003576e-02 1.144981229391417887e+00
2.111111111111111174e-02 1.221263744256816976e-02 1.165137795701416401e+00
2.111111111111111174e-02 1.262062467060286533e-02 1.186297759281259800e+00
2.111111111111111174e-02 1.303531519887413288e-02 1.206950698935234323e+00
2.065217391304348046e-02 1.252002762418731336e-03 2.616776437297542834e+00
2.065217391304348046e-02 1.369908366294401471e-03 1.931582347409387612e+00
2.065217391304348046e-02 1.465331675157375158e-03 1.415022493607164034e+00
2.065217391304348046e-02 1.589908066830751122e-03 1.021189871666999593e+00
2.065217391304348046e-02 1.688760527471161021e-03 7.204454409365468326e-01
2.065217391304348046e-02 1.827866142636061422e-03 4.979110486147033665e-01
2.065217391304348046e-02 1.938816143267028122e-03 3.324546801103884230e-01
2.065217391304348046e-02 2.073170884987902887e-03 2.160303373711865982e-01
2.065217391304348046e-02 2.205196630352024897e-03 1.394241513276256450e-01
2.065217391304348046e-02 2.370456251699957270e-03 8.877519937291167285e-02
2.065217391304348046e-02 2.498595394242793515e-03 6.347710555827798529e-02
2.065217391304348046e-02 2.665016777142953808e-03 5.228501013783687368e-02
2.065217391304348046e-02 2.832942656123731921e-03 5.736101311155861887e-02
2.065217391304348046e-02 3.001969009325013149e-03 7.326891732775508981e-02
2.065217391304348046e-02 3.171691446385388642e-03 9.719291156781473262e-02
2.065217391304348046e-02 3.341705196286362967e-03 1.284119537463763450e-01
2.065217391304348046e-02 3.511605094504566607e-03 1.680430721313046771e-01
2.065217391304348046e-02 3.746717311246423269e-03 2.007935258374715648e-01
2.065217391304348046e-02 3.919457148713930382e-03 2.399467383624182271e-01
2.065217391304348046e-02 4.165412857460630558e-03 2.856826537557508039e-01
2.065217391304348046e-02 4.339915057103490084e-03 3.224889659244098428e-01
2.065217391304348046e-02 4.596177923042168642e-03 3.700031890752942809e-01
2.065217391304348046e-02 4.771363766969580547e-03 4.075127618878021662e-01
2.065217391304348046e-02 5.037397118001679490e-03 4.506295313029584637e-01
2.065217391304348046e-02 5.212186704964211735e-03 4.948123345115869043e-01
2.065217391304348046e-02 5.487453522646814491e-03 5.301395588956223648e-01
2.065217391304348046e-02 5.769803229205458864e-03 5.726500711934280341e-01
2.065217391304348046e-02 5.944728632819819801e-03 6.136692742777941634e-01
2.065217391304348046e-02 6.235640579585178221e-03 6.458307153048494786e-01
2.065217391304348046e-02 6.533501563081083215e-03 6.821661715032505402e-01
2.065217391304348046e-02 6.838311583307541720e-03 7.223659127619478371e-01
2.065217391304348046e-02 7.012290216746335306e-03 7.563677144855426304e-01
2.065217391304348046e-02 7.324856869553622932e-03 7.844412419565303107e-01
2.065217391304348046e-02 7.644238652550961431e-03 8.150464577515560416e-01
2.065217391304348046e-02 7.970435565738349937e-03 8.475448109377026196e-01
2.065217391304348046e-02 8.303447609115785846e-03 8.817937061894279838e-01
2.065217391304348046e-02 8.473377689588499836e-03 9.109440793240566325e-01
2.065217391304348046e-02 8.813206196349780697e-03 9.343023147427664821e-01
2.065217391304348046e-02 9.159715871251139507e-03 9.588840051757776539e-01
2.065217391304348046e-02 9.512906714292576268e-03 9.839233163462313136e-01
2.065217391304348046e-02 9.872778725474090980e-03 1.011309823509132233e+00
2.065217391304348046e-02 1.023933190479568711e-02 1.038803804717782997e+00
2.065217391304348046e-02 1.061256625225736293e-02 1.066548595599501326e+00
2.065217391304348046e-02 1.077198165385962261e-02 1.094722955361459027e+00
2.065217391304348046e-02 1.115082352711942518e-02 1.114024375004569523e+00
2.065217391304348046e-02 1.153621254979927437e-02 1.133859355257923696e+00
2.065217391304348046e-02 1.192814872189916671e-02 1.153735988254669831e+00
2.065217391304348046e-02 1.232663204341909527e-02 1.174669691997994869e+00
2.065217391304348046e-02 1.273166251435907566e-02 1.195132299283043764e+00
2.021276595744680993e-02 1.223837959657029378e-03 2.766184658207753166e+00
2.021276595744680993e-02 1.354348004927165674e-03 2.030081642835822819e+00
2.021276595744680993e-02 1.449660304006697388e-03 1.493233746329082345e+00
2.021276595744680993e-02 1.554043898431638291e-03 1.083005277097319974e+00
2.021276595744680993e-02 1.672529513920772764e-03 7.699448572000958668e-01
2.021276595744680993e-02 1.786571284879196657e-03 5.355576701135345008e-01
2.021276595744680993e-02 1.921948765034104788e-03 3.638616622791950861e-01
2.021276595744680993e-02 2.055970872390931910e-03 2.414727089446032371e-01
2.021276595744680993e-02 2.187846483905988865e-03 1.538125205150894792e-01
2.021276595744680993e-02 2.316783082451771315e-03 9.750313110831429486e-02
2.021276595744680993e-02 2.480675162650286363e-03 6.813182267595915831e-02
2.021276595744680993e-02 2.604618913446644229e-03 5.705685632607371272e-02
2.021276595744680993e-02 2.768718886023525689e-03 5.633716919453021776e-02
2.021276595744680993e-02 2.933891626245847817e-03 6.897536573978833851e-02
2.021276595744680993e-02 3.099741819577860481e-03 9.168770229836853414e-02
2.021276595744680993e-02 3.265873787254370501e-03 1.233276365711161865e-01
2.021276595744680993e-02 3.492104939287719433e-03 1.530015828614799678e-01
2.021276595744680993e-02 3.661666631036766730e-03 1.864875482365695447e-01
2.021276595744680993e-02 3.830454846097014129e-03 2.295564851307710652e-01
2.021276595744680993e-02 4.070825438438649239e-03 2.671020784558214567e-01
2.021276595744680993e-02 4.241330772782791504e-03 3.092019827905451712e-01
2.021276595744680993e-02 4.491772443858407272e-03 3.504721275409750092e-01
2.021276595744680993e-02 4.662940396869223215e-03 3.940811698274437336e-01
2.021276595744680993e-02 4.922928467372162699e-03 4.323609391451920803e-01
2.021276595744680993e-02 5.189969235225366968e-03 4.811641784965779434e-01
2.021276595744680993e-02 5.362712865380279102e-03 5.145137028419440872e-01
2.021276595744680993e-02 5.638644205417954296e-03 5.537671820110630083e-01
2.021276595744680993e-02 5.921497426277552711e-03 5.991050145465826038e-01
2.021276595744680993e-02 6.093839988207050244e-03 6.310490128453241088e-01
2.021276595744680993e-02 6.384927511451498651e-03 6.651118066877186319e-01
2.021276595744680993e-02 6.682806047963581360e-03 7.033762638265563805e-01
2.021276595744680993e-02 6.852768521380291772e-03 7.440369298802932407e-01
2.021276595744680993e-02 7.158224635286659573e-03 7.704730002215931517e-01
2.021276595744680993e-02 7.470340842856002667e-03 7.996818327580493824e-01
2.021276595744680993e-02 7.789117144088319317e-03 8.309740877670472869e-01
2.021276595744680993e-02 8.114553538983606054e-03 8.642027412506301243e-01
2.021276595744680993e-02 8.446650027541869818e-03 8.975513816385074506e-01
2.021276595744680993e-02 8.612638978124512526e-03 9.219789727643576960e-01
2.021276595744680993e-02 8.951262932433983951e-03 9.457665715887297875e-01
2.021276595744680993e-02 9.296416007685442615e-03 9.701248087126822517e-01
2.021276595744680993e-02 9.648098203878888515e-03 9.969401765293617323e-01
2.021276595744680993e-02 1.000630952101432339e-02 1.023954911944754631e+00
2.021276595744680993e-02 1.037104995909174723e-02 1.051290181056905970e+00
2.021276595744680993e-02 1.074231951811115832e-02 1.079430551245945891e+00
2.021276595744680993e-02 1.089695873219439538e-02 1.103715486345978380e+00
2.021276595744680993e-02 1.127357381051300074e-02 1.123181463886100184e+00
2.021276595744680993e-02 1.165658698282620934e-02 1.142754302656856957e+00
2.021276595744680993e-02 1.204599824913401250e-02 1.163439022151077973e+00
2.021276595744680993e-02 1.244180760943642411e-02 1.183690269130757589e+00
1.979166666666666574e-02 1.196910922740190061e-03 2.933719360593043390e+00
1.979166666666666574e-02 1.324530524847577703e-03 2.127444266679572760e+00
1.979166666666666574e-02 1.434688435284515399e-03 1.574763367615389376e+00
1.979166666666666574e-02 1.538896814417363076e-03 1.148482645925988255e+00
1.979166666666666574e-02 1.657025704662102228e-03 8.265292383294906564e-01
1.979166666666666574e-02 1.770935324827025261e-03 5.788639000695727788e-01
1.979166666666666574e-02 1.879462475678721602e-03 3.949525346654938485e-01
1.979166666666666574e-02 2.010497310970084731e-03 2.620129688371541921e-01
1.979166666666666574e-02 2.139429161371245777e-03 1.699367500466645864e-01
1.979166666666666574e-02 2.300265756716445269e-03 1.137825843920234337e-01
1.979166666666666574e-02 2.425729861435197646e-03 7.169727231101252762e-02
1.979166666666666574e-02 2.587925141149954606e-03 5.668341064988898642e-02
1.979166666666666574e-02 2.751682991827067611e-03 5.810419734980046963e-02
1.979166666666666574e-02 2.916617300861755468e-03 6.965126036794618003e-02
1.979166666666666574e-02 3.082341625099225581e-03 8.764378803340940050e-02
1.979166666666666574e-02 3.248469180141354013e-03 1.107206922137405347e-01
1.979166666666666574e-02 3.414612829055897313e-03 1.395403806866531982e-01
1.979166666666666574e-02 3.580385070441915920e-03 1.758229793034192801e-01
1.979166666666666574e-02 3.812339275677603667e-03 2.176646578663586629e-01
1.979166666666666574e-02 3.980431090590212835e-03 2.515901247321731260e-01
1.979166666666666574e-02 4.147118141664679104e-03 2.986688367780450104e-01
1.979166666666666574e-02 4.391996754813980858e-03 3.335191211169573067e-01
1.979166666666666574e-02 4.559326556206756698e-03 3.829605917663515546e-01
1.979166666666666574e-02 4.813537507506258917e-03 4.162550606267165776e-01
1.979166666666666574e-02 5.074644440222024315e-03 4.608010093071612245e-01
1.979166666666666574e-02 5.243507391227922136e-03 5.007006533641596979e-01
1.979166666666666574e-02 5.513305170314564997e-03 5.365812165126783162e-01
1.979166666666666574e-02 5.789870966664498360e-03 5.790363295566373081e-01
1.979166666666666574e-02 5.958333719394837656e-03 6.176909573426807576e-01
1.979166666666666574e-02 6.242948446463315003e-03 6.493912454811789914e-01
1.979166666666666574e-02 6.534203177768811537e-03 6.856365623899947082e-01
1.979166666666666574e-02 6.832097913311324655e-03 7.248831449438685182e-01
1.979166666666666574e-02 6.998991515972389360e-03 7.575562859546810524e-01
1.979166666666666574e-02 7.304164767731878213e-03 7.853045864845363822e-01
1.979166666666666574e-02 7.615849960848019261e-03 8.153305047715835308e-01
1.979166666666666574e-02 7.934047095320809900e-03 8.474827063817707007e-01
1.979166666666666574e-02 8.258756171150256203e-03 8.799197652206209863e-01
1.979166666666666574e-02 8.420980851797151695e-03 9.103920434327359423e-01
1.979166666666666574e-02 8.752069365136977419e-03 9.333421810193273105e-01
1.979166666666666574e-02 9.089541706078448774e-03 9.569793288245748153e-01
1.979166666666666574e-02 9.433397874621564025e-03 9.831858794056951290e-01
1.979166666666666574e-02 9.783637870766321437e-03 1.009686454384755017e+00
1.979166666666666574e-02 1.014026169451272968e-02 1.036579293855030226e+00
1.979166666666666574e-02 1.050326934586077315e-02 1.064368015452286986e+00
1.979166666666666574e-02 1.087266082481046746e-02 1.091903942636115232e+00
1.979166666666666574e-02 1.102260553323910000e-02 1.112944346496268944e+00
1.979166666666666574e-02 1.139709220298583577e-02 1.132189795107033436e+00
1.979166666666666574e-02 1.177783453464177447e-02 1.152603052487336299e+00
1.979166666666666574e-02 1.216483252820692827e-02 1.172622129806464963e+00
1.938775510204081634e-02 1.171141900460273295e-03 3.118408552849194049e+00
1.938775510204081634e-02 1.310630230239469762e-03 2.224658232146893511e+00
1.938775510204081634e-02 1.403754158174686135e-03 1.658423463385151564e+00
1.938775510204081634e-02 1.505685529585597043e-03 1.218421013410888598e+00
1.938775510204081634e-02 1.621239646615321847e-03 8.766132425820025720e-01
1.938775510204081634e-02 1.732660961826565024e-03 6.202086026893891546e-01
1.938775510204081634e-02 1.864628680426692105e-03 4.293393501079604824e-01
1.938775510204081634e-02 1.966988906475970484e-03 2.919155299120492764e-01
1.938775510204081634e-02 2.124278312958332703e-03 1.913028349200837364e-01
1.938775510204081634e-02 2.250445466874921325e-03 1.204754777892502876e-01
1.938775510204081634e-02 2.373162172685348067e-03 8.222684172296471083e-02
1.938775510204081634e-02 2.531826132462776033e-03 5.760571677914273769e-02
1.938775510204081634e-02 2.692016440301389299e-03 5.264135783557850889e-02
1.938775510204081634e-02 2.853355267505930295e-03 6.039893396679470172e-02
1.938775510204081634e-02 3.015464468500282224e-03 7.673034737664327642e-02
1.938775510204081634e-02 3.177965570580136134e-03 9.984781912906359747e-02
1.938775510204081634e-02 3.340479763093220922e-03 1.300325832717883490e-01
1.938775510204081634e-02 3.502627886002718585e-03 1.687228688995114356e-01
1.938775510204081634e-02 3.729544614664487712e-03 2.008825375497630406e-01
1.938775510204081634e-02 3.893957462292113418e-03 2.390879138595965736e-01
1.938775510204081634e-02 4.130880903727449614e-03 2.823380093472259711e-01
1.938775510204081634e-02 4.296550048997139354e-03 3.190990336684694784e-01
1.938775510204081634e-02 4.542978224037260565e-03 3.634738387050973629e-01
1.938775510204081634e-02 4.708894230898106117e-03 4.022771752342351181e-01
1.938775510204081634e-02 4.964324863192013521e-03 4.424302066854642335e-01
1.938775510204081634e-02 5.129477248949169781e-03 4.886736174370666097e-01
1.938775510204081634e-02 5.393407756982241015e-03 5.210682007134705973e-01
1.938775510204081634e-02 5.663959098740200572e-03 5.605347731752435836e-01
1.938775510204081634e-02 5.828712440941114133e-03 6.057379200145890374e-01
1.938775510204081634e-02 6.107135483131438149e-03 6.349877623442808927e-01
1.938775510204081634e-02 6.392054078798102904e-03 6.691317776604411849e-01
1.938775510204081634e-02 6.683468227941104060e-03 7.065808633535513028e-01
1.938775510204081634e-02 6.846676179127790182e-03 7.456793075499229539e-01
1.938775510204081634e-02 7.145208107414942507e-03 7.719040706723201417e-01
1.938775510204081634e-02 7.450110261135963786e-03 8.006044446798831205e-01
1.938775510204081634e-02 7.761382640290847949e-03 8.316249091823447737e-01
1.938775510204081634e-02 8.079025244879604536e-03 8.630994454059048859e-01
1.938775510204081634e-02 8.403038074902226609e-03 8.966961309486993770e-01
1.938775510204081634e-02 8.561532626357948317e-03 9.216045677332447283e-01
1.938775510204081634e-02 8.891658032924418600e-03 9.444811737493123971e-01
1.938775510204081634e-02 9.228028288110375066e-03 9.700417442527085043e-01
1.938775510204081634e-02 9.570643391915817713e-03 9.959937020083227122e-01
1.938775510204081634e-02 9.919503344340746542e-03 1.022411620255762266e+00
1.938775510204081634e-02 1.027460814538515808e-02 1.049818529873797646e+00
1.938775510204081634e-02 1.063595779504906101e-02 1.077032816613477495e+00
1.938775510204081634e-02 1.078254802432111747e-02 1.103144820771726708e+00
1.938775510204081634e-02 1.114887887856748881e-02 1.122039545369928115e+00
1.938775510204081634e-02 1.152132915482859989e-02 1.142159106680065594e+00
1.938775510204081634e-02 1.189989885310446284e-02 1.161925421319502050e+00
1.899999999999999953e-02 1.146457842119490492e-03 3.319335563766767638e+00
1.899999999999999953e-02 1.297323060937147872e-03 2.323641616206447935e+00
1.899999999999999953e-02 1.390396098133308243e-03 1.738457295567488625e+00
1.899999999999999953e-02 1.492214342623949131e-03 1.282896108559368198e+00
1.899999999999999953e-02 1.607491493837391074e-03 9.330997055331695655e-01
1.899999999999999953e-02 1.718844540701655295e-03 6.647782310785059767e-01
1.899999999999999953e-02 1.825159880609923983e-03 4.621781643840752740e-01
1.899999999999999953e-02 1.953161081634988833e-03 3.131312991983603577e-01
1.899999999999999953e-02 2.079266615086624616e-03 2.064233700083284995e-01
1.899999999999999953e-02 2.202734441374060593e-03 1.347603174545461968e-01
1.899999999999999953e-02 2.359081376449417931e-03 8.838456611189227097e-02
1.899999999999999953e-02 2.478104113968677882e-03 6.474068594655268960e-02
1.899999999999999953e-02 2.634878735922233962e-03 5.286633122249862621e-02
1.899999999999999953e-02 2.792775217869821087e-03 5.633386064471208182e-02
1.899999999999999953e-02 2.951423363402411355e-03 7.053244604794275951e-02
1.899999999999999953e-02 3.110452662240070602e-03 9.325000716680932611e-02
1.899999999999999953e-02 3.269492279854345571e-03 1.243910441226998564e-01
1.899999999999999953e-02 3.488394336563371053e-03 1.554913211293069975e-01
1.899999999999999953e-02 3.650264110473565912e-03 1.873798555156783729e-01
1.899999999999999953e-02 3.811155256839968662e-03 2.295378448950886607e-01
1.899999999999999953e-02 4.043040691655013126e-03 2.652705024690713009e-01
1.899999999999999953e-02 4.205156990211443048e-03 3.071676245444242559e-01
1.899999999999999953e-02 4.446343326001222715e-03 3.457760232331247297e-01
1.899999999999999953e-02 4.608696581145001712e-03 3.903931945305845752e-01
1.899999999999999953e-02 4.858692062897013511e-03 4.260213283064240297e-01
1.899999999999999953e-02 5.115290066375969592e-03 4.713905012503208924e-01
1.899999999999999953e-02 5.278605654725194649e-03 5.072045456462668245e-01
1.899999999999999953e-02 5.543398139708034800e-03 5.435792015296577739e-01
1.899999999999999953e-02 5.814670529773885432e-03 5.863556387592963048e-01
1.899999999999999953e-02 5.977096083273419728e-03 6.218848703061575778e-01
1.899999999999999953e-02 6.255947899630663785e-03 6.538470848837157900e-01
1.899999999999999953e-02 6.541156959469628107e-03 6.894236620730708198e-01
1.899999999999999953e-02 6.832723262790310094e-03 7.279256965149435432e-01
1.899999999999999953e-02 6.993011124943748422e-03 7.594697678512227768e-01
1.899999999999999953e-02 7.291418689977121476e-03 7.867864040316172591e-01
1.899999999999999953e-02 7.596060791032080949e-03 8.166207563545105907e-01
1.899999999999999953e-02 7.906937428108632912e-03 8.470826253366470215e-01
1.899999999999999953e-02 8.224048601206774764e-03 8.798208009659640449e-01
1.899999999999999953e-02 8.379101267466384020e-03 9.105475305368780914e-01
1.899999999999999953e-02 8.702192276203295565e-03 9.326246973978845611e-01
1.899999999999999953e-02 9.031395066704792085e-03 9.575026331593562423e-01
1.899999999999999953e-02 9.366709638970873580e-03 9.828719688789764319e-01
1.899999999999999953e-02 9.708135993001540051e-03 1.008782885447679467e+00
1.899999999999999953e-02 1.005567412879678803e-02 1.035778189181727704e+00
1.899999999999999953e-02 1.040932404635662445e-02 1.062643021868596938e+00
1.899999999999999953e-02 1.076908574568104411e-02 1.090006653792626290e+00
1.899999999999999953e-02 1.091122813531335105e-02 1.112300656551636013e+00
1.899999999999999953e-02 1.127573922002500333e-02 1.132104529136149784e+00
1.899999999999999953e-02 1.164623928447053487e-02 1.151597702193234207e+00
1.862745098039215660e-02 1.122791708936629823e-03 3.535635370317851134e+00
1.862745098039215660e-02 1.284571943556284297e-03 2.424303604794584288e+00
1.862745098039215660e-02 1.377597460317010357e-03 1.821624002659621766e+00
1.862745098039215660e-02 1.479308471253386065e-03 1.352233121397262039e+00
1.862745098039215660e-02 1.574216643163740175e-03 9.885460203783751343e-01
1.862745098039215660e-02 1.683239721353231057e-03 7.094528984231578406e-01
1.862745098039215660e-02 1.812084745274252081e-03 4.994165974375635031e-01
1.862745098039215660e-02 1.912652570950724128e-03 3.430502339238069021e-01
1.862745098039215660e-02 2.036120311886214108e-03 2.297335536354953300e-01
1.862745098039215660e-02 2.189647223968941778e-03 1.503192854577151683e-01
1.862745098039215660e-02 2.310089186655996194e-03 9.581519226806423095e-02
1.862745098039215660e-02 2.465118938828203196e-03 6.811641426255678200e-02
1.862745098039215660e-02 2.580112657090000323e-03 5.862702230874966558e-02
1.862745098039215660e-02 2.734710366358111822e-03 5.732431644986991925e-02
1.862745098039215660e-02 2.890041896599023202e-03 6.893615911214881486e-02
1.862745098039215660e-02 3.045744372225466564e-03 9.082881940923973052e-02
1.862745098039215660e-02 3.256726885027021439e-03 1.152223022194644730e-01
1.862745098039215660e-02 3.415801342043906213e-03 1.422119366871458512e-01
1.862745098039215660e-02 3.574278990306970286e-03 1.770913173686264330e-01
1.862745098039215660e-02 3.798573908956061861e-03 2.182870877342453220e-01
1.862745098039215660e-02 3.958852747604071215e-03 2.509222313604979604e-01
1.862745098039215660e-02 4.117565076267511517e-03 2.976815274565561831e-01
1.862745098039215660e-02 4.353727587068562110e-03 3.303723502819598257e-01
1.862745098039215660e-02 4.596475110845054529e-03 3.776954456008194683e-01
1.862745098039215660e-02 4.757454014160601881e-03 4.115444603489292197e-01
1.862745098039215660e-02 5.008705418010360282e-03 4.529315880495586866e-01
1.862745098039215660e-02 5.168581288877872361e-03 4.949670400014162253e-01
1.862745098039215660e-02 5.427854584296837662e-03 5.281487955662627076e-01
1.862745098039215660e-02 5.693472721205480522e-03 5.681938280677858444e-01
1.862745098039215660e-02 5.852470289908892273e-03 6.100663169124207474e-01
1.862745098039215660e-02 6.125507890071433745e-03 6.397678619782386500e-01
1.862745098039215660e-02 6.404770181636645562e-03 6.733983669920304838e-01
1.862745098039215660e-02 6.690257164604524256e-03 7.102363627820325043e-01
1.862745098039215660e-02 6.847152253278125482e-03 7.479912894251086186e-01
1.862745098039215660e-02 7.139335691114416689e-03 7.738669915716451797e-01
1.862745098039215660e-02 7.437623626227437071e-03 8.024617523555471754e-01
1.862745098039215660e-02 7.742016058617191832e-03 8.318615938500912854e-01
1.862745098039215660e-02 8.052512988283678369e-03 8.636948196803597710e-01
1.862745098039215660e-02 8.369114415226894949e-03 8.968320867343524405e-01
1.862745098039215660e-02 8.520619287766548547e-03 9.214043098486294214e-01
1.862745098039215660e-02 8.842953195970816582e-03 9.455634576141211944e-01
1.862745098039215660e-02 9.171271362386473197e-03 9.703166126621027843e-01
1.862745098039215660e-02 9.505573787013520126e-03 9.956888531260392750e-01
1.862745098039215660e-02 9.845860469851948696e-03 1.022243122101883728e+00
1.862745098039215660e-02 1.019213141090176931e-02 1.048731014516596449e+00
1.862745098039215660e-02 1.054438661016297504e-02 1.075773067488254853e+00
1.862745098039215660e-02 1.090262606763556935e-02 1.102588603636356357e+00
1.862745098039215660e-02 1.104038355642078355e-02 1.122436684803778784e+00
1.862745098039215660e-02 1.140315026637562894e-02 1.141636549298128411e+00
1.826923076923077024e-02 1.258589899409103029e-03 2.528432553748479972e+00
1.826923076923077024e-02 1.365323924317745708e-03 1.907779439161620072e+00
1.826923076923077024e-02 1.449332832649979138e-03 1.423589255630550499e+00
1.826923076923077024e-02 1.561993946893032101e-03 1.044887849866415808e+00
1.826923076923077024e-02 1.671002657561991393e-03 7.552160921669081040e-01
1.826923076923077024e-02 1.775290899509195976e-03 5.337925992598768765e-01
1.826923076923077024e-02 1.900509336941071277e-03 3.690753827076111993e-01
1.826923076923077024e-02 2.024022957249457105e-03 2.485618783519084607e-01
1.826923076923077024e-02 2.145120058649241206e-03 1.624157843709223004e-01
1.826923076923077024e-02 2.263087785763547542e-03 1.098578607347708569e-01
1.826923076923077024e-02 2.414949621160328470e-03 7.141640470488380688e-02
1.826923076923077024e-02 2.568357730066813272e-03 5.634657956984235466e-02
1.826923076923077024e-02 2.722957288509956185e-03 5.623725117374848287e-02
1.826923076923077024e-02 2.878393197744982639e-03 6.560729523010133679e-02
1.826923076923077024e-02 3.034310075540591276e-03 8.159809435013241907e-02
1.826923076923077024e-02 3.190352246986239652e-03 1.036444008661138172e-01
1.826923076923077024e-02 3.346163734785153384e-03 1.324204347766393397e-01
1.826923076923077024e-02 3.501388248993111529e-03 1.699530968693632738e-01
1.826923076923077024e-02 3.721109091881021676e-03 2.023546914500113092e-01
1.826923076923077024e-02 3.878094236101858449e-03 2.392440130155303879e-01
1.826923076923077024e-02 4.107087552848249536e-03 2.809301876289212463e-01
1.826923076923077024e-02 4.264885717443364643e-03 3.172248373929507093e-01
1.826923076923077024e-02 4.502679751726567162e-03 3.593347362183162419e-01
1.826923076923077024e-02 4.660342427654637874e-03 3.989702065783315987e-01
1.826923076923077024e-02 4.906465159242494670e-03 4.362578091278247472e-01
1.826923076923077024e-02 5.158920873397524441e-03 4.827291330948286774e-01
1.826923076923077024e-02 5.317022042099386718e-03 5.142230551080544387e-01
1.826923076923077024e-02 5.577216464553242520e-03 5.514443715089583087e-01
1.826923076923077024e-02 5.843626171799692730e-03 5.940586817801314368e-01
1.826923076923077024e-02 6.000387939355087026e-03 6.268796862349889087e-01
1.826923076923077024e-02 6.273946004465180692e-03 6.584919768062835743e-01
1.826923076923077024e-02 6.553601615099510433e-03 6.935986730897003572e-01
1.826923076923077024e-02 6.839354771258077982e-03 7.317754596340677598e-01
1.826923076923077024e-02 6.993457465730008177e-03 7.618369266713367338e-01
1.826923076923077024e-02 7.285650475977395804e-03 7.891394980723891450e-01
1.826923076923077024e-02 7.583823250155431045e-03 8.174287243547879722e-01
1.826923076923077024e-02 7.887975788264110430e-03 8.483112637867195049e-01
1.826923076923077024e-02 8.198108090303432224e-03 8.806343401565119855e-01
1.826923076923077024e-02 8.346456652222040626e-03 9.108144766811780979e-01
1.826923076923077024e-02 8.662202010805414645e-03 9.342191779386774808e-01
1.826923076923077024e-02 8.983809308535482471e-03 9.583230341409721964e-01
1.826923076923077024e-02 9.311278545412249308e-03 9.831253250787566067e-01
1.826923076923077024e-02 9.644609721435706481e-03 1.009209491060072184e+00
1.826923076923077024e-02 9.983802836605860931e-03 1.035293280583604369e+00
1.826923076923077024e-02 1.032885789092271439e-02 1.061987953050186340e+00
1.826923076923077024e-02 1.067977488438625992e-02 1.088523291659278192e+00
1.826923076923077024e-02 1.081463643574439963e-02 1.113152958983026242e+00
1.826923076923077024e-02 1.116998551026737209e-02 1.132039557687203546e+00
1.792452830188679194e-02 1.233636999929246369e-03 2.647678228428994807e+00
1.792452830188679194e-02 1.338233896481343891e-03 1.991980089399560061e+00
1.792452830188679194e-02 1.437803420561266018e-03 1.491797748030220028e+00
1.792452830188679194e-02 1.530950065573022162e-03 1.105189683907049636e+00
1.792452830188679194e-02 1.637770090043434495e-03 8.028869487990241138e-01
1.792452830188679194e-02 1.763744780776638470e-03 5.737613894492217259e-01
1.792452830188679194e-02 1.862667985691608338e-03 3.989219327335082332e-01
1.792452830188679194e-02 1.983702436765294019e-03 2.706101541044629855e-01
1.792452830188679194e-02 2.102365477020742487e-03 1.816839899730054164e-01
1.792452830188679194e-02 2.252076903686883562e-03 1.175348660827629510e-01
1.792452830188679194e-02 2.366778990850621975e-03 8.064843675370184095e-02
1.792452830188679194e-02 2.517113171761099343e-03 5.765311281288841572e-02
1.792452830188679194e-02 2.668613120211274763e-03 5.231441175559635448e-02
1.792452830188679194e-02 2.820930757336812759e-03 5.869581497709731172e-02
1.792452830188679194e-02 2.973717731615608661e-03 7.351773875185564633e-02
1.792452830188679194e-02 3.126625410029020349e-03 9.583727917381160144e-02
1.792452830188679194e-02 3.279304868728686456e-03 1.260446735110526961e-01
1.792452830188679194e-02 3.491753680682200059e-03 1.593276827125035267e-01
1.792452830188679194e-02 3.646736220863517394e-03 1.893296832249155848e-01
1.792452830188679194e-02 3.800560065966226107e-03 2.301876705896891417e-01
1.792452830188679194e-02 4.024975152865787817e-03 2.649882807746708480e-01
1.792452830188679194e-02 4.179591964793016173e-03 3.062962146075265957e-01
1.792452830188679194e-02 4.412630339280007585e-03 3.430578182682186839e-01
1.792452830188679194e-02 4.567110389167235857e-03 3.882696776932371141e-01
1.792452830188679194e-02 4.808309335788594173e-03 4.213432715800843886e-01
1.792452830188679194e-02 5.055714571094944987e-03 4.641943705882832782e-01
1.792452830188679194e-02 5.210618540070142447e-03 5.017817930396514248e-01
1.792452830188679194e-02 5.465605988105168983e-03 5.360891182727864912e-01
1.792452830188679194e-02 5.726684341522134472e-03 5.761831864496074207e-01
1.792452830188679194e-02 5.880269527201316057e-03 6.151683310804196836e-01
1.792452830188679194e-02 6.148351386315233959e-03 6.446916603173404869e-01
1.792452830188679194e-02 6.422408727597849268e-03 6.780010349042766560e-01
1.792452830188679194e-02 6.702441551049164586e-03 7.146394485522051809e-01
1.792452830188679194e-02 6.853412413249469065e-03 7.506870377759202739e-01
1.792452830188679194e-02 7.139754213897732751e-03 7.766456895174508324e-01
1.792452830188679194e-02 7.431956032791825657e-03 8.037764737246924085e-01
1.792452830188679194e-02 7.730017869931742579e-03 8.336632831327869253e-01
1.792452830188679194e-02 8.033939725317483516e-03 8.651298776753629793e-01
1.792452830188679194e-02 8.343721598949050203e-03 8.972079462716591181e-01
1.792452830188679194e-02 8.488680779820101038e-03 9.234648027293701489e-01
1.792452830188679194e-02 8.803845640150721741e-03 9.468866767394595874e-01
1.792452830188679194e-02 9.124755013262847436e-03 9.710881407781382091e-01
1.792452830188679194e-02 9.451408899156472920e-03 9.966734918326034531e-01
1.792452830188679194e-02 9.783807297831601663e-03 1.022326335705996625e+00
1.792452830188679194e-02 1.012195020928823366e-02 1.048648121189485583e+00
1.792452830188679194e-02 1.046583763352636892e-02 1.074879837916874692e+00
1.792452830188679194e-02 1.081546957054600397e-02 1.102286388149065210e+00
1.792452830188679194e-02 1.094615029158622910e-02 1.122804340433625647e+00
1.759259259259259370e-02 1.209653342077169746e-03 2.781325972779504774e+00
1.759259259259259370e-02 1.327214133443228427e-03 2.076458869956478992e+00
1.759259259259259370e-02 1.426729717564699995e-03 1.564590679205726031e+00
1.759259259259259370e-02 1.520059615181298084e-03 1.161349253866171827e+00
1.759259259259259370e-02 1.626910924698028510e-03 8.497799333904481056e-01
1.759259259259259370e-02 1.729334648570501247e-03 6.094835777110713115e-01
1.759259259259259370e-02 1.851991386596237976e-03 4.295559960222168350e-01
1.759259259259259370e-02 1.973119578268875234e-03 2.960491194399496040e-01
1.759259259259259370e-02 2.092035473728491232e-03 1.966384143984394872e-01
1.759259259259259370e-02 2.208054276965398625e-03 1.284329393813504194e-01
1.759259259259259370e-02 2.356766196715198540e-03 8.767447405884758183e-02
1.759259259259259370e-02 2.467870919966114185e-03 6.427317656561512549e-02
1.759259259259259370e-02 2.616392916663973396e-03 5.326563888758658466e-02
1.759259259259259370e-02 2.765714741116775434e-03 5.623936052603398239e-02
1.759259259259259370e-02 2.915494800014627273e-03 6.949708061750299593e-02
1.759259259259259370e-02 3.065391229105019020e-03 9.171960305402308833e-02
1.759259259259259370e-02 3.270628124387974130e-03 1.210504746230600948e-01
1.759259259259259370e-02 3.423348733102531041e-03 1.459816517340712383e-01
1.759259259259259370e-02 3.575274031674773294e-03 1.791575560893830521e-01
1.759259259259259370e-02 3.792807539901687196e-03 2.203776720350091312e-01
1.759259259259259370e-02 3.946077243575372637e-03 2.514685477472601294e-01
1.759259259259259370e-02 4.097638209186872486e-03 2.975499085745226258e-01
1.759259259259259370e-02 4.326107149587849095e-03 3.288319494151333289e-01
1.759259259259259370e-02 4.560773767780217612e-03 3.742520855105301858e-01
1.759259259259259370e-02 4.713998302475442756e-03 4.081625090778410181e-01
1.759259259259259370e-02 4.956550887554997051e-03 4.472882769817712045e-01
1.759259259259259370e-02 5.108384140428507900e-03 4.908051296166415223e-01
1.759259259259259370e-02 5.358368633734542780e-03 5.221101829936130034e-01
1.759259259259259370e-02 5.614324526446363463e-03 5.596009518590620013e-01
1.759259259259259370e-02 5.876251818563976020e-03 6.026781306325449394e-01
1.759259259259259370e-02 6.027679318780350404e-03 6.319847537808593874e-01
1.759259259259259370e-02 6.296357809064095923e-03 6.634320014550892930e-01
1.759259259259259370e-02 6.570894502307448974e-03 6.984715384708592989e-01
1.759259259259259370e-02 6.851289398510407823e-03 7.363443546428971587e-01
1.759259259259259370e-02 6.999577982980287327e-03 7.649721165446152771e-01
1.759259259259259370e-02 7.286042944776404198e-03 7.908973812094185485e-01
1.759259259259259370e-02 7.578252873901158634e-03 8.197440997964309251e-01
1.759259259259259370e-02 7.876207770354548901e-03 8.503125388607117863e-01
1.759259259259259370e-02 8.179907634136574998e-03 8.816206576993090849e-01
1.759259259259259370e-02 8.321964806410857632e-03 9.132953883054589772e-01
1.759259259259259370e-02 8.630939892636730823e-03 9.360030260499889732e-01
1.759259259259259370e-02 8.945546670575090648e-03 9.595731769766286945e-01
1.759259259259259370e-02 9.265785140225928432e-03 9.846313531997026303e-01
1.759259259259259370e-02 9.591655301589258054e-03 1.009826724831660361e+00
1.759259259259259370e-02 9.923157154665070839e-03 1.035750408608653528e+00
1.759259259259259370e-02 1.026029069945336679e-02 1.061655336242244729e+00
1.759259259259259370e-02 1.060305593595414764e-02 1.088793615840219609e+00
1.759259259259259370e-02 1.073109641392808698e-02 1.113928528469029011e+00
1.727272727272727293e-02 1.186583579457200274e-03 2.928697397866501184e+00
1.727272727272727293e-02 1.316620704736662156e-03 2.163768822574334116e+00
1.727272727272727293e-02 1.399483692148256221e-03 1.636851046004781596e+00
1.727272727272727293e-02 1.509592381476314651e-03 1.223905580186501085e+00
1.727272727272727293e-02 1.595797002595061029e-03 9.001439814983164256e-01
1.727272727272727293e-02 1.719124384389189575e-03 6.520678838589230031e-01
1.727272727272727293e-02 1.816533271765393342e-03 4.592508997724434883e-01
1.727272727272727293e-02 1.935324619967475996e-03 3.168307535112796502e-01
1.727272727272727293e-02 2.051943337118477748e-03 2.135912113192458550e-01
1.727272727272727293e-02 2.165717688632356596e-03 1.456181528276106474e-01
1.727272727272727293e-02 2.311566756061852156e-03 9.309327801127001423e-02
1.727272727272727293e-02 2.458980314049232733e-03 6.793181286193168689e-02
1.727272727272727293e-02 2.566174689779657063e-03 5.896995285773905943e-02
1.727272727272727293e-02 2.712616096193603589e-03 5.813268566752543415e-02
1.727272727272727293e-02 2.859505128692705397e-03 6.944467737553176867e-02
1.727272727272727293e-02 3.057586616726349835e-03 8.826490961329325202e-02
1.727272727272727293e-02 3.207800820530191336e-03 1.086619144466476061e-01
1.727272727272727293e-02 3.357569002078039048e-03 1.357299723326551300e-01
1.727272727272727293e-02 3.506555141171621010e-03 1.717849575203793111e-01
1.727272727272727293e-02 3.719907526161497779e-03 2.049870511325188605e-01
1.727272727272727293e-02 3.870208921907862965e-03 2.403296118292858330e-01
1.727272727272727293e-02 4.092184346556381261e-03 2.810573124940000667e-01
1.727272727272727293e-02 4.242907293569966702e-03 3.166249709086568775e-01
1.727272727272727293e-02 4.473060794502244433e-03 3.572103792205650330e-01
1.727272727272727293e-02 4.623310780076554834e-03 3.966904735059799125e-01
1.727272727272727293e-02 4.861197157919512797e-03 4.319883500962908851e-01
1.727272727272727293e-02 5.105051038969478025e-03 4.761349588376398434e-01
1.727272727272727293e-02 5.255252644848451733e-03 5.094899411271739398e-01
1.727272727272727293e-02 5.506282944195524214e-03 5.442961006388455925e-01
1.727272727272727293e-02 5.763169729847619251e-03 5.850602395490989149e-01
1.727272727272727293e-02 5.911646334576478069e-03 6.203587583039213982e-01
1.727272727272727293e-02 6.175152756909979730e-03 6.498802695499572568e-01
1.727272727272727293e-02 6.444404611643221245e-03 6.832614947406483452e-01
1.727272727272727293e-02 6.719401898776202614e-03 7.196892304500339677e-01
1.727272727272727293e-02 6.864792297207084233e-03 7.541106615859469731e-01
1.727272727272727293e-02 7.145741015535442449e-03 7.787840673617990594e-01
1.727272727272727293e-02 7.432324074614232896e-03 8.065470071774358818e-01
1.727272727272727293e-02 7.724541474443454708e-03 8.361762258682847726e-01
1.727272727272727293e-02 8.022393215023106150e-03 8.666763363678615661e-01
1.727272727272727293e-02 8.325879296353193293e-03 8.999752628257677856e-01
1.727272727272727293e-02 8.464685394568982960e-03 9.256676093685588524e-01
1.727272727272727293e-02 8.773232022326075616e-03 9.485763473087065467e-01
1.727272727272727293e-02 9.087301860669543332e-03 9.730793366043937187e-01
1.727272727272727293e-02 9.406894909599387844e-03 9.977910219262084990e-01
1.727272727272727293e-02 9.732011169115609150e-03 1.023291677749404549e+00
1.727272727272727293e-02 1.006265063921820552e-02 1.048846903428283239e+00
1.727272727272727293e-02 1.039881331990717521e-02 1.075695046095903162e+00
1.727272727272727293e-02 1.074049921118252343e-02 1.102058681040713140e+00
1.696428571428571300e-02 1.164376497471190930e-03 3.089148227538392355e+00
1.696428571428571300e-02 1.291970987076052979e-03 2.252194352074478267e+00
1.696428571428571300e-02 1.389553450553135351e-03 1.708415073596074141e+00
1.696428571428571300e-02 1.481286222532966941e-03 1.281994597968421967e+00
1.696428571428571300e-02 1.586145623846378812e-03 9.481083052187608828e-01
1.696428571428571300e-02 1.686848668193531445e-03 6.889630299700110205e-01
1.696428571428571300e-02 1.807139497950725499e-03 4.943029631193686102e-01
1.696428571428571300e-02 1.898948778471546903e-03 3.450937500425145243e-01
1.696428571428571300e-02 2.042967507187398550e-03 2.370949549549725976e-01
1.696428571428571300e-02 2.157187908432225357e-03 1.548252641218954007e-01
1.696428571428571300e-02 2.268066411777265937e-03 1.041833901615095148e-01
1.696428571428571300e-02 2.412694109327538292e-03 7.016975209926271106e-02
1.696428571428571300e-02 2.558527070111559464e-03 5.641664941603957012e-02
1.696428571428571300e-02 2.705236839093265542e-03 5.566857159892769219e-02
1.696428571428571300e-02 2.852494722677685179e-03 6.358147400673863636e-02
1.696428571428571300e-02 2.999971781125400621e-03 7.836052835715588694e-02
1.696428571428571300e-02 3.147338820550467809e-03 9.961814422762829691e-02
1.696428571428571300e-02 3.294266384470014974e-03 1.285124620691902309e-01
1.696428571428571300e-02 3.500989813927233262e-03 1.644225249287381563e-01
1.696428571428571300e-02 3.649753500628163862e-03 1.921870364419824007e-01
1.696428571428571300e-02 3.797199183501312469e-03 2.315308958169208786e-01
1.696428571428571300e-02 4.014987142301531912e-03 2.659566060345043281e-01
1.696428571428571300e-02 4.162843136663155023e-03 3.064052952103764604e-01
1.696428571428571300e-02 4.388653614112639385e-03 3.420381031201760180e-01
1.696428571428571300e-02 4.536042130842326235e-03 3.869025267923371647e-01
1.696428571428571300e-02 4.769438215072525737e-03 4.182724411872256187e-01
1.696428571428571300e-02 5.008689161164826473e-03 4.590245276807997099e-01
1.696428571428571300e-02 5.156025203351300920e-03 4.982110244223694195e-01
1.696428571428571300e-02 5.402315655534813479e-03 5.302529773534845337e-01
1.696428571428571300e-02 5.654352014344029946e-03 5.686292402021648762e-01
1.696428571428571300e-02 5.799990296040302175e-03 6.098013372899366846e-01
1.696428571428571300e-02 6.058519748917000521e-03 6.373346774291122063e-01
1.696428571428571300e-02 6.322686117515493101e-03 6.689992061735718920e-01
1.696428571428571300e-02 6.592489401835776447e-03 7.039267364872933141e-01
1.696428571428571300e-02 6.867929601877849691e-03 7.417735245213746831e-01
1.696428571428571300e-02 7.010733088461652829e-03 7.674292329816115865e-01
1.696428571428571300e-02 7.291901595759658558e-03 7.940653691022603322e-01
1.696428571428571300e-02 7.578597991494264580e-03 8.227149026810804955e-01
1.696428571428571300e-02 7.870822275665470893e-03 8.523694760070783527e-01
1.696428571428571300e-02 8.168574448273277500e-03 8.849455842366880098e-01
1.696428571428571300e-02 8.304706091441460547e-03 9.158759952350897793e-01
1.696428571428571300e-02 8.607421306430088417e-03 9.380936018969736612e-01
1.696428571428571300e-02 8.915555345446175492e-03 9.620137358145517403e-01
1.696428571428571300e-02 9.229108208489726975e-03 9.862158296815282110e-01
1.696428571428571300e-02 9.548079895560735927e-03 1.011268816542041815e+00
1.696428571428571300e-02 9.872470406659209288e-03 1.036451679010340188e+00
1.696428571428571300e-02 1.020227974178514012e-02 1.062988053018275147e+00
1.696428571428571300e-02 1.053750790093853709e-02 1.089086983755905402e+00
1.666666666666666644e-02 1.142984635102200098e-03 3.262066292985361216e+00
1.666666666666666644e-02 1.282423486226358638e-03 2.337717199731706330e+00
1.666666666666666644e-02 1.379994168237070598e-03 1.784307820079040319e+00
1.666666666666666644e-02 1.471928832671506350e-03 1.344222494266934076e+00
1.666666666666666644e-02 1.556932606802995892e-03 1.000890179344527287e+00
1.666666666666666644e-02 1.677810737009726100e-03 7.340539512050299198e-01
1.666666666666666644e-02 1.773820776890357989e-03 5.237754996687677966e-01
1.666666666666666644e-02 1.890537809715887516e-03 3.681127527879574091e-01
1.666666666666666644e-02 2.005266566951656969e-03 2.517867885132140104e-01
1.666666666666666644e-02 2.117360284564113147e-03 1.688336988186569521e-01
1.666666666666666644e-02 2.260460271290246938e-03 1.147616082291392503e-01
1.666666666666666644e-02 2.368116265671561544e-03 7.751341745910911296e-02
1.666666666666666644e-02 2.511242771272977677e-03 5.726271490360371891e-02
1.666666666666666644e-02 2.655228303065481927e-03 5.234290598814632378e-02
1.666666666666666644e-02 2.799750191844100223e-03 5.799783372744499177e-02
1.666666666666666644e-02 2.944485530995356783e-03 7.205762070794864693e-02
1.666666666666666644e-02 3.089111168781294783e-03 9.385142300171317453e-02
1.666666666666666644e-02 3.233303700191264216e-03 1.242702582637226077e-01
1.666666666666666644e-02 3.436201569207337787e-03 1.508580780936555066e-01
1.666666666666666644e-02 3.582193354793086846e-03 1.819318119917361365e-01
1.666666666666666644e-02 3.793714346187428664e-03 2.237894609885221486e-01
1.666666666666666644e-02 3.940645004664496652e-03 2.530237267933455603e-01
1.666666666666666644e-02 4.085740893067317178e-03 2.981418939278425162e-01
1.666666666666666644e-02 4.307369013923668770e-03 3.287074017657072300e-01
1.666666666666666644e-02 4.534850458500117205e-03 3.721951658841073929e-01
1.666666666666666644e-02 4.681074776777320763e-03 4.061187483352824978e-01
1.666666666666666644e-02 4.915893117757917305e-03 4.433840542581268807e-01
1.666666666666666644e-02 5.060470683551436012e-03 4.882563164847926740e-01
1.666666666666666644e-02 5.302196734871587533e-03 5.174561448063552671e-01
1.666666666666666644e-02 5.549562206264957442e-03 5.533711999464583364e-01
1.666666666666666644e-02 5.802567097731544006e-03 5.941067024736377267e-01
1.666666666666666644e-02 5.946205188515823158e-03 6.257842026566251548e-01
1.666666666666666644e-02 6.205474365920506455e-03 6.556746832674470449e-01
1.666666666666666644e-02 6.470275960301818258e-03 6.890478191625545312e-01
1.666666666666666644e-02 6.740609971659753362e-03 7.255542819030322832e-01
1.666666666666666644e-02 6.880725439715859072e-03 7.568256580756054230e-01
1.666666666666666644e-02 7.156679933575621315e-03 7.822926189423557997e-01
1.666666666666666644e-02 7.438059806224403547e-03 8.099225943621033430e-01
1.666666666666666644e-02 7.724865057662207504e-03 8.386946242863729806e-01
1.666666666666666644e-02 8.017095687889032318e-03 8.705129537434723730e-01
1.666666666666666644e-02 8.314751696904879724e-03 9.029562508509370033e-01
1.666666666666666644e-02 8.447753565788721983e-03 9.281209269639596471e-01
1.666666666666666644e-02 8.750171715681589676e-03 9.514308765900163500e-01
1.666666666666666644e-02 9.057908170368736411e-03 9.750977792288719748e-01
1.666666666666666644e-02 9.370962929850163922e-03 9.996787381589745669e-01
1.666666666666666644e-02 9.689335994125870474e-03 1.024466825052716690e+00
1.666666666666666644e-02 1.001302736319585260e-02 1.050670030761704954e+00
1.666666666666666644e-02 1.034203703706011723e-02 1.076484370538986379e+00
