1.000000000000000000e+03 inf 3.497902978191622214e+00
1.000000000000000000e+03 inf 1.491238800545579668e+00
1.000000000000000000e+03 inf 7.464403465128756077e-01
1.000000000000000000e+03 inf 9.692316734878755335e-01
1.000000000000000000e+03 inf 1.227966801686906972e+00
1.000000000000000000e+03 inf 1.770518423504757521e+00
1.000000000000000000e+03 inf 1.771943533920637748e+00
1.000000000000000000e+03 inf 1.772926296120781675e+00
1.000000000000000000e+03 inf 1.773666668875529151e+00
1.000000000000000000e+03 inf 1.774252534720008434e+00
1.000000000000000000e+03 inf 1.774730445622481056e+00
1.000000000000000000e+03 inf 1.775129779179371425e+00
1.000000000000000000e+03 inf 1.775468905913050399e+00
1.000000000000000000e+03 inf 1.775761821367439097e+00
1.000000000000000000e+03 inf 1.776017635238441139e+00
1.000000000000000000e+03 inf 1.776242899486861981e+00
1.000000000000000000e+03 inf 1.776444356998243546e+00
1.000000000000000000e+03 inf 1.776625217228245956e+00
1.000000000000000000e+03 inf 1.776788849664162617e+00
1.000000000000000000e+03 inf 1.776937877293534918e+00
1.000000000000000000e+03 inf 1.777075918099109142e+00
1.000000000000000000e+03 inf 1.777203027658721179e+00
1.000000000000000000e+03 inf 1.777320979561917369e+00
1.000000000000000000e+03 inf 1.777430673125048211e+00
1.000000000000000000e+03 inf 1.777535272875124805e+00
1.000000000000000000e+03 inf 1.777634445302055388e+00
1.000000000000000000e+03 inf 1.777728528341495640e+00
1.000000000000000000e+03 inf 1.777817683235460855e+00
1.000000000000000000e+03 inf 1.777902869893476456e+00
1.000000000000000000e+03 inf 1.777984375585813792e+00
1.000000000000000000e+03 inf 1.778065793781364867e+00
1.000000000000000000e+03 inf 1.778145604040926475e+00
1.000000000000000000e+03 inf 1.778222654687052540e+00
1.000000000000000000e+03 inf 1.778297173420618993e+00
1.000000000000000000e+03 inf 1.778370313952004844e+00
1.000000000000000000e+03 inf 1.778441854175905945e+00
1.000000000000000000e+03 inf 1.778511668230564169e+00
1.000000000000000000e+03 inf 1.778580290496797556e+00
1.866404715127701408e+01 2.963622306198611255e+31 3.353768600128690380e+00
1.866404715127701408e+01 9.227479105819822275e+31 1.415415219335459440e+00
1.866404715127701408e+01 4.035739184692930718e+32 6.899335791044762800e-01
1.866404715127701408e+01 1.071421915640089970e+33 7.103899725871622994e-01
1.866404715127701408e+01 2.167687567322021111e+33 1.033869052268359345e+00
1.866404715127701408e+01 3.246125539920484758e+33 1.382645210090260868e+00
1.866404715127701408e+01 4.869166373440275686e+33 1.446979188839255359e+00
1.866404715127701408e+01 5.293404291783863209e+33 1.487453002448658967e+00
1.866404715127701408e+01 5.735359803004907082e+33 1.520035691921128640e+00
1.866404715127701408e+01 6.195032907103411341e+33 1.547092184447413921e+00
1.866404715127701408e+01 6.672423604079373680e+33 1.569998786545417468e+00
1.866404715127701408e+01 7.167531893932792946e+33 1.589682511171568002e+00
1.866404715127701408e+01 7.680357776663672598e+33 1.606786369763963496e+00
1.866404715127701408e+01 8.210901252272010330e+33 1.621788695475554487e+00
1.866404715127701408e+01 8.759162320757804989e+33 1.635052654705957176e+00
1.866404715127701408e+01 9.325140982121057728e+33 1.646844332424731494e+00
1.866404715127701408e+01 9.908837236361768547e+33 1.657402250550189748e+00
1.866404715127701408e+01 1.051025108347993975e+34 1.666892979213731474e+00
1.866404715127701408e+01 1.112938252347556904e+34 1.675473933044752339e+00
1.866404715127701408e+01 1.176623155634865755e+34 1.683254259692638310e+00
1.866404715127701408e+01 1.242079818209920300e+34 1.690339191020686194e+00
1.866404715127701408e+01 1.810528854391723598e+34 1.695421061393908024e+00
1.866404715127701408e+01 1.905943222916878056e+34 1.699932009417885581e+00
1.866404715127701408e+01 2.003807603757942410e+34 1.704075765070540260e+00
1.866404715127701408e+01 2.104121996914916198e+34 1.707900705537237940e+00
1.866404715127701408e+01 2.206886402387800572e+34 1.711439186064771079e+00
1.866404715127701408e+01 2.312100820176593688e+34 1.714716200177326400e+00
1.866404715127701408e+01 2.419765250281297390e+34 1.717763551257750043e+00
1.866404715127701408e+01 2.529879692701910296e+34 1.720594650281963345e+00
1.866404715127701408e+01 2.642444147438433789e+34 1.723235667395340176e+00
1.866404715127701408e+01 2.757458614490866484e+34 1.725706716644185512e+00
1.866404715127701408e+01 2.874923093859209305e+34 1.728024802794811077e+00
1.866404715127701408e+01 2.994837585543461790e+34 1.730190227999067520e+00
1.866404715127701408e+01 3.117202089543624401e+34 1.732225085950470422e+00
1.866404715127701408e+01 3.242016605859696214e+34 1.734138702414276478e+00
1.866404715127701408e+01 3.369281134491678153e+34 1.735942373611113032e+00
1.866404715127701408e+01 3.498995675439571140e+34 1.737643767387344607e+00
1.866404715127701408e+01 3.631160228703371486e+34 1.739251225337902218e+00
9.419930589985126446e+00 2.237359280855324062e+14 3.417313074487735580e+00
9.419930589985126446e+00 4.545732751529743125e+14 1.451913830037569797e+00
9.419930589985126446e+00 8.416890114562986250e+14 6.531544585788231494e-01
9.419930589985126446e+00 1.394016547202834750e+15 5.334164320901443324e-01
9.419930589985126446e+00 2.345086603379852000e+15 8.299289534731645324e-01
9.419930589985126446e+00 2.974020127275202500e+15 1.069584342968749713e+00
9.419930589985126446e+00 3.244935547652664000e+15 1.165251573239284966e+00
9.419930589985126446e+00 4.094577446495986500e+15 1.243495429333661750e+00
9.419930589985126446e+00 4.436440823795372000e+15 1.297090570515440966e+00
9.419930589985126446e+00 4.792009191721459000e+15 1.344175169543654125e+00
9.419930589985126446e+00 5.161282550274248000e+15 1.385793180882711528e+00
9.419930589985126446e+00 5.544260899453738000e+15 1.422796448549861870e+00
9.419930589985126446e+00 5.940944239259929000e+15 1.455854734328671185e+00
9.419930589985126446e+00 7.391858634613405000e+15 1.481157013239462694e+00
9.419930589985126446e+00 7.885430313116747000e+15 1.501650805747342776e+00
9.419930589985126446e+00 8.394952243349104000e+15 1.520266959022273046e+00
9.419930589985126446e+00 8.920424425310471000e+15 1.537246879334573268e+00
9.419930589985126446e+00 9.461846859000852000e+15 1.552759368364632131e+00
9.419930589985126446e+00 1.001921954442024800e+16 1.566984416946092473e+00
9.419930589985126446e+00 1.059254248156865600e+16 1.580043769558781452e+00
9.419930589985126446e+00 1.118181567044607600e+16 1.592067100614583008e+00
9.419930589985126446e+00 1.178703911105251000e+16 1.603156568816246352e+00
9.419930589985126446e+00 1.240821280338795600e+16 1.613418543642180847e+00
9.419930589985126446e+00 1.304533674745241600e+16 1.622916150597348395e+00
9.419930589985126446e+00 1.369841094324588600e+16 1.631738320741304094e+00
9.419930589985126446e+00 1.436743539076837200e+16 1.639945369618238669e+00
9.419930589985126446e+00 1.505241009001986800e+16 1.647586742538086124e+00
9.419930589985126446e+00 1.575333504100038000e+16 1.654726127452111006e+00
9.419930589985126446e+00 1.647021024370990400e+16 1.661388160311764839e+00
9.419930589985126446e+00 1.720303569814843800e+16 1.667626679371568166e+00
9.419930589985126446e+00 1.795181140431598800e+16 1.673479617552678489e+00
9.419930589985126446e+00 1.871653736221255200e+16 1.678984069683518543e+00
9.419930589985126446e+00 1.949721357183812400e+16 1.684143026605533500e+00
9.419930589985126446e+00 2.029384003319271200e+16 1.689001881783906089e+00
9.419930589985126446e+00 2.110641674627631600e+16 1.693581067081563862e+00
9.419930589985126446e+00 2.559966953001438000e+16 1.696887734064507214e+00
9.419930589985126446e+00 2.658523566384326400e+16 1.699957819718906249e+00
9.419930589985126446e+00 2.758941689778643200e+16 1.702865725071249559e+00
6.299734748010610730e+00 3.963240472949068546e+08 3.344358895549726540e+00
6.299734748010610730e+00 5.947978589711196423e+08 1.418457592746491969e+00
6.299734748010610730e+00 9.790381217616401911e+08 6.137722782733251448e-01
6.299734748010610730e+00 1.390332080492887735e+09 3.880774585767411966e-01
6.299734748010610730e+00 1.989537342264022350e+09 6.780940529134034112e-01
6.299734748010610730e+00 2.179416406178452015e+09 8.237278271713852629e-01
6.299734748010610730e+00 2.603440844921030521e+09 9.331282077889746507e-01
6.299734748010610730e+00 2.830271936708022594e+09 1.028638626991645655e+00
6.299734748010610730e+00 3.362663389198384285e+09 1.101215889785723823e+00
6.299734748010610730e+00 3.632171488296433449e+09 1.163273047455827269e+00
6.299734748010610730e+00 3.912067479865071774e+09 1.220621769834862480e+00
6.299734748010610730e+00 4.615624973332827568e+09 1.270423227570716351e+00
6.299734748010610730e+00 4.945865840946927071e+09 1.307201927843003819e+00
6.299734748010610730e+00 5.287516181914297104e+09 1.341341016529545849e+00
6.299734748010610730e+00 5.640575996234937668e+09 1.372970689330837324e+00
6.299734748010610730e+00 6.005045283908846855e+09 1.402218051866423121e+00
6.299734748010610730e+00 6.380924044936027527e+09 1.429295112865043293e+00
6.299734748010610730e+00 6.768212279316477776e+09 1.454347399668667329e+00
6.299734748010610730e+00 7.885044762289178848e+09 1.477165019900643861e+00
6.299734748010610730e+00 8.336245277720531464e+09 1.493356046965854222e+00
6.299734748010610730e+00 8.799998512282896042e+09 1.508476253090788477e+00
6.299734748010610730e+00 9.276304465976270676e+09 1.522597059549335219e+00
6.299734748010610730e+00 9.765163138800659180e+09 1.535810824568754285e+00
6.299734748010610730e+00 1.026657453075605583e+10 1.548160247158498981e+00
6.299734748010610730e+00 1.078053864184246445e+10 1.559732124864747771e+00
6.299734748010610730e+00 1.130705547205988503e+10 1.570583327773708238e+00
6.299734748010610730e+00 1.184612502140831566e+10 1.580758185241199598e+00
6.299734748010610730e+00 1.239774728988776207e+10 1.590326652030597865e+00
6.299734748010610730e+00 1.296192227749821663e+10 1.599307406764511441e+00
6.299734748010610730e+00 1.353864998423968315e+10 1.607762505948750142e+00
6.299734748010610730e+00 1.412793041011215973e+10 1.615732856697062569e+00
6.299734748010610730e+00 1.472976355511565018e+10 1.623262406424589077e+00
6.299734748010610730e+00 1.534414941925014687e+10 1.630347488890703911e+00
6.299734748010610730e+00 1.597108800251566315e+10 1.637046187916289863e+00
6.299734748010610730e+00 1.661057930491218567e+10 1.643380872211823496e+00
6.299734748010610730e+00 1.726262332643972015e+10 1.649380944981811759e+00
6.299734748010610730e+00 1.792722006709827042e+10 1.655067954144957554e+00
6.299734748010610730e+00 1.860436952688782120e+10 1.660464069575728230e+00
4.732254047322540735e+00 4.799819209871966159e+05 3.307098065987638336e+00
4.732254047322540735e+00 6.917504147475257050e+05 1.398871292480508011e+00
4.732254047322540735e+00 1.009661035488671390e+06 5.694269511170844122e-01
4.732254047322540735e+00 1.327820332491322421e+06 2.874630579085238891e-01
4.732254047322540735e+00 1.647820237381077139e+06 4.799014896112748230e-01
4.732254047322540735e+00 1.919951484782725573e+06 6.220359398484387459e-01
4.732254047322540735e+00 2.230463083973145112e+06 7.435757355831374982e-01
4.732254047322540735e+00 2.424797584607269149e+06 8.437854934253687933e-01
4.732254047322540735e+00 2.800331304273178335e+06 9.293946388509529699e-01
4.732254047322540735e+00 3.024770053951105103e+06 1.002456980131533504e+00
4.732254047322540735e+00 3.257859547727967147e+06 1.073151909140937610e+00
4.732254047322540735e+00 3.734294893068605568e+06 1.124039931293166150e+00
4.732254047322540735e+00 4.001477949001203291e+06 1.172379015013666148e+00
4.732254047322540735e+00 4.277891897461222485e+06 1.218345026130559283e+00
4.732254047322540735e+00 4.563536738448662683e+06 1.261750262572292502e+00
4.732254047322540735e+00 5.190193869728916325e+06 1.295097286296134964e+00
4.732254047322540735e+00 5.515067962930539623e+06 1.323947474192186835e+00
4.732254047322540735e+00 5.849803327089378610e+06 1.351232136924626737e+00
4.732254047322540735e+00 6.194399962205435149e+06 1.376995671488344897e+00
4.732254047322540735e+00 6.548857868278708309e+06 1.401250552903847479e+00
4.732254047322540735e+00 6.913177045309196226e+06 1.424071799564667673e+00
4.732254047322540735e+00 7.287357493296900764e+06 1.445526039127863260e+00
4.732254047322540735e+00 7.671399212241821922e+06 1.465713529849034913e+00
4.732254047322540735e+00 8.626344387470183894e+06 1.483550596016946832e+00
4.732254047322540735e+00 9.058195479745343328e+06 1.496882139362780251e+00
4.732254047322540735e+00 9.500593817150698975e+06 1.509506709836409666e+00
4.732254047322540735e+00 9.953539399686245248e+06 1.521446350160611694e+00
4.732254047322540735e+00 1.041703222735198960e+07 1.532762389362914313e+00
4.732254047322540735e+00 1.089107230014792457e+07 1.543457135811715508e+00
4.732254047322540735e+00 1.137565961807405576e+07 1.553589873627384765e+00
4.732254047322540735e+00 1.187079418113037944e+07 1.563195994752763607e+00
4.732254047322540735e+00 1.237647598931689747e+07 1.572318876715587344e+00
4.732254047322540735e+00 1.289270504263360985e+07 1.580942980871079317e+00
4.732254047322540735e+00 1.341948134108051658e+07 1.589133106586692268e+00
4.732254047322540735e+00 1.395680488465761580e+07 1.596908873109934568e+00
4.732254047322540735e+00 1.450467567336490937e+07 1.604301561491334294e+00
4.732254047322540735e+00 1.506309370720240287e+07 1.611332332999414696e+00
4.732254047322540735e+00 1.563205898617007770e+07 1.618024113464094693e+00
3.789389708815317448e+00 8.728374945163883240e+03 3.296495586279567291e+00
3.789389708815317448e+00 1.176749245245121165e+04 1.399823555404154929e+00
3.789389708815317448e+00 1.533862742955571775e+04 5.078811681917428933e-01
3.789389708815317448e+00 1.923116923827128267e+04 2.147059120338443428e-01
3.789389708815317448e+00 2.308577775672390999e+04 3.428675834142688728e-01
3.789389708815317448e+00 2.767030676941013007e+04 4.695651680405511508e-01
3.789389708815317448e+00 3.019090598178875734e+04 5.879068855192204346e-01
3.789389708815317448e+00 3.437007397290439258e+04 6.867198665670455338e-01
3.789389708815317448e+00 3.902711888010323310e+04 7.790843681137342713e-01
3.789389708815317448e+00 4.215503369204567571e+04 8.600451125592425416e-01
3.789389708815317448e+00 4.762093440695258323e+04 9.331529163297282992e-01
3.789389708815317448e+00 5.115451092943736876e+04 9.934809409206170061e-01
3.789389708815317448e+00 5.481453750640471117e+04 1.053264299655886305e+00
3.789389708815317448e+00 6.151397290287243231e+04 1.105298865916384932e+00
3.789389708815317448e+00 6.562140465419241809e+04 1.146973778647119246e+00
3.789389708815317448e+00 6.986157208149760845e+04 1.187414265967417837e+00
3.789389708815317448e+00 7.423447518478801067e+04 1.226333578191099560e+00
3.789389708815317448e+00 7.874011396406362473e+04 1.263510137558705226e+00
3.789389708815317448e+00 8.759827988064018427e+04 1.294032936129163591e+00
3.789389708815317448e+00 9.261085624825613922e+04 1.319090694954718312e+00
3.789389708815317448e+00 9.776288605422926776e+04 1.343082232677411891e+00
3.789389708815317448e+00 1.030543692985595699e+05 1.365972345006119859e+00
3.789389708815317448e+00 1.084853059812470456e+05 1.387788786029469312e+00
3.789389708815317448e+00 1.140556961022916512e+05 1.408510793471752010e+00
3.789389708815317448e+00 1.197655396616934449e+05 1.428203440678863956e+00
3.789389708815317448e+00 1.256148366594524123e+05 1.446900009550712074e+00
3.789389708815317448e+00 1.316035870955685386e+05 1.464628635167475323e+00
3.789389708815317448e+00 1.377317909700418531e+05 1.481467071404867220e+00
3.789389708815317448e+00 1.514219184039121901e+05 1.493667084029818737e+00
3.789389708815317448e+00 1.581592845045471622e+05 1.504960539847309375e+00
3.789389708815317448e+00 1.650432921889928111e+05 1.515739540859201817e+00
3.789389708815317448e+00 1.720739414572491369e+05 1.526040032183250794e+00
3.789389708815317448e+00 1.792512323093161103e+05 1.535829777238651328e+00
3.789389708815317448e+00 1.865751647451938188e+05 1.545174726323824022e+00
3.789389708815317448e+00 1.940457387648821459e+05 1.554087363555657575e+00
3.789389708815317448e+00 2.016629543683812080e+05 1.562597279158986385e+00
3.789389708815317448e+00 2.094268115556909761e+05 1.570721818860657759e+00
3.789389708815317448e+00 2.173373103268112754e+05 1.578481743017122074e+00
3.159820389156827058e+00 5.802591713277453209e+02 3.406865192333405012e+00
3.159820389156827058e+00 7.470811646815413951e+02 1.472810082221932104e+00
3.159820389156827058e+00 9.657144505082471824e+02 5.109476533101345863e-01
3.159820389156827058e+00 1.175178795202205492e+03 1.665799369514238959e-01
3.159820389156827058e+00 1.381804730552641104e+03 2.364493250070345276e-01
3.159820389156827058e+00 1.566053969107121020e+03 3.451916031670099194e-01
3.159820389156827058e+00 1.768793712047947338e+03 4.537104449465879652e-01
3.159820389156827058e+00 1.991636028595445850e+03 5.538789316468955004e-01
3.159820389156827058e+00 2.236351321941044716e+03 6.481233043890642920e-01
3.159820389156827058e+00 2.415588647814277465e+03 7.345609826474418513e-01
3.159820389156827058e+00 2.697913473452496874e+03 8.080088551127218022e-01
3.159820389156827058e+00 2.898104499273596048e+03 8.778879244658377434e-01
3.159820389156827058e+00 3.222258692901312770e+03 9.414917466015249037e-01
3.159820389156827058e+00 3.444845761883359501e+03 9.936855903776495857e-01
3.159820389156827058e+00 3.674866165265549171e+03 1.046016765642890700e+00
3.159820389156827058e+00 4.062073526890106223e+03 1.097321427850251219e+00
3.159820389156827058e+00 4.316334251381244940e+03 1.134043960450029420e+00
3.159820389156827058e+00 4.578312839347663612e+03 1.170166041528671430e+00
3.159820389156827058e+00 4.848009290789360421e+03 1.205369915807062098e+00
3.159820389156827058e+00 5.125423605706338094e+03 1.239387839395003965e+00
3.159820389156827058e+00 5.410555784098592994e+03 1.272101090517521405e+00
3.159820389156827058e+00 5.925656112792245040e+03 1.298493057991646715e+00
3.159820389156827058e+00 6.237936546615680527e+03 1.320746121380414140e+00
3.159820389156827058e+00 6.558235593575806888e+03 1.342176309324099925e+00
3.159820389156827058e+00 6.886553253672626852e+03 1.362785944569137708e+00
3.159820389156827058e+00 7.222889526906141327e+03 1.382558312006325618e+00
3.159820389156827058e+00 7.567244413276346677e+03 1.401476374270490544e+00
3.159820389156827058e+00 7.919617912783247448e+03 1.419589257753069766e+00
3.159820389156827058e+00 8.280010025426840002e+03 1.436866246952723802e+00
3.159820389156827058e+00 8.648420751207124340e+03 1.453368468746531583e+00
3.159820389156827058e+00 9.024850090124102280e+03 1.469125970671961046e+00
3.159820389156827058e+00 9.409298042177775642e+03 1.484186439195332330e+00
3.159820389156827058e+00 1.019073696516407472e+04 1.494910784201851861e+00
3.159820389156827058e+00 1.060711496180663562e+04 1.505085356429121113e+00
3.159820389156827058e+00 1.103182978151878706e+04 1.514840518412190029e+00
3.159820389156827058e+00 1.146488142430053631e+04 1.524200831761949981e+00
3.159820389156827058e+00 1.190626989015188337e+04 1.533176599563633946e+00
3.159820389156827058e+00 1.235599517907281734e+04 1.541783661968738173e+00
2.709640616086708587e+00 8.517186602692277120e+01 3.428791103472430990e+00
2.709640616086708587e+00 1.063241887718136383e+02 1.491567458760252318e+00
2.709640616086708587e+00 1.297736228396828722e+02 5.030506913404957370e-01
2.709640616086708587e+00 1.584166374093855438e+02 1.398499978153232293e-01
2.709640616086708587e+00 1.835612918010465648e+02 1.733821290856876196e-01
2.709640616086708587e+00 2.064813783808482128e+02 2.508713151904211625e-01
2.709640616086708587e+00 2.314387208794661319e+02 3.465765098188746673e-01
2.709640616086708587e+00 2.585809487898918633e+02 4.423114261848951623e-01
2.709640616086708587e+00 2.880682278615551013e+02 5.346582379402128327e-01
2.709640616086708587e+00 3.111560934953553215e+02 6.247003289444917895e-01
2.709640616086708587e+00 3.447395438295347958e+02 6.974043676523391522e-01
2.709640616086708587e+00 3.811151400437102552e+02 7.754111646697648963e-01
2.709640616086708587e+00 4.083833421260002865e+02 8.347894244696294486e-01
2.709640616086708587e+00 4.365936318042234916e+02 8.973974031756064562e-01
2.709640616086708587e+00 4.795584468894739416e+02 9.525758358380221891e-01
2.709640616086708587e+00 5.105454109251471664e+02 9.991681950509971877e-01
2.709640616086708587e+00 5.425024016610674380e+02 1.046107025263313339e+00
2.709640616086708587e+00 5.754294190972349270e+02 1.092563562584783821e+00
2.709640616086708587e+00 6.277159895448731959e+02 1.128486449973848060e+00
2.709640616086708587e+00 6.636353516494103815e+02 1.161231348806019747e+00
2.709640616086708587e+00 7.005540159454183140e+02 1.193378170796040250e+00
2.709640616086708587e+00 7.384719824328971072e+02 1.224691890645771775e+00
2.709640616086708587e+00 7.773892511118469884e+02 1.255057928281417379e+00
2.709640616086708587e+00 8.173058219822676165e+02 1.284334274484901561e+00
2.709640616086708587e+00 8.845883254861934120e+02 1.305983379959253732e+00
2.709640616086708587e+00 9.277912355313937951e+02 1.326053270470180401e+00
2.709640616086708587e+00 9.720241487299895198e+02 1.345468096164554872e+00
2.709640616086708587e+00 1.017287065081981041e+03 1.364236736630513258e+00
2.709640616086708587e+00 1.063579984587367790e+03 1.382289437981504499e+00
2.709640616086708587e+00 1.110902907246150107e+03 1.399661298813682730e+00
2.709640616086708587e+00 1.159255833058328108e+03 1.416358827895130679e+00
2.709640616086708587e+00 1.208638762023901791e+03 1.432413266019499698e+00
2.709640616086708587e+00 1.259051694142870247e+03 1.447766754002760337e+00
2.709640616086708587e+00 1.310494629415234840e+03 1.462495969957990916e+00
2.709640616086708587e+00 1.362967567840994889e+03 1.476611802482113323e+00
2.709640616086708587e+00 1.460784163162246841e+03 1.489046507547079790e+00
2.709640616086708587e+00 1.517023146964686248e+03 1.498638190134254256e+00
2.709640616086708587e+00 1.574324357113865744e+03 1.507877710396360538e+00
2.371738859068780680e+00 1.974024838804156445e+01 3.459155043452879497e+00
2.371738859068780680e+00 2.449273160291005524e+01 1.524453320125780165e+00
2.371738859068780680e+00 2.931615953093291793e+01 5.188374364166707942e-01
2.371738859068780680e+00 3.435745851912407289e+01 1.398041797376960715e-01
2.371738859068780680e+00 3.935709092554180444e+01 1.288174029475862570e-01
2.371738859068780680e+00 4.494332279842569733e+01 1.853418037533231533e-01
2.371738859068780680e+00 5.009147179121986682e+01 2.626161719340766032e-01
2.371738859068780680e+00 5.564500013465280404e+01 3.495491254700925365e-01
2.371738859068780680e+00 6.162880859626425689e+01 4.370884701167817576e-01
2.371738859068780680e+00 6.806968513310079061e+01 5.244376898688332123e-01
2.371738859068780680e+00 7.331515112430878389e+01 6.004710614334601848e-01
2.371738859068780680e+00 8.056138087636577438e+01 6.737318612933649309e-01
2.371738859068780680e+00 8.632542376774270565e+01 7.421972192115099398e-01
2.371738859068780680e+00 9.444103678070838725e+01 8.056843144923481193e-01
2.371738859068780680e+00 1.007470855497116986e+02 8.608108051216459833e-01
2.371738859068780680e+00 1.072569204548766777e+02 9.181868177950924803e-01
2.371738859068780680e+00 1.166746282448976899e+02 9.653550539215615123e-01
2.371738859068780680e+00 1.237561591410102437e+02 1.007897154401846462e+00
2.371738859068780680e+00 1.310463112419182323e+02 1.050799317413817269e+00
2.371738859068780680e+00 1.385450845476217125e+02 1.093386838928917859e+00
2.371738859068780680e+00 1.497835670946098503e+02 1.127515582447143005e+00
2.371738859068780680e+00 1.578907053711691617e+02 1.157565953001529868e+00
2.371738859068780680e+00 1.662115017575060563e+02 1.187243506288234718e+00
2.371738859068780680e+00 1.747459562536205055e+02 1.216285307659137338e+00
2.371738859068780680e+00 1.834940688595124811e+02 1.244592594662120355e+00
2.371738859068780680e+00 1.924558395751820399e+02 1.272061136740969989e+00
2.371738859068780680e+00 2.065866264658676528e+02 1.296393217653778240e+00
2.371738859068780680e+00 2.162064627686816891e+02 1.315226544677945864e+00
2.371738859068780680e+00 2.260452081150490073e+02 1.333525580847530367e+00
2.371738859068780680e+00 2.361028625049696359e+02 1.351291285940330988e+00
2.371738859068780680e+00 2.463794259384435179e+02 1.368500294641024517e+00
2.371738859068780680e+00 2.568748984154707387e+02 1.385161755822536200e+00
2.371738859068780680e+00 2.675892799360511844e+02 1.401190904771627999e+00
2.371738859068780680e+00 2.785225705001849974e+02 1.416653536639786104e+00
2.371738859068780680e+00 2.896747701078720638e+02 1.431544665599463251e+00
2.371738859068780680e+00 3.010458787591123837e+02 1.445886151922411322e+00
2.371738859068780680e+00 3.126358964539061276e+02 1.459688597316942671e+00
2.371738859068780680e+00 3.244448231922529544e+02 1.472969322110680768e+00
2.108768035516093153e+00 6.321785141985237111e+00 3.508535955445787557e+00
2.108768035516093153e+00 7.672589282756824502e+00 1.571292771037774205e+00
2.108768035516093153e+00 9.039647716759994012e+00 5.514865469059315739e-01
2.108768035516093153e+00 1.062844445558865658e+01 1.692162530710598634e-01
2.108768035516093153e+00 1.207555502438647999e+01 1.128215604387069193e-01
2.108768035516093153e+00 1.344711619532561997e+01 1.416150895340201887e-01
2.108768035516093153e+00 1.517344937358479839e+01 1.986536420756899735e-01
2.108768035516093153e+00 1.678149046454876014e+01 2.735097337549087793e-01
2.108768035516093153e+00 1.850288581995657822e+01 3.540217695371099538e-01
2.108768035516093153e+00 2.034356646063217511e+01 4.358563734366113218e-01
2.108768035516093153e+00 2.191124649030274085e+01 5.164131406029985882e-01
2.108768035516093153e+00 2.396531088203054338e+01 5.851954984507956592e-01
2.108768035516093153e+00 2.615497260806657565e+01 6.587449302188888023e-01
2.108768035516093153e+00 2.796170485615103019e+01 7.186627791532356202e-01
2.108768035516093153e+00 2.982877324610101866e+01 7.845489209007188158e-01
2.108768035516093153e+00 3.235350876468266534e+01 8.346746834600845544e-01
2.108768035516093153e+00 3.437863867035341769e+01 8.865098662284618403e-01
2.108768035516093153e+00 3.646523963555549130e+01 9.398947458609456795e-01
2.108768035516093153e+00 3.935215900153406920e+01 9.793082841146372175e-01
2.108768035516093153e+00 4.160398064112028749e+01 1.018767902705391970e+00
2.108768035516093153e+00 4.391844955970581310e+01 1.058486702272096069e+00
2.108768035516093153e+00 4.629556575729064605e+01 1.097956947574193931e+00
2.108768035516093153e+00 4.968423212812881218e+01 1.129563992877663736e+00
2.108768035516093153e+00 5.223536615789371496e+01 1.157449899711436636e+00
2.108768035516093153e+00 5.485036724264577401e+01 1.185063529969216933e+00
2.108768035516093153e+00 5.752923538238499646e+01 1.212216005140573705e+00
2.108768035516093153e+00 6.027197057711136807e+01 1.238748341798647790e+00
2.108768035516093153e+00 6.307857282682491018e+01 1.264617494099750994e+00
2.108768035516093153e+00 6.594904213152561567e+01 1.289690228271646699e+00
2.108768035516093153e+00 7.024854759457926434e+01 1.308123040603077047e+00
2.108768035516093153e+00 7.330617107193083370e+01 1.325431446878632569e+00
2.108768035516093153e+00 7.642892735708396401e+01 1.342327175217694624e+00
2.108768035516093153e+00 7.961681645003866947e+01 1.358694891287251405e+00
2.108768035516093153e+00 8.286983835079496430e+01 1.374585158632320336e+00
2.108768035516093153e+00 8.618799305935282007e+01 1.389973613638535888e+00
2.108768035516093153e+00 8.957128057571225099e+01 1.404869767683088133e+00
2.108768035516093153e+00 9.301970089987327128e+01 1.419270878360879395e+00
2.108768035516093153e+00 9.653325403183580988e+01 1.433183837761208057e+00
1.898291537616145552e+00 2.566369616781712715e+00 3.496735046151138171e+00
1.898291537616145552e+00 3.064039869852842823e+00 1.616422089283416241e+00
1.898291537616145552e+00 3.568001478373013846e+00 5.762876391451833280e-01
1.898291537616145552e+00 4.091760218148269956e+00 2.121921156167283495e-01
1.898291537616145552e+00 4.617206052583306963e+00 1.178501011287807487e-01
1.898291537616145552e+00 5.191299481853012487e+00 1.109581114165253679e-01
1.898291537616145552e+00 5.818145591129297856e+00 1.520688693449783746e-01
1.898291537616145552e+00 6.412409201495057331e+00 2.124225067750398765e-01
1.898291537616145552e+00 7.045233189144340713e+00 2.842394180675406057e-01
1.898291537616145552e+00 7.718308245071081153e+00 3.597151789046160175e-01
1.898291537616145552e+00 8.433429396806483069e+00 4.371546401021222938e-01
1.898291537616145552e+00 9.059208132392100765e+00 5.091504762914198512e-01
1.898291537616145552e+00 9.850213843408006653e+00 5.758560679233375446e-01
1.898291537616145552e+00 1.053064655760341140e+01 6.456980929623854504e-01
1.898291537616145552e+00 1.140184791782158946e+01 7.025222364727775615e-01
1.898291537616145552e+00 1.213858533462947342e+01 7.619782449543015534e-01
1.898291537616145552e+00 1.309459915149470710e+01 8.159694211927328578e-01
1.898291537616145552e+00 1.388937184422513305e+01 8.629442527699909826e-01
1.898291537616145552e+00 1.470755846243698173e+01 9.121021007461547203e-01
1.898291537616145552e+00 1.578977121269074146e+01 9.577636194794953983e-01
1.898291537616145552e+00 1.666817116721887260e+01 9.940602014601280789e-01
1.898291537616145552e+00 1.757034736111768325e+01 1.031043574992913658e+00
1.898291537616145552e+00 1.849629979438718408e+01 1.068220196340333050e+00
1.898291537616145552e+00 1.944602846702737153e+01 1.105132977326392929e+00
1.898291537616145552e+00 2.074104975684153729e+01 1.133657695869747073e+00
1.898291537616145552e+00 2.175403362862771317e+01 1.159797070998524582e+00
1.898291537616145552e+00 2.279116810927765613e+01 1.185689862219706736e+00
1.898291537616145552e+00 2.385245319879138393e+01 1.211228102984110766e+00
1.898291537616145552e+00 2.493788889716887880e+01 1.236221835159043492e+00
1.898291537616145552e+00 2.604747520441015851e+01 1.260635344681234393e+00
1.898291537616145552e+00 2.718121212051521240e+01 1.284410060382183749e+00
1.898291537616145552e+00 2.879327475272913262e+01 1.303807606875001968e+00
1.898291537616145552e+00 2.999425675926471513e+01 1.320188586338899794e+00
1.898291537616145552e+00 3.121977642314156043e+01 1.336210939357399541e+00
1.898291537616145552e+00 3.246983374435964720e+01 1.351827653871114476e+00
1.898291537616145552e+00 3.374442872291898254e+01 1.367033241586532499e+00
1.898291537616145552e+00 3.504356135881957357e+01 1.381808976577518333e+00
1.898291537616145552e+00 3.636723165206139896e+01 1.396149055070817102e+00
1.726017441860465240e+00 1.428544826060215156e+00 1.705539822054643384e+00
1.726017441860465240e+00 1.662814229158860346e+00 6.381458153264456534e-01
1.726017441860465240e+00 1.892787492538032801e+00 2.751131449223347403e-01
1.726017441860465240e+00 2.124906745548638565e+00 1.344402390894776089e-01
1.726017441860465240e+00 2.376497347004264071e+00 9.885215944440717273e-02
1.726017441860465240e+00 2.648950613240719232e+00 1.206804329966121858e-01
1.726017441860465240e+00 2.911359498128917700e+00 1.647705874810064253e-01
1.726017441860465240e+00 3.189593627040523849e+00 2.266682150143800034e-01
1.726017441860465240e+00 3.484230335309084214e+00 2.952088296734134421e-01
1.726017441860465240e+00 3.795879274413359816e+00 3.663402463151777533e-01
1.726017441860465240e+00 4.125184802832954745e+00 4.401173648750813516e-01
1.726017441860465240e+00 4.420335430586917802e+00 5.057838464558767066e-01
1.726017441860465240e+00 4.781802488434393261e+00 5.705523774650335112e-01
1.726017441860465240e+00 5.101094617403991727e+00 6.340642494173811539e-01
1.726017441860465240e+00 5.496269109502187611e+00 6.915099438660978759e-01
1.726017441860465240e+00 5.840301623076650905e+00 7.456938623921982590e-01
1.726017441860465240e+00 6.270830297989149926e+00 8.025492110950895874e-01
1.726017441860465240e+00 6.640228532296293729e+00 8.453951471087562952e-01
1.726017441860465240e+00 7.020197781257696334e+00 8.907727665587200638e-01
1.726017441860465240e+00 7.410738044873357744e+00 9.375934489979922404e-01
1.726017441860465240e+00 7.909405190004022757e+00 9.748975460891132760e-01
1.726017441860465240e+00 8.326228650057279523e+00 1.009389147070264503e+00
1.726017441860465240e+00 8.753755137615465642e+00 1.044332263814429673e+00
1.726017441860465240e+00 9.191984652678588219e+00 1.079361939452045505e+00
1.726017441860465240e+00 9.640917195246643701e+00 1.114153570399393889e+00
1.726017441860465240e+00 1.022889808557943248e+01 1.139236524591845434e+00
1.726017441860465240e+00 1.070521316378562027e+01 1.163906078328502680e+00
1.726017441860465240e+00 1.119236727032013867e+01 1.188335910029572950e+00
1.726017441860465240e+00 1.169036040518299124e+01 1.212439006441159428e+00
1.726017441860465240e+00 1.219919256837417620e+01 1.236113476258443811e+00
1.726017441860465240e+00 1.271886375989369533e+01 1.259311951599700219e+00
1.726017441860465240e+00 1.324937397974154507e+01 1.281876941869045217e+00
1.726017441860465240e+00 1.396908031075855128e+01 1.301452942949467451e+00
1.726017441860465240e+00 1.452841010468377014e+01 1.317037464939214697e+00
1.726017441860465240e+00 1.509871910939486916e+01 1.332314777500123837e+00
1.726017441860465240e+00 1.568000732489185545e+01 1.347247692131910313e+00
1.726017441860465240e+00 1.627227475117471656e+01 1.361815575253096267e+00
1.582410260681269332e+00 7.615547021641312364e-01 1.807809472210359258e+00
1.582410260681269332e+00 8.713859218120333372e-01 7.453254435765155339e-01
1.582410260681269332e+00 9.855768170770392578e-01 3.496573848163779252e-01
1.582410260681269332e+00 1.110439411213232086e+00 1.693826109239884303e-01
1.582410260681269332e+00 1.236540829606032066e+00 1.025901686879180652e-01
1.582410260681269332e+00 1.372153411198145712e+00 1.026570420445280379e-01
1.582410260681269332e+00 1.504632410001217169e+00 1.292458045946358325e-01
1.582410260681269332e+00 1.644597627578505472e+00 1.803578630873981514e-01
1.582410260681269332e+00 1.792273675615047246e+00 2.416060455877233615e-01
1.582410260681269332e+00 1.947896645123204706e+00 3.066030901734079772e-01
1.582410260681269332e+00 2.111714902287237461e+00 3.737392209724176295e-01
1.582410260681269332e+00 2.283989953799934636e+00 4.442266128964221239e-01
1.582410260681269332e+00 2.441763328892615270e+00 5.052066089718280084e-01
1.582410260681269332e+00 2.629591026291218103e+00 5.680732252862537024e-01
1.582410260681269332e+00 2.799503667990540734e+00 6.265086908943023891e-01
1.582410260681269332e+00 3.003510886950158998e+00 6.842041923895240130e-01
1.582410260681269332e+00 3.185808062117529538e+00 7.339832681216247323e-01
1.582410260681269332e+00 3.373475694163808214e+00 7.882067041440229405e-01
1.582410260681269332e+00 3.601596521994781863e+00 8.322822283092722317e-01
1.582410260681269332e+00 3.801956753852109738e+00 8.743744980973584546e-01
1.582410260681269332e+00 4.007740270180763176e+00 9.181949347595510513e-01
1.582410260681269332e+00 4.261160585373957588e+00 9.600228755755709775e-01
1.582410260681269332e+00 4.479958206067905735e+00 9.921846984275123349e-01
1.582410260681269332e+00 4.704233374985069105e+00 1.025101670836472412e+00
1.582410260681269332e+00 4.933986092125446810e+00 1.058339132554324102e+00
1.582410260681269332e+00 5.169216357489037073e+00 1.091535087128607362e+00
1.582410260681269332e+00 5.465000459612973316e+00 1.122485944232649135e+00
1.582410260681269332e+00 5.713692136778235842e+00 1.145887280669305675e+00
1.582410260681269332e+00 5.967917126908857561e+00 1.169258940368800292e+00
1.582410260681269332e+00 6.227675430004835810e+00 1.192451049086665327e+00
1.582410260681269332e+00 6.492967046066174142e+00 1.215377772626636599e+00
1.582410260681269332e+00 6.763791975092868114e+00 1.237843311113499656e+00
1.582410260681269332e+00 7.040150217084923057e+00 1.259863702430320531e+00
1.582410260681269332e+00 7.322041772042333641e+00 1.281375115201999204e+00
1.582410260681269332e+00 7.688313879226486236e+00 1.300653969761181417e+00
1.582410260681269332e+00 7.984307613705291296e+00 1.315533018939590182e+00
1.582410260681269332e+00 8.285891995844762548e+00 1.330135026958249700e+00
1.460864216515454395e+00 4.438069262635791490e-01 1.912304632088829281e+00
1.460864216515454395e+00 5.073843177557230133e-01 8.776033175962909549e-01
1.460864216515454395e+00 5.710121228369214874e-01 4.350509569031581480e-01
1.460864216515454395e+00 6.400076323838959080e-01 2.196486894914543853e-01
1.460864216515454395e+00 7.101226672752622981e-01 1.199388743054663198e-01
1.460864216515454395e+00 7.798922653238185010e-01 9.472504892694820489e-02
1.460864216515454395e+00 8.592448593432250314e-01 1.047128836060690349e-01
1.460864216515454395e+00 9.373629779351251301e-01 1.444625567031768698e-01
1.460864216515454395e+00 1.019531360386975338e+00 1.982401765735171961e-01
1.460864216515454395e+00 1.105850396533050839e+00 2.573673206116189882e-01
1.460864216515454395e+00 1.196425269814425763e+00 3.185582408522904529e-01
1.460864216515454395e+00 1.291366275648854867e+00 3.818271141361379017e-01
1.460864216515454395e+00 1.390789166730340920e+00 4.491815526201884401e-01
1.460864216515454395e+00 1.483655410174573364e+00 5.067077591841852025e-01
1.460864216515454395e+00 1.591403952876843331e+00 5.675687003123811580e-01
1.460864216515454395e+00 1.691016015371022529e+00 6.220291538281147448e-01
1.460864216515454395e+00 1.807367506107699029e+00 6.795529298965810039e-01
1.460864216515454395e+00 1.913834805296831698e+00 7.257437405558894161e-01
1.460864216515454395e+00 2.023348863445272539e+00 7.763919248492440195e-01
1.460864216515454395e+00 2.152518248786511990e+00 8.225308744003870798e-01
1.460864216515454395e+00 2.269024774997807636e+00 8.617579783184323716e-01
1.460864216515454395e+00 2.388601751387439798e+00 9.029614620147250470e-01
1.460864216515454395e+00 2.511249177955407585e+00 9.452796185382346117e-01
1.460864216515454395e+00 2.657823690506765146e+00 9.785166279470552952e-01
1.460864216515454395e+00 2.787630646475638851e+00 1.009574472926947797e+00
1.460864216515454395e+00 2.920532337818604773e+00 1.041110488866209272e+00
1.460864216515454395e+00 3.056528764535664244e+00 1.072849573139087465e+00
1.460864216515454395e+00 3.195619926626815044e+00 1.104443817802195360e+00
1.460864216515454395e+00 3.364666615671414895e+00 1.130971129444154233e+00
1.460864216515454395e+00 3.511116385663981099e+00 1.153313269759166593e+00
1.460864216515454395e+00 3.660685795727394609e+00 1.175633381461164584e+00
1.460864216515454395e+00 3.813374845861655427e+00 1.197694612417375293e+00
1.460864216515454395e+00 3.969183536066764884e+00 1.219484894314618373e+00
1.460864216515454395e+00 4.128111866342720759e+00 1.240911276922769924e+00
1.460864216515454395e+00 4.290159836689524830e+00 1.261931885932304542e+00
1.460864216515454395e+00 4.455327447107177541e+00 1.282499583353104544e+00
1.460864216515454395e+00 4.661484235913462726e+00 1.301060040646808913e+00
1.356658336308461221e+00 2.805393137913037571e-01 2.004905197809607742e+00
1.356658336308461221e+00 3.171903046366738588e-01 1.013228943564887130e+00
1.356658336308461221e+00 3.554063894656086520e-01 5.348929563729629688e-01
1.356658336308461221e+00 3.965329543319081607e-01 2.740856699849549827e-01
1.356658336308461221e+00 4.407481713564497805e-01 1.490407186118402616e-01
1.356658336308461221e+00 4.833025496200903381e-01 9.688801637087275653e-02
1.356658336308461221e+00 5.307932636865660969e-01 9.018084911825681449e-02
1.356658336308461221e+00 5.781123976823595578e-01 1.182258807744530349e-01
1.356658336308461221e+00 6.311306906600501199e-01 1.625367380847575205e-01
1.356658336308461221e+00 6.834773756972264414e-01 2.149227337848336472e-01
1.356658336308461221e+00 7.341928779965812835e-01 2.740539933103887660e-01
1.356658336308461221e+00 7.910856408889339608e-01 3.311676569459757191e-01
1.356658336308461221e+00 8.504958859795002102e-01 3.905638298437791311e-01
1.356658336308461221e+00 9.124778509958753059e-01 4.548248334379881297e-01
1.356658336308461221e+00 9.714381686288042772e-01 5.097479190588548592e-01
1.356658336308461221e+00 1.038248042176805219e+00 5.685709475036191396e-01
1.356658336308461221e+00 1.101264189724075582e+00 6.198259956481000366e-01
1.356658336308461221e+00 1.173031832797385876e+00 6.769073174836659490e-01
1.356658336308461221e+00 1.240155429876612647e+00 7.200908311718322574e-01
1.356658336308461221e+00 1.309146453149697242e+00 7.677260460927105568e-01
1.356658336308461221e+00 1.388302045775115401e+00 8.153329534662079325e-01
1.356658336308461221e+00 1.461465178579379076e+00 8.521266025711102809e-01
1.356658336308461221e+00 1.536506965293024551e+00 8.909591995838352929e-01
1.356658336308461221e+00 1.613427405916051827e+00 9.311259062556751509e-01
1.356658336308461221e+00 1.702575304702238057e+00 9.676512913234469604e-01
1.356658336308461221e+00 1.783746437585200351e+00 9.969878834327470241e-01
1.356658336308461221e+00 1.866807713277857328e+00 1.027012697715444123e+00
1.356658336308461221e+00 1.951759131780207657e+00 1.057303242574991309e+00
1.356658336308461221e+00 2.038600693092251781e+00 1.087650136628640185e+00
1.356658336308461221e+00 2.127332397213990145e+00 1.117845999151293679e+00
1.356658336308461221e+00 2.231754772220592820e+00 1.139984401660228075e+00
1.356658336308461221e+00 2.324842388945495664e+00 1.161347009763236571e+00
1.356658336308461221e+00 2.419831909303824080e+00 1.182638169089021307e+00
1.356658336308461221e+00 2.516723333295578513e+00 1.203733221106191742e+00
1.356658336308461221e+00 2.615516660920758962e+00 1.224567307350488132e+00
1.356658336308461221e+00 2.716211892179365872e+00 1.245070006050385647e+00
1.356658336308461221e+00 2.818809027071397466e+00 1.265193441880513969e+00
1.266328978938949579e+00 1.876305628543438186e-01 2.103498961097655773e+00
1.266328978938949579e+00 2.118407940566091330e-01 1.159852385049863877e+00
1.266328978938949579e+00 2.365266865288490061e-01 6.356543152155753607e-01
1.266328978938949579e+00 2.629281234877439699e-01 3.401719639091922431e-01
1.266328978938949579e+00 2.900746327296213067e-01 1.837566210865940741e-01
1.266328978938949579e+00 3.188166769164113012e-01 1.089922219970048539e-01
1.266328978938949579e+00 3.492045325634892117e-01 8.477997988383878525e-02
1.266328978938949579e+00 3.798129352626608557e-01 1.009683389127319642e-01
1.266328978938949579e+00 4.134803392341137029e-01 1.300854745290747350e-01
1.266328978938949579e+00 4.471304178438778032e-01 1.744590485003217617e-01
1.266328978938949579e+00 4.822654557594457936e-01 2.276072749633260284e-01
1.266328978938949579e+00 5.189090763404793361e-01 2.866090149417425126e-01
1.266328978938949579e+00 5.547542586733760217e-01 3.444909800674952338e-01
1.266328978938949579e+00 5.942838486286143862e-01 3.999483661652605271e-01
1.266328978938949579e+00 6.353857080172687910e-01 4.610133229463778126e-01
1.266328978938949579e+00 6.751569306163511808e-01 5.140722023075496860e-01
1.266328978938949579e+00 7.192434293955314306e-01 5.706883727357375813e-01
1.266328978938949579e+00 7.616121812561778004e-01 6.194388697713428815e-01
1.266328978938949579e+00 8.051933934244419611e-01 6.748372088994021301e-01
1.266328978938949579e+00 8.537371545800904737e-01 7.164522199549392401e-01
1.266328978938949579e+00 8.999462634848426346e-01 7.615195360371955768e-01
1.266328978938949579e+00 9.473731819946983324e-01 8.096217316032301436e-01
1.266328978938949579e+00 1.000486301344880813e+00 8.447838140379011485e-01
1.266328978938949579e+00 1.050572535169453481e+00 8.815846984284092525e-01
1.266328978938949579e+00 1.101882042004667106e+00 9.198212630367222920e-01
1.266328978938949579e+00 1.154414821850521466e+00 9.588828288274302558e-01
1.266328978938949579e+00 1.213683906363540066e+00 9.868328255807825578e-01
1.266328978938949579e+00 1.268914109627495845e+00 1.015393346330517144e+00
1.266328978938949579e+00 1.325373167846644717e+00 1.044393411267849237e+00
1.266328978938949579e+00 1.383061081020986682e+00 1.073567759208562622e+00
1.266328978938949579e+00 1.441977849150521962e+00 1.102740046140533448e+00
1.266328978938949579e+00 1.509097334352074604e+00 1.128718762572564316e+00
1.266328978938949579e+00 1.570756753780139903e+00 1.149250681877807434e+00
1.266328978938949579e+00 1.633650733330235472e+00 1.169775900128785739e+00
1.266328978938949579e+00 1.697779273002361311e+00 1.190204639505501927e+00
1.266328978938949579e+00 1.763142372796517643e+00 1.210441181447290848e+00
1.266328978938949579e+00 1.829740032712703357e+00 1.230416800569237301e+00
1.187277385490220549e+00 1.322528354220898206e-01 2.258368649089414149e+00
1.187277385490220549e+00 1.482683827357397510e-01 1.308819180320202946e+00
1.187277385490220549e+00 1.654155661249750719e-01 7.474274962327429606e-01
1.187277385490220549e+00 1.833006537801657176e-01 4.163972671686176907e-01
1.187277385490220549e+00 2.017867355830248732e-01 2.277414671426540582e-01
1.187277385490220549e+00 2.212855848635116585e-01 1.299884371189559684e-01
1.187277385490220549e+00 2.418204276927110596e-01 8.774309299641497306e-02
1.187277385490220549e+00 2.634162491113853366e-01 8.777856103921657938e-02
1.187277385490220549e+00 2.853072992875810843e-01 1.063070073733331372e-01
1.187277385490220549e+00 3.081469251506707141e-01 1.432785679042374027e-01
1.187277385490220549e+00 3.319456228814531284e-01 1.899122601210697925e-01
1.187277385490220549e+00 3.567143010718797913e-01 2.420697606872272145e-01
1.187277385490220549e+00 3.824643049805493966e-01 2.986345730322262360e-01
1.187277385490220549e+00 4.080023405827057914e-01 3.585797244878484169e-01
1.187277385490220549e+00 4.356486332816508766e-01 4.099203579520605545e-01
1.187277385490220549e+00 4.643067618862335988e-01 4.677476521614527538e-01
1.187277385490220549e+00 4.924877188691851870e-01 5.194022521891432653e-01
1.187277385490220549e+00 5.230893874890232276e-01 5.737311643244620285e-01
1.187277385490220549e+00 5.530217732099633743e-01 6.204362773513303342e-01
1.187277385490220549e+00 5.837868991827998011e-01 6.734313109454255208e-01
1.187277385490220549e+00 6.172926801254305929e-01 7.143813374805823013e-01
1.187277385490220549e+00 6.498238331785843869e-01 7.573132357163471218e-01
1.187277385490220549e+00 6.831903082787518233e-01 8.031777429965223369e-01
1.187277385490220549e+00 7.196537213776800224e-01 8.393093670890052760e-01
1.187277385490220549e+00 7.548012969137748440e-01 8.743259037830919400e-01
1.187277385490220549e+00 7.907868278931142747e-01 9.108094558924567652e-01
1.187277385490220549e+00 8.276103143156984254e-01 9.482788398848784883e-01
1.187277385490220549e+00 8.680462766682108811e-01 9.785816029493985546e-01
1.187277385490220549e+00 9.066691234783178510e-01 1.005861503935685297e+00
1.187277385490220549e+00 9.461326126615587917e-01 1.033672968892769273e+00
1.187277385490220549e+00 9.864367442179341472e-01 1.061788873879473405e+00
1.187277385490220549e+00 1.027581518147443251e+00 1.089870885877962658e+00
1.187277385490220549e+00 1.069566934450086881e+00 1.117844920852822721e+00
1.187277385490220549e+00 1.116022053073037590e+00 1.138975756831827058e+00
1.187277385490220549e+00 1.159831211937470519e+00 1.158786963729541375e+00
1.187277385490220549e+00 1.204483755678438239e+00 1.178562045931855540e+00
1.187277385490220549e+00 1.249979684295939864e+00 1.198209791737383290e+00
1.117515586401599759e+00 9.688411828409597415e-02 2.440052249324856426e+00
1.117515586401599759e+00 1.084000969221757954e-01 1.464245447894820806e+00
1.117515586401599759e+00 1.203436164921268120e-01 8.678873958206156924e-01
1.117515586401599759e+00 1.331847135148864492e-01 5.012503690130180045e-01
1.117515586401599759e+00 1.463417338717931948e-01 2.801547272989383108e-01
1.117515586401599759e+00 1.601737777007330721e-01 1.589672039094782718e-01
1.117515586401599759e+00 1.746908724435103921e-01 9.839023355605304444e-02
1.117515586401599759e+00 1.899037567253243353e-01 8.166588994061138584e-02
1.117515586401599759e+00 2.054711513644071064e-01 9.073352440079718306e-02
1.117515586401599759e+00 2.216848001465988038e-01 1.209372851112567038e-01
1.117515586401599759e+00 2.385492464334757479e-01 1.619275266537336111e-01
1.117515586401599759e+00 2.560692001407455787e-01 2.083539260294284545e-01
1.117515586401599759e+00 2.742495471011913710e-01 2.581761172903312973e-01
1.117515586401599759e+00 2.930953591239687794e-01 3.115990615941303110e-01
1.117515586401599759e+00 3.126119048145708512e-01 3.702323797043772236e-01
1.117515586401599759e+00 3.321794800631560074e-01 4.205392589808784054e-01
1.117515586401599759e+00 3.530041384080037647e-01 4.749613515620565440e-01
1.117515586401599759e+00 3.737986902032973680e-01 5.256432903725115624e-01
1.117515586401599759e+00 3.959441899510914298e-01 5.774867688296548840e-01
1.117515586401599759e+00 4.179709409257463815e-01 6.225740305677215369e-01
1.117515586401599759e+00 4.405939047087378824e-01 6.735491347327735578e-01
1.117515586401599759e+00 4.647148908802407052e-01 7.136069669306495111e-01
1.117515586401599759e+00 4.885765854558093424e-01 7.546584883578958403e-01
1.117515586401599759e+00 5.130356520791669039e-01 7.986366479364380710e-01
1.117515586401599759e+00 5.391559258023960188e-01 8.353408052241432236e-01
1.117515586401599759e+00 5.648604553918210591e-01 8.687574975517514675e-01
1.117515586401599759e+00 5.911635380635356096e-01 9.037452223214781366e-01
1.117515586401599759e+00 6.180651738175393373e-01 9.396850040239510538e-01
1.117515586401599759e+00 6.468635180832877918e-01 9.719404981890835682e-01
1.117515586401599759e+00 6.750187632414995642e-01 9.980605362897956301e-01
1.117515586401599759e+00 7.037737651013064033e-01 1.024818725927412633e+00
1.117515586401599759e+00 7.331285236627083091e-01 1.051827886496832232e+00
1.117515586401599759e+00 7.630830389257053925e-01 1.078975799440202721e+00
1.117515586401599759e+00 7.936373108902973206e-01 1.106075916843421991e+00
1.117515586401599759e+00 8.264787725929891860e-01 1.130258609214841892e+00
1.117515586401599759e+00 8.582975227390055029e-01 1.149382612833920403e+00
1.117515586401599759e+00 8.907172566233512168e-01 1.168527462299377317e+00
1.055496916837953547e+00 7.352548587497216570e-02 2.628438364898559865e+00
1.055496916837953547e+00 8.191835883042485056e-02 1.623594811828406481e+00
1.055496916837953547e+00 9.079777640621260193e-02 9.878407287630657230e-01
1.055496916837953547e+00 1.001017051844417111e-01 5.893119471534176146e-01
1.055496916837953547e+00 1.098881354010713546e-01 3.399675284560984556e-01
1.055496916837953547e+00 1.200735292724807446e-01 1.951362825117215760e-01
1.055496916837953547e+00 1.307311772591551180e-01 1.161160654091509814e-01
1.055496916837953547e+00 1.418646916138576186e-01 8.284383933830345714e-02
1.055496916837953547e+00 1.533554257033775958e-01 8.293081064425153470e-02
1.055496916837953547e+00 1.654389618055057132e-01 1.034142210956651708e-01
1.055496916837953547e+00 1.778610670319840936e-01 1.347876828963201490e-01
1.055496916837953547e+00 1.907458744868303635e-01 1.770142385737957791e-01
1.055496916837953547e+00 2.040950671045938525e-01 2.267415764387621935e-01
1.055496916837953547e+00 2.177229717797940223e-01 2.758278338250687023e-01
1.055496916837953547e+00 2.319908025785975270e-01 3.254662527980643483e-01
1.055496916837953547e+00 2.467275365885222282e-01 3.805553630752566141e-01
1.055496916837953547e+00 2.617025890018541134e-01 4.317448431853171398e-01
1.055496916837953547e+00 2.773649873518340137e-01 4.826845029451790614e-01
1.055496916837953547e+00 2.932364540370054895e-01 5.326204135825384212e-01
1.055496916837953547e+00 3.098289424504759859e-01 5.818651621930619466e-01
1.055496916837953547e+00 3.265986464123236122e-01 6.256412885668365398e-01
1.055496916837953547e+00 3.438103045049373807e-01 6.749645776676957976e-01
1.055496916837953547e+00 3.617956488525144731e-01 7.138221552383670065e-01
1.055496916837953547e+00 3.799078223433272061e-01 7.533255774478110345e-01
1.055496916837953547e+00 3.984623555666158001e-01 7.956537810904036334e-01
1.055496916837953547e+00 4.178488124708689133e-01 8.325622432442710830e-01
1.055496916837953547e+00 4.373062054495918116e-01 8.646405300718154052e-01
1.055496916837953547e+00 4.572063709613322646e-01 8.982083628221118055e-01
1.055496916837953547e+00 4.775493090060904389e-01 9.328267625321444712e-01
1.055496916837953547e+00 4.988080085336926706e-01 9.666320688908721648e-01
1.055496916837953547e+00 5.200566404149687960e-01 9.917420153490428270e-01
1.055496916837953547e+00 5.417484650817175895e-01 1.017411637581208783e+00
1.055496916837953547e+00 5.638834825339392731e-01 1.043488224566283318e+00
1.055496916837953547e+00 5.864616927716335137e-01 1.069746383901208908e+00
1.055496916837953547e+00 6.094830957948005334e-01 1.096038074218899094e+00
1.055496916837953547e+00 6.329476916034404432e-01 1.122222788456653575e+00
1.055496916837953547e+00 6.574897753475912321e-01 1.141325767997105167e+00
1.000000000000000000e+00 5.738442315701793028e-02 2.816681911744293387e+00
1.000000000000000000e+00 6.377551020408166182e-02 1.784225858786055774e+00
1.000000000000000000e+00 7.050395668471472199e-02 1.114968675835671830e+00
1.000000000000000000e+00 7.756976259891713854e-02 6.824249020508491581e-01
1.000000000000000000e+00 8.497292794668889759e-02 4.062964502928437804e-01
1.000000000000000000e+00 9.271345272803001303e-02 2.378023214587883238e-01
1.000000000000000000e+00 1.007913369429404710e-01 1.403794207431509899e-01
1.000000000000000000e+00 1.092065805914202714e-01 9.086923071958633025e-02
1.000000000000000000e+00 1.179591836734694144e-01 8.113554462782300580e-02
1.000000000000000000e+00 1.270491461890879137e-01 8.691571311008512712e-02
1.000000000000000000e+00 1.364764681382757416e-01 1.119878714439326295e-01
1.000000000000000000e+00 1.462411495210329260e-01 1.482106337559760956e-01
1.000000000000000000e+00 1.563431903373594667e-01 1.913148437779055022e-01
1.000000000000000000e+00 1.667825905872553360e-01 2.397611264510622897e-01
1.000000000000000000e+00 1.775593502707205618e-01 2.938066410032168507e-01
1.000000000000000000e+00 1.886734693877551161e-01 3.402842773386165476e-01
1.000000000000000000e+00 2.001249479383590268e-01 3.914708894740380751e-01
1.000000000000000000e+00 2.119137859225322940e-01 4.435889954040117544e-01
1.000000000000000000e+00 2.240399833402749175e-01 4.908551840216194839e-01
1.000000000000000000e+00 2.365035401915868696e-01 5.402744317848999778e-01
1.000000000000000000e+00 2.493044564764681503e-01 5.867711620589517452e-01
1.000000000000000000e+00 2.624427321949188152e-01 6.295375429403078371e-01
1.000000000000000000e+00 2.759183673469388087e-01 6.774024735230672611e-01
1.000000000000000000e+00 2.897313619325281309e-01 7.149053513510182922e-01
1.000000000000000000e+00 3.038817159516868371e-01 7.530838128336339032e-01
1.000000000000000000e+00 3.183694294044148165e-01 7.939384148407129249e-01
1.000000000000000000e+00 3.331945022907122356e-01 8.308237635524446940e-01
1.000000000000000000e+00 3.483569346105789277e-01 8.616440452027900321e-01
1.000000000000000000e+00 3.638567263640150040e-01 8.940032925013225995e-01
1.000000000000000000e+00 3.796938775510204089e-01 9.274326453230212763e-01
1.000000000000000000e+00 3.958683881715951980e-01 9.615886561555886392e-01
1.000000000000000000e+00 4.123802582257392602e-01 9.865459075239383369e-01
1.000000000000000000e+00 4.292294877134527620e-01 1.011313989740258990e+00
1.000000000000000000e+00 4.464160766347355369e-01 1.036511512152513470e+00
1.000000000000000000e+00 4.639400249895876960e-01 1.061959615922510203e+00
1.000000000000000000e+00 4.818013327780092947e-01 1.087486959662587571e+00
1.000000000000000000e+00 5.000000000000000000e-01 1.112960968350156676e+00
