1.000000000000000056e-01 1.647821838964447444e-03 2.776205326136012452e+00
1.000000000000000056e-01 1.834411853635864453e-03 1.866305976358386243e+00
1.000000000000000056e-01 2.029144284556005581e-03 1.229760844032388167e+00
1.000000000000000056e-01 2.211235195329163197e-03 7.865412272737655197e-01
1.000000000000000056e-01 2.438382799133442368e-03 4.814495496290873700e-01
1.000000000000000056e-01 2.661658825638955547e-03 2.816597618070392772e-01
1.000000000000000056e-01 2.878494298776325400e-03 1.628636687100370462e-01
1.000000000000000056e-01 3.131171284615645155e-03 9.198567774031422839e-02
1.000000000000000056e-01 3.432651056642306402e-03 6.058044288415313783e-02
1.000000000000000056e-01 3.686706406748235885e-03 5.611332674148586386e-02
1.000000000000000056e-01 3.997628836431747247e-03 7.503971227594838367e-02
1.000000000000000056e-01 4.314576953203004030e-03 1.098321554366646080e-01
1.000000000000000056e-01 4.636709575273377688e-03 1.520706908232071775e-01
1.000000000000000056e-01 4.963181847920809624e-03 1.982338391089817076e-01
1.000000000000000056e-01 5.293145110573493906e-03 2.480813907647690386e-01
1.000000000000000056e-01 5.625746755817000178e-03 3.037138699700035471e-01
1.000000000000000056e-01 6.061563685423185070e-03 3.619096593487831637e-01
1.000000000000000056e-01 6.404639205764017101e-03 4.111078135232417718e-01
1.000000000000000056e-01 6.865133445681048316e-03 4.728014385496666083e-01
1.000000000000000056e-01 7.216431440507889428e-03 5.172244266366514687e-01
1.000000000000000056e-01 7.700498928655024472e-03 5.727576234972949765e-01
1.000000000000000056e-01 8.057756374690645818e-03 6.192105340281705006e-01
1.000000000000000056e-01 8.564289597133642115e-03 6.643739535929867879e-01
1.000000000000000056e-01 9.086262284739028694e-03 7.157879371319886275e-01
1.000000000000000056e-01 9.453119255760557976e-03 7.553263552705010708e-01
1.000000000000000056e-01 9.996172983208548649e-03 7.933725913377718264e-01
1.000000000000000056e-01 1.055439255052082262e-02 8.348006940320691349e-01
1.000000000000000056e-01 1.112777795769737815e-02 8.785064726614726371e-01
1.000000000000000056e-01 1.150451606246197939e-02 9.095691877577835038e-01
1.000000000000000056e-01 1.209731887656128983e-02 9.399339194037272804e-01
1.000000000000000056e-01 1.270501335555584976e-02 9.717331419326937780e-01
1.000000000000000056e-01 1.332759949944565397e-02 1.004397941350106294e+00
1.000000000000000056e-01 1.396507730823070940e-02 1.037564863099006196e+00
1.000000000000000056e-01 1.434776880893155054e-02 1.067657272360089893e+00
1.000000000000000056e-01 1.500271961493098750e-02 1.089481890193456426e+00
1.000000000000000056e-01 1.567228734878963609e-02 1.111903152920412641e+00
1.000000000000000056e-01 1.635647201050749802e-02 1.134542083217138675e+00
1.000000000000000056e-01 1.705527360008457852e-02 1.157196851954658046e+00
1.000000000000000056e-01 1.776869211752087063e-02 1.179816841151933415e+00
1.000000000000000056e-01 1.849672756281638131e-02 1.202387610350894365e+00
1.000000000000000056e-01 1.923937993597110360e-02 1.224638465480571536e+00
1.000000000000000056e-01 1.999664923698504446e-02 1.246554421683158331e+00
1.000000000000000056e-01 2.037735696343040068e-02 1.265490574212372321e+00
1.000000000000000056e-01 2.114904621441043506e-02 1.279718659947608694e+00
1.000000000000000056e-01 2.193507708120567487e-02 1.293876225376263900e+00
1.000000000000000056e-01 2.273544956381612706e-02 1.307879444165875205e+00
1.000000000000000056e-01 2.355016366224178814e-02 1.321713561280928761e+00
1.000000000000000056e-01 2.437921937648266507e-02 1.335289020706466934e+00
1.000000000000000056e-01 2.522261670653875090e-02 1.348627839369840764e+00
1.000000000000000056e-01 2.608035565241004911e-02 1.361701138892916330e+00
9.499999999999998723e-02 1.542852963515979614e-03 3.153097903504650468e+00
9.499999999999998723e-02 1.753991743287516922e-03 2.093825837372850884e+00
9.499999999999998723e-02 1.920427352426312467e-03 1.405011845652877955e+00
9.499999999999998723e-02 2.118986742093523137e-03 9.169543732066922637e-01
9.499999999999998723e-02 2.309458270282930062e-03 5.780475878061048789e-01
9.499999999999998723e-02 2.521787894697103023e-03 3.493217776590236689e-01
9.499999999999998723e-02 2.728270611030259463e-03 2.066661332736678403e-01
9.499999999999998723e-02 2.968594247902972202e-03 1.151908885201597399e-01
9.499999999999998723e-02 3.207988983515523088e-03 7.278243972607753576e-02
9.499999999999998723e-02 3.496913849711922716e-03 5.398378456213182713e-02
9.499999999999998723e-02 3.735060867263748346e-03 6.851920351260371023e-02
9.499999999999998723e-02 4.030846013447591386e-03 8.906071269595315643e-02
9.499999999999998723e-02 4.331417102905074819e-03 1.242355271674496775e-01
9.499999999999998723e-02 4.635982123650201486e-03 1.687741419523471897e-01
9.499999999999998723e-02 4.943745671493770567e-03 2.210493420629322248e-01
9.499999999999998723e-02 5.342155640844017950e-03 2.696183885794137258e-01
9.499999999999998723e-02 5.660920109257719032e-03 3.195058347222218820e-01
9.499999999999998723e-02 5.980759058134360595e-03 3.790228393281351860e-01
9.499999999999998723e-02 6.410776270364498125e-03 4.261142438679287325e-01
9.499999999999998723e-02 6.738180379634922321e-03 4.834432479594605869e-01
9.499999999999998723e-02 7.190167497913789972e-03 5.284694841353725359e-01
9.499999999999998723e-02 7.656825858483857702e-03 5.846491513115784633e-01
9.499999999999998723e-02 7.995933699085059146e-03 6.263230146375595719e-01
9.499999999999998723e-02 8.483266472631478816e-03 6.713921490637843048e-01
9.499999999999998723e-02 8.985014094997245682e-03 7.221314752115299829e-01
9.499999999999998723e-02 9.331865264990578043e-03 7.586761248160474036e-01
9.499999999999998723e-02 9.852987678457198958e-03 7.960978374559388726e-01
9.499999999999998723e-02 1.038826806762928844e-02 8.365493737315885525e-01
9.499999999999998723e-02 1.093770643250684300e-02 8.791674583038338042e-01
9.499999999999998723e-02 1.129223239649549543e-02 9.093579679853776021e-01
9.499999999999998723e-02 1.185948431015459992e-02 9.389537016962017368e-01
9.499999999999998723e-02 1.244063683621251387e-02 9.698429845331726362e-01
9.499999999999998723e-02 1.303568997466923902e-02 1.001592694391541638e+00
9.499999999999998723e-02 1.364464372552477017e-02 1.033946890222896320e+00
9.499999999999998723e-02 1.400282764094602263e-02 1.064743725949298447e+00
9.499999999999998723e-02 1.462777043877252180e-02 1.086079935804957319e+00
9.499999999999998723e-02 1.526635598449447954e-02 1.107854413901501633e+00
9.499999999999998723e-02 1.591858427811189414e-02 1.129825947013839205e+00
9.499999999999998723e-02 1.658445531962476210e-02 1.151919908004030990e+00
9.499999999999998723e-02 1.726396910903308865e-02 1.174107423042362708e+00
9.499999999999998723e-02 1.795712564633687724e-02 1.196091215875348723e+00
9.499999999999998723e-02 1.866392493153611401e-02 1.217845464028635361e+00
9.499999999999998723e-02 1.938436696463080935e-02 1.239282018088236015e+00
9.499999999999998723e-02 2.011845174562096675e-02 1.260441690244101132e+00
9.499999999999998723e-02 2.047099901205913508e-02 1.274467991278019241e+00
9.499999999999998723e-02 2.121794985431700933e-02 1.288304136937713951e+00
9.499999999999998723e-02 2.197828506728384187e-02 1.302030909683568272e+00
9.499999999999998723e-02 2.275200465095963617e-02 1.315549469766765345e+00
9.499999999999998723e-02 2.353910860534439223e-02 1.328880163656769531e+00
9.499999999999998723e-02 2.433959693043811351e-02 1.341977644320898388e+00
9.047619047619047394e-02 1.683241550480928887e-03 2.326526744951117553e+00
9.047619047619047394e-02 1.845227060326392167e-03 1.585150276391455115e+00
9.047619047619047394e-02 2.014096244837036871e-03 1.055486725222102296e+00
9.047619047619047394e-02 2.196047889340839269e-03 6.833270525768171400e-01
9.047619047619047394e-02 2.398792750289438069e-03 4.240358302211751362e-01
9.047619047619047394e-02 2.596221493182129803e-03 2.568161506887296497e-01
9.047619047619047394e-02 2.825723479044337655e-03 1.450682103321426220e-01
9.047619047619047394e-02 3.054542419089206848e-03 8.490503261356900644e-02
9.047619047619047394e-02 3.330193879691651076e-03 6.066627346660961179e-02
9.047619047619047394e-02 3.558227344978411467e-03 5.605485169631944237e-02
9.047619047619047394e-02 3.840720202667939447e-03 7.265009072707041826e-02
9.047619047619047394e-02 4.127910919042885457e-03 1.035230510606510029e-01
9.047619047619047394e-02 4.419055894951930998e-03 1.421297694336500217e-01
9.047619047619047394e-02 4.713408560354207140e-03 1.858664725626350267e-01
9.047619047619047394e-02 5.010219267266362471e-03 2.350143817348199771e-01
9.047619047619047394e-02 5.308735176218717759e-03 2.918528741353441647e-01
9.047619047619047394e-02 5.704662983568685800e-03 3.380574751223583974e-01
9.047619047619047394e-02 6.011430321768777320e-03 3.913463570616184661e-01
9.047619047619047394e-02 6.428657817389645500e-03 4.425760876002284849e-01
9.047619047619047394e-02 6.741688187523042254e-03 4.938054921796371510e-01
9.047619047619047394e-02 7.179239212304721132e-03 5.406767860206611598e-01
9.047619047619047394e-02 7.496534858920082638e-03 5.960491236842349050e-01
9.047619047619047394e-02 7.953430483905440940e-03 6.341505495628358968e-01
9.047619047619047394e-02 8.423840655249861462e-03 6.791779956310639577e-01
9.047619047619047394e-02 8.907765372953352009e-03 7.292883013933674219e-01
9.047619047619047394e-02 9.236773320792557654e-03 7.627436861538718915e-01
9.047619047619047394e-02 9.738576812200392535e-03 7.995281305157805329e-01
9.047619047619047394e-02 1.025365282728737601e-02 8.391639558010737243e-01
9.047619047619047394e-02 1.078200136605351155e-02 8.808555231096359961e-01
9.047619047619047394e-02 1.111676244460380741e-02 9.099022962553029448e-01
9.047619047619047394e-02 1.166151923227757431e-02 9.387419487903694293e-01
9.047619047619047394e-02 1.221930608111005019e-02 9.688234708318443911e-01
9.047619047619047394e-02 1.279012299110123679e-02 9.998392086421037384e-01
9.047619047619047394e-02 1.337396996225113585e-02 1.031245044442730352e+00
9.047619047619047394e-02 1.371039625341482181e-02 1.062709994154870330e+00
9.047619047619047394e-02 1.430893318767955356e-02 1.083451099736659762e+00
9.047619047619047394e-02 1.492025727090967764e-02 1.104584086609639471e+00
9.047619047619047394e-02 1.554436850310519751e-02 1.126008854589513497e+00
9.047619047619047394e-02 1.618126688426610449e-02 1.147681204949362987e+00
9.047619047619047394e-02 1.683095241439241246e-02 1.169276427068614899e+00
9.047619047619047394e-02 1.749342509348410582e-02 1.190757180493973832e+00
9.047619047619047394e-02 1.816868492154119497e-02 1.212013156687135051e+00
9.047619047619047394e-02 1.885673189856367643e-02 1.233077678487213280e+00
9.047619047619047394e-02 1.955756602455155022e-02 1.253863218783165756e+00
9.047619047619047394e-02 1.988537479205340283e-02 1.269923427968890906e+00
9.047619047619047394e-02 2.059795780696541817e-02 1.283470487826542161e+00
9.047619047619047394e-02 2.132308459871407741e-02 1.296865101478765103e+00
9.047619047619047394e-02 2.206075516729935973e-02 1.310125761772557906e+00
9.047619047619047394e-02 2.281096951272128942e-02 1.323189601903917323e+00
8.636363636363636465e-02 1.620543182973891577e-03 2.563646613770099947e+00
8.636363636363636465e-02 1.759232618835651673e-03 1.774039038707081684e+00
8.636363636363636465e-02 1.943650215701510581e-03 1.202019691368437115e+00
8.636363636363636465e-02 2.121468911313050681e-03 7.936855731723797547e-01
8.636363636363636465e-02 2.289840554393438726e-03 5.051140134493389278e-01
8.636363636363636465e-02 2.479289261811193790e-03 3.128255431782404616e-01
8.636363636363636465e-02 2.699238495107928685e-03 1.812009637131344331e-01
8.636363636363636465e-02 2.918727795173903586e-03 1.042830777046750701e-01
8.636363636363636465e-02 3.136339775842917829e-03 6.772485965012564613e-02
8.636363636363636465e-02 3.401772687833864474e-03 5.406392137065686027e-02
8.636363636363636465e-02 3.672527133303236588e-03 6.853663870446466411e-02
8.636363636363636465e-02 3.886551773211280834e-03 8.853051574422161896e-02
8.636363636363636465e-02 4.160375044220932482e-03 1.217943692053350957e-01
8.636363636363636465e-02 4.437173064718921180e-03 1.647018328379600549e-01
8.636363636363636465e-02 4.794759013144593053e-03 2.101233203159463270e-01
8.636363636363636465e-02 5.081597110360898568e-03 2.542124002441841779e-01
8.636363636363636465e-02 5.369528131757097568e-03 3.054268515306884924e-01
8.636363636363636465e-02 5.755597775386873081e-03 3.591636180646812226e-01
8.636363636363636465e-02 6.050523468486789652e-03 4.055783931420827160e-01
8.636363636363636465e-02 6.456383583906878144e-03 4.604311077040595945e-01
8.636363636363636465e-02 6.756424601694997235e-03 5.052661013626467135e-01
8.636363636363636465e-02 7.181152449814021642e-03 5.537371105599100396e-01
8.636363636363636465e-02 7.484420943959283444e-03 6.038574314648633701e-01
8.636363636363636465e-02 7.927091279204715596e-03 6.426297156067124483e-01
8.636363636363636465e-02 8.382479215241732395e-03 6.876036404835266236e-01
8.636363636363636465e-02 8.691375547293454795e-03 7.346050054662160989e-01
8.636363636363636465e-02 9.163549372859881859e-03 7.673256806442247946e-01
8.636363636363636465e-02 9.648212027993683521e-03 8.036166049578638004e-01
8.636363636363636465e-02 1.014536351269485805e-02 8.425718329416930219e-01
8.636363636363636465e-02 1.065500382696340370e-02 8.834757055823556637e-01
8.636363636363636465e-02 1.097203433038191484e-02 9.110260524561950568e-01
8.636363636363636465e-02 1.149684214765892519e-02 9.391961495190308540e-01
8.636363636363636465e-02 1.203390962643566785e-02 9.686500923317444833e-01
8.636363636363636465e-02 1.258323676671214628e-02 9.987953669878251173e-01
8.636363636363636465e-02 1.314482356848835354e-02 1.029630332442658336e+00
8.636363636363636465e-02 1.371867003176429484e-02 1.060679202771472873e+00
8.636363636363636465e-02 1.403690570328808285e-02 1.081437914455062987e+00
8.636363636363636465e-02 1.462406652468840190e-02 1.102053760719480913e+00
8.636363636363636465e-02 1.522325743384002686e-02 1.123082077660026989e+00
8.636363636363636465e-02 1.583447843074296119e-02 1.144169912760128138e+00
8.636363636363636465e-02 1.645772951539719794e-02 1.165267763944419777e+00
8.636363636363636465e-02 1.709301068780274407e-02 1.186241957336608088e+00
8.636363636363636465e-02 1.774032194795959957e-02 1.207117685486842840e+00
8.636363636363636465e-02 1.839966329586776098e-02 1.227794733267557170e+00
8.636363636363636465e-02 1.907103473152722828e-02 1.248186731850401188e+00
8.636363636363636465e-02 1.937677515484729704e-02 1.266019488852417219e+00
8.636363636363636465e-02 2.005891165275380805e-02 1.279224269379186207e+00
8.636363636363636465e-02 2.075284824975916556e-02 1.292354021649946283e+00
8.636363636363636465e-02 2.145858494586337303e-02 1.305327334442012654e+00
8.260869565217392185e-02 1.533327968889318296e-03 2.819819695127467440e+00
8.260869565217392185e-02 1.700869036538025679e-03 1.961451329694207324e+00
8.260869565217392185e-02 1.859523594185148645e-03 1.348593713190373133e+00
8.260869565217392185e-02 2.030495386105168019e-03 9.059870556097135985e-01
8.260869565217392185e-02 2.192691701735027809e-03 5.919402359441020556e-01
8.260869565217392185e-02 2.375057772884550927e-03 3.742489633330575161e-01
8.260869565217392185e-02 2.586516406528118102e-03 2.232023961726361527e-01
8.260869565217392185e-02 2.797718392321313710e-03 1.305226650460507010e-01
8.260869565217392185e-02 3.007324673513744363e-03 7.791726021253136958e-02
8.260869565217392185e-02 3.213986462693838812e-03 6.183889550994574325e-02
8.260869565217392185e-02 3.469578649971377573e-03 5.598020365104376672e-02
8.260869565217392185e-02 3.729502728131127865e-03 7.215509530989645814e-02
8.260869565217392185e-02 3.993095045519643067e-03 1.008023079397229460e-01
8.260869565217392185e-02 4.259689577091264195e-03 1.369191082247283309e-01
8.260869565217392185e-02 4.528617841080371555e-03 1.789096897663783881e-01
8.260869565217392185e-02 4.799208810733348630e-03 2.275737744962555431e-01
8.260869565217392185e-02 5.157135917355707214e-03 2.778464720517268005e-01
8.260869565217392185e-02 5.435379076095143806e-03 3.224218704497117116e-01
8.260869565217392185e-02 5.713493984654443962e-03 3.787696033609158630e-01
8.260869565217392185e-02 6.096746663557576183e-03 4.215887901576093055e-01
8.260869565217392185e-02 6.379616865825461086e-03 4.781466010385262422e-01
8.260869565217392185e-02 6.780657520162981095e-03 5.177161088544051104e-01
8.260869565217392185e-02 7.193922156930484396e-03 5.676333651521621171e-01
8.260869565217392185e-02 7.484447616135822892e-03 6.123126002147302183e-01
8.260869565217392185e-02 7.914406983606511042e-03 6.516747414696052454e-01
8.260869565217392185e-02 8.356373809245015022e-03 6.967248796940170852e-01
8.260869565217392185e-02 8.651217248671195723e-03 7.398281260023235051e-01
8.260869565217392185e-02 9.108782516371798782e-03 7.724249872813354623e-01
8.260869565217392185e-02 9.578138365797093934e-03 8.083235901569374438e-01
8.260869565217392185e-02 1.005928479694708291e-02 8.467128936031655950e-01
8.260869565217392185e-02 1.035780176415368112e-02 8.866280757190233563e-01
8.260869565217392185e-02 1.085322997481662048e-02 9.126510162486449751e-01
8.260869565217392185e-02 1.136023153092182228e-02 9.403264093779617472e-01
8.260869565217392185e-02 1.187880643246928651e-02 9.690122875535788216e-01
8.260869565217392185e-02 1.240895467945900971e-02 9.986621147692614775e-01
8.260869565217392185e-02 1.295067627189099707e-02 1.028770218896988053e+00
8.260869565217392185e-02 1.350397120976524167e-02 1.059067775426644875e+00
8.260869565217392185e-02 1.380431466140852673e-02 1.080025221349221187e+00
8.260869565217392185e-02 1.436991793175885351e-02 1.100283608495793430e+00
8.260869565217392185e-02 1.494687694344440029e-02 1.120747873220153901e+00
8.260869565217392185e-02 1.553519169646516186e-02 1.141355743493242869e+00
8.260869565217392185e-02 1.613486219082114689e-02 1.161949023007918358e+00
8.260869565217392185e-02 1.674588842651235018e-02 1.182544163041412855e+00
8.260869565217392185e-02 1.736827040353877000e-02 1.203027693684007415e+00
8.260869565217392185e-02 1.800200812190041327e-02 1.223299642314924718e+00
8.260869565217392185e-02 1.864710158159726960e-02 1.243328567580574084e+00
8.260869565217392185e-02 1.893300754896644345e-02 1.262615473935490673e+00
8.260869565217392185e-02 1.958799357498060972e-02 1.275554460908872034e+00
8.260869565217392185e-02 2.025411736206500155e-02 1.288381279324797291e+00
7.916666666666666297e-02 1.454886826116455045e-03 3.150151918033079035e+00
7.916666666666666297e-02 1.648535110832189364e-03 2.157441302172887099e+00
7.916666666666666297e-02 1.784011560097380428e-03 1.503913346423653818e+00
7.916666666666666297e-02 1.948866153182287871e-03 1.024898009353424344e+00
7.916666666666666297e-02 2.105553608232768430e-03 6.839615909423613083e-01
7.916666666666666297e-02 2.281594040727172572e-03 4.406793710563701727e-01
7.916666666666666297e-02 2.485459499686056613e-03 2.707130409322070497e-01
7.916666666666666297e-02 2.689254227398746831e-03 1.632536837548556607e-01
7.916666666666666297e-02 2.891709418864292329e-03 9.614243249205445263e-02
7.916666666666666297e-02 3.091547602840083019e-03 6.263761305443313332e-02
7.916666666666666297e-02 3.338043049326368250e-03 5.500960926936987461e-02
7.916666666666666297e-02 3.533559346137608512e-03 6.857292413442366008e-02
7.916666666666666297e-02 3.783079617495287497e-03 8.859233738076507936e-02
7.916666666666666297e-02 4.035410422691295719e-03 1.209646715864840932e-01
7.916666666666666297e-02 4.360618847568525046e-03 1.627777028025788608e-01
7.916666666666666297e-02 4.622249570094362492e-03 2.010420917266387275e-01
7.916666666666666297e-02 4.885002438528764784e-03 2.445910673714973838e-01
7.916666666666666297e-02 5.148237007369181606e-03 2.967939743089678117e-01
7.916666666666666297e-02 5.505553971631242313e-03 3.423717212902937512e-01
7.916666666666666297e-02 5.774292956732726342e-03 3.918308670595063714e-01
7.916666666666666297e-02 6.149057812408482808e-03 4.392132918000680175e-01
7.916666666666666297e-02 6.421609745741119896e-03 4.891147385759070931e-01
7.916666666666666297e-02 6.812991291136229720e-03 5.311245661059829093e-01
7.916666666666666297e-02 7.215949537532784924e-03 5.822954057034874786e-01
7.916666666666666297e-02 7.494822596123446555e-03 6.213535608072111582e-01
7.916666666666666297e-02 7.913358433160091673e-03 6.613569267437116039e-01
7.916666666666666297e-02 8.343265149781847398e-03 7.063639650918817070e-01
7.916666666666666297e-02 8.625288115760621627e-03 7.454912641917341709e-01
7.916666666666666297e-02 9.069730545123099244e-03 7.780242754297108654e-01
7.916666666666666297e-02 9.525337711841540614e-03 8.136146462643263355e-01
7.916666666666666297e-02 9.992109615915947471e-03 8.513858685043247387e-01
7.916666666666666297e-02 1.027642321565973467e-02 8.891296510834655331e-01
7.916666666666666297e-02 1.075647962040049421e-02 9.148161325307330172e-01
7.916666666666666297e-02 1.124749429250144692e-02 9.418493723724639111e-01
7.916666666666666297e-02 1.174946723196259278e-02 9.701356516637033023e-01
7.916666666666666297e-02 1.226239843878393181e-02 9.991391044157926782e-01
7.916666666666666297e-02 1.278628791296546226e-02 1.028546940320517189e+00
7.916666666666666297e-02 1.332113565450718587e-02 1.058232374964536149e+00
7.916666666666666297e-02 1.360524399251470361e-02 1.079259801702602051e+00
7.916666666666666297e-02 1.415150098332976572e-02 1.098986887924467970e+00
7.916666666666666297e-02 1.470850943649243750e-02 1.118999978319229927e+00
7.916666666666666297e-02 1.527626935200271548e-02 1.139115244522767023e+00
7.916666666666666297e-02 1.585478072986060832e-02 1.159339814468849594e+00
7.916666666666666297e-02 1.644404357006610737e-02 1.179546422094607694e+00
7.916666666666666297e-02 1.704405787261921434e-02 1.199620877544206099e+00
7.916666666666666297e-02 1.765482363751992925e-02 1.219522527960451797e+00
7.916666666666666297e-02 1.827634086476825209e-02 1.239131617817785358e+00
7.916666666666666297e-02 1.890860955436418286e-02 1.258429095028361200e+00
7.916666666666666297e-02 1.917492996611891778e-02 1.272341986912737477e+00
7.599999999999999811e-02 1.584692239062524292e-03 2.352820183813720156e+00
7.599999999999999811e-02 1.735237433350273568e-03 1.661207316431283720e+00
7.599999999999999811e-02 1.875230537550368016e-03 1.149657097345620826e+00
7.599999999999999811e-02 2.052329356010177807e-03 7.803583920495685833e-01
7.599999999999999811e-02 2.197334243568572001e-03 5.117440706588030075e-01
7.599999999999999811e-02 2.394371189248782616e-03 3.233983570510106653e-01
7.599999999999999811e-02 2.555658822859631276e-03 2.011283640073996404e-01
7.599999999999999811e-02 2.787539317126351123e-03 1.219904665616653311e-01
7.599999999999999811e-02 2.981251823367355499e-03 7.309340209028200586e-02
7.599999999999999811e-02 3.171424076051386487e-03 5.742475653560746851e-02
7.599999999999999811e-02 3.409512160660505258e-03 5.619569278293079506e-02
7.599999999999999811e-02 3.651049401270670732e-03 7.292722302993868977e-02
7.599999999999999811e-02 3.895434864287362735e-03 1.002137289698896427e-01
7.599999999999999811e-02 4.142065617467283363e-03 1.345521451941196489e-01
7.599999999999999811e-02 4.390336659880382866e-03 1.752149906893786802e-01
7.599999999999999811e-02 4.639640847723286096e-03 2.234003484685114227e-01
7.599999999999999811e-02 4.973231518020143106e-03 2.666779766153081765e-01
7.599999999999999811e-02 5.228718853311166773e-03 3.121749449038200841e-01
7.599999999999999811e-02 5.579453537402028103e-03 3.649496039454945828e-01
7.599999999999999811e-02 5.839518724797474782e-03 4.069977813181299142e-01
7.599999999999999811e-02 6.206607291346677088e-03 4.582448353795848250e-01
7.599999999999999811e-02 6.469638777498881894e-03 5.012788978243289950e-01
7.599999999999999811e-02 6.852289244114307017e-03 5.454095863943470013e-01
7.599999999999999811e-02 7.116668968476116616e-03 5.964963869916972694e-01
7.599999999999999811e-02 7.514087448424459047e-03 6.310518562984857027e-01
7.599999999999999811e-02 7.922303086657707383e-03 6.715086174919571160e-01
7.599999999999999811e-02 8.341315883175865961e-03 7.165038990247891704e-01
7.599999999999999811e-02 8.611572619800807529e-03 7.515894849431012936e-01
7.599999999999999811e-02 9.044164766036869724e-03 7.841061310290138309e-01
7.599999999999999811e-02 9.487357662322068799e-03 8.193254136878395100e-01
7.599999999999999811e-02 9.941151308656408225e-03 8.565496879790779339e-01
7.599999999999999811e-02 1.021245990199252593e-02 8.920683118618510932e-01
7.599999999999999811e-02 1.067864101580328316e-02 9.172611112697213187e-01
7.599999999999999811e-02 1.115522617163899541e-02 9.440102455522132452e-01
7.599999999999999811e-02 1.164221536949967481e-02 9.717493881946841494e-01
7.599999999999999811e-02 1.213960860938531096e-02 1.000120098020840231e+00
7.599999999999999811e-02 1.264740589129591079e-02 1.028966173813895990e+00
7.599999999999999811e-02 1.316560721523146911e-02 1.058182686580850795e+00
7.599999999999999811e-02 1.343489438539549261e-02 1.078863908354576573e+00
7.599999999999999811e-02 1.396369693071052714e-02 1.098179651618142794e+00
7.599999999999999811e-02 1.450270650362629581e-02 1.117721795459509782e+00
7.599999999999999811e-02 1.505192310414280553e-02 1.137487590306506480e+00
7.599999999999999811e-02 1.561134673226004591e-02 1.157335457117731226e+00
7.599999999999999811e-02 1.618097738797802387e-02 1.177136398710105114e+00
7.599999999999999811e-02 1.676081507129673423e-02 1.196840089710036636e+00
7.599999999999999811e-02 1.735085978221618391e-02 1.216316527279974746e+00
7.599999999999999811e-02 1.795111152073636598e-02 1.235542837507812131e+00
7.599999999999999811e-02 1.856157028685728391e-02 1.254500336721973586e+00
7.307692307692308098e-02 1.542704663229660204e-03 2.553208611735613864e+00
7.307692307692308098e-02 1.672590094986847438e-03 1.821060421768479820e+00
7.307692307692308098e-02 1.808483682795307976e-03 1.279587528010236452e+00
7.307692307692308098e-02 1.979984302117686508e-03 8.787942192149078569e-01
7.307692307692308098e-02 2.121000331941720694e-03 5.871012289689881980e-01
7.307692307692308098e-02 2.311865305741659174e-03 3.809466157795013408e-01
7.307692307692308098e-02 2.468766169384702721e-03 2.370078589532917390e-01
7.307692307692308098e-02 2.655276979027868141e-03 1.435977028833676505e-01
7.307692307692308098e-02 2.839538180457556842e-03 9.218152459042880387e-02
7.307692307692308098e-02 3.066379400904060103e-03 5.919528821476050667e-02
7.307692307692308098e-02 3.297247638039223997e-03 5.740939496526842323e-02
7.307692307692308098e-02 3.476828407333296383e-03 6.795711487314688715e-02
7.307692307692308098e-02 3.709366385041499084e-03 8.888446776451817966e-02
7.307692307692308098e-02 3.944015536753856140e-03 1.209141059284700864e-01
7.307692307692308098e-02 4.249551639986703239e-03 1.592600427688343201e-01
7.307692307692308098e-02 4.491959812513358907e-03 1.957929452583763164e-01
7.307692307692308098e-02 4.734943937116843464e-03 2.387617183119539188e-01
7.307692307692308098e-02 4.977922021898402438e-03 2.915538682252698521e-01
7.307692307692308098e-02 5.311833627544179127e-03 3.309611236172612658e-01
7.307692307692308098e-02 5.559120022178103832e-03 3.826612659164206898e-01
7.307692307692308098e-02 5.908581937857995681e-03 4.239994614166476827e-01
7.307692307692308098e-02 6.158639316381526486e-03 4.779098198877951287e-01
7.307692307692308098e-02 6.522895542915481577e-03 5.145270364637515303e-01
7.307692307692308098e-02 6.897616589217264900e-03 5.604485603689333129e-01
7.307692307692308098e-02 7.152473397858584089e-03 6.056866402313469955e-01
7.307692307692308098e-02 7.541043734987863852e-03 6.412377930926065339e-01
7.307692307692308098e-02 7.939891619182617641e-03 6.821380594101026373e-01
7.307692307692308098e-02 8.349017050442848059e-03 7.271429386796106620e-01
7.307692307692308098e-02 8.608416071892034671e-03 7.581142586479858725e-01
7.307692307692308098e-02 9.030255893481409571e-03 7.905372131252579315e-01
7.307692307692308098e-02 9.462185720003004827e-03 8.254255436436173099e-01
7.307692307692308098e-02 9.904205551456820439e-03 8.622564159088004221e-01
7.307692307692308098e-02 1.016354086080563900e-02 8.952028957867179670e-01
7.307692307692308098e-02 1.061713722178653403e-02 9.202459737117387739e-01
7.307692307692308098e-02 1.108063577032872803e-02 9.465652670620261500e-01
7.307692307692308098e-02 1.155403650643221578e-02 9.737550894751911823e-01
7.307692307692308098e-02 1.203733943009700075e-02 1.001628647101312275e+00
7.307692307692308098e-02 1.253054454132307947e-02 1.030061607312876326e+00
7.307692307692308098e-02 1.303365184011045716e-02 1.058626688289301399e+00
7.307692307692308098e-02 1.328933345261526164e-02 1.078874264683922890e+00
7.307692307692308098e-02 1.380231207025308694e-02 1.097750127164857092e+00
7.307692307692308098e-02 1.432500477679009808e-02 1.116970684097031707e+00
7.307692307692308098e-02 1.485741157222629505e-02 1.136379550359617241e+00
7.307692307692308098e-02 1.539953245656168132e-02 1.155832353980663196e+00
7.307692307692308098e-02 1.595136742979625169e-02 1.175268654764057841e+00
7.307692307692308098e-02 1.651291649193000616e-02 1.194547916068772642e+00
7.307692307692308098e-02 1.708417964296294819e-02 1.213643316747632372e+00
7.307692307692308098e-02 1.766515688289508126e-02 1.232517886822237951e+00
7.037037037037037479e-02 1.474018154361867372e-03 2.772245512520257638e+00
7.037037037037037479e-02 1.615532547618489870e-03 1.987362000151096764e+00
7.037037037037037479e-02 1.768056033613641656e-03 1.410235431347237167e+00
7.037037037037037479e-02 1.914131633796030321e-03 9.813691407599990368e-01
7.037037037037037479e-02 2.051538117770384476e-03 6.664368078075308954e-01
7.037037037037037479e-02 2.207427960105355549e-03 4.424100010151417184e-01
7.037037037037037479e-02 2.389728159759698344e-03 2.787130529390291489e-01
7.037037037037037479e-02 2.571142955841369381e-03 1.714853660863450979e-01
7.037037037037037479e-02 2.750568288846086916e-03 1.046137448608668863e-01
7.037037037037037479e-02 2.970872577695170616e-03 7.202198218555380671e-02
7.037037037037037479e-02 3.147120686705611858e-03 5.408600189135553959e-02
7.037037037037037479e-02 3.370625058967305788e-03 5.732266771609614148e-02
7.037037037037037479e-02 3.596859101961017748e-03 7.482152291176152881e-02
7.037037037037037479e-02 3.825273879958021508e-03 1.011632472069061567e-01
7.037037037037037479e-02 4.055318748551800002e-03 1.340643813191577660e-01
7.037037037037037479e-02 4.286441294846923995e-03 1.734938413802015744e-01
7.037037037037037479e-02 4.518087274106844485e-03 2.212341289423071788e-01
7.037037037037037479e-02 4.831668258576686005e-03 2.595511507897818593e-01
7.037037037037037479e-02 5.068303390814129020e-03 3.055638366374865411e-01
7.037037037037037479e-02 5.397247904542812162e-03 3.526904798806510533e-01
7.037037037037037479e-02 5.637406636596981047e-03 3.968426632985279090e-01
7.037037037037037479e-02 5.980992903718752689e-03 4.426575530641501111e-01
7.037037037037037479e-02 6.223204354614488357e-03 4.894888043682671386e-01
7.037037037037037479e-02 6.580709028998505544e-03 5.287248173552787645e-01
7.037037037037037479e-02 6.948197722216019334e-03 5.762848857087810028e-01
7.037037037037037479e-02 7.194194898584323379e-03 6.154457093483184371e-01
7.037037037037037479e-02 7.574697852104147686e-03 6.519356232431714471e-01
7.037037037037037479e-02 7.965005638915861885e-03 6.932449847406410015e-01
7.037037037037037479e-02 8.212032044475323783e-03 7.355676348360120631e-01
7.037037037037037479e-02 8.614447785489373968e-03 7.649577122294661802e-01
7.037037037037037479e-02 9.026488926012500233e-03 7.972915784317190502e-01
7.037037037037037479e-02 9.448155466044702577e-03 8.319848894358508051e-01
7.037037037037037479e-02 9.879447405585982736e-03 8.682232497761407375e-01
7.037037037037037479e-02 1.012770374409438165e-02 8.988036707007067694e-01
7.037037037037037479e-02 1.056983573197342596e-02 9.235515912316283327e-01
7.037037037037037479e-02 1.102141343200107974e-02 9.494203206699461939e-01
7.037037037037037479e-02 1.148243684417733605e-02 9.761913623821858454e-01
7.037037037037037479e-02 1.195290596850220356e-02 1.003720333021312472e+00
7.037037037037037479e-02 1.243282080497567881e-02 1.031549320507767042e+00
7.037037037037037479e-02 1.292218135359775831e-02 1.059563918469840660e+00
7.037037037037037479e-02 1.316530972332216956e-02 1.079181963869107141e+00
7.037037037037037479e-02 1.366387919028214451e-02 1.097772528258762925e+00
7.037037037037037479e-02 1.417171442288969394e-02 1.116663662915161392e+00
7.037037037037037479e-02 1.468881542114482130e-02 1.135695075548774469e+00
7.037037037037037479e-02 1.521518218504752315e-02 1.154795786973830118e+00
7.037037037037037479e-02 1.575081471459779947e-02 1.173814451614161758e+00
7.037037037037037479e-02 1.629571300979565374e-02 1.192720186594799392e+00
7.037037037037037479e-02 1.684987707064108595e-02 1.211456771352857009e+00
6.785714285714285199e-02 1.411118930090002679e-03 3.045480545268950401e+00
6.785714285714285199e-02 1.580327952163863674e-03 2.152518344047798404e+00
6.785714285714285199e-02 1.711665902216114119e-03 1.543273162375024876e+00
6.785714285714285199e-02 1.853944978968078859e-03 1.087690818021193939e+00
6.785714285714285199e-02 1.988070688705382422e-03 7.494618544912219349e-01
6.785714285714285199e-02 2.140071762158721018e-03 5.037615995992500428e-01
6.785714285714285199e-02 2.317539013590839362e-03 3.259403650848723411e-01
6.785714285714285199e-02 2.494311806230046624e-03 2.063774884955024147e-01
6.785714285714285199e-02 2.669334594410892672e-03 1.259809498515339632e-01
6.785714285714285199e-02 2.841545656875028338e-03 7.907539033786546712e-02
6.785714285714285199e-02 3.055971148534544681e-03 5.862615289262777807e-02
6.785714285714285199e-02 3.223499894740929680e-03 5.880556697690789147e-02
6.785714285714285199e-02 3.439713292474165605e-03 6.759572410457656555e-02
6.785714285714285199e-02 3.657991082303504483e-03 8.952144423127801620e-02
6.785714285714285199e-02 3.877805880981072175e-03 1.213936142040989569e-01
6.785714285714285199e-02 4.167014351326965051e-03 1.583570270871198782e-01
6.785714285714285199e-02 4.393320508452613384e-03 1.932338872479540670e-01
6.785714285714285199e-02 4.619756397096789514e-03 2.354072948746074312e-01
6.785714285714285199e-02 4.929642785324833514e-03 2.849775616236879250e-01
6.785714285714285199e-02 5.160291612488194721e-03 3.233061448330053489e-01
6.785714285714285199e-02 5.389652624800447475e-03 3.765690221433551921e-01
6.785714285714285199e-02 5.718138885560250344e-03 4.131405704414127245e-01
6.785714285714285199e-02 6.056341463475630946e-03 4.627743229082815768e-01
6.785714285714285199e-02 6.291196410560501162e-03 5.022907415759451100e-01
6.785714285714285199e-02 6.642517755647145243e-03 5.438846518832229915e-01
6.785714285714285199e-02 7.003383881269059641e-03 5.927339316311459605e-01
6.785714285714285199e-02 7.241101015830087029e-03 6.258052382037063710e-01
6.785714285714285199e-02 7.614219279654115165e-03 6.631379543465996118e-01
6.785714285714285199e-02 7.996710562665992547e-03 7.048322473715923353e-01
6.785714285714285199e-02 8.234648188127193305e-03 7.425247629327419441e-01
6.785714285714285199e-02 8.628522980305745882e-03 7.720923300912352349e-01
6.785714285714285199e-02 9.031598800873017266e-03 8.044519884108507490e-01
6.785714285714285199e-02 9.443875649829005722e-03 8.387359164390311150e-01
6.785714285714285199e-02 9.865353527173709516e-03 8.747474343647897443e-01
6.785714285714285199e-02 1.010331093718045206e-02 9.026738500997748549e-01
6.785714285714285199e-02 1.053495718328765866e-02 9.270847507990360725e-01
6.785714285714285199e-02 1.097563223261191490e-02 9.526263667911203381e-01
6.785714285714285199e-02 1.142533608515321382e-02 9.791336587041850059e-01
6.785714285714285199e-02 1.188406874091155890e-02 1.006117472402810797e+00
6.785714285714285199e-02 1.235183019988694668e-02 1.033447698119718705e+00
6.785714285714285199e-02 1.282862046207938235e-02 1.060917067403368552e+00
6.785714285714285199e-02 1.306011230249050532e-02 1.079876790038533318e+00
6.785714285714285199e-02 1.354550778035252916e-02 1.098172961936224157e+00
6.785714285714285199e-02 1.403975959675800474e-02 1.116711076716421891e+00
6.785714285714285199e-02 1.454286775170692339e-02 1.135409209624817617e+00
6.785714285714285199e-02 1.505483224519929032e-02 1.154104942025416358e+00
6.785714285714285199e-02 1.557565307723510553e-02 1.172763225354389149e+00
6.785714285714285199e-02 1.610533024781436728e-02 1.191307648232992955e+00
6.551724137931033698e-02 1.353311459161082690e-03 3.368007702848542451e+00
6.551724137931033698e-02 1.531771302544838488e-03 2.320973075041524059e+00
6.551724137931033698e-02 1.659921910137340025e-03 1.680301414531527815e+00
6.551724137931033698e-02 1.798731282962919616e-03 1.197404084933565205e+00
6.551724137931033698e-02 1.929862920026341640e-03 8.359101025965182119e-01
6.551724137931033698e-02 2.078310584033288624e-03 5.692928629322333567e-01
6.551724137931033698e-02 2.251356057074156963e-03 3.784033232335508590e-01
6.551724137931033698e-02 2.390475717088222981e-03 2.435500737463002219e-01
6.551724137931033698e-02 2.558030595119685936e-03 1.539944306535549479e-01
6.551724137931033698e-02 2.763335780374395756e-03 9.402805227453805981e-02
6.551724137931033698e-02 2.928220820336296330e-03 6.444966171956686973e-02
6.551724137931033698e-02 3.136719023699533707e-03 5.293080163470771649e-02
6.551724137931033698e-02 3.347853559500642458e-03 5.989920375415273834e-02
6.551724137931033698e-02 3.561120712923982953e-03 7.802661606734112576e-02
6.551724137931033698e-02 3.776015338505698919e-03 1.034597467510904728e-01
6.551724137931033698e-02 3.992030811203415783e-03 1.349152996326079268e-01
6.551724137931033698e-02 4.208658974628642219e-03 1.731597576626878465e-01
6.551724137931033698e-02 4.500763873116416479e-03 2.201444024395288745e-01
6.551724137931033698e-02 4.722238671386787441e-03 2.553177035373392911e-01
6.551724137931033698e-02 4.942970562454935581e-03 3.014209308438788315e-01
6.551724137931033698e-02 5.253699590612887285e-03 3.442216615644509980e-01
6.551724137931033698e-02 5.477084289007475189e-03 3.898454091637929553e-01
6.551724137931033698e-02 5.801029555653559704e-03 4.312892732492886738e-01
6.551724137931033698e-02 6.025714494540627790e-03 4.810141122665035351e-01
6.551724137931033698e-02 6.362210445895213201e-03 5.162852831912003726e-01
6.551724137931033698e-02 6.707848398018053174e-03 5.597959063665212120e-01
6.551724137931033698e-02 6.935217976096121929e-03 6.036578329750358352e-01
6.551724137931033698e-02 7.292574748888711045e-03 6.367426499155646180e-01
6.551724137931033698e-02 7.658908600031644025e-03 6.748409699050328392e-01
6.551724137931033698e-02 8.034219529524922604e-03 7.167361203026388905e-01
6.551724137931033698e-02 8.263647426284211756e-03 7.497735091056335621e-01
6.551724137931033698e-02 8.649678323441316319e-03 7.796091558504102403e-01
6.551724137931033698e-02 9.044521163817108994e-03 8.117626364600936117e-01
6.551724137931033698e-02 9.448175947411588046e-03 8.459819652735528495e-01
6.551724137931033698e-02 9.860642674224753476e-03 8.815578770735523761e-01
6.551724137931033698e-02 1.008898542767524067e-02 9.067178807233993165e-01
6.551724137931033698e-02 1.051100557200249086e-02 9.309061774005558121e-01
6.551724137931033698e-02 1.094167230715126053e-02 9.562767877948735729e-01
6.551724137931033698e-02 1.138098563312155316e-02 9.823087388757930638e-01
6.551724137931033698e-02 1.182894554991336181e-02 1.008855768617041182e+00
6.551724137931033698e-02 1.228555205752669167e-02 1.035682157277089566e+00
6.551724137931033698e-02 1.275080515596154103e-02 1.062751935392957092e+00
6.551724137931033698e-02 1.297146368815921616e-02 1.080892817265857175e+00
6.551724137931033698e-02 1.344476964266980330e-02 1.098867049033015908e+00
6.551724137931033698e-02 1.392655661359477708e-02 1.117096802998716054e+00
6.551724137931033698e-02 1.441682460093413748e-02 1.135408334007470543e+00
6.551724137931033698e-02 1.491557360468788104e-02 1.153762334002619516e+00
6.551724137931033698e-02 1.542280362485601471e-02 1.172061284062018149e+00
6.333333333333333870e-02 1.487050042457512293e-03 2.494223331989094294e+00
6.333333333333333870e-02 1.612278422096863947e-03 1.820855218901451966e+00
6.333333333333333870e-02 1.747905151145163561e-03 1.310186936378736400e+00
6.333333333333333870e-02 1.876294133066739624e-03 9.255358423426165437e-01
6.333333333333333870e-02 2.021482889019812854e-03 6.387641254075171471e-01
6.333333333333333870e-02 2.161489452515377111e-03 4.322167372885361014e-01
6.333333333333333870e-02 2.326982728652787855e-03 2.796001605320418415e-01
6.333333333333333870e-02 2.490982599684227281e-03 1.766884445952374427e-01
6.333333333333333870e-02 2.652512201009591883e-03 1.128873269646386568e-01
6.333333333333333870e-02 2.853142947955402027e-03 7.207097106297814804e-02
6.333333333333333870e-02 3.010604393679219056e-03 6.016611588812787598e-02
6.333333333333333870e-02 3.213133762431178049e-03 5.631083912633663008e-02
6.333333333333333870e-02 3.417693105552931706e-03 6.810351822637153441e-02
6.333333333333333870e-02 3.623796965545220908e-03 9.079222062109582048e-02
6.333333333333333870e-02 3.830958509825025272e-03 1.223190670248620604e-01
6.333333333333333870e-02 4.106404834037618613e-03 1.595339177988528701e-01
6.333333333333333870e-02 4.318997530585426056e-03 1.925952159573608991e-01
6.333333333333333870e-02 4.531349069152951214e-03 2.337971980174613496e-01
6.333333333333333870e-02 4.825444015952891699e-03 2.800640946956920452e-01
6.333333333333333870e-02 5.041123820948741063e-03 3.183067320271941725e-01
6.333333333333333870e-02 5.348368096090115945e-03 3.678811337432694728e-01
6.333333333333333870e-02 5.566079728137221343e-03 4.054434920006615983e-01
6.333333333333333870e-02 5.885834537302001013e-03 4.510087186248686320e-01
6.333333333333333870e-02 6.104277256798756705e-03 4.933729124163677149e-01
6.333333333333333870e-02 6.435902547752656890e-03 5.312262207750879650e-01
6.333333333333333870e-02 6.776299209576141548e-03 5.764194880739835769e-01
6.333333333333333870e-02 6.996625571050951557e-03 6.139817581200114338e-01
6.333333333333333870e-02 7.348092765931442914e-03 6.482407658819240304e-01
6.333333333333333870e-02 7.708172729018240854e-03 6.868947226251715943e-01
6.333333333333333870e-02 8.076865460311348846e-03 7.289491783293116089e-01
6.333333333333333870e-02 8.298294739467868344e-03 7.574088165848977816e-01
6.333333333333333870e-02 8.677097527581660585e-03 7.872607450334316859e-01
6.333333333333333870e-02 9.064354283498847822e-03 8.195288260352184828e-01
6.333333333333333870e-02 9.460065007219433525e-03 8.534715050612565745e-01
6.333333333333333870e-02 9.678703104768445961e-03 8.882897417132856743e-01
6.333333333333333870e-02 1.008356122558309517e-02 9.110037718072143686e-01
6.333333333333333870e-02 1.049671431183602996e-02 9.351253242733661430e-01
6.333333333333333870e-02 1.091816236352724512e-02 9.601010639233161781e-01
6.333333333333333870e-02 1.134790538065674238e-02 9.857681554471739993e-01
6.333333333333333870e-02 1.178594336322452522e-02 1.011861512893519999e+00
6.333333333333333870e-02 1.223227631123059191e-02 1.038332772759297917e+00
6.333333333333333870e-02 1.244339918481609901e-02 1.064808798137397261e+00
6.333333333333333870e-02 1.289743699196825577e-02 1.082149859487124166e+00
6.333333333333333870e-02 1.335961055583023693e-02 1.099846601979603156e+00
6.333333333333333870e-02 1.382991987640204423e-02 1.117713710813728500e+00
6.333333333333333870e-02 1.430836495368367420e-02 1.135707534430292265e+00
6.333333333333333870e-02 1.479494578767513030e-02 1.153708552610545501e+00
6.129032258064515126e-02 1.445731281921800804e-03 2.671637317164641701e+00
6.129032258064515126e-02 1.568271355875016076e-03 1.964517620859178360e+00
6.129032258064515126e-02 1.700968864171468944e-03 1.425747008011930772e+00
6.129032258064515126e-02 1.826836809399002984e-03 1.018112025912768726e+00
6.129032258064515126e-02 1.969026600992434661e-03 7.119505437043740503e-01
6.129032258064515126e-02 2.106368971879860399e-03 4.860019300535330933e-01
6.129032258064515126e-02 2.268393342316514603e-03 3.221231396687829207e-01
6.129032258064515126e-02 2.429121475376174420e-03 2.076739073743451014e-01
6.129032258064515126e-02 2.587614831226890070e-03 1.296965473033424854e-01
6.129032258064515126e-02 2.742929819312171346e-03 8.606776965539883473e-02
6.129032258064515126e-02 2.938753776268759887e-03 5.880216856114457713e-02
6.129032258064515126e-02 3.137139169384953706e-03 5.467932620900270435e-02
6.129032258064515126e-02 3.337620688858045168e-03 6.448183066407783826e-02
6.129032258064515126e-02 3.539731812930633353e-03 8.278452603191352455e-02
6.129032258064515126e-02 3.743004767355709219e-03 1.070393839157237348e-01
6.129032258064515126e-02 3.946970482558225315e-03 1.369740983066404794e-01
6.129032258064515126e-02 4.151158548312378418e-03 1.738428607602127141e-01
6.129032258064515126e-02 4.429612089781991176e-03 2.193105734800860629e-01
6.129032258064515126e-02 4.637752959787198696e-03 2.531867518767345615e-01
6.129032258064515126e-02 4.844861474645487630e-03 2.989809591910417841e-01
6.129032258064515126e-02 5.140144035599858267e-03 3.385879403989830450e-01
6.129032258064515126e-02 5.349174743821022947e-03 3.850913848007996299e-01
6.129032258064515126e-02 5.656469003504934097e-03 4.230307455958992602e-01
6.129032258064515126e-02 5.972345057766482133e-03 4.721936181756798412e-01
6.129032258064515126e-02 6.184859912583157496e-03 5.069264295992158553e-01
6.129032258064515126e-02 6.511978860153976555e-03 5.470635993530686969e-01
6.129032258064515126e-02 6.847527037295500843e-03 5.937126286456009261e-01
6.129032258064515126e-02 7.061187655571946574e-03 6.249643026092888132e-01
6.129032258064515126e-02 7.407208353916384241e-03 6.601588723496442102e-01
6.129032258064515126e-02 7.761505536305859237e-03 6.992793960167726919e-01
6.129032258064515126e-02 7.973965467140485541e-03 7.378043536283303006e-01
6.129032258064515126e-02 8.337963185480098613e-03 7.651884035033128528e-01
6.129032258064515126e-02 8.710084458048746384e-03 7.953504317629935816e-01
6.129032258064515126e-02 9.090329284846434058e-03 8.275165234502448453e-01
6.129032258064515126e-02 9.478697665873161635e-03 8.611456965921437945e-01
6.129032258064515126e-02 9.689055604227760077e-03 8.928925789394138723e-01
6.129032258064515126e-02 1.008604463778534771e-02 9.156552649558715729e-01
6.129032258064515126e-02 1.049100410753791082e-02 9.394727341532604914e-01
6.129032258064515126e-02 1.090393401348545288e-02 9.641651836787630270e-01
6.129032258064515126e-02 1.132483435562797389e-02 9.894372853445676519e-01
6.129032258064515126e-02 1.175370513396547557e-02 1.015227851924378255e+00
6.129032258064515126e-02 1.219054634849795447e-02 1.041323519900192007e+00
6.129032258064515126e-02 1.239231846455586886e-02 1.066546547749807505e+00
6.129032258064515126e-02 1.283639134452753232e-02 1.083646793702621292e+00
6.129032258064515126e-02 1.328828135034839340e-02 1.101010290234135658e+00
6.129032258064515126e-02 1.374798848201844864e-02 1.118588967715489879e+00
6.129032258064515126e-02 1.421551273953770324e-02 1.136240433335764521e+00
5.937500000000000416e-02 1.392864862338862378e-03 2.889321035924110603e+00
5.937500000000000416e-02 1.544237335190987550e-03 2.109489029857855247e+00
5.937500000000000416e-02 1.657496661452402022e-03 1.543818480176823327e+00
5.937500000000000416e-02 1.781039859073802866e-03 1.113428578030465799e+00
5.937500000000000416e-02 1.920461214242710638e-03 7.886409939049415785e-01
5.937500000000000416e-02 2.055346449566996907e-03 5.445544608258671149e-01
5.937500000000000416e-02 2.214166782199853550e-03 3.708010448872769427e-01
5.937500000000000416e-02 2.338969860194049875e-03 2.426895052994348934e-01
5.937500000000000416e-02 2.527566268069535941e-03 1.565023961281213905e-01
5.937500000000000416e-02 2.680334618921461753e-03 9.655389978442063814e-02
5.937500000000000416e-02 2.829266848993402042e-03 7.116490375561300430e-02
5.937500000000000416e-02 3.020166829939054456e-03 5.431146331330519161e-02
5.937500000000000416e-02 3.213071128515960096e-03 5.602936601001601985e-02
5.937500000000000416e-02 3.407530095968809482e-03 7.000712321804553051e-02
5.937500000000000416e-02 3.603092913660775522e-03 9.292513625404381916e-02
5.937500000000000416e-02 3.799307553127755869e-03 1.238762071038239237e-01
5.937500000000000416e-02 4.063001131966164671e-03 1.624047704279778792e-01
5.937500000000000416e-02 4.263747737871599781e-03 1.935123590803943527e-01
5.937500000000000416e-02 4.463940366304017075e-03 2.334576545014500071e-01
5.937500000000000416e-02 4.744556209398944832e-03 2.775045956319597829e-01
5.937500000000000416e-02 4.947328541892882965e-03 3.152783194128615518e-01
5.937500000000000416e-02 5.239941103453387046e-03 3.617732959605381438e-01
5.937500000000000416e-02 5.444089768236804079e-03 4.000521000585819387e-01
5.937500000000000416e-02 5.748105859188731327e-03 4.424350150256453063e-01
5.937500000000000416e-02 5.952423716269270547e-03 4.868006093362992615e-01
5.937500000000000416e-02 6.267249049273190473e-03 5.216070674470701940e-01
5.937500000000000416e-02 6.590186828915467129e-03 5.637236028510832497e-01
5.937500000000000416e-02 6.795564199391136880e-03 6.049457686100776499e-01
5.937500000000000416e-02 7.128568501870238133e-03 6.364697102209179169e-01
5.937500000000000416e-02 7.469537948658868526e-03 6.724597332595372290e-01
5.937500000000000416e-02 7.818472539757025455e-03 7.120811505643299677e-01
5.937500000000000416e-02 8.024005413654718838e-03 7.455045803160699203e-01
5.937500000000000416e-02 8.382114827093559845e-03 7.734098948902625725e-01
5.937500000000000416e-02 8.748041910347186326e-03 8.036597109089749225e-01
5.937500000000000416e-02 9.121786663415598281e-03 8.356598875901652956e-01
5.937500000000000416e-02 9.503349086298795712e-03 8.690848654102383275e-01
5.937500000000000416e-02 9.705887742086508410e-03 8.978429919590458219e-01
5.937500000000000416e-02 1.009558373240450335e-02 9.204023724425102193e-01
5.937500000000000416e-02 1.049294974221399480e-02 9.440274726068522693e-01
5.937500000000000416e-02 1.089798577151498450e-02 9.683918835964051564e-01
5.937500000000000416e-02 1.131069182030747244e-02 9.934211873720154573e-01
5.937500000000000416e-02 1.173106788859145516e-02 1.018884950782993792e+00
5.937500000000000416e-02 1.215911397636693786e-02 1.044585590586759150e+00
5.937500000000000416e-02 1.235208059081283061e-02 1.068485715244988699e+00
5.937500000000000416e-02 1.278692100820644564e-02 1.085287422618360420e+00
5.937500000000000416e-02 1.322928361512250642e-02 1.102396892425576702e+00
5.937500000000000416e-02 1.367916841156101120e-02 1.119648009921283993e+00
5.757575757575757874e-02 1.343695523837564040e-03 3.145311883209847448e+00
5.757575757575757874e-02 1.505795410874917516e-03 2.254040180745769284e+00
5.757575757575757874e-02 1.617122270655505737e-03 1.664159348723188714e+00
5.757575757575757874e-02 1.738515350551706742e-03 1.211290886309909220e+00
5.757575757575757874e-02 1.875373609694313323e-03 8.686370671144314493e-01
5.757575757575757874e-02 2.007985952241525974e-03 6.076334777949385924e-01
5.757575757575757874e-02 2.135037105432925197e-03 4.147926671598221038e-01
5.757575757575757874e-02 2.286989031028611227e-03 2.744793258789914314e-01
5.757575757575757874e-02 2.436977704266372544e-03 1.775258512084407769e-01
5.757575757575757874e-02 2.584127358053059289e-03 1.178577842978994761e-01
5.757575757575757874e-02 2.769110075222119740e-03 7.408236218599408007e-02
5.757575757575757874e-02 2.956593144229876288e-03 5.846190360107736406e-02
5.757575757575757874e-02 3.097381296102246200e-03 5.988788071429231724e-02
5.757575757575757874e-02 3.284738963062246858e-03 6.841056326389644004e-02
5.757575757575757874e-02 3.473147498936349914e-03 8.893350028424625020e-02
5.757575757575757874e-02 3.722867173419035572e-03 1.120409005476409592e-01
5.757575757575757874e-02 3.916346235744118907e-03 1.401473893747661459e-01
5.757575757575757874e-02 4.109715583274636819e-03 1.754385217550394893e-01
5.757575757575757874e-02 4.376445549865353411e-03 2.203794370819118220e-01
5.757575757575757874e-02 4.573005663248318892e-03 2.526510810944205820e-01
5.757575757575757874e-02 4.768288378546221146e-03 2.977925633034705366e-01
5.757575757575757874e-02 5.050311507774618396e-03 3.351009991391794562e-01
5.757575757575757874e-02 5.246895166912226779e-03 3.819508290774104031e-01
5.757575757575757874e-02 5.539899255049413919e-03 4.172364839383969071e-01
5.757575757575757874e-02 5.840863746835050357e-03 4.633093504403308915e-01
5.757575757575757874e-02 6.040030487949748367e-03 4.999665291795885036e-01
5.757575757575757874e-02 6.351260186883820984e-03 5.373034625646496698e-01
5.757575757575757874e-02 6.670308216419135877e-03 5.811567438468741020e-01
5.757575757575757874e-02 6.869882077368032018e-03 6.157696472908054108e-01
5.757575757575757874e-02 7.198478189028982913e-03 6.484385721566302552e-01
5.757575757575757874e-02 7.534750400333408565e-03 6.852249986108798208e-01
5.757575757575757874e-02 7.878698711281306374e-03 7.250201873737214253e-01
5.757575757575757874e-02 8.077650083798309025e-03 7.536710097630753280e-01
5.757575757575757874e-02 8.430285545812453429e-03 7.818684374305859830e-01
5.757575757575757874e-02 8.790454715314159964e-03 8.121128781548165865e-01
5.757575757575757874e-02 9.158157592303433833e-03 8.440423259166860426e-01
5.757575757575757874e-02 9.533394176780273302e-03 8.773855317464367420e-01
5.757575757575757874e-02 9.728525586588114907e-03 9.028689317321755281e-01
5.757575757575757874e-02 1.011144404837688651e-02 9.253359305081902964e-01
5.757575757575757874e-02 1.050175366087575946e-02 9.487079700467235810e-01
5.757575757575757874e-02 1.089945442408473547e-02 9.728970162109953357e-01
5.757575757575757874e-02 1.130454633800381456e-02 9.976551963944290113e-01
5.757575757575757874e-02 1.171702940263299672e-02 1.022767098366261118e+00
5.757575757575757874e-02 1.213690361797227675e-02 1.048110047557033742e+00
5.757575757575757874e-02 1.232155174193759646e-02 1.070534588932736231e+00
5.757575757575757874e-02 1.274781493276488931e-02 1.087121682947223000e+00
5.757575757575757874e-02 1.318132654933548524e-02 1.103922468840233151e+00
5.588235294117646634e-02 1.297851190126555164e-03 3.436617473513473797e+00
5.588235294117646634e-02 1.469993055657657687e-03 2.401000461285796028e+00
5.588235294117646634e-02 1.579528930532348840e-03 1.786549014059444662e+00
5.588235294117646634e-02 1.698927898339034920e-03 1.311518449447285128e+00
5.588235294117646634e-02 1.810869830393237352e-03 9.508802066415085186e-01
5.588235294117646634e-02 1.938788423458189403e-03 6.750091288721276062e-01
5.588235294117646634e-02 2.089171436577561772e-03 4.638037149841667262e-01
5.588235294117646634e-02 2.238628349465995957e-03 3.139834084028151340e-01
5.588235294117646634e-02 2.386318396893421893e-03 2.057265162917769896e-01
5.588235294117646634e-02 2.531396843053536263e-03 1.310169606974330159e-01
5.588235294117646634e-02 2.713161008853246653e-03 9.096213102682944307e-02
5.588235294117646634e-02 2.853914114859435695e-03 6.094099796263392071e-02
5.588235294117646634e-02 3.036798497819438725e-03 5.271524327728459997e-02
5.588235294117646634e-02 3.221249161092119059e-03 5.847701898288644451e-02
5.588235294117646634e-02 3.406846379833071946e-03 7.364507463919045538e-02
5.588235294117646634e-02 3.593169390748343628e-03 9.625854472456958633e-02
5.588235294117646634e-02 3.779796356613928255e-03 1.262002817732688909e-01
5.588235294117646634e-02 3.966304328738635629e-03 1.648530657272299083e-01
5.588235294117646634e-02 4.223726576010088281e-03 1.957198858369124106e-01
5.588235294117646634e-02 4.413292524885550905e-03 2.341130890801319531e-01
5.588235294117646634e-02 4.682272004651655273e-03 2.768258211916459488e-01
5.588235294117646634e-02 4.873776459794901608e-03 3.137373183442351277e-01
5.588235294117646634e-02 5.153760494866396411e-03 3.578881686237211368e-01
5.588235294117646634e-02 5.346080777870312016e-03 3.964924046466837826e-01
5.588235294117646634e-02 5.636515749750020676e-03 4.362356951453860154e-01
5.588235294117646634e-02 5.828525850489099484e-03 4.820606459185832193e-01
5.588235294117646634e-02 6.128857173202825921e-03 5.143795114510938404e-01
5.588235294117646634e-02 6.436733050883273327e-03 5.539344869409166261e-01
5.588235294117646634e-02 6.629099710611223786e-03 5.980023322992212842e-01
5.588235294117646634e-02 6.946178863380921345e-03 6.271653601821765012e-01
5.588235294117646634e-02 7.270665076323136987e-03 6.609443396992628061e-01
5.588235294117646634e-02 7.602558349437873314e-03 6.981739942823583789e-01
5.588235294117646634e-02 7.794274437016049557e-03 7.360982376323031984e-01
5.588235294117646634e-02 8.134538937043729254e-03 7.621106517954147064e-01
5.588235294117646634e-02 8.482072851205113562e-03 7.904757260391348517e-01
5.588235294117646634e-02 8.836876179500205084e-03 8.207942350995327541e-01
5.588235294117646634e-02 9.198948921928998615e-03 8.527708209896893710e-01
5.588235294117646634e-02 9.568291078491501095e-03 8.857717943100567037e-01
5.588235294117646634e-02 9.756385055416608165e-03 9.080717495067893719e-01
5.588235294117646634e-02 1.013298911435720449e-02 9.303684561724077096e-01
5.588235294117646634e-02 1.051672478694124814e-02 9.536397944779202440e-01
5.588235294117646634e-02 1.090759207316874084e-02 9.776201012863725559e-01
5.588235294117646634e-02 1.130559097303968433e-02 1.002075698227096856e+00
5.588235294117646634e-02 1.171072148655407340e-02 1.026870999495272940e+00
5.588235294117646634e-02 1.212298361371191326e-02 1.051796897865682645e+00
5.588235294117646634e-02 1.229974995779403030e-02 1.072753827844912466e+00
5.588235294117646634e-02 1.271802434565894209e-02 1.089055097942304151e+00
5.428571428571429131e-02 1.436569674808947173e-03 2.550073661954421755e+00
5.428571428571429131e-02 1.544441346700501771e-03 1.910786146906701122e+00
5.428571428571429131e-02 1.661986110087040024e-03 1.413943664323840776e+00
5.428571428571429131e-02 1.772441686861690388e-03 1.031945990580098504e+00
5.428571428571429131e-02 1.898485464379590874e-03 7.383527879909043135e-01
5.428571428571429131e-02 2.046391236199676406e-03 5.185338437074451523e-01
5.428571428571429131e-02 2.163808868385634805e-03 3.544440546369463929e-01
5.428571428571429131e-02 2.306454228577317547e-03 2.361946556251111051e-01
5.428571428571429131e-02 2.482231304024924701e-03 1.557621216350111304e-01
5.428571428571429131e-02 2.622165942522807717e-03 9.800060078607555902e-02
5.428571428571429131e-02 2.800223135224393436e-03 7.060712642743763312e-02
5.428571428571429131e-02 2.934723582605783254e-03 5.734058966538780472e-02
5.428571428571429131e-02 3.112891984649154321e-03 5.628199321459652349e-02
5.428571428571429131e-02 3.292157444154690006e-03 6.782260619313371097e-02
5.428571428571429131e-02 3.472112991589445825e-03 8.937240282284465709e-02
5.428571428571429131e-02 3.713097404691201395e-03 1.185200937514720998e-01
5.428571428571429131e-02 3.897344897422659691e-03 1.445068658031634645e-01
5.428571428571429131e-02 4.081196923542750564e-03 1.778837983943812873e-01
5.428571428571429131e-02 4.264242920017726618e-03 2.217162154293255139e-01
5.428571428571429131e-02 4.524138187724325265e-03 2.534241835464276504e-01
5.428571428571429131e-02 4.709036599992773124e-03 2.975485308911751670e-01
5.428571428571429131e-02 4.979556817619007654e-03 3.332487928592913762e-01
5.428571428571429131e-02 5.165221791834173973e-03 3.800999323827272125e-01
5.428571428571429131e-02 5.445831290305206893e-03 4.132386527470772175e-01
5.428571428571429131e-02 5.733862810098974173e-03 4.568488628141087471e-01
5.428571428571429131e-02 5.921336042150030995e-03 4.948807372766790835e-01
5.428571428571429131e-02 6.218787341715089310e-03 5.299216446558665528e-01
5.428571428571429131e-02 6.523527740044230208e-03 5.712798475939245835e-01
5.428571428571429131e-02 6.710774745562144220e-03 6.085905840131602407e-01
5.428571428571429131e-02 7.024264208751095084e-03 6.391946707616531498e-01
5.428571428571429131e-02 7.344909708852174167e-03 6.737027369760909545e-01
5.428571428571429131e-02 7.672711245865379733e-03 7.116144826278223423e-01
5.428571428571429131e-02 7.858612321085516744e-03 7.443548693449077991e-01
5.428571428571429131e-02 8.194357754349897854e-03 7.707199820480673536e-01
5.428571428571429131e-02 8.537126020490285599e-03 7.993148618240156766e-01
5.428571428571429131e-02 8.886917119506676510e-03 8.298196588133630591e-01
5.428571428571429131e-02 9.243731051399074056e-03 8.615668513318600619e-01
5.428571428571429131e-02 9.425139756576723926e-03 8.922164005459357616e-01
5.428571428571429131e-02 9.788957489092160041e-03 9.133564982643164187e-01
5.428571428571429131e-02 1.015966470525319146e-02 9.356341935114963482e-01
5.428571428571429131e-02 1.053726140505981818e-02 9.587656996646909402e-01
5.428571428571429131e-02 1.092174758851204019e-02 9.824986528129769914e-01
5.428571428571429131e-02 1.131312325560985231e-02 1.006684239496424382e+00
5.428571428571429131e-02 1.171138840635326320e-02 1.031101145063572533e+00
5.428571428571429131e-02 1.211654304074226592e-02 1.055636647635367797e+00
5.428571428571429131e-02 1.228582065822141425e-02 1.075037285062844461e+00
5.277777777777778456e-02 1.390638758091589751e-03 2.717595542412301945e+00
5.277777777777778456e-02 1.511619158949290649e-03 2.036686795207199197e+00
5.277777777777778456e-02 1.627435643453395376e-03 1.518410735637923725e+00
5.277777777777778456e-02 1.736507957027776236e-03 1.115935779454900745e+00
5.277777777777778456e-02 1.860804347730834335e-03 8.058614864177076065e-01
5.277777777777778456e-02 1.980294877706676934e-03 5.724518409051846390e-01
5.277777777777778456e-02 2.122587137932441075e-03 3.943299241915044218e-01
5.277777777777778456e-02 2.263332748495318087e-03 2.656083099330386332e-01
5.277777777777778456e-02 2.401741842385940288e-03 1.745170398463433969e-01
5.277777777777778456e-02 2.574652247667433627e-03 1.185476909918957850e-01
5.277777777777778456e-02 2.709231840074325954e-03 7.559806262309741454e-02
5.277777777777778456e-02 2.883413135934679346e-03 5.762025375992183701e-02
5.277777777777778456e-02 3.059173040401277043e-03 5.567743408692747697e-02
5.277777777777778456e-02 3.236118938539946782e-03 6.393284011180666582e-02
5.277777777777778456e-02 3.413857316479248800e-03 7.936633380115390435e-02
5.277777777777778456e-02 3.591993731348437462e-03 1.009926298803302536e-01
5.277777777777778456e-02 3.770132779506854721e-03 1.294966218792033830e-01
5.277777777777778456e-02 3.947878062930727620e-03 1.666753073636834115e-01
5.277777777777778456e-02 4.196052778576072999e-03 1.990835208296584669e-01
5.277777777777778456e-02 4.376230673092655447e-03 2.356324453717409395e-01
5.277777777777778456e-02 4.635065326257483548e-03 2.776937121653648144e-01
5.277777777777778456e-02 4.816626631772191053e-03 3.133429954968953157e-01
5.277777777777778456e-02 5.085603092944796129e-03 3.558735374952303188e-01
5.277777777777778456e-02 5.267495750583911507e-03 3.942287260438390728e-01
5.277777777777778456e-02 5.546095054467756712e-03 4.319512833638213256e-01
5.277777777777778456e-02 5.727264036316078756e-03 4.787377655095745865e-01
5.277777777777778456e-02 6.014966358634517979e-03 5.090560363265641541e-01
5.277777777777778456e-02 6.309718879237855883e-03 5.463650247832148033e-01
5.277777777777778456e-02 6.611521598126095939e-03 5.892561731573451311e-01
5.277777777777778456e-02 6.793844110788037002e-03 6.199323644873306893e-01
5.277777777777778456e-02 7.103971332340787426e-03 6.515671126426947346e-01
5.277777777777778456e-02 7.421019848108446372e-03 6.870057435434659965e-01
5.277777777777778456e-02 7.744989658091018178e-03 7.252857800693950363e-01
5.277777777777778456e-02 7.925317105597509335e-03 7.528176800332623264e-01
5.277777777777778456e-02 8.256831457830465446e-03 7.795788962199849959e-01
5.277777777777778456e-02 8.595138066295143417e-03 8.085091149561633994e-01
5.277777777777778456e-02 8.940236930991546718e-03 8.389065856623653117e-01
5.277777777777778456e-02 9.292128051919671880e-03 8.705018239427251281e-01
5.277777777777778456e-02 9.467272868087985710e-03 8.976554932483798988e-01
5.277777777777778456e-02 9.825797907498618616e-03 9.188650963978959307e-01
5.277777777777778456e-02 1.019098602841366462e-02 9.410782123594741977e-01
5.277777777777778456e-02 1.056283723083312719e-02 9.640233894888858845e-01
5.277777777777778456e-02 1.094135151475700111e-02 9.875382845240576746e-01
5.277777777777778456e-02 1.132652888018529161e-02 1.011389175531152818e+00
5.277777777777778456e-02 1.171836932711799693e-02 1.035457315512643417e+00
5.277777777777778456e-02 1.211687285555511709e-02 1.059641517494287477e+00
5.135135135135135420e-02 1.347533361021677114e-03 2.915879846912185602e+00
5.135135135135135420e-02 1.480851600106293043e-03 2.164082701688524235e+00
5.135135135135135420e-02 1.595053531452491962e-03 1.624774693855765673e+00
5.135135135135135420e-02 1.702835528604704045e-03 1.202689434944744562e+00
5.135135135135135420e-02 1.825499611167728364e-03 8.773293310072158846e-01
5.135135135135135420e-02 1.943624581211425692e-03 6.270168305208624338e-01
5.135135135135135420e-02 2.083975107016121289e-03 4.414095673180173374e-01
5.135135135135135420e-02 2.222945726742930200e-03 3.041022102888729095e-01
5.135135135135135420e-02 2.359771929013778757e-03 2.014661945934634879e-01
5.135135135135135420e-02 2.493685826624150465e-03 1.298599012254249008e-01
5.135135135135135420e-02 2.663515351901134514e-03 9.052901550636896499e-02
5.135135135135135420e-02 2.792548224162538957e-03 6.284451443913521840e-02
5.135135135135135420e-02 2.962700506312059088e-03 5.281888737382158666e-02
5.135135135135135420e-02 3.133992230327482722e-03 5.629693998262849663e-02
5.135135135135135420e-02 3.306041987917022942e-03 6.963411657923651576e-02
5.135135135135135420e-02 3.478467494445476593e-03 9.132998634800051918e-02
5.135135135135135420e-02 3.650885559001966658e-03 1.216094013503928872e-01
5.135135135135135420e-02 3.887836404734992899e-03 1.500616307834179430e-01
5.135135135135135420e-02 4.063231053598799491e-03 1.811909998625565732e-01
5.135135135135135420e-02 4.237596358118942211e-03 2.233045519567250781e-01
5.135135135135135420e-02 4.488231405843957043e-03 2.553143437722324993e-01
5.135135135135135420e-02 4.663918594991971894e-03 2.980580279437061719e-01
5.135135135135135420e-02 4.924367331168246278e-03 3.328046552567154870e-01
5.135135135135135420e-02 5.100356782172983834e-03 3.791186463981843779e-01
5.135135135135135420e-02 5.370116059893356199e-03 4.107141269523043592e-01
5.135135135135135420e-02 5.646826518209099519e-03 4.523724877393777155e-01
5.135135135135135420e-02 5.823951211503239356e-03 4.912768507546407815e-01
5.135135135135135420e-02 6.109343381153071496e-03 5.243477655719788189e-01
5.135135135135135420e-02 6.401561858448619538e-03 5.635915317456214879e-01
5.135135135135135420e-02 6.577911627705355230e-03 6.031146488124929927e-01
5.135135135135135420e-02 6.878181905246822520e-03 6.317285598575801409e-01
5.135135135135135420e-02 7.185153493703377338e-03 6.645558358682311928e-01
5.135135135135135420e-02 7.498826393075021420e-03 7.006006812027723019e-01
5.135135135135135420e-02 7.673204928384455559e-03 7.367413271257718943e-01
5.135135135135135420e-02 7.994173481123812916e-03 7.615614414645641705e-01
5.135135135135135420e-02 8.321718221704953525e-03 7.888166201809199141e-01
5.135135135135135420e-02 8.655839150127875650e-03 8.177705134436159540e-01
5.135135135135135420e-02 8.996536266392582762e-03 8.481342359407795239e-01
5.135135135135135420e-02 9.343809570499073125e-03 8.795217739407346080e-01
5.135135135135135420e-02 9.512954484505739897e-03 9.033175944846654204e-01
5.135135135135135420e-02 9.866515386658610692e-03 9.245440438517900095e-01
5.135135135135135420e-02 1.022652722457006134e-02 9.466374978006345531e-01
5.135135135135135420e-02 1.059298999824009012e-02 9.694217949593233463e-01
5.135135135135135420e-02 1.096590370766869875e-02 9.926506148394159679e-01
5.135135135135135420e-02 1.134526835285588377e-02 1.016199162950270019e+00
5.135135135135135420e-02 1.173108393380164864e-02 1.039942100063365071e+00
5.000000000000000278e-02 1.307002030114944643e-03 3.142817068903625888e+00
5.000000000000000278e-02 1.451953101371172708e-03 2.292819805847884584e+00
5.000000000000000278e-02 1.564643514988466478e-03 1.732900509122829558e+00
5.000000000000000278e-02 1.671219268570123435e-03 1.292055744303324927e+00
5.000000000000000278e-02 1.792355300381374538e-03 9.525609711996994022e-01
5.000000000000000278e-02 1.909203298675479473e-03 6.869167501358942607e-01
5.000000000000000278e-02 2.020643992846482030e-03 4.860491148623502511e-01
5.000000000000000278e-02 2.155307932298582922e-03 3.350102831906023870e-01
5.000000000000000278e-02 2.287879744813993508e-03 2.262113179168259158e-01
5.000000000000000278e-02 2.453026209574302868e-03 1.538928116341576613e-01
5.000000000000000278e-02 2.582209137351331504e-03 9.773078683173506975e-02
5.000000000000000278e-02 2.748762879038509598e-03 7.024246949307608179e-02
5.000000000000000278e-02 2.872074557397666719e-03 6.001103819112720006e-02
5.000000000000000278e-02 3.038058595442164056e-03 5.785387969736076330e-02
5.000000000000000278e-02 3.204768799828267185e-03 6.828307508201147957e-02
5.000000000000000278e-02 3.427198003665868180e-03 8.733721304601041457e-02
5.000000000000000278e-02 3.598011954007385160e-03 1.073583698158985800e-01
5.000000000000000278e-02 3.768565111817195890e-03 1.338837085392799997e-01
5.000000000000000278e-02 3.938484510575776011e-03 1.691950604638704503e-01
5.000000000000000278e-02 4.178525592998474751e-03 2.035516744322423133e-01
5.000000000000000278e-02 4.350330544433040660e-03 2.379423687313677871e-01
5.000000000000000278e-02 4.600244160655068970e-03 2.798277297544837783e-01
5.000000000000000278e-02 4.772947482990126666e-03 3.139758581968140061e-01
5.000000000000000278e-02 5.032246009444078100e-03 3.552952381594098874e-01
5.000000000000000278e-02 5.204857955486368211e-03 3.930610980551553779e-01
5.000000000000000278e-02 5.473053021341160902e-03 4.292378815614793508e-01
5.000000000000000278e-02 5.747985354550758270e-03 4.743119125636761080e-01
5.000000000000000278e-02 5.921183646009293804e-03 5.051745912768522695e-01
5.000000000000000278e-02 6.204402178816263366e-03 5.405993002762843336e-01
5.000000000000000278e-02 6.494236777978114675e-03 5.816224364517629253e-01
5.000000000000000278e-02 6.666167460597007335e-03 6.141492419330712993e-01
5.000000000000000278e-02 6.963676895864469654e-03 6.442305983820083570e-01
5.000000000000000278e-02 7.267681079508887983e-03 6.779146370637301189e-01
5.000000000000000278e-02 7.578180011530262321e-03 7.144020742520204026e-01
5.000000000000000278e-02 7.747551474361331555e-03 7.452380057533332103e-01
5.000000000000000278e-02 8.064991387793377792e-03 7.707199595014240234e-01
5.000000000000000278e-02 8.388804612228694529e-03 7.981384612132409462e-01
5.000000000000000278e-02 8.718991147667280034e-03 8.271849730941935874e-01
5.000000000000000278e-02 9.055550994109132570e-03 8.574397133586439956e-01
5.000000000000000278e-02 9.398484151554257343e-03 8.887509670658824135e-01
5.000000000000000278e-02 9.561869287358007799e-03 9.091497793563858565e-01
5.000000000000000278e-02 9.910765123537982127e-03 9.303287269806821413e-01
5.000000000000000278e-02 1.026591271143447760e-02 9.523235724648100309e-01
5.000000000000000278e-02 1.062731205104750117e-02 9.748752138107746879e-01
5.000000000000000278e-02 1.099496314237704761e-02 9.978527941763503106e-01
5.000000000000000278e-02 1.136886598542312388e-02 1.021106041043784440e+00
