5.000000000000000000e-01 7.542472332656507961e-03 2.780179478630596890e+00
5.000000000000000000e-01 8.363287331346365774e-03 1.903655705476132720e+00
5.000000000000000000e-01 9.106576947233270894e-03 1.303311555892173068e+00
5.000000000000000000e-01 9.899510955783520291e-03 8.757745097806095558e-01
5.000000000000000000e-01 1.075739817869409733e-02 5.724108026053444931e-01
5.000000000000000000e-01 1.162554895566737974e-02 3.649178332127169799e-01
5.000000000000000000e-01 1.258071820200177236e-02 2.247669180688787738e-01
5.000000000000000000e-01 1.355537086426642814e-02 1.374759156481045741e-01
5.000000000000000000e-01 1.454688843079515737e-02 8.723421087590758904e-02
5.000000000000000000e-01 1.555256269176795436e-02 6.860399992740966180e-02
5.000000000000000000e-01 1.668752328891332307e-02 6.544679598509349494e-02
5.000000000000000000e-01 1.785193318153983563e-02 8.174877146980141784e-02
5.000000000000000000e-01 1.904455918274785761e-02 1.091844890410095248e-01
5.000000000000000000e-01 2.026414705922257795e-02 1.428850747925607123e-01
5.000000000000000000e-01 2.150942069498844311e-02 1.804197876681519763e-01
5.000000000000000000e-01 2.277908120612073817e-02 2.212969505461935826e-01
5.000000000000000000e-01 2.407180600265478379e-02 2.662290733528159814e-01
5.000000000000000000e-01 2.538624779357807545e-02 3.169728896124734963e-01
5.000000000000000000e-01 2.693227028420698554e-02 3.586764250774048257e-01
5.000000000000000000e-01 2.830026701362217678e-02 4.067459817705107450e-01
5.000000000000000000e-01 2.992483734325783462e-02 4.513069255437463512e-01
5.000000000000000000e-01 3.134298955486140154e-02 4.976395886029071347e-01
5.000000000000000000e-01 3.304456607645424315e-02 5.390601913738788387e-01
5.000000000000000000e-01 3.450940409347669907e-02 5.873612874060710753e-01
5.000000000000000000e-01 3.628642526088712156e-02 6.227578167367666673e-01
5.000000000000000000e-01 3.810805783835806426e-02 6.633364493581129784e-01
5.000000000000000000e-01 3.964528963152934987e-02 7.059170443980715692e-01
5.000000000000000000e-01 4.154041755675157849e-02 7.378403277562322060e-01
5.000000000000000000e-01 4.347978971369104856e-02 7.728291929217847578e-01
5.000000000000000000e-01 4.546340610234776008e-02 8.100632769544691136e-01
5.000000000000000000e-01 4.709384327786259733e-02 8.432552676040169226e-01
5.000000000000000000e-01 4.914860803554793600e-02 8.710760262162398071e-01
5.000000000000000000e-01 5.124724677382439669e-02 9.003632374757961632e-01
5.000000000000000000e-01 5.338975949269201410e-02 9.305692777400864646e-01
5.000000000000000000e-01 5.557614619215078822e-02 9.615750664512534573e-01
5.000000000000000000e-01 5.731442850516044879e-02 9.873404533869007960e-01
5.000000000000000000e-01 5.956920847629029736e-02 1.009649198371137313e+00
5.000000000000000000e-01 6.186748902564124380e-02 1.032512371694970676e+00
5.000000000000000000e-01 6.420927015321335751e-02 1.055745566003142066e+00
5.000000000000000000e-01 6.659455185900665930e-02 1.079029055869063836e+00
5.000000000000000000e-01 6.902333414302108672e-02 1.102443865248533772e+00
5.000000000000000000e-01 7.149561700525665364e-02 1.125886490292768549e+00
5.000000000000000000e-01 7.337059703858847537e-02 1.144268299542993583e+00
5.000000000000000000e-01 7.590772233700036897e-02 1.160754734673782318e+00
5.000000000000000000e-01 7.848797157816149450e-02 1.177284306740660647e+00
5.000000000000000000e-01 8.111134476207186583e-02 1.193755510693252031e+00
5.000000000000000000e-01 8.377784188873142746e-02 1.210215634699944420e+00
5.000000000000000000e-01 8.648746295814017937e-02 1.226502638495923891e+00
5.000000000000000000e-01 8.924020797029817709e-02 1.242686185298542911e+00
5.000000000000000000e-01 9.203607692520536510e-02 1.258656463390954494e+00
4.871794871794871140e-01 7.049834490646393788e-03 2.956686330871586499e+00
4.871794871794871140e-01 7.855995415999244766e-03 2.007562532733530247e+00
4.871794871794871140e-01 8.550808381338217967e-03 1.385941243576284343e+00
4.871794871794871140e-01 9.292368601888102361e-03 9.395442286853963321e-01
4.871794871794871140e-01 1.009519574116615574e-02 6.229300511855816458e-01
4.871794871794871140e-01 1.090725327418693227e-02 4.005524726833522564e-01
4.871794871794871140e-01 1.172464531600424242e-02 2.534045172769363030e-01
4.871794871794871140e-01 1.262877002844952148e-02 1.551865622208898898e-01
4.871794871794871140e-01 1.354787787613035213e-02 1.001524127471269399e-01
4.871794871794871140e-01 1.458218329951426265e-02 6.954132376754247613e-02
4.871794871794871140e-01 1.553326037577783605e-02 6.626341806356654540e-02
4.871794871794871140e-01 1.661410732680261571e-02 7.431992586044074145e-02
4.871794871794871140e-01 1.772076918827333869e-02 9.658561861830103346e-02
4.871794871794871140e-01 1.885205458151143626e-02 1.275607297702930076e-01
4.871794871794871140e-01 2.000675183851629430e-02 1.643107433190661160e-01
4.871794871794871140e-01 2.118362818759192065e-02 2.059054330833277602e-01
4.871794871794871140e-01 2.238142889063377688e-02 2.527189410453339891e-01
4.871794871794871140e-01 2.378725570266104761e-02 2.953966451324018250e-01
4.871794871794871140e-01 2.503604789671663722e-02 3.397723551252752050e-01
4.871794871794871140e-01 2.651569744250241098e-02 3.903199552636716918e-01
4.871794871794871140e-01 2.781230113439624521e-02 4.306676788814055579e-01
4.871794871794871140e-01 2.936432164210643278e-02 4.805743004762901283e-01
4.871794871794871140e-01 3.070549407534221495e-02 5.190735093170831815e-01
4.871794871794871140e-01 3.232841584159282244e-02 5.638942800857560389e-01
4.871794871794871140e-01 3.371084866867658097e-02 6.049189092992204309e-01
4.871794871794871140e-01 3.540318346626399743e-02 6.425023508373945980e-01
4.871794871794871140e-01 3.713696319766986165e-02 6.844970603042581647e-01
4.871794871794871140e-01 3.858374018984592202e-02 7.206608398586352715e-01
4.871794871794871140e-01 4.038507575255530918e-02 7.536356303931366352e-01
4.871794871794871140e-01 4.222750642315917929e-02 7.891765832491262067e-01
4.871794871794871140e-01 4.411103220165757399e-02 8.266619764557645578e-01
4.871794871794871140e-01 4.564057522203837647e-02 8.547847990656946005e-01
4.871794871794871140e-01 4.758942144630810139e-02 8.828812490108786104e-01
4.871794871794871140e-01 4.957901010035351691e-02 9.120906909949495489e-01
4.871794871794871140e-01 5.160934118417460914e-02 9.422682895172636020e-01
4.871794871794871140e-01 5.368041469777135727e-02 9.730056632222714441e-01
4.871794871794871140e-01 5.530527251248359977e-02 9.951769677286177451e-01
4.871794871794871140e-01 5.743904321958618470e-02 1.017413564647573265e+00
4.871794871794871140e-01 5.961320075395253049e-02 1.040127366238290829e+00
4.871794871794871140e-01 6.182774511558270653e-02 1.062983937246768651e+00
4.871794871794871140e-01 6.408267630447660179e-02 1.086053090296105639e+00
4.871794871794871140e-01 6.637799432063426486e-02 1.109222793614839997e+00
4.871794871794871140e-01 6.871369916405575817e-02 1.132218308090930936e+00
4.871794871794871140e-01 7.045857125110412122e-02 1.148606550920455716e+00
4.871794871794871140e-01 7.285359338332980661e-02 1.164892925412448488e+00
4.871794871794871140e-01 7.528864374060666165e-02 1.181167366211382186e+00
4.871794871794871140e-01 7.776372232293460307e-02 1.197475080340715925e+00
4.871794871794871140e-01 8.027882913031365864e-02 1.213645951854452676e+00
4.871794871794871140e-01 8.283396416274389773e-02 1.229748364634368096e+00
4.871794871794871140e-01 8.542912742022522321e-02 1.245666225186497833e+00
4.750000000000000333e-01 6.607882619346188736e-03 3.150600396232279721e+00
4.750000000000000333e-01 7.401816558763486299e-03 2.112450273243186682e+00
4.750000000000000333e-01 8.053607466528880585e-03 1.470479361027669407e+00
4.750000000000000333e-01 8.749552872825663158e-03 1.006382127328159015e+00
4.750000000000000333e-01 9.444582511017212897e-03 6.753562930760712568e-01
4.750000000000000333e-01 1.026570288076341167e-02 4.419968151440751836e-01
4.750000000000000333e-01 1.103266161944286422e-02 2.775859029135459566e-01
4.750000000000000333e-01 1.188174371705211056e-02 1.721210640805771186e-01
4.750000000000000333e-01 1.274469226545264788e-02 1.071927625325645034e-01
4.750000000000000333e-01 1.361909207442367140e-02 7.482934587484349476e-02
4.750000000000000333e-01 1.460932710484851016e-02 6.362860615578475043e-02
4.750000000000000333e-01 1.550888750042623762e-02 7.390773162082464598e-02
4.750000000000000333e-01 1.653903224678140299e-02 9.036908217926337139e-02
4.750000000000000333e-01 1.759174792679227273e-02 1.180218853305635973e-01
4.750000000000000333e-01 1.866588242681774257e-02 1.534318056050579804e-01
4.750000000000000333e-01 1.976026403301919462e-02 1.952314283200101697e-01
4.750000000000000333e-01 2.104168450505631074e-02 2.345732681788491591e-01
4.750000000000000333e-01 2.218482371784706933e-02 2.765597739848850711e-01
4.750000000000000333e-01 2.334508210268070039e-02 3.244277191112692194e-01
4.750000000000000333e-01 2.472479427898202631e-02 3.679081206601154674e-01
4.750000000000000333e-01 2.592884993626116963e-02 4.130039741098050499e-01
4.750000000000000333e-01 2.737576749435738713e-02 4.576238855416966955e-01
4.750000000000000333e-01 2.862053762798141485e-02 5.015725977742802044e-01
4.750000000000000333e-01 3.013326018389514763e-02 5.423633509199086156e-01
4.750000000000000333e-01 3.141560110510536324e-02 5.891572679165231197e-01
4.750000000000000333e-01 3.299271105744826932e-02 6.236041818682331872e-01
4.750000000000000333e-01 3.460844411066486132e-02 6.629539470660058553e-01
4.750000000000000333e-01 3.594947736385592507e-02 7.051026313713646410e-01
4.750000000000000333e-01 3.762782870350577652e-02 7.359553541934644727e-01
4.750000000000000333e-01 3.934446942733012265e-02 7.697031272342584884e-01
4.750000000000000333e-01 4.109939953532900508e-02 8.056836455945277642e-01
4.750000000000000333e-01 4.251581070656883926e-02 8.396823916180881087e-01
4.750000000000000333e-01 4.433122991993699441e-02 8.665116616904040558e-01
4.750000000000000333e-01 4.618460214821878268e-02 8.946538125339191794e-01
4.750000000000000333e-01 4.807592739141419713e-02 9.239376090129454155e-01
4.750000000000000333e-01 5.000520564952322389e-02 9.539314481980730731e-01
4.750000000000000333e-01 5.150809302061754719e-02 9.815312354767256053e-01
4.750000000000000333e-01 5.349536213752317110e-02 1.003090868883134368e+00
4.750000000000000333e-01 5.552024518093174460e-02 1.025238476822176059e+00
4.750000000000000333e-01 5.758274215084331626e-02 1.047624728410502248e+00
4.750000000000000333e-01 5.968285304725778895e-02 1.070307771065781566e+00
4.750000000000000333e-01 6.182057787017520428e-02 1.093166860883203473e+00
4.750000000000000333e-01 6.399591661959561084e-02 1.115915747314793371e+00
4.750000000000000333e-01 6.560708979928067675e-02 1.136977907157801670e+00
4.750000000000000333e-01 6.783720076108551433e-02 1.152991858162100369e+00
4.750000000000000333e-01 7.010458377239132954e-02 1.169042229018576240e+00
4.750000000000000333e-01 7.240923883319801135e-02 1.185172051146271555e+00
4.750000000000000333e-01 7.475116594350561527e-02 1.201202968504704760e+00
4.750000000000000333e-01 7.713036510331416906e-02 1.217201981229274921e+00
4.750000000000000333e-01 7.954683631262360333e-02 1.233046577411550215e+00
4.634146341463414309e-01 6.209832584613658897e-03 3.360848905779604490e+00
4.634146341463414309e-01 6.955114509830494750e-03 2.216489206227052033e+00
4.634146341463414309e-01 7.606931081982069506e-03 1.556834544259702025e+00
4.634146341463414309e-01 8.262188451319825433e-03 1.076163249111914411e+00
4.634146341463414309e-01 8.916257239572915674e-03 7.257258052717361352e-01
4.634146341463414309e-01 9.627408807902866628e-03 4.784907985538802699e-01
4.634146341463414309e-01 1.041225514906460488e-02 3.090917270147051088e-01
4.634146341463414309e-01 1.113484960350586035e-02 1.935137595025945290e-01
4.634146341463414309e-01 1.193991166456240607e-02 1.222823552719621010e-01
4.634146341463414309e-01 1.284856216953549242e-02 8.073954252526960307e-02
4.634146341463414309e-01 1.368033017403425151e-02 6.433817580999376395e-02
4.634146341463414309e-01 1.462887074258247509e-02 6.607661732289416001e-02
4.634146341463414309e-01 1.559967023351726406e-02 8.343433604806349546e-02
4.634146341463414309e-01 1.659165909918742729e-02 1.099374117788329275e-01
4.634146341463414309e-01 1.760375069710106918e-02 1.418666104282770568e-01
4.634146341463414309e-01 1.863484062444548811e-02 1.776699703714548773e-01
4.634146341463414309e-01 1.968380601406400851e-02 2.172198514493822452e-01
4.634146341463414309e-01 2.074950478896218573e-02 2.615945484666829524e-01
4.634146341463414309e-01 2.201314963060998706e-02 3.077760962394703315e-01
4.634146341463414309e-01 2.312099033493979910e-02 3.487435072257356050e-01
4.634146341463414309e-01 2.424251999025904894e-02 3.982576787300062815e-01
4.634146341463414309e-01 2.559533463158063585e-02 4.373923279479643433e-01
4.634146341463414309e-01 2.675418899551152904e-02 4.865132660147301613e-01
4.634146341463414309e-01 2.816826673523649405e-02 5.231081760864032537e-01
4.634146341463414309e-01 2.961875849401015420e-02 5.672144748857992358e-01
4.634146341463414309e-01 3.083544302640321005e-02 6.066119353224641575e-01
4.634146341463414309e-01 3.234552943371860056e-02 6.431890225584500076e-01
4.634146341463414309e-01 3.389171352407740340e-02 6.840487485488725428e-01
4.634146341463414309e-01 3.516075408000605279e-02 7.197677115752139088e-01
4.634146341463414309e-01 3.676484297946699953e-02 7.516244423256889240e-01
4.634146341463414309e-01 3.840471081348842408e-02 7.860094098695766807e-01
4.634146341463414309e-01 4.008035758207033339e-02 8.223498466548302410e-01
4.634146341463414309e-01 4.141658043909574732e-02 8.512415349798438946e-01
4.634146341463414309e-01 4.314809883176947553e-02 8.782469992358127309e-01
4.634146341463414309e-01 4.491507493896895048e-02 9.065725357352021341e-01
4.634146341463414309e-01 4.671750876069415831e-02 9.357629790890029664e-01
4.634146341463414309e-01 4.855540029694513371e-02 9.655499899712054468e-01
4.634146341463414309e-01 4.996830064140428407e-02 9.895367718550669434e-01
4.634146341463414309e-01 5.185967889615116649e-02 1.011072091850004018e+00
4.634146341463414309e-01 5.378619111228658684e-02 1.032945252885017595e+00
4.634146341463414309e-01 5.574783728981045489e-02 1.055202296588596766e+00
4.634146341463414309e-01 5.774461742872281228e-02 1.077713589220174795e+00
4.634146341463414309e-01 5.977653152902369371e-02 1.100181231002421933e+00
4.634146341463414309e-01 6.184357959071301591e-02 1.122641714309126071e+00
4.634146341463414309e-01 6.335178572688122955e-02 1.141577347031816236e+00
4.634146341463414309e-01 6.546924872773395021e-02 1.157376663606707545e+00
4.634146341463414309e-01 6.762151933955955208e-02 1.173303402612086543e+00
4.634146341463414309e-01 6.980859756235806290e-02 1.189170807042612354e+00
4.634146341463414309e-01 7.203048339612953821e-02 1.205044391733254727e+00
4.634146341463414309e-01 7.428717684087390860e-02 1.220795092612358523e+00
4.523809523809524391e-01 6.588248018867062968e-03 2.321105566515808682e+00
4.523809523809524391e-01 7.161995803379474050e-03 1.642720941961529402e+00
4.523809523809524391e-01 7.775154214019903628e-03 1.143142942389126615e+00
4.523809523809524391e-01 8.440298286290509253e-03 7.803317999527839000e-01
4.523809523809524391e-01 9.111997478453558175e-03 5.203011340794612138e-01
4.523809523809524391e-01 9.786960990418102496e-03 3.369285844034352606e-01
4.523809523809524391e-01 1.053593420876917583e-02 2.127725811672787071e-01
4.523809523809524391e-01 1.129652828471496007e-02 1.329169391631851715e-01
4.523809523809524391e-01 1.206657466007604942e-02 8.693740071912424427e-02
4.523809523809524391e-01 1.294121934637105197e-02 6.804949739872338810e-02
4.523809523809524391e-01 1.373225831478987018e-02 6.454728894819619645e-02
4.523809523809524391e-01 1.464126524622361321e-02 7.540142972682101208e-02
4.523809523809524391e-01 1.556983670504932457e-02 9.795344066949683570e-02
4.523809523809524391e-01 1.651693637498638859e-02 1.279874515881694319e-01
4.523809523809524391e-01 1.748151137826594800e-02 1.635137694549662624e-01
4.523809523809524391e-01 1.846249162367380806e-02 2.040634844851007268e-01
4.523809523809524391e-01 1.962216136005293793e-02 2.495595988481975613e-01
4.523809523809524391e-01 2.064382937353584704e-02 2.880748801089838551e-01
4.523809523809524391e-01 2.167904832084522129e-02 3.327599728673344970e-01
4.523809523809524391e-01 2.292352911178017344e-02 3.779824205523588665e-01
4.523809523809524391e-01 2.399491020558395041e-02 4.198293586036135894e-01
4.523809523809524391e-01 2.529756755969768053e-02 4.647242885240133736e-01
4.523809523809524391e-01 2.640230053257242027e-02 5.060903635984556059e-01
4.523809523809524391e-01 2.776185593919798522e-02 5.465054476144838302e-01
4.523809523809524391e-01 2.889707731588721240e-02 5.914961380337327990e-01
4.523809523809524391e-01 3.031223725467903016e-02 6.251760333731328778e-01
4.523809523809524391e-01 3.176122571790412907e-02 6.635799407624307644e-01
4.523809523809524391e-01 3.294448340475503861e-02 7.050523732994872228e-01
4.523809523809524391e-01 3.444746255041829242e-02 7.349223393511736813e-01
4.523809523809524391e-01 3.598396539449782994e-02 7.676229694772436218e-01
4.523809523809524391e-01 3.755399193699365118e-02 8.025398733485429315e-01
4.523809523809524391e-01 3.879879362393597042e-02 8.370581011268539706e-01
4.523809523809524391e-01 4.042086922895093970e-02 8.628587575416419853e-01
4.523809523809524391e-01 4.207616139925632326e-02 8.901627101781224294e-01
4.523809523809524391e-01 4.376467013485209334e-02 9.184909060394901292e-01
4.523809523809524391e-01 4.548639543573831934e-02 9.475588959605758532e-01
4.523809523809524391e-01 4.680116343280643632e-02 9.767438444622928984e-01
4.523809523809524391e-01 4.857266059555600396e-02 9.976214783636955241e-01
4.523809523809524391e-01 5.037706482634431160e-02 1.018939398136160968e+00
4.523809523809524391e-01 5.221437612517127597e-02 1.040731112018018045e+00
4.523809523809524391e-01 5.408459449203691788e-02 1.062857925080930022e+00
4.523809523809524391e-01 5.598771992694130673e-02 1.085010155076318705e+00
4.523809523809524391e-01 5.792375242988433842e-02 1.107219820516452513e+00
4.523809523809524391e-01 5.989269200086606154e-02 1.129384161506800988e+00
4.523809523809524391e-01 6.130785024455993881e-02 1.146167263731858066e+00
4.523809523809524391e-01 6.332331684788565507e-02 1.161866016194506912e+00
4.523809523809524391e-01 6.537137859843493437e-02 1.177546609131593591e+00
4.523809523809524391e-01 6.745203549620785999e-02 1.193272973325492314e+00
4.523809523809524391e-01 6.956528754120434865e-02 1.208909361631382851e+00
4.418604651162790775e-01 6.220626029976991309e-03 2.440168840268222006e+00
4.418604651162790775e-01 6.799100360535603738e-03 1.728337631419618159e+00
4.418604651162790775e-01 7.379745803019723688e-03 1.212254057993348066e+00
4.418604651162790775e-01 7.958388685461854212e-03 8.369357540544345442e-01
4.418604651162790775e-01 8.588527531450985963e-03 5.634863253066330069e-01
4.418604651162790775e-01 9.285300352917700076e-03 3.695801130340373164e-01
4.418604651162790775e-01 9.924172211169186505e-03 2.374552017311105101e-01
4.418604651162790775e-01 1.063769548796120526e-02 1.499181131002935707e-01
4.418604651162790775e-01 1.144506902673071008e-02 9.763960120381674768e-02
4.418604651162790775e-01 1.218130303737544919e-02 6.857002391714889233e-02
4.418604651162790775e-01 1.302338294031883149e-02 6.455922381943618449e-02
4.418604651162790775e-01 1.377543822722227321e-02 7.341062488997941726e-02
4.418604651162790775e-01 1.464688024913617624e-02 9.147513915419230868e-02
4.418604651162790775e-01 1.553545105939499980e-02 1.191096698844614360e-01
4.418604651162790775e-01 1.644014556460524079e-02 1.538893822338499306e-01
4.418604651162790775e-01 1.750626183990161566e-02 1.937374943718339626e-01
4.418604651162790775e-01 1.845035879981429469e-02 2.305080316014176955e-01
4.418604651162790775e-01 1.940789694242177690e-02 2.718329003947757005e-01
4.418604651162790775e-01 2.037781388616813349e-02 3.198929220942272056e-01
4.418604651162790775e-01 2.154759761316870498e-02 3.585586770565660775e-01
4.418604651162790775e-01 2.255093499239751997e-02 4.048857759039414805e-01
4.418604651162790775e-01 2.377520051613976268e-02 4.448094957757191548e-01
4.418604651162790775e-01 2.480927589913284673e-02 4.912722650276716840e-01
4.418604651162790775e-01 2.608680037627147258e-02 5.278502138572540581e-01
4.418604651162790775e-01 2.739639659760605139e-02 5.713124680528489652e-01
4.418604651162790775e-01 2.847842821270563790e-02 6.088891714625137563e-01
4.418604651162790775e-01 2.983975676078649136e-02 6.447242673292199466e-01
4.418604651162790775e-01 3.123286729831670910e-02 6.846140060136708394e-01
4.418604651162790775e-01 3.235785606963725858e-02 7.195789015606750549e-01
4.418604651162790775e-01 3.380115360734545216e-02 7.505082589575207130e-01
4.418604651162790775e-01 3.527594127314910566e-02 7.839207923176796378e-01
4.418604651162790775e-01 3.678221906704819133e-02 8.192592647785353899e-01
4.418604651162790775e-01 3.796219880658768808e-02 8.484777411550212811e-01
4.418604651162790775e-01 3.951680492097361941e-02 8.746979006129537160e-01
4.418604651162790775e-01 4.110260714467830340e-02 9.021059902798129748e-01
4.418604651162790775e-01 4.271960547770180944e-02 9.304012361689143473e-01
4.418604651162790775e-01 4.436779992004406120e-02 9.593960370962324458e-01
4.418604651162790775e-01 4.560993982429513427e-02 9.848799754164181408e-01
4.418604651162790775e-01 4.730428325485630525e-02 1.005601114778679861e+00
4.418604651162790775e-01 4.902952656561006262e-02 1.026888717957996633e+00
4.418604651162790775e-01 5.078566975655641330e-02 1.048594863682530409e+00
4.418604651162790775e-01 5.257271282769540588e-02 1.070397958433146002e+00
4.418604651162790775e-01 5.439065577902696402e-02 1.092325393493420282e+00
4.418604651162790775e-01 5.623949861055112937e-02 1.114264623830576006e+00
4.418604651162790775e-01 5.755780607142250982e-02 1.135410652116112473e+00
4.418604651162790775e-01 5.944999174478892562e-02 1.150856799054315260e+00
4.418604651162790775e-01 6.137277880370841515e-02 1.166327539281568626e+00
4.418604651162790775e-01 6.332616724818103393e-02 1.181885123523541026e+00
4.418604651162790775e-01 6.531015707820672644e-02 1.197386993442278058e+00
4.318181818181818232e-01 5.886046588732501798e-03 2.574548897826638871e+00
4.318181818181818232e-01 6.469497193502384523e-03 1.815613083381053983e+00
4.318181818181818232e-01 7.020794206917519049e-03 1.284130831925937688e+00
4.318181818181818232e-01 7.570033497672593557e-03 8.911308742326724541e-01
4.318181818181818232e-01 8.168437817456259548e-03 6.055362144283567005e-01
4.318181818181818232e-01 8.769092461285743142e-03 4.021472837529627142e-01
4.318181818181818232e-01 9.436954190870447054e-03 2.589311446883720835e-01
4.318181818181818232e-01 1.011472329331946501e-02 1.640115448102807960e-01
4.318181818181818232e-01 1.080044024104144518e-02 1.045934614056619333e-01
4.318181818181818232e-01 1.149208710259613971e-02 7.628765123596309428e-02
4.318181818181818232e-01 1.228482050853191114e-02 6.189678260700088447e-02
4.318181818181818232e-01 1.309567057733886097e-02 6.791568738519622450e-02
4.318181818181818232e-01 1.392371288493243070e-02 8.629718382295614720e-02
4.318181818181818232e-01 1.476800940558569038e-02 1.120434827282085349e-01
4.318181818181818232e-01 1.562760800099418160e-02 1.425378144108697120e-01
4.318181818181818232e-01 1.650154188054988799e-02 1.767988328615617000e-01
4.318181818181818232e-01 1.738882903068950450e-02 2.152065047082665772e-01
4.318181818181818232e-01 1.828847161098653279e-02 2.589768466280260029e-01
4.318181818181818232e-01 1.936933424649303626e-02 3.007956848503373637e-01
4.318181818181818232e-01 2.030159563820331525e-02 3.419894659012792104e-01
4.318181818181818232e-01 2.143449336635152441e-02 3.887961309630394435e-01
4.318181818181818232e-01 2.239684381905624258e-02 4.272971589179228591e-01
4.318181818181818232e-01 2.358061650937914172e-02 4.725306737773471433e-01
4.318181818181818232e-01 2.457048140213828960e-02 5.112159297637206556e-01
4.318181818181818232e-01 2.580395615321893349e-02 5.512967284962210224e-01
4.318181818181818232e-01 2.681871403823278197e-02 5.943030650932390468e-01
4.318181818181818232e-01 2.810070477066985151e-02 6.274590646947975081e-01
4.318181818181818232e-01 2.941262524783308518e-02 6.650715955216772723e-01
4.318181818181818232e-01 3.046699231944642941e-02 7.055764797423526025e-01
4.318181818181818232e-01 3.182594931898921620e-02 7.346494431596451991e-01
4.318181818181818232e-01 3.321455628943111721e-02 7.664783781924171535e-01
4.318181818181818232e-01 3.463281323077212204e-02 8.004733930744210024e-01
4.318181818181818232e-01 3.573780726953196263e-02 8.350927487841973695e-01
4.318181818181818232e-01 3.720132138205799882e-02 8.601680012014958354e-01
4.318181818181818232e-01 3.869420367075510764e-02 8.865991025458852537e-01
4.318181818181818232e-01 4.021645413562334459e-02 9.140687505059275075e-01
4.318181818181818232e-01 4.176807277666264029e-02 9.423678581190839676e-01
4.318181818181818232e-01 4.334905959387302249e-02 9.712442849365501285e-01
4.318181818181818232e-01 4.452484903165134650e-02 9.929244157955456895e-01
4.318181818181818232e-01 4.614872308001864709e-02 1.013669669800478124e+00
4.318181818181818232e-01 4.780168143969999034e-02 1.034919448440735579e+00
4.318181818181818232e-01 4.948372411069539706e-02 1.056340122463519826e+00
4.318181818181818232e-01 5.119485109300481868e-02 1.077954308154966512e+00
4.318181818181818232e-01 5.293506238662828295e-02 1.099639442388587796e+00
4.318181818181818232e-01 5.470435799156582457e-02 1.121278738691125598e+00
4.318181818181818232e-01 5.594714599450011788e-02 1.140272683803299048e+00
4.318181818181818232e-01 5.775664075042048068e-02 1.155510784630491505e+00
4.318181818181818232e-01 5.959493383136878208e-02 1.170878259994617698e+00
4.318181818181818232e-01 6.146202523734497353e-02 1.186225614986559096e+00
4.222222222222222765e-01 5.580601650719628493e-03 2.723415067524972422e+00
4.222222222222222765e-01 6.169156758907216008e-03 1.904471929930534824e+00
4.222222222222222765e-01 6.651731772974350462e-03 1.357590641949104171e+00
4.222222222222222765e-01 7.216501498656883312e-03 9.493377169850871766e-01
4.222222222222222765e-01 7.786162908692783463e-03 6.529856806649729783e-01
4.222222222222222765e-01 8.357894387716970769e-03 4.358491449284085939e-01
4.222222222222222765e-01 8.928756982676425841e-03 2.865507629738308637e-01
4.222222222222222765e-01 9.567672435023984873e-03 1.826900526838971250e-01
4.222222222222222765e-01 1.021372295192916370e-02 1.193105494216532142e-01
4.222222222222222765e-01 1.095072544786199198e-02 7.865465437888402578e-02
4.222222222222222765e-01 1.161291657164084147e-02 6.565973103475081230e-02
4.222222222222222765e-01 1.237775679345817434e-02 6.399038439939326584e-02
4.222222222222222765e-01 1.315861403583394769e-02 7.731883780043755094e-02
4.222222222222222765e-01 1.395459012344234945e-02 1.001608439285941177e-01
4.222222222222222765e-01 1.476477364948410205e-02 1.294658637354963726e-01
4.222222222222222765e-01 1.558823947277782583e-02 1.639111782513781312e-01
4.222222222222222765e-01 1.642404818614156756e-02 2.035719808623411842e-01
4.222222222222222765e-01 1.742427272067759159e-02 2.456065820695615409e-01
4.222222222222222765e-01 1.829198935278474047e-02 2.834301898680112730e-01
4.222222222222222765e-01 1.916954507177129688e-02 3.282201579314281137e-01
4.222222222222222765e-01 2.023927054795885555e-02 3.691295146554521289e-01
4.222222222222222765e-01 2.114476309630688652e-02 4.121453983303834390e-01
4.222222222222222765e-01 2.226235775825914295e-02 4.528664916403975504e-01
4.222222222222222765e-01 2.319332356516770263e-02 4.965703543428646727e-01
4.222222222222222765e-01 2.435766294228663628e-02 5.331407946012356458e-01
4.222222222222222765e-01 2.555051675313092102e-02 5.760859725382985186e-01
4.222222222222222765e-01 2.652154182952295644e-02 6.117620350355332803e-01
4.222222222222222765e-01 2.775973688890128604e-02 6.469970626970859007e-01
4.222222222222222765e-01 2.902617974431104253e-02 6.859875668905179857e-01
4.222222222222222765e-01 3.003267645296027466e-02 7.200309132895523767e-01
4.222222222222222765e-01 3.134304062923715106e-02 7.501986009745605921e-01
4.222222222222222765e-01 3.268138411176903929e-02 7.827778471792624648e-01
4.222222222222222765e-01 3.404770690055596016e-02 8.170483992318566813e-01
4.222222222222222765e-01 3.509950514338011640e-02 8.465630301424004189e-01
4.222222222222222765e-01 3.650804192712611695e-02 8.719612215255607701e-01
4.222222222222222765e-01 3.794428763120814146e-02 8.985532730631520248e-01
4.222222222222222765e-01 3.940824225562611360e-02 9.261081675588740403e-01
4.222222222222222765e-01 4.089990580038007500e-02 9.543610818891028469e-01
4.222222222222222765e-01 4.200237445204157288e-02 9.809033757686789201e-01
4.222222222222222765e-01 4.353425086096527480e-02 1.001068577072270260e+00
4.222222222222222765e-01 4.509356386228760560e-02 1.021826770414488772e+00
4.222222222222222765e-01 4.668031345600861387e-02 1.042832170578122497e+00
4.222222222222222765e-01 4.829449964212820939e-02 1.064102476551176180e+00
4.222222222222222765e-01 4.993612242064644074e-02 1.085504879995224936e+00
4.222222222222222765e-01 5.160518179156333568e-02 1.106914348257624026e+00
4.222222222222222765e-01 5.330167775487885257e-02 1.128346484950843998e+00
4.222222222222222765e-01 5.447545081404355644e-02 1.145093554728333629e+00
4.222222222222222765e-01 5.620930934549332736e-02 1.160249820368959295e+00
4.222222222222222765e-01 5.797033015158719466e-02 1.175422871012070214e+00
4.130434782608695676e-01 5.300944165979551426e-03 2.885987049548758954e+00
4.130434782608695676e-01 5.894641765050771809e-03 1.994842385822969577e+00
4.130434782608695676e-01 6.354735384339853591e-03 1.428497341826616029e+00
4.130434782608695676e-01 6.848096429244450445e-03 1.009107013286438148e+00
4.130434782608695676e-01 7.386324456267641392e-03 6.969130017251624620e-01
4.130434782608695676e-01 7.926081591893263320e-03 4.726647432821848849e-01
4.130434782608695676e-01 8.527280922221295786e-03 3.101458976272947199e-01
4.130434782608695676e-01 9.137058348250482256e-03 2.001145301721911074e-01
4.130434782608695676e-01 9.753632766523566769e-03 1.274863244908405469e-01
4.130434782608695676e-01 1.037517288784164764e-02 8.588829408176494595e-02
4.130434782608695676e-01 1.108921033019592481e-02 6.565239821918050778e-02
4.130434782608695676e-01 1.172274785613715287e-02 6.579483939227914746e-02
4.130434782608695676e-01 1.246066107015110155e-02 7.358761002503977355e-02
4.130434782608695676e-01 1.321267225162759372e-02 9.306694912305690792e-02
4.130434782608695676e-01 1.397790794193600958e-02 1.207520755761259806e-01
4.130434782608695676e-01 1.475548178750710378e-02 1.549806822225908431e-01
4.130434782608695676e-01 1.568230607663631190e-02 1.930510653763465867e-01
4.130434782608695676e-01 1.649115373091728995e-02 2.284674487855170577e-01
4.130434782608695676e-01 1.730997576346145900e-02 2.691059582400119332e-01
4.130434782608695676e-01 1.830365094746222790e-02 3.146840532213132091e-01
4.130434782608695676e-01 1.914999089184740017e-02 3.520340419810335519e-01
4.130434782608695676e-01 2.000385796721374648e-02 3.993131716513666496e-01
4.130434782608695676e-01 2.106115072480032116e-02 4.353728033411418119e-01
4.130434782608695676e-01 2.214566990532903026e-02 4.810604251978792822e-01
4.130434782608695676e-01 2.304001583458457209e-02 5.168164267042536508e-01
4.130434782608695676e-01 2.416834127185317482e-02 5.566612974636798716e-01
4.130434782608695676e-01 2.508309401589812332e-02 5.976112391922839828e-01
4.130434782608695676e-01 2.625413313888888198e-02 6.303707563731927310e-01
4.130434782608695676e-01 2.745188798331666888e-02 6.672479594387085156e-01
4.130434782608695676e-01 2.839948632316527041e-02 7.066372830372118496e-01
4.130434782608695676e-01 2.963859232028904361e-02 7.350676228249919397e-01
4.130434782608695676e-01 3.090415609671082198e-02 7.661601668130811893e-01
4.130434782608695676e-01 3.219617765243062285e-02 7.991667874337956556e-01
4.130434782608695676e-01 3.351465698744844623e-02 8.338201443556401138e-01
4.130434782608695676e-01 3.451739323206167581e-02 8.581834323308621393e-01
4.130434782608695676e-01 3.587532576223177033e-02 8.838467308283535218e-01
4.130434782608695676e-01 3.725945634764627618e-02 9.106096473728011453e-01
4.130434782608695676e-01 3.866978498830522804e-02 9.381945331012955247e-01
4.130434782608695676e-01 4.010631168420863285e-02 9.661810339714609341e-01
4.130434782608695676e-01 4.115403114443305643e-02 9.890801027910420817e-01
4.130434782608695676e-01 4.262808926077193972e-02 1.009311967757949402e+00
4.130434782608695676e-01 4.412808388355670547e-02 1.029869667740006767e+00
4.130434782608695676e-01 4.565401501278726348e-02 1.050765847467103331e+00
4.130434782608695676e-01 4.720588264846368315e-02 1.071857231991222070e+00
4.130434782608695676e-01 4.878368679058597140e-02 1.093010379383656305e+00
4.130434782608695676e-01 5.038742743915407968e-02 1.114237796519019552e+00
4.130434782608695676e-01 5.148880483470407582e-02 1.135073081323501487e+00
4.130434782608695676e-01 5.312760363678373232e-02 1.149997262055205693e+00
4.130434782608695676e-01 5.479207552714659979e-02 1.164976423913114401e+00
4.042553191489361430e-01 5.044194593011241783e-03 3.061531223880520791e+00
4.042553191489361430e-01 5.608631073549724677e-03 2.084680341545474658e+00
4.042553191489361430e-01 6.082638900949227136e-03 1.502019359735337289e+00
4.042553191489361430e-01 6.554222784871882937e-03 1.066700485902303042e+00
4.042553191489361430e-01 7.068868658815214909e-03 7.444135483561196143e-01
4.042553191489361430e-01 7.584954381016442010e-03 5.073347581446616683e-01
4.042553191489361430e-01 8.099806034729975165e-03 3.403843845597631645e-01
4.042553191489361430e-01 8.677084314916736624e-03 2.202589387917577302e-01
4.042553191489361430e-01 9.260505198480893652e-03 1.425533050292276394e-01
4.042553191489361430e-01 9.927382570246751081e-03 9.430569885958930976e-02
4.042553191489361430e-01 1.052483241639139144e-02 6.809855000195794150e-02
4.042553191489361430e-01 1.121648058086635071e-02 6.175798102545818763e-02
4.042553191489361430e-01 1.192244864624376031e-02 7.127304039424735282e-02
4.042553191489361430e-01 1.264191685465133365e-02 9.038518739832709925e-02
4.042553191489361430e-01 1.337405404695217633e-02 1.154162263734344052e-01
4.042553191489361430e-01 1.411801724106603179e-02 1.445246377100773139e-01
4.042553191489361430e-01 1.487295118674965971e-02 1.773785966945701509e-01
4.042553191489361430e-01 1.563798789510271667e-02 2.146223082056428200e-01
4.042553191489361430e-01 1.641224614090742995e-02 2.577625173095813294e-01
4.042553191489361430e-01 1.735438736206133467e-02 2.963419437915932875e-01
4.042553191489361430e-01 1.815436068158038721e-02 3.374632436894255960e-01
4.042553191489361430e-01 1.913994100876121110e-02 3.805206747020511981e-01
4.042553191489361430e-01 1.996339399458557304e-02 4.200137736236015384e-01
4.042553191489361430e-01 2.099138548367763049e-02 4.615988707803388991e-01
4.042553191489361430e-01 2.183604533916833068e-02 5.022958772508144820e-01
4.042553191489361430e-01 2.290540942218040679e-02 5.389260963763815582e-01
4.042553191489361430e-01 2.400033599323261532e-02 5.815549332704958996e-01
4.042553191489361430e-01 2.487865151099046684e-02 6.151733274790855965e-01
4.042553191489361430e-01 2.601365472029394318e-02 6.498478391328217363e-01
4.042553191489361430e-01 2.717397398631051647e-02 6.880887510201199042e-01
4.042553191489361430e-01 2.808171581255380911e-02 7.210717949133889082e-01
4.042553191489361430e-01 2.928080117828524634e-02 7.506080553512374243e-01
4.042553191489361430e-01 3.050495453075672408e-02 7.822860096436152766e-01
4.042553191489361430e-01 3.175417586996823194e-02 8.158086559310446795e-01
4.042553191489361430e-01 3.269940951234803078e-02 8.452569249957100350e-01
4.042553191489361430e-01 3.398582160017992598e-02 8.699411424206021648e-01
4.042553191489361430e-01 3.529705192764841931e-02 8.958650596553174861e-01
4.042553191489361430e-01 3.663310049475353852e-02 9.227380666079890714e-01
4.042553191489361430e-01 3.799396730149531137e-02 9.501240031887976389e-01
4.042553191489361430e-01 3.898064836781327952e-02 9.776989628304029178e-01
4.042553191489361430e-01 4.037686009990503616e-02 9.973702251799361207e-01
4.042553191489361430e-01 4.179763860734154318e-02 1.017448220003107195e+00
4.042553191489361430e-01 4.324298389012275201e-02 1.037940406027681117e+00
4.042553191489361430e-01 4.471289594824866959e-02 1.058692825904779200e+00
4.042553191489361430e-01 4.620737478171935836e-02 1.079563469342854631e+00
4.042553191489361430e-01 4.772642039053472812e-02 1.100561671548145881e+00
4.042553191489361430e-01 4.927003277469482745e-02 1.121490510149245834e+00
4.042553191489361430e-01 5.031419464713279832e-02 1.140118062057819293e+00
4.042553191489361430e-01 5.189052327751760701e-02 1.154883953572314548e+00
3.958333333333333703e-01 4.807864991357158925e-03 3.249357280622662714e+00
3.958333333333333703e-01 5.378621153422857848e-03 2.173796702067675390e+00
3.958333333333333703e-01 5.832667522183276367e-03 1.578054882516480628e+00
3.958333333333333703e-01 6.284359319481788893e-03 1.128102130858111840e+00
3.958333333333333703e-01 6.730271510687478760e-03 7.937340997259233477e-01
3.958333333333333703e-01 7.219477635527554379e-03 5.479652945085712323e-01
3.958333333333333703e-01 7.765193245490093626e-03 3.660088389683603949e-01
3.958333333333333703e-01 8.318440420535025068e-03 2.408935386784680777e-01
3.958333333333333703e-01 8.877591424687480276e-03 1.553261676393327684e-01
3.958333333333333703e-01 9.440975089232984604e-03 1.010023943377825056e-01
3.958333333333333703e-01 1.008947010681277706e-02 7.552609307305198361e-02
3.958333333333333703e-01 1.066324506871679616e-02 6.152961629961792300e-02
3.958333333333333703e-01 1.133305733261870743e-02 6.499913506343854563e-02
3.958333333333333703e-01 1.201552283082549244e-02 8.028851779844456416e-02
3.958333333333333703e-01 1.270984308133306200e-02 1.032921824877996719e-01
3.958333333333333703e-01 1.341520846604437288e-02 1.318293608850625298e-01
3.958333333333333703e-01 1.413079781372334615e-02 1.652621446509895953e-01
3.958333333333333703e-01 1.485577795935086147e-02 2.040028351739454071e-01
3.958333333333333703e-01 1.573376577917487418e-02 2.437286475223700011e-01
3.958333333333333703e-01 1.648420365319981998e-02 2.807413711252614297e-01
3.958333333333333703e-01 1.724181319504575899e-02 3.253716135277120447e-01
3.958333333333333703e-01 1.817785232019134001e-02 3.629551282939010859e-01
3.958333333333333703e-01 1.895739906760027932e-02 4.067542458267984218e-01
3.958333333333333703e-01 1.993358803136567603e-02 4.441046149846481494e-01
3.958333333333333703e-01 2.073288976381368331e-02 4.895518805283163855e-01
3.958333333333333703e-01 2.174822964363623892e-02 5.228559737372309169e-01
3.958333333333333703e-01 2.278784059628324518e-02 5.626372196971103357e-01
3.958333333333333703e-01 2.361854898744405670e-02 6.013857234799648843e-01
3.958333333333333703e-01 2.469606433782380039e-02 6.337700958070712209e-01
3.958333333333333703e-01 2.579761348784026867e-02 6.700519140658189876e-01
3.958333333333333703e-01 2.665566725182618585e-02 7.081976543287451520e-01
3.958333333333333703e-01 2.779386054203756423e-02 7.361093772513609412e-01
3.958333333333333703e-01 2.895584881392583923e-02 7.663951093642321633e-01
3.958333333333333703e-01 3.014163206749101778e-02 7.987277102753997937e-01
3.958333333333333703e-01 3.135121030273307213e-02 8.325220813695637379e-01
3.958333333333333703e-01 3.225538408570475385e-02 8.568286168456389351e-01
3.958333333333333703e-01 3.349985121481769551e-02 8.818672455876677141e-01
3.958333333333333703e-01 3.476787292681605968e-02 9.079851797698343940e-01
3.958333333333333703e-01 3.605944922169986716e-02 9.347303149913281928e-01
3.958333333333333703e-01 3.737458009946907633e-02 9.621159790378098764e-01
3.958333333333333703e-01 3.831549692532642409e-02 9.859967734106831472e-01
3.958333333333333703e-01 3.966374031023939262e-02 1.005563474056681006e+00
3.958333333333333703e-01 4.103529626088570081e-02 1.025622173307573437e+00
3.958333333333333703e-01 4.243016477726537644e-02 1.046008021116770381e+00
3.958333333333333703e-01 4.384834585937843338e-02 1.066570283673677899e+00
3.958333333333333703e-01 4.528983950722485080e-02 1.087315052567250362e+00
3.958333333333333703e-01 4.675464572080461484e-02 1.108036640346364621e+00
3.958333333333333703e-01 4.824276450011777406e-02 1.128784349298977308e+00
3.958333333333333703e-01 4.923414010459852691e-02 1.145143157204099538e+00
3.877551020408163129e-01 4.589797036160802278e-03 3.448815139926738382e+00
3.877551020408163129e-01 5.134665693190247453e-03 2.273760721224122427e+00
3.877551020408163129e-01 5.566243960144370492e-03 1.652954556177671730e+00
3.877551020408163129e-01 5.995197079392094314e-03 1.190208213488655353e+00
3.877551020408163129e-01 6.463823709777553189e-03 8.412057846257052773e-01
3.877551020408163129e-01 6.933436923183522969e-03 5.835324307809252042e-01
3.877551020408163129e-01 7.401591017710252435e-03 3.985790289150313859e-01
3.877551020408163129e-01 7.927331388179088834e-03 2.623128149652077523e-01
3.877551020408163129e-01 8.458440418557361742e-03 1.706337665121651082e-01
3.877551020408163129e-01 8.993312050098307281e-03 1.142534161422650435e-01
3.877551020408163129e-01 9.610015245801491537e-03 7.665456284465169134e-02
3.877551020408163129e-01 1.024039135179985634e-02 6.640310318590599004e-02
3.877551020408163129e-01 1.079089859779880020e-02 6.373296581102283476e-02
3.877551020408163129e-01 1.143940495399610804e-02 7.478256252344427091e-02
3.877551020408163129e-01 1.209902765764223759e-02 9.536365547047628843e-02
3.877551020408163129e-01 1.276898830441205307e-02 1.229586802438232679e-01
3.877551020408163129e-01 1.344849759440883315e-02 1.566246795133647840e-01
3.877551020408163129e-01 1.426751109790833430e-02 1.939084680288572504e-01
3.877551020408163129e-01 1.497224792795020208e-02 2.279789097237860940e-01
3.877551020408163129e-01 1.568442989230664150e-02 2.678309211148820479e-01
3.877551020408163129e-01 1.655967414940615404e-02 3.104352479382108676e-01
3.877551020408163129e-01 1.729374070071821798e-02 3.476737114732219580e-01
3.877551020408163129e-01 1.820779172149720668e-02 3.926889799151670468e-01
3.877551020408163129e-01 1.896167070107225919e-02 4.285468467108097812e-01
3.877551020408163129e-01 1.991357480361226340e-02 4.708786100334841906e-01
3.877551020408163129e-01 2.068516061024329097e-02 5.084269382712909291e-01
3.877551020408163129e-01 2.167395463532219638e-02 5.452586796371020617e-01
3.877551020408163129e-01 2.268583334581150343e-02 5.876470649818272829e-01
3.877551020408163129e-01 2.348581782282983810e-02 6.189978702257590282e-01
3.877551020408163129e-01 2.453338484833993138e-02 6.532407021836350580e-01
3.877551020408163129e-01 2.560380788167933644e-02 6.908860362465242266e-01
3.877551020408163129e-01 2.642827539405608744e-02 7.226521555279841191e-01
3.877551020408163129e-01 2.753317213942470948e-02 7.514832679162836149e-01
3.877551020408163129e-01 2.866069475671214825e-02 7.825675244324618030e-01
3.877551020408163129e-01 2.981084324591838641e-02 8.152943618844308293e-01
3.877551020408163129e-01 3.066642868475703484e-02 8.445013522711560805e-01
3.877551020408163129e-01 3.184959123411821441e-02 8.686091244036848735e-01
3.877551020408163129e-01 3.305514802731588514e-02 8.939294383979119463e-01
3.877551020408163129e-01 3.428309906435006438e-02 9.199941135875264742e-01
3.877551020408163129e-01 3.553344434522071049e-02 9.468019363820682210e-01
3.877551020408163129e-01 3.680618386992785124e-02 9.741570367618175297e-01
3.877551020408163129e-01 3.770462951095277654e-02 9.942111167758186374e-01
3.877551020408163129e-01 3.900844020979681026e-02 1.013807205946070544e+00
3.877551020408163129e-01 4.033441199700647101e-02 1.033799208530180813e+00
3.877551020408163129e-01 4.168254487258177265e-02 1.054027515895105571e+00
3.877551020408163129e-01 4.305283883652268745e-02 1.074494906980909326e+00
3.877551020408163129e-01 4.444529388882920845e-02 1.094986786778834986e+00
3.877551020408163129e-01 4.585991002950137729e-02 1.115550072533488368e+00
3.877551020408163129e-01 4.679574361948168892e-02 1.135751749199892302e+00
3.799999999999999489e-01 4.909037041516317069e-03 2.385934979720900628e+00
3.799999999999999489e-01 5.354949574483708341e-03 1.727769751833511780e+00
3.799999999999999489e-01 5.767347190738321763e-03 1.250839424246392717e+00
3.799999999999999489e-01 6.217989264631141808e-03 8.937149399598895982e-01
3.799999999999999489e-01 6.669604823004338275e-03 6.256305128829100504e-01
3.799999999999999489e-01 7.119859633568480749e-03 4.261499648725310951e-01
3.799999999999999489e-01 7.625569355160862102e-03 2.860428797520959687e-01
3.799999999999999489e-01 8.136480752661942942e-03 1.878426660089416722e-01
3.799999999999999489e-01 8.651060973794096054e-03 1.213665390424839008e-01
3.799999999999999489e-01 9.167736751840401682e-03 8.369575012314259266e-02
3.799999999999999489e-01 9.768070555737678323e-03 6.417975410311474449e-02
3.799999999999999489e-01 1.038059519016590500e-02 6.423719800199839680e-02
3.799999999999999489e-01 1.090823116000226231e-02 7.375234433396148093e-02
3.799999999999999489e-01 1.153593782445297596e-02 9.153079945324299471e-02
3.799999999999999489e-01 1.217334015767965356e-02 1.178259632165401805e-01
3.799999999999999489e-01 1.293797444752859543e-02 1.477048249805878455e-01
3.799999999999999489e-01 1.360039714184938138e-02 1.790804696015392272e-01
3.799999999999999489e-01 1.427051787101201417e-02 2.151404529952986033e-01
3.799999999999999489e-01 1.494755087332299767e-02 2.575602843798526220e-01
3.799999999999999489e-01 1.578167478789358619e-02 2.937318785534731025e-01
3.799999999999999489e-01 1.647927221590705926e-02 3.346374681306278909e-01
3.799999999999999489e-01 1.735027495911455400e-02 3.747090176830896180e-01
3.799999999999999489e-01 1.806644255501855048e-02 4.148953083966577804e-01
3.799999999999999489e-01 1.897340487165939671e-02 4.533768576275220008e-01
3.799999999999999489e-01 1.970611680146175382e-02 4.956153949475148313e-01
3.799999999999999489e-01 2.064811048079259054e-02 5.293981494446190483e-01
3.799999999999999489e-01 2.161209623045800068e-02 5.691716760408418452e-01
3.799999999999999489e-01 2.237139560041272873e-02 6.055145496780619530e-01
3.799999999999999489e-01 2.336925467104099957e-02 6.376401587831810325e-01
3.799999999999999489e-01 2.438888521230116527e-02 6.734653670228548661e-01
3.799999999999999489e-01 2.517100424544888373e-02 7.102245692737595428e-01
3.799999999999999489e-01 2.622333778798156476e-02 7.375398023630550526e-01
3.799999999999999489e-01 2.729722082285280030e-02 7.673184336891496482e-01
3.799999999999999489e-01 2.839265335006257648e-02 7.989242053735163829e-01
3.799999999999999489e-01 2.950963536961093148e-02 8.319460801831717323e-01
3.799999999999999489e-01 3.033045851509521759e-02 8.560836923714749691e-01
3.799999999999999489e-01 3.147851376123299294e-02 8.805644758913415693e-01
3.799999999999999489e-01 3.264789511101421488e-02 9.059096026327433382e-01
3.799999999999999489e-01 3.383860256443885217e-02 9.321029642435132434e-01
3.799999999999999489e-01 3.505063612150689789e-02 9.589384326287707649e-01
3.799999999999999489e-01 3.590146878276872372e-02 9.833868747776786101e-01
3.799999999999999489e-01 3.714292691961613296e-02 1.002491595766715315e+00
3.799999999999999489e-01 3.840548632791136729e-02 1.022062810243423936e+00
3.799999999999999489e-01 3.968914700765445447e-02 1.041931887225534314e+00
3.799999999999999489e-01 4.099390895884536673e-02 1.062098226826882819e+00
3.799999999999999489e-01 4.231977218148409020e-02 1.082338187102608540e+00
3.799999999999999489e-01 4.366673667557068039e-02 1.102696218671897377e+00
3.799999999999999489e-01 4.503480244110507485e-02 1.123008939530437234e+00
3.725490196078431460e-01 4.699897295810464420e-03 2.509739266908349364e+00
3.725490196078431460e-01 5.159412493589002509e-03 1.804975381387742051e+00
3.725490196078431460e-01 5.556566328323166160e-03 1.315092888730650778e+00
3.725490196078431460e-01 5.948312030811505995e-03 9.427601710512009126e-01
3.725490196078431460e-01 6.378692070434694578e-03 6.639899473761746718e-01
3.725490196078431460e-01 6.807485003372924608e-03 4.607923022734710106e-01
3.725490196078431460e-01 7.289666058624398072e-03 3.085642652865497881e-01
3.725490196078431460e-01 7.776604875821245717e-03 2.032926253993540544e-01
3.725490196078431460e-01 8.266825116294193240e-03 1.338449004579587986e-01
3.725490196078431460e-01 8.832892970608352545e-03 9.105681652335211040e-02
3.725490196078431460e-01 9.331422255118399303e-03 6.727968288082561421e-02
3.725490196078431460e-01 9.915546952961434499e-03 6.039630277116141838e-02
3.725490196078431460e-01 1.051048812297058002e-02 6.787148536210801941e-02
3.725490196078431460e-01 1.111553873974664014e-02 8.455596995543247785e-02
3.725490196078431460e-01 1.172998261890740614e-02 1.074119275533815254e-01
3.725490196078431460e-01 1.235309408458138206e-02 1.350819510611667440e-01
3.725490196078431460e-01 1.298413761854257630e-02 1.673936092528646447e-01
3.725490196078431460e-01 1.362236748964522175e-02 2.051565701198251601e-01
3.725490196078431460e-01 1.440435636743279263e-02 2.434581328056782679e-01
3.725490196078431460e-01 1.506317576215202535e-02 2.794641794490151931e-01
3.725490196078431460e-01 1.572719644258183461e-02 3.238082031724056620e-01
3.725490196078431460e-01 1.655844864018975876e-02 3.588019803967786858e-01
3.725490196078431460e-01 1.723990894594227760e-02 4.031202841107173196e-01
3.725490196078431460e-01 1.810537804472430248e-02 4.376370655706861568e-01
3.725490196078431460e-01 1.899204230510914346e-02 4.806700846998266385e-01
3.725490196078431460e-01 1.970111756882705206e-02 5.150347994315174205e-01
3.725490196078431460e-01 2.062089163757288915e-02 5.521023722716774662e-01
3.725490196078431460e-01 2.134278096333178110e-02 5.933037636639648671e-01
3.725490196078431460e-01 2.229475946110150153e-02 6.232355367979818261e-01
3.725490196078431460e-01 2.326750839882256450e-02 6.571688581087802294e-01
3.725490196078431460e-01 2.426102777649495612e-02 6.943214575284955004e-01
3.725490196078431460e-01 2.501453369264460685e-02 7.245541634722318936e-01
3.725490196078431460e-01 2.603891447799441816e-02 7.529708898646714221e-01
3.725490196078431460e-01 2.708385139950508433e-02 7.834029600211109834e-01
3.725490196078431460e-01 2.814934445717664005e-02 8.154214509534598587e-01
3.725490196078431460e-01 2.892870757368698476e-02 8.442840217908212930e-01
3.725490196078431460e-01 3.002370435645660904e-02 8.678839923877341711e-01
3.725490196078431460e-01 3.113904163673900799e-02 8.924710445068524400e-01
3.725490196078431460e-01 3.227471941453413651e-02 9.180138325440172498e-01
3.725490196078431460e-01 3.343073768984201194e-02 9.442958431778152306e-01
3.725490196078431460e-01 3.460709646266266204e-02 9.709230430621441643e-01
3.725490196078431460e-01 3.542181930726517880e-02 9.916714694018391452e-01
3.725490196078431460e-01 3.662587496292495776e-02 1.010795279227790555e+00
3.725490196078431460e-01 3.785005411143700649e-02 1.030280146305180722e+00
3.725490196078431460e-01 3.909435675280129030e-02 1.050122028536709440e+00
3.725490196078431460e-01 4.035878288701782307e-02 1.070088100705969936e+00
3.725490196078431460e-01 4.164333251408663256e-02 1.090220267651234476e+00
3.725490196078431460e-01 4.294800563400767018e-02 1.110347815009856909e+00
3.653846153846153633e-01 4.505634422226555483e-03 2.644624137383227769e+00
3.653846153846153633e-01 4.945425664451958553e-03 1.883884506906268852e+00
3.653846153846153633e-01 5.324483770122790706e-03 1.378855361498097398e+00
3.653846153846153633e-01 5.739059231189832383e-03 9.951021367199157641e-01
3.653846153846153633e-01 6.154318302358641364e-03 7.068053041671445991e-01
3.653846153846153633e-01 6.568110217335004428e-03 4.902330469803708457e-01
3.653846153846153633e-01 7.033436076638710684e-03 3.352808687733587201e-01
3.653846153846153633e-01 7.503405221392238193e-03 2.247833129211009862e-01
3.653846153846153633e-01 7.976605064416582638e-03 1.467320311890573103e-01
3.653846153846153633e-01 8.451587649800912719e-03 9.663379192795354400e-02
3.653846153846153633e-01 9.004278691328018377e-03 7.344956550708861553e-02
3.653846153846153633e-01 9.484730407488969894e-03 6.134107330938046165e-02
3.653846153846153633e-01 1.005281484825911592e-02 6.377652915674927869e-02
3.653846153846153633e-01 1.063043850987518968e-02 7.729960875239175189e-02
3.653846153846153633e-01 1.121691068229316128e-02 9.854008974876898863e-02
3.653846153846153633e-01 1.181153166703476781e-02 1.258365342169288081e-01
3.653846153846153633e-01 1.241359244650705983e-02 1.587840895754667192e-01
3.653846153846153633e-01 1.314724523790680548e-02 1.960793712917721088e-01
3.653846153846153633e-01 1.376992074331129592e-02 2.287125687827442633e-01
3.653846153846153633e-01 1.439814764302638044e-02 2.675890980747059333e-01
3.653846153846153633e-01 1.517980728467983702e-02 3.080607283823675879e-01
3.653846153846153633e-01 1.582564734144692800e-02 3.449343596010537860e-01
3.653846153846153633e-01 1.664057043422324106e-02 3.873225205742645283e-01
3.653846153846153633e-01 1.730216444508561949e-02 4.236330739039101956e-01
3.653846153846153633e-01 1.814949338805839710e-02 4.631604739497726664e-01
3.653846153846153633e-01 1.882495367828506891e-02 5.021481275585683024e-01
3.653846153846153633e-01 1.970382281746654862e-02 5.364207193513269578e-01
3.653846153846153633e-01 2.060274220316926988e-02 5.761554350561329807e-01
3.653846153846153633e-01 2.130076743071134329e-02 6.100122951721129727e-01
3.653846153846153633e-01 2.223014722182410641e-02 6.419833897712984294e-01
3.653846153846153633e-01 2.317937142128802600e-02 6.774454703645592657e-01
3.653846153846153633e-01 2.389645289837032116e-02 7.125159337136686144e-01
3.653846153846153633e-01 2.487504668260325999e-02 7.395154596287705218e-01
3.653846153846153633e-01 2.587327780029905280e-02 7.687220743360831943e-01
3.653846153846153633e-01 2.689114625145774123e-02 7.996888367962642352e-01
3.653846153846153633e-01 2.792865203607926630e-02 8.320972132152993916e-01
3.653846153846153633e-01 2.867827397849356461e-02 8.558817539261721619e-01
3.653846153846153633e-01 2.974363046224430887e-02 8.796727596022091422e-01
3.653846153846153633e-01 3.082841593961966817e-02 9.045293623329480059e-01
3.653846153846153633e-01 3.193263041061965984e-02 9.302245415395397066e-01
3.653846153846153633e-01 3.305627387524430472e-02 9.563516946653336515e-01
3.653846153846153633e-01 3.383034363458626431e-02 9.813429879217271390e-01
3.653846153846153633e-01 3.498030197616085191e-02 9.999930990087534388e-01
3.653846153846153633e-01 3.614947967720467253e-02 1.019069068921601762e+00
3.653846153846153633e-01 3.733787673771769150e-02 1.038563352698898212e+00
3.653846153846153633e-01 3.854549315769990880e-02 1.058233808504861262e+00
3.653846153846153633e-01 3.977232893715136608e-02 1.078119718621115775e+00
3.653846153846153633e-01 4.101838407607202863e-02 1.098042925464288944e+00
3.584905660377358250e-01 4.324829794637136127e-03 2.790068944435287079e+00
3.584905660377358250e-01 4.777955783999767413e-03 1.959715841432402073e+00
3.584905660377358250e-01 5.144147120337862894e-03 1.442216775725433831e+00
3.584905660377358250e-01 5.505101825165347601e-03 1.048541383017129291e+00
3.584905660377358250e-01 5.902037172554755809e-03 7.483011626546022255e-01
3.584905660377358250e-01 6.297325028012989816e-03 5.267126461786005853e-01
3.584905660377358250e-01 6.742332918746225118e-03 3.587480039940079690e-01
3.584905660377358250e-01 7.191611105223028738e-03 2.402872824552792219e-01
3.584905660377358250e-01 7.643796361183655477e-03 1.584064942599886505e-01
3.584905660377358250e-01 8.097491915821881936e-03 1.078104215364559804e-01
3.584905660377358250e-01 8.626228589951408579e-03 7.447773523098086268e-02
3.584905660377358250e-01 9.165535971306560184e-03 6.461826511303377096e-02
3.584905660377358250e-01 9.627993949015983474e-03 6.397933734936173122e-02
3.584905660377358250e-01 1.018021230267425817e-02 7.399180571664798478e-02
3.584905660377358250e-01 1.074078037905303734e-02 9.328558368505657228e-02
3.584905660377358250e-01 1.130902291160455937e-02 1.198969693649767770e-01
3.584905660377358250e-01 1.199774240692127840e-02 1.519518099272155753e-01
3.584905660377358250e-01 1.258662439053842563e-02 1.817798665479536391e-01
3.584905660377358250e-01 1.318138134646002976e-02 2.165543974514647085e-01
3.584905660377358250e-01 1.378130661237701206e-02 2.580644530511344570e-01
3.584905660377358250e-01 1.452947863111335967e-02 2.926166611730925959e-01
3.584905660377358250e-01 1.514603081134289000e-02 3.330732675473123683e-01
3.584905660377358250e-01 1.592595785039293416e-02 3.708679450238986375e-01
3.584905660377358250e-01 1.655734264349914206e-02 4.113391677500992105e-01
3.584905660377358250e-01 1.736819585698474999e-02 4.472584936471700190e-01
3.584905660377358250e-01 1.801259197472644680e-02 4.907179532671113176e-01
3.584905660377358250e-01 1.885353487816190596e-02 5.221085603248570850e-01
3.584905660377358250e-01 1.971366279080120562e-02 5.593567699580059838e-01
3.584905660377358250e-01 2.037928115890226197e-02 5.979560954162919106e-01
3.584905660377358250e-01 2.126845532260780020e-02 6.278960180311168315e-01
3.584905660377358250e-01 2.217661541151700125e-02 6.616029367612135115e-01
3.584905660377358250e-01 2.310376142562988941e-02 6.981450845874452860e-01
3.584905660377358250e-01 2.379622273607152200e-02 7.269428228485945720e-01
3.584905660377358250e-01 2.475116084420297610e-02 7.548730957593756674e-01
3.584905660377358250e-01 2.572488462003539797e-02 7.847405615834763815e-01
3.584905660377358250e-01 2.671739406356874597e-02 8.162023856242912601e-01
3.584905660377358250e-01 2.743132648076486782e-02 8.445515916226240538e-01
3.584905660377358250e-01 2.845036066483333861e-02 8.675091256217803970e-01
3.584905660377358250e-01 2.948797905894559590e-02 8.916444251889961148e-01
3.584905660377358250e-01 3.054418166310165356e-02 9.167198454525242735e-01
3.584905660377358250e-01 3.161896847730153587e-02 9.423161191679852999e-01
3.584905660377358250e-01 3.271233950154519426e-02 9.684006873675004012e-01
3.584905660377358250e-01 3.345539580692690612e-02 9.896527833511508110e-01
3.584905660377358250e-01 3.457360521471621040e-02 1.008295457738560330e+00
3.584905660377358250e-01 3.571019614701709949e-02 1.027419263824911555e+00
3.584905660377358250e-01 3.686516860382958727e-02 1.046772612740501707e+00
3.584905660377358250e-01 3.803852258515370843e-02 1.066392089768452456e+00
3.584905660377358250e-01 3.923025809098941441e-02 1.086091985666423287e+00
3.518518518518518601e-01 4.156231029223926045e-03 2.945580022946572729e+00
3.518518518518518601e-01 4.622003696631168078e-03 2.037829456167551623e+00
3.518518518518518601e-01 4.976266633458330084e-03 1.509029425410161274e+00
3.518518518518518601e-01 5.325537159293456009e-03 1.100667197303507372e+00
3.518518518518518601e-01 5.709659705271421734e-03 7.917832943625553455e-01
3.518518518518518601e-01 6.092267212855966528e-03 5.579519535475290226e-01
3.518518518518518601e-01 6.522970770082100848e-03 3.883474828296298309e-01
3.518518518518518601e-01 6.901372635560568819e-03 2.623598711992994326e-01
3.518518518518518601e-01 7.334060031271542532e-03 1.760813468713146868e-01
3.518518518518518601e-01 7.834988429908547325e-03 1.151708896412278610e-01
3.518518518518518601e-01 8.274499554027167289e-03 8.057443151511964330e-02
3.518518518518518601e-01 8.791022940162382740e-03 6.296538693879109860e-02
3.518518518518518601e-01 9.316959562287813190e-03 6.244978795780051217e-02
3.518518518518518601e-01 9.851677477045257120e-03 7.285032205189266585e-02
3.518518518518518601e-01 1.039453711240035695e-02 9.027726323999747671e-02
3.518518518518518601e-01 1.094489099871536267e-02 1.126513391291009830e-01
3.518518518518518601e-01 1.150208348531613425e-02 1.392088589559207223e-01
3.518518518518518601e-01 1.206545044151586567e-02 1.702705838957392082e-01
3.518518518518518601e-01 1.263431894096567372e-02 2.069361812473863305e-01
3.518518518518518601e-01 1.333935668676655348e-02 2.444341304125649539e-01
3.518518518518518601e-01 1.392505513585166541e-02 2.793474687709012194e-01
3.518518518518518601e-01 1.451446484513328056e-02 3.231864234272504577e-01
3.518518518518518601e-01 1.526187013771878112e-02 3.562710882231114873e-01
3.518518518518518601e-01 1.602803874308886267e-02 4.006631082436208358e-01
3.518518518518518601e-01 1.664222904221859117e-02 4.329414297969903513e-01
3.518518518518518601e-01 1.743776246596157389e-02 4.735234809872663764e-01
3.518518518518518601e-01 1.806356408104238184e-02 5.091480106094578018e-01
3.518518518518518601e-01 1.888765228350725023e-02 5.438297575201318512e-01
3.518518518518518601e-01 1.973012163546948930e-02 5.835754349674080466e-01
3.518518518518518601e-01 2.037509878516189851e-02 6.148939718446567726e-01
3.518518518518518601e-01 2.124511267397484471e-02 6.467823101941356789e-01
3.518518518518518601e-01 2.213331500645636732e-02 6.817570818338984928e-01
3.518518518518518601e-01 2.279418887210816688e-02 7.152437709635418583e-01
3.518518518518518601e-01 2.370891554277957877e-02 7.418476692942341799e-01
3.518518518518518601e-01 2.464163683648060849e-02 7.705690346827717141e-01
3.518518518518518601e-01 2.559235275321122133e-02 8.010403956376037637e-01
3.518518518518518601e-01 2.656106329297143812e-02 8.328791230349614771e-01
3.518518518518518601e-01 2.724930537380773968e-02 8.559745768872611960e-01
3.518518518518518601e-01 2.824311985706643574e-02 8.793539426301767437e-01
3.518518518518518601e-01 2.925473400271185256e-02 9.037771167594770283e-01
3.518518518518518601e-01 3.028414781074401443e-02 9.288120753722102219e-01
3.518518518518518601e-01 3.133136128116287972e-02 9.544199478390611446e-01
3.518518518518518601e-01 3.203941265476302480e-02 9.797708759482066654e-01
3.518518518518518601e-01 3.311029440003837587e-02 9.979561420280216311e-01
3.518518518518518601e-01 3.419877968085249104e-02 1.016686850117785479e+00
3.518518518518518601e-01 3.530486849720537029e-02 1.035701836779254315e+00
3.518518518518518601e-01 3.642856084909704834e-02 1.055034918143976874e+00
3.518518518518518601e-01 3.756985673652747659e-02 1.074492727255162539e+00
3.454545454545455141e-01 3.998729154082558690e-03 3.110689008537594447e+00
3.454545454545455141e-01 4.446851198126850792e-03 2.119873633103986243e+00
3.454545454545455141e-01 4.786413018738025667e-03 1.573888091723819382e+00
3.454545454545455141e-01 5.158105490617183667e-03 1.157505993987143933e+00
3.454545454545455141e-01 5.489107667731817769e-03 8.361006104606081291e-01
3.454545454545455141e-01 5.855621183738080396e-03 5.960560143046659265e-01
3.454545454545455141e-01 6.268628190691911094e-03 4.126187478619710025e-01
3.454545454545455141e-01 6.685512703899660139e-03 2.813904697364010277e-01
3.454545454545455141e-01 7.105010721202704473e-03 1.877076373770993900e-01
3.454545454545455141e-01 7.525828645333044846e-03 1.247589837881263319e-01
3.454545454545455141e-01 8.016767927091418555e-03 8.805545772221781697e-02
3.454545454545455141e-01 8.441963809252817780e-03 6.589177662676788672e-02
3.454545454545455141e-01 8.946227974946362529e-03 5.960586763675150557e-02
3.454545454545455141e-01 9.458822544210793160e-03 6.616400578128033005e-02
3.454545454545455141e-01 9.979129006731745147e-03 8.134973381197897757e-02
3.454545454545455141e-01 1.050652134567975349e-02 1.027820961252624565e-01
3.454545454545455141e-01 1.104036576948290785e-02 1.294653690995687945e-01
3.454545454545455141e-01 1.158002042892724952e-02 1.614982626037340108e-01
3.454545454545455141e-01 1.224476884265616322e-02 1.993872137073323114e-01
3.454545454545455141e-01 1.280144194316300103e-02 2.304068361818450983e-01
3.454545454545455141e-01 1.336221671386028306e-02 2.682168443073875697e-01
3.454545454545455141e-01 1.406846922675165229e-02 3.071665631584600265e-01
3.454545454545455141e-01 1.464354634215419768e-02 3.435035101123665724e-01
3.454545454545455141e-01 1.537867417232176639e-02 3.837360040498665192e-01
3.454545454545455141e-01 1.596637234287135235e-02 4.201869362800864094e-01
3.454545454545455141e-01 1.672959840005740217e-02 4.574777332415876918e-01
3.454545454545455141e-01 1.732821182754224615e-02 4.975214531044980237e-01
3.454545454545455141e-01 1.811875210369276110e-02 5.295585109350575692e-01
3.454545454545455141e-01 1.892692524845630483e-02 5.670196461962124790e-01
3.454545454545455141e-01 1.954361282827278903e-02 6.029646503393022439e-01
3.454545454545455141e-01 2.037812238218782157e-02 6.329721922056520400e-01
3.454545454545455141e-01 2.123007812886763823e-02 6.663213263943627007e-01
3.454545454545455141e-01 2.209948006831223208e-02 7.025412261466474906e-01
3.454545454545455141e-01 2.273897548016355630e-02 7.296375361588183228e-01
3.454545454545455141e-01 2.363353881812075771e-02 7.571667498178068501e-01
3.454545454545455141e-01 2.454536061275877992e-02 7.866044151613942326e-01
3.454545454545455141e-01 2.547444086407765068e-02 8.175538601264067395e-01
3.454545454545455141e-01 2.613171687892695133e-02 8.450636036570675635e-01
3.454545454545455141e-01 2.708477158437482338e-02 8.676528855320123634e-01
3.454545454545455141e-01 2.805489592633817267e-02 8.913917609100692196e-01
3.454545454545455141e-01 2.904208990481702696e-02 9.158353606810304415e-01
3.454545454545455141e-01 3.004635351981134461e-02 9.409384037667385403e-01
3.454545454545455141e-01 3.106768677132114645e-02 9.665041246822601018e-01
3.454545454545455141e-01 3.174885423192375100e-02 9.880479774053230191e-01
3.454545454545455141e-01 3.279258281061382674e-02 1.006363223243395666e+00
3.454545454545455141e-01 3.385319109677596694e-02 1.025018824914685878e+00
3.454545454545455141e-01 3.493067909041020630e-02 1.044045759490662473e+00
3.454545454545455141e-01 3.602504679151650319e-02 1.063242898586624463e+00
3.392857142857143016e-01 3.851339344065318835e-03 3.284951281085203512e+00
3.392857142857143016e-01 4.282943984606852640e-03 2.211887867752026615e+00
3.392857142857143016e-01 4.641141422579368736e-03 1.639714909917378893e+00
3.392857142857143016e-01 4.965711397673465595e-03 1.209943809771210965e+00
3.392857142857143016e-01 5.322944992891359868e-03 8.802056016580810383e-01
3.392857142857143016e-01 5.678656777480973507e-03 6.290274346000850336e-01
3.392857142857143016e-01 6.030936637729321370e-03 4.437729063208994962e-01
3.392857142857143016e-01 6.431034197253699021e-03 3.032361661344304404e-01
3.392857142857143016e-01 6.833497022118512759e-03 2.043894335259244799e-01
3.392857142857143016e-01 7.299850564517228191e-03 1.390637622672508678e-01
3.392857142857143016e-01 7.708546698988152229e-03 9.201748132523507318e-02
3.392857142857143016e-01 8.189329356843987051e-03 7.189501957844003643e-02
3.392857142857143016e-01 8.600105746755416433e-03 6.089329206737800065e-02
3.392857142857143016e-01 9.092083964626384782e-03 6.328796122796642720e-02
3.392857142857143016e-01 9.591377736432777495e-03 7.592555753289009779e-02
3.392857142857143016e-01 1.009738130018548140e-02 9.612562049234019135e-02
3.392857142857143016e-01 1.060948149714305982e-02 1.226616650177279749e-01
3.392857142857143016e-01 1.112705750379403176e-02 1.554108043038406606e-01
3.392857142857143016e-01 1.176580368481460262e-02 1.853939618354601415e-01
3.392857142857143016e-01 1.229956098024032746e-02 2.186906726324580608e-01
3.392857142857143016e-01 1.283714146667547240e-02 2.591891743191194197e-01
3.392857142857143016e-01 1.351564142018822634e-02 2.926885234559428173e-01
3.392857142857143016e-01 1.406677513277669947e-02 3.325372691692985994e-01
3.392857142857143016e-01 1.477294818943887533e-02 3.685056005887439867e-01
3.392857142857143016e-01 1.533600850780187166e-02 4.089730277212066945e-01
3.392857142857143016e-01 1.606910185267850649e-02 4.428827560253796869e-01
3.392857142857143016e-01 1.681931021727989251e-02 4.844361181482088607e-01
3.392857142857143016e-01 1.740169308033568882e-02 5.165273709743077868e-01
3.392857142857143016e-01 1.817788235322046961e-02 5.516319993925393739e-01
3.392857142857143016e-01 1.897100666478637732e-02 5.914636573000904285e-01
3.392857142857143016e-01 1.956968450444166244e-02 6.201613301323699590e-01
3.392857142857143016e-01 2.038784158788538303e-02 6.518276204817321506e-01
3.392857142857143016e-01 2.122275274129723985e-02 6.865907521444792883e-01
3.392857142857143016e-01 2.183465166917229056e-02 7.182345324606924652e-01
3.392857142857143016e-01 2.269363842947495422e-02 7.445262839463483440e-01
3.392857142857143016e-01 2.356919728161623734e-02 7.728876892011058430e-01
3.392857142857143016e-01 2.446132822559615727e-02 8.029079515761687880e-01
3.392857142857143016e-01 2.537003126141473483e-02 8.340268263856984721e-01
3.392857142857143016e-01 2.600492012745209830e-02 8.565362735536603545e-01
3.392857142857143016e-01 2.693636627045771156e-02 8.795592264704052976e-01
3.392857142857143016e-01 2.788420149515845672e-02 9.033818106779287760e-01
3.392857142857143016e-01 2.884842580155429562e-02 9.279522402094507738e-01
3.392857142857143016e-01 2.982903918964524906e-02 9.530618788312268386e-01
3.392857142857143016e-01 3.082604165943133440e-02 9.785252584179824353e-01
3.392857142857143016e-01 3.148184477503267187e-02 9.964455181043356813e-01
3.392857142857143016e-01 3.250005994963193340e-02 1.014720942171843721e+00
3.392857142857143016e-01 3.353448014027258367e-02 1.033422188074010206e+00
3.392857142857143016e-01 3.458510534695458799e-02 1.052340264586713481e+00
3.333333333333333148e-01 3.713184600878690136e-03 3.467944521916264122e+00
3.333333333333333148e-01 4.129306775985425344e-03 2.313452826065760526e+00
3.333333333333333148e-01 4.505167439358234716e-03 1.708834727515073482e+00
3.333333333333333148e-01 4.820465113155165265e-03 1.266462597962567660e+00
3.333333333333333148e-01 5.128714195398131198e-03 9.270588296047101995e-01
3.333333333333333148e-01 5.470316761292230885e-03 6.685629647170534540e-01
3.333333333333333148e-01 5.855557182094171288e-03 4.699493332051690730e-01
3.333333333333333148e-01 6.244355811123472252e-03 3.263890132771999908e-01
3.333333333333333148e-01 6.635536178019736143e-03 2.215300410020179800e-01
3.333333333333333148e-01 7.027895568910226369e-03 1.470808066708938211e-01
3.333333333333333148e-01 7.420203310679646287e-03 1.008122908214771907e-01
3.333333333333333148e-01 7.882372150688704907e-03 7.220870858505661072e-02
3.333333333333333148e-01 8.352858722888475973e-03 6.359864440498565197e-02
3.333333333333333148e-01 8.749133653109667993e-03 6.413518691958668139e-02
3.333333333333333148e-01 9.228814990396549608e-03 7.392851620373504240e-02
3.333333333333333148e-01 9.714859075606053704e-03 9.261521845484183002e-02
3.333333333333333148e-01 1.020667224810342145e-02 1.187394278191969826e-01
3.333333333333333148e-01 1.080989437078801185e-02 1.442706523697341869e-01
3.333333333333333148e-01 1.131809432262970497e-02 1.738918202506066213e-01
3.333333333333333148e-01 1.183048221377141877e-02 2.092456681515337258e-01
3.333333333333333148e-01 1.247274611584239454e-02 2.465203284887025337e-01
3.333333333333333148e-01 1.299900259021665762e-02 2.801614096614290506e-01
3.333333333333333148e-01 1.366837093675395305e-02 3.230595577618967096e-01
3.333333333333333148e-01 1.420693731487802577e-02 3.549472012451425629e-01
3.333333333333333148e-01 1.490268548072760241e-02 3.973493826166936138e-01
3.333333333333333148e-01 1.545198159454178391e-02 4.297190572925299601e-01
3.333333333333333148e-01 1.617337884176625606e-02 4.682692581962327738e-01
3.333333333333333148e-01 1.673180216895787595e-02 5.047209020867262641e-01
3.333333333333333148e-01 1.747811146769221238e-02 5.373985440374369205e-01
3.333333333333333148e-01 1.824070387839893392e-02 5.751253114702339353e-01
3.333333333333333148e-01 1.881451405380066277e-02 6.083386148739148291e-01
3.333333333333333148e-01 1.960109944515813288e-02 6.382658916599689425e-01
3.333333333333333148e-01 2.040379238719186583e-02 6.715194681548184441e-01
3.333333333333333148e-01 2.122259287990185470e-02 7.073237220954733395e-01
3.333333333333333148e-01 2.181577184499132460e-02 7.326402961559478344e-01
3.333333333333333148e-01 2.265746112344426549e-02 7.598835349248337367e-01
3.333333333333333148e-01 2.351508142924962907e-02 7.889353071283411456e-01
3.333333333333333148e-01 2.438863276240743616e-02 8.192185640914539935e-01
3.333333333333333148e-01 2.499646115237490890e-02 8.459991745719197542e-01
3.333333333333333148e-01 2.589178623759178996e-02 8.682750046389584586e-01
3.333333333333333148e-01 2.680286484336969269e-02 8.914472987117394442e-01
3.333333333333333148e-01 2.772969696970857545e-02 9.154576757400856302e-01
3.333333333333333148e-01 2.867228261660845906e-02 9.400854532979567857e-01
3.333333333333333148e-01 2.963062178406936087e-02 9.651356546881917353e-01
3.333333333333333148e-01 3.025791417565517130e-02 9.869308926163271600e-01
3.333333333333333148e-01 3.123654384572482554e-02 1.004805574113657674e+00
3.333333333333333148e-01 3.223074852380621719e-02 1.023161796514075350e+00
3.333333333333333148e-01 3.324052820989931156e-02 1.041782606605201611e+00
