0.000000000000000000e+00 5.000000000000000104e-03 2.760535754891831672e+00
0.000000000000000000e+00 5.247896709704290286e-03 2.150377105444622572e+00
0.000000000000000000e+00 5.501790920449812182e-03 1.688140815370227754e+00
0.000000000000000000e+00 5.761682632236567528e-03 1.359334904723503712e+00
0.000000000000000000e+00 6.027571845064558058e-03 1.150664318486985360e+00
0.000000000000000000e+00 6.217179916531376596e-03 1.031486190275347381e+00
0.000000000000000000e+00 6.405526472813198244e-03 9.313899308266982979e-01
0.000000000000000000e+00 6.547568513119534847e-03 8.450044758419028579e-01
0.000000000000000000e+00 6.730793937900025545e-03 7.688740869769649100e-01
0.000000000000000000e+00 6.912013667774481382e-03 7.040714395205126541e-01
0.000000000000000000e+00 7.090992698620473059e-03 6.491223129198082642e-01
0.000000000000000000e+00 7.267496026315567806e-03 6.032176720280948423e-01
0.000000000000000000e+00 7.441288646737327650e-03 5.661342346516331503e-01
0.000000000000000000e+00 7.668889595321677285e-03 5.334608399889567698e-01
0.000000000000000000e+00 7.838683881715952789e-03 5.086910473473135186e-01
0.000000000000000000e+00 8.066151008508357784e-03 4.900571601208985051e-01
0.000000000000000000e+00 8.231163613800373050e-03 4.761853956277904421e-01
0.000000000000000000e+00 8.457870241141021359e-03 4.665928602405907677e-01
0.000000000000000000e+00 8.685103995784069358e-03 4.630473625541819960e-01
0.000000000000000000e+00 8.842637268485071395e-03 4.620547761483601024e-01
0.000000000000000000e+00 9.068209674540370427e-03 4.636107008433197341e-01
0.000000000000000000e+00 9.293917534360682936e-03 4.688407294379521861e-01
0.000000000000000000e+00 9.519643345884794272e-03 4.770808666392664099e-01
0.000000000000000000e+00 9.745269607051482846e-03 4.878561532753593610e-01
0.000000000000000000e+00 9.970678815799537478e-03 5.008211107622231317e-01
0.000000000000000000e+00 1.019575347006774525e-02 5.157970237631271937e-01
0.000000000000000000e+00 1.042037606779488111e-02 5.327228991685966086e-01
0.000000000000000000e+00 1.064442910691973561e-02 5.516552790882287560e-01
0.000000000000000000e+00 1.086779508538109063e-02 5.727292465667820354e-01
0.000000000000000000e+00 1.118586010930819677e-02 5.918061587065833740e-01
0.000000000000000000e+00 1.141025423080519081e-02 6.127150132744850763e-01
0.000000000000000000e+00 1.163364795280878022e-02 6.359228938952304899e-01
0.000000000000000000e+00 1.195980919514828128e-02 6.612810867253184899e-01
0.000000000000000000e+00 1.218372188458890192e-02 6.832009666602282261e-01
0.000000000000000000e+00 1.240632083570621276e-02 7.081761794717283953e-01
0.000000000000000000e+00 1.274010828821324492e-02 7.347137229846298911e-01
0.000000000000000000e+00 1.296271703116898613e-02 7.583898823127865896e-01
0.000000000000000000e+00 1.318369869697150198e-02 7.863119507949402065e-01
0.000000000000000000e+00 1.352464235140120145e-02 8.105713431029081262e-01
0.000000000000000000e+00 1.374512463344354854e-02 8.379744866365470557e-01
0.000000000000000000e+00 1.409162678815799666e-02 8.634666554908375646e-01
0.000000000000000000e+00 1.431129634761026288e-02 8.908116107009688145e-01
0.000000000000000000e+00 1.466320033319449927e-02 9.163786551281527526e-01
0.000000000000000000e+00 1.488174383122678641e-02 9.443563708540294588e-01
0.000000000000000000e+00 1.523889297826585762e-02 9.690926456663185862e-01
0.000000000000000000e+00 1.560027709542792344e-02 9.984826023948317752e-01
0.000000000000000000e+00 1.581823471512720444e-02 1.021753550982640535e+00
0.000000000000000000e+00 1.618466815697541111e-02 1.049065800879541932e+00
0.000000000000000000e+00 1.640075553553365859e-02 1.074800855064239169e+00
0.000000000000000000e+00 1.677208163265306307e-02 1.099587294935043591e+00
0.000000000000000000e+00 5.000000000000000104e-03 2.760535754891831672e+00
0.000000000000000000e+00 5.247896709704290286e-03 2.150377105444622572e+00
0.000000000000000000e+00 5.501790920449812182e-03 1.688140815370227754e+00
0.000000000000000000e+00 5.761682632236567528e-03 1.359334904723503712e+00
0.000000000000000000e+00 6.027571845064558058e-03 1.150664318486985360e+00
0.000000000000000000e+00 6.217179916531376596e-03 1.031486190275347381e+00
0.000000000000000000e+00 6.405526472813198244e-03 9.313899308266982979e-01
0.000000000000000000e+00 6.547568513119534847e-03 8.450044758419028579e-01
0.000000000000000000e+00 6.730793937900025545e-03 7.688740869769649100e-01
0.000000000000000000e+00 6.912013667774481382e-03 7.040714395205126541e-01
0.000000000000000000e+00 7.090992698620473059e-03 6.491223129198082642e-01
0.000000000000000000e+00 7.267496026315567806e-03 6.032176720280948423e-01
0.000000000000000000e+00 7.441288646737327650e-03 5.661342346516331503e-01
0.000000000000000000e+00 7.668889595321677285e-03 5.334608399889567698e-01
0.000000000000000000e+00 7.838683881715952789e-03 5.086910473473135186e-01
0.000000000000000000e+00 8.066151008508357784e-03 4.900571601208985051e-01
0.000000000000000000e+00 8.231163613800373050e-03 4.761853956277904421e-01
0.000000000000000000e+00 8.457870241141021359e-03 4.665928602405907677e-01
0.000000000000000000e+00 8.685103995784069358e-03 4.630473625541819960e-01
0.000000000000000000e+00 8.842637268485071395e-03 4.620547761483601024e-01
0.000000000000000000e+00 9.068209674540370427e-03 4.636107008433197341e-01
0.000000000000000000e+00 9.293917534360682936e-03 4.688407294379521861e-01
0.000000000000000000e+00 9.519643345884794272e-03 4.770808666392664099e-01
0.000000000000000000e+00 9.745269607051482846e-03 4.878561532753593610e-01
0.000000000000000000e+00 9.970678815799537478e-03 5.008211107622231317e-01
0.000000000000000000e+00 1.019575347006774525e-02 5.157970237631271937e-01
0.000000000000000000e+00 1.042037606779488111e-02 5.327228991685966086e-01
0.000000000000000000e+00 1.064442910691973561e-02 5.516552790882287560e-01
0.000000000000000000e+00 1.086779508538109063e-02 5.727292465667820354e-01
0.000000000000000000e+00 1.118586010930819677e-02 5.918061587065833740e-01
0.000000000000000000e+00 1.141025423080519081e-02 6.127150132744850763e-01
0.000000000000000000e+00 1.163364795280878022e-02 6.359228938952304899e-01
0.000000000000000000e+00 1.195980919514828128e-02 6.612810867253184899e-01
0.000000000000000000e+00 1.218372188458890192e-02 6.832009666602282261e-01
0.000000000000000000e+00 1.240632083570621276e-02 7.081761794717283953e-01
0.000000000000000000e+00 1.274010828821324492e-02 7.347137229846298911e-01
0.000000000000000000e+00 1.296271703116898613e-02 7.583898823127865896e-01
0.000000000000000000e+00 1.318369869697150198e-02 7.863119507949402065e-01
0.000000000000000000e+00 1.352464235140120145e-02 8.105713431029081262e-01
0.000000000000000000e+00 1.374512463344354854e-02 8.379744866365470557e-01
0.000000000000000000e+00 1.409162678815799666e-02 8.634666554908375646e-01
0.000000000000000000e+00 1.431129634761026288e-02 8.908116107009688145e-01
0.000000000000000000e+00 1.466320033319449927e-02 9.163786551281527526e-01
0.000000000000000000e+00 1.488174383122678641e-02 9.443563708540294588e-01
0.000000000000000000e+00 1.523889297826585762e-02 9.690926456663185862e-01
0.000000000000000000e+00 1.560027709542792344e-02 9.984826023948317752e-01
0.000000000000000000e+00 1.581823471512720444e-02 1.021753550982640535e+00
0.000000000000000000e+00 1.618466815697541111e-02 1.049065800879541932e+00
0.000000000000000000e+00 1.640075553553365859e-02 1.074800855064239169e+00
0.000000000000000000e+00 1.677208163265306307e-02 1.099587294935043591e+00
0.000000000000000000e+00 5.000000000000000104e-03 2.760535754891831672e+00
0.000000000000000000e+00 5.247896709704290286e-03 2.150377105444622572e+00
0.000000000000000000e+00 5.501790920449812182e-03 1.688140815370227754e+00
0.000000000000000000e+00 5.761682632236567528e-03 1.359334904723503712e+00
0.000000000000000000e+00 6.027571845064558058e-03 1.150664318486985360e+00
0.000000000000000000e+00 6.217179916531376596e-03 1.031486190275347381e+00
0.000000000000000000e+00 6.405526472813198244e-03 9.313899308266982979e-01
0.000000000000000000e+00 6.547568513119534847e-03 8.450044758419028579e-01
0.000000000000000000e+00 6.730793937900025545e-03 7.688740869769649100e-01
0.000000000000000000e+00 6.912013667774481382e-03 7.040714395205126541e-01
0.000000000000000000e+00 7.090992698620473059e-03 6.491223129198082642e-01
0.000000000000000000e+00 7.267496026315567806e-03 6.032176720280948423e-01
0.000000000000000000e+00 7.441288646737327650e-03 5.661342346516331503e-01
0.000000000000000000e+00 7.668889595321677285e-03 5.334608399889567698e-01
0.000000000000000000e+00 7.838683881715952789e-03 5.086910473473135186e-01
0.000000000000000000e+00 8.066151008508357784e-03 4.900571601208985051e-01
0.000000000000000000e+00 8.231163613800373050e-03 4.761853956277904421e-01
0.000000000000000000e+00 8.457870241141021359e-03 4.665928602405907677e-01
0.000000000000000000e+00 8.685103995784069358e-03 4.630473625541819960e-01
0.000000000000000000e+00 8.842637268485071395e-03 4.620547761483601024e-01
0.000000000000000000e+00 9.068209674540370427e-03 4.636107008433197341e-01
0.000000000000000000e+00 9.293917534360682936e-03 4.688407294379521861e-01
0.000000000000000000e+00 9.519643345884794272e-03 4.770808666392664099e-01
0.000000000000000000e+00 9.745269607051482846e-03 4.878561532753593610e-01
0.000000000000000000e+00 9.970678815799537478e-03 5.008211107622231317e-01
0.000000000000000000e+00 1.019575347006774525e-02 5.157970237631271937e-01
0.000000000000000000e+00 1.042037606779488111e-02 5.327228991685966086e-01
0.000000000000000000e+00 1.064442910691973561e-02 5.516552790882287560e-01
0.000000000000000000e+00 1.086779508538109063e-02 5.727292465667820354e-01
0.000000000000000000e+00 1.118586010930819677e-02 5.918061587065833740e-01
0.000000000000000000e+00 1.141025423080519081e-02 6.127150132744850763e-01
0.000000000000000000e+00 1.163364795280878022e-02 6.359228938952304899e-01
0.000000000000000000e+00 1.195980919514828128e-02 6.612810867253184899e-01
0.000000000000000000e+00 1.218372188458890192e-02 6.832009666602282261e-01
0.000000000000000000e+00 1.240632083570621276e-02 7.081761794717283953e-01
0.000000000000000000e+00 1.274010828821324492e-02 7.347137229846298911e-01
0.000000000000000000e+00 1.296271703116898613e-02 7.583898823127865896e-01
0.000000000000000000e+00 1.318369869697150198e-02 7.863119507949402065e-01
0.000000000000000000e+00 1.352464235140120145e-02 8.105713431029081262e-01
0.000000000000000000e+00 1.374512463344354854e-02 8.379744866365470557e-01
0.000000000000000000e+00 1.409162678815799666e-02 8.634666554908375646e-01
0.000000000000000000e+00 1.431129634761026288e-02 8.908116107009688145e-01
0.000000000000000000e+00 1.466320033319449927e-02 9.163786551281527526e-01
0.000000000000000000e+00 1.488174383122678641e-02 9.443563708540294588e-01
0.000000000000000000e+00 1.523889297826585762e-02 9.690926456663185862e-01
0.000000000000000000e+00 1.560027709542792344e-02 9.984826023948317752e-01
0.000000000000000000e+00 1.581823471512720444e-02 1.021753550982640535e+00
0.000000000000000000e+00 1.618466815697541111e-02 1.049065800879541932e+00
0.000000000000000000e+00 1.640075553553365859e-02 1.074800855064239169e+00
0.000000000000000000e+00 1.677208163265306307e-02 1.099587294935043591e+00
0.000000000000000000e+00 5.000000000000000104e-03 2.760535754891831672e+00
0.000000000000000000e+00 5.247896709704290286e-03 2.150377105444622572e+00
0.000000000000000000e+00 5.501790920449812182e-03 1.688140815370227754e+00
0.000000000000000000e+00 5.761682632236567528e-03 1.359334904723503712e+00
0.000000000000000000e+00 6.027571845064558058e-03 1.150664318486985360e+00
0.000000000000000000e+00 6.217179916531376596e-03 1.031486190275347381e+00
0.000000000000000000e+00 6.405526472813198244e-03 9.313899308266982979e-01
0.000000000000000000e+00 6.547568513119534847e-03 8.450044758419028579e-01
0.000000000000000000e+00 6.730793937900025545e-03 7.688740869769649100e-01
0.000000000000000000e+00 6.912013667774481382e-03 7.040714395205126541e-01
0.000000000000000000e+00 7.090992698620473059e-03 6.491223129198082642e-01
0.000000000000000000e+00 7.267496026315567806e-03 6.032176720280948423e-01
0.000000000000000000e+00 7.441288646737327650e-03 5.661342346516331503e-01
0.000000000000000000e+00 7.668889595321677285e-03 5.334608399889567698e-01
0.000000000000000000e+00 7.838683881715952789e-03 5.086910473473135186e-01
0.000000000000000000e+00 8.066151008508357784e-03 4.900571601208985051e-01
0.000000000000000000e+00 8.231163613800373050e-03 4.761853956277904421e-01
0.000000000000000000e+00 8.457870241141021359e-03 4.665928602405907677e-01
0.000000000000000000e+00 8.685103995784069358e-03 4.630473625541819960e-01
0.000000000000000000e+00 8.842637268485071395e-03 4.620547761483601024e-01
0.000000000000000000e+00 9.068209674540370427e-03 4.636107008433197341e-01
0.000000000000000000e+00 9.293917534360682936e-03 4.688407294379521861e-01
0.000000000000000000e+00 9.519643345884794272e-03 4.770808666392664099e-01
0.000000000000000000e+00 9.745269607051482846e-03 4.878561532753593610e-01
0.000000000000000000e+00 9.970678815799537478e-03 5.008211107622231317e-01
0.000000000000000000e+00 1.019575347006774525e-02 5.157970237631271937e-01
0.000000000000000000e+00 1.042037606779488111e-02 5.327228991685966086e-01
0.000000000000000000e+00 1.064442910691973561e-02 5.516552790882287560e-01
0.000000000000000000e+00 1.086779508538109063e-02 5.727292465667820354e-01
0.000000000000000000e+00 1.118586010930819677e-02 5.918061587065833740e-01
0.000000000000000000e+00 1.141025423080519081e-02 6.127150132744850763e-01
0.000000000000000000e+00 1.163364795280878022e-02 6.359228938952304899e-01
0.000000000000000000e+00 1.195980919514828128e-02 6.612810867253184899e-01
0.000000000000000000e+00 1.218372188458890192e-02 6.832009666602282261e-01
0.000000000000000000e+00 1.240632083570621276e-02 7.081761794717283953e-01
0.000000000000000000e+00 1.274010828821324492e-02 7.347137229846298911e-01
0.000000000000000000e+00 1.296271703116898613e-02 7.583898823127865896e-01
0.000000000000000000e+00 1.318369869697150198e-02 7.863119507949402065e-01
0.000000000000000000e+00 1.352464235140120145e-02 8.105713431029081262e-01
0.000000000000000000e+00 1.374512463344354854e-02 8.379744866365470557e-01
0.000000000000000000e+00 1.409162678815799666e-02 8.634666554908375646e-01
0.000000000000000000e+00 1.431129634761026288e-02 8.908116107009688145e-01
0.000000000000000000e+00 1.466320033319449927e-02 9.163786551281527526e-01
0.000000000000000000e+00 1.488174383122678641e-02 9.443563708540294588e-01
0.000000000000000000e+00 1.523889297826585762e-02 9.690926456663185862e-01
0.000000000000000000e+00 1.560027709542792344e-02 9.984826023948317752e-01
0.000000000000000000e+00 1.581823471512720444e-02 1.021753550982640535e+00
0.000000000000000000e+00 1.618466815697541111e-02 1.049065800879541932e+00
0.000000000000000000e+00 1.640075553553365859e-02 1.074800855064239169e+00
0.000000000000000000e+00 1.677208163265306307e-02 1.099587294935043591e+00
0.000000000000000000e+00 5.000000000000000104e-03 2.760535754891831672e+00
0.000000000000000000e+00 5.247896709704290286e-03 2.150377105444622572e+00
0.000000000000000000e+00 5.501790920449812182e-03 1.688140815370227754e+00
0.000000000000000000e+00 5.761682632236567528e-03 1.359334904723503712e+00
0.000000000000000000e+00 6.027571845064558058e-03 1.150664318486985360e+00
0.000000000000000000e+00 6.217179916531376596e-03 1.031486190275347381e+00
0.000000000000000000e+00 6.405526472813198244e-03 9.313899308266982979e-01
0.000000000000000000e+00 6.547568513119534847e-03 8.450044758419028579e-01
0.000000000000000000e+00 6.730793937900025545e-03 7.688740869769649100e-01
0.000000000000000000e+00 6.912013667774481382e-03 7.040714395205126541e-01
0.000000000000000000e+00 7.090992698620473059e-03 6.491223129198082642e-01
0.000000000000000000e+00 7.267496026315567806e-03 6.032176720280948423e-01
0.000000000000000000e+00 7.441288646737327650e-03 5.661342346516331503e-01
0.000000000000000000e+00 7.668889595321677285e-03 5.334608399889567698e-01
0.000000000000000000e+00 7.838683881715952789e-03 5.086910473473135186e-01
0.000000000000000000e+00 8.066151008508357784e-03 4.900571601208985051e-01
0.000000000000000000e+00 8.231163613800373050e-03 4.761853956277904421e-01
0.000000000000000000e+00 8.457870241141021359e-03 4.665928602405907677e-01
0.000000000000000000e+00 8.685103995784069358e-03 4.630473625541819960e-01
0.000000000000000000e+00 8.842637268485071395e-03 4.620547761483601024e-01
0.000000000000000000e+00 9.068209674540370427e-03 4.636107008433197341e-01
0.000000000000000000e+00 9.293917534360682936e-03 4.688407294379521861e-01
0.000000000000000000e+00 9.519643345884794272e-03 4.770808666392664099e-01
0.000000000000000000e+00 9.745269607051482846e-03 4.878561532753593610e-01
0.000000000000000000e+00 9.970678815799537478e-03 5.008211107622231317e-01
0.000000000000000000e+00 1.019575347006774525e-02 5.157970237631271937e-01
0.000000000000000000e+00 1.042037606779488111e-02 5.327228991685966086e-01
0.000000000000000000e+00 1.064442910691973561e-02 5.516552790882287560e-01
0.000000000000000000e+00 1.086779508538109063e-02 5.727292465667820354e-01
0.000000000000000000e+00 1.118586010930819677e-02 5.918061587065833740e-01
0.000000000000000000e+00 1.141025423080519081e-02 6.127150132744850763e-01
0.000000000000000000e+00 1.163364795280878022e-02 6.359228938952304899e-01
0.000000000000000000e+00 1.195980919514828128e-02 6.612810867253184899e-01
0.000000000000000000e+00 1.218372188458890192e-02 6.832009666602282261e-01
0.000000000000000000e+00 1.240632083570621276e-02 7.081761794717283953e-01
0.000000000000000000e+00 1.274010828821324492e-02 7.347137229846298911e-01
0.000000000000000000e+00 1.296271703116898613e-02 7.583898823127865896e-01
0.000000000000000000e+00 1.318369869697150198e-02 7.863119507949402065e-01
0.000000000000000000e+00 1.352464235140120145e-02 8.105713431029081262e-01
0.000000000000000000e+00 1.374512463344354854e-02 8.379744866365470557e-01
0.000000000000000000e+00 1.409162678815799666e-02 8.634666554908375646e-01
0.000000000000000000e+00 1.431129634761026288e-02 8.908116107009688145e-01
0.000000000000000000e+00 1.466320033319449927e-02 9.163786551281527526e-01
0.000000000000000000e+00 1.488174383122678641e-02 9.443563708540294588e-01
0.000000000000000000e+00 1.523889297826585762e-02 9.690926456663185862e-01
0.000000000000000000e+00 1.560027709542792344e-02 9.984826023948317752e-01
0.000000000000000000e+00 1.581823471512720444e-02 1.021753550982640535e+00
0.000000000000000000e+00 1.618466815697541111e-02 1.049065800879541932e+00
0.000000000000000000e+00 1.640075553553365859e-02 1.074800855064239169e+00
0.000000000000000000e+00 1.677208163265306307e-02 1.099587294935043591e+00
0.000000000000000000e+00 5.000000000000000104e-03 2.760535754891831672e+00
0.000000000000000000e+00 5.247896709704290286e-03 2.150377105444622572e+00
0.000000000000000000e+00 5.501790920449812182e-03 1.688140815370227754e+00
0.000000000000000000e+00 5.761682632236567528e-03 1.359334904723503712e+00
0.000000000000000000e+00 6.027571845064558058e-03 1.150664318486985360e+00
0.000000000000000000e+00 6.217179916531376596e-03 1.031486190275347381e+00
0.000000000000000000e+00 6.405526472813198244e-03 9.313899308266982979e-01
0.000000000000000000e+00 6.547568513119534847e-03 8.450044758419028579e-01
0.000000000000000000e+00 6.730793937900025545e-03 7.688740869769649100e-01
0.000000000000000000e+00 6.912013667774481382e-03 7.040714395205126541e-01
0.000000000000000000e+00 7.090992698620473059e-03 6.491223129198082642e-01
0.000000000000000000e+00 7.267496026315567806e-03 6.032176720280948423e-01
0.000000000000000000e+00 7.441288646737327650e-03 5.661342346516331503e-01
0.000000000000000000e+00 7.668889595321677285e-03 5.334608399889567698e-01
0.000000000000000000e+00 7.838683881715952789e-03 5.086910473473135186e-01
0.000000000000000000e+00 8.066151008508357784e-03 4.900571601208985051e-01
0.000000000000000000e+00 8.231163613800373050e-03 4.761853956277904421e-01
0.000000000000000000e+00 8.457870241141021359e-03 4.665928602405907677e-01
0.000000000000000000e+00 8.685103995784069358e-03 4.630473625541819960e-01
0.000000000000000000e+00 8.842637268485071395e-03 4.620547761483601024e-01
0.000000000000000000e+00 9.068209674540370427e-03 4.636107008433197341e-01
0.000000000000000000e+00 9.293917534360682936e-03 4.688407294379521861e-01
0.000000000000000000e+00 9.519643345884794272e-03 4.770808666392664099e-01
0.000000000000000000e+00 9.745269607051482846e-03 4.878561532753593610e-01
0.000000000000000000e+00 9.970678815799537478e-03 5.008211107622231317e-01
0.000000000000000000e+00 1.019575347006774525e-02 5.157970237631271937e-01
0.000000000000000000e+00 1.042037606779488111e-02 5.327228991685966086e-01
0.000000000000000000e+00 1.064442910691973561e-02 5.516552790882287560e-01
0.000000000000000000e+00 1.086779508538109063e-02 5.727292465667820354e-01
0.000000000000000000e+00 1.118586010930819677e-02 5.918061587065833740e-01
0.000000000000000000e+00 1.141025423080519081e-02 6.127150132744850763e-01
0.000000000000000000e+00 1.163364795280878022e-02 6.359228938952304899e-01
0.000000000000000000e+00 1.195980919514828128e-02 6.612810867253184899e-01
0.000000000000000000e+00 1.218372188458890192e-02 6.832009666602282261e-01
0.000000000000000000e+00 1.240632083570621276e-02 7.081761794717283953e-01
0.000000000000000000e+00 1.274010828821324492e-02 7.347137229846298911e-01
0.000000000000000000e+00 1.296271703116898613e-02 7.583898823127865896e-01
0.000000000000000000e+00 1.318369869697150198e-02 7.863119507949402065e-01
0.000000000000000000e+00 1.352464235140120145e-02 8.105713431029081262e-01
0.000000000000000000e+00 1.374512463344354854e-02 8.379744866365470557e-01
0.000000000000000000e+00 1.409162678815799666e-02 8.634666554908375646e-01
0.000000000000000000e+00 1.431129634761026288e-02 8.908116107009688145e-01
0.000000000000000000e+00 1.466320033319449927e-02 9.163786551281527526e-01
0.000000000000000000e+00 1.488174383122678641e-02 9.443563708540294588e-01
0.000000000000000000e+00 1.523889297826585762e-02 9.690926456663185862e-01
0.000000000000000000e+00 1.560027709542792344e-02 9.984826023948317752e-01
0.000000000000000000e+00 1.581823471512720444e-02 1.021753550982640535e+00
0.000000000000000000e+00 1.618466815697541111e-02 1.049065800879541932e+00
0.000000000000000000e+00 1.640075553553365859e-02 1.074800855064239169e+00
0.000000000000000000e+00 1.677208163265306307e-02 1.099587294935043591e+00
0.000000000000000000e+00 5.000000000000000104e-03 2.760535754891831672e+00
0.000000000000000000e+00 5.247896709704290286e-03 2.150377105444622572e+00
0.000000000000000000e+00 5.501790920449812182e-03 1.688140815370227754e+00
0.000000000000000000e+00 5.761682632236567528e-03 1.359334904723503712e+00
0.000000000000000000e+00 6.027571845064558058e-03 1.150664318486985360e+00
0.000000000000000000e+00 6.217179916531376596e-03 1.031486190275347381e+00
0.000000000000000000e+00 6.405526472813198244e-03 9.313899308266982979e-01
0.000000000000000000e+00 6.547568513119534847e-03 8.450044758419028579e-01
0.000000000000000000e+00 6.730793937900025545e-03 7.688740869769649100e-01
0.000000000000000000e+00 6.912013667774481382e-03 7.040714395205126541e-01
0.000000000000000000e+00 7.090992698620473059e-03 6.491223129198082642e-01
0.000000000000000000e+00 7.267496026315567806e-03 6.032176720280948423e-01
0.000000000000000000e+00 7.441288646737327650e-03 5.661342346516331503e-01
0.000000000000000000e+00 7.668889595321677285e-03 5.334608399889567698e-01
0.000000000000000000e+00 7.838683881715952789e-03 5.086910473473135186e-01
0.000000000000000000e+00 8.066151008508357784e-03 4.900571601208985051e-01
0.000000000000000000e+00 8.231163613800373050e-03 4.761853956277904421e-01
0.000000000000000000e+00 8.457870241141021359e-03 4.665928602405907677e-01
0.000000000000000000e+00 8.685103995784069358e-03 4.630473625541819960e-01
0.000000000000000000e+00 8.842637268485071395e-03 4.620547761483601024e-01
0.000000000000000000e+00 9.068209674540370427e-03 4.636107008433197341e-01
0.000000000000000000e+00 9.293917534360682936e-03 4.688407294379521861e-01
0.000000000000000000e+00 9.519643345884794272e-03 4.770808666392664099e-01
0.000000000000000000e+00 9.745269607051482846e-03 4.878561532753593610e-01
0.000000000000000000e+00 9.970678815799537478e-03 5.008211107622231317e-01
0.000000000000000000e+00 1.019575347006774525e-02 5.157970237631271937e-01
0.000000000000000000e+00 1.042037606779488111e-02 5.327228991685966086e-01
0.000000000000000000e+00 1.064442910691973561e-02 5.516552790882287560e-01
0.000000000000000000e+00 1.086779508538109063e-02 5.727292465667820354e-01
0.000000000000000000e+00 1.118586010930819677e-02 5.918061587065833740e-01
0.000000000000000000e+00 1.141025423080519081e-02 6.127150132744850763e-01
0.000000000000000000e+00 1.163364795280878022e-02 6.359228938952304899e-01
0.000000000000000000e+00 1.195980919514828128e-02 6.612810867253184899e-01
0.000000000000000000e+00 1.218372188458890192e-02 6.832009666602282261e-01
0.000000000000000000e+00 1.240632083570621276e-02 7.081761794717283953e-01
0.000000000000000000e+00 1.274010828821324492e-02 7.347137229846298911e-01
0.000000000000000000e+00 1.296271703116898613e-02 7.583898823127865896e-01
0.000000000000000000e+00 1.318369869697150198e-02 7.863119507949402065e-01
0.000000000000000000e+00 1.352464235140120145e-02 8.105713431029081262e-01
0.000000000000000000e+00 1.374512463344354854e-02 8.379744866365470557e-01
0.000000000000000000e+00 1.409162678815799666e-02 8.634666554908375646e-01
0.000000000000000000e+00 1.431129634761026288e-02 8.908116107009688145e-01
0.000000000000000000e+00 1.466320033319449927e-02 9.163786551281527526e-01
0.000000000000000000e+00 1.488174383122678641e-02 9.443563708540294588e-01
0.000000000000000000e+00 1.523889297826585762e-02 9.690926456663185862e-01
0.000000000000000000e+00 1.560027709542792344e-02 9.984826023948317752e-01
0.000000000000000000e+00 1.581823471512720444e-02 1.021753550982640535e+00
0.000000000000000000e+00 1.618466815697541111e-02 1.049065800879541932e+00
0.000000000000000000e+00 1.640075553553365859e-02 1.074800855064239169e+00
0.000000000000000000e+00 1.677208163265306307e-02 1.099587294935043591e+00
0.000000000000000000e+00 5.000000000000000104e-03 2.760535754891831672e+00
0.000000000000000000e+00 5.247896709704290286e-03 2.150377105444622572e+00
0.000000000000000000e+00 5.501790920449812182e-03 1.688140815370227754e+00
0.000000000000000000e+00 5.761682632236567528e-03 1.359334904723503712e+00
0.000000000000000000e+00 6.027571845064558058e-03 1.150664318486985360e+00
0.000000000000000000e+00 6.217179916531376596e-03 1.031486190275347381e+00
0.000000000000000000e+00 6.405526472813198244e-03 9.313899308266982979e-01
0.000000000000000000e+00 6.547568513119534847e-03 8.450044758419028579e-01
0.000000000000000000e+00 6.730793937900025545e-03 7.688740869769649100e-01
0.000000000000000000e+00 6.912013667774481382e-03 7.040714395205126541e-01
0.000000000000000000e+00 7.090992698620473059e-03 6.491223129198082642e-01
0.000000000000000000e+00 7.267496026315567806e-03 6.032176720280948423e-01
0.000000000000000000e+00 7.441288646737327650e-03 5.661342346516331503e-01
0.000000000000000000e+00 7.668889595321677285e-03 5.334608399889567698e-01
0.000000000000000000e+00 7.838683881715952789e-03 5.086910473473135186e-01
0.000000000000000000e+00 8.066151008508357784e-03 4.900571601208985051e-01
0.000000000000000000e+00 8.231163613800373050e-03 4.761853956277904421e-01
0.000000000000000000e+00 8.457870241141021359e-03 4.665928602405907677e-01
0.000000000000000000e+00 8.685103995784069358e-03 4.630473625541819960e-01
0.000000000000000000e+00 8.842637268485071395e-03 4.620547761483601024e-01
0.000000000000000000e+00 9.068209674540370427e-03 4.636107008433197341e-01
0.000000000000000000e+00 9.293917534360682936e-03 4.688407294379521861e-01
0.000000000000000000e+00 9.519643345884794272e-03 4.770808666392664099e-01
0.000000000000000000e+00 9.745269607051482846e-03 4.878561532753593610e-01
0.000000000000000000e+00 9.970678815799537478e-03 5.008211107622231317e-01
0.000000000000000000e+00 1.019575347006774525e-02 5.157970237631271937e-01
0.000000000000000000e+00 1.042037606779488111e-02 5.327228991685966086e-01
0.000000000000000000e+00 1.064442910691973561e-02 5.516552790882287560e-01
0.000000000000000000e+00 1.086779508538109063e-02 5.727292465667820354e-01
0.000000000000000000e+00 1.118586010930819677e-02 5.918061587065833740e-01
0.000000000000000000e+00 1.141025423080519081e-02 6.127150132744850763e-01
0.000000000000000000e+00 1.163364795280878022e-02 6.359228938952304899e-01
0.000000000000000000e+00 1.195980919514828128e-02 6.612810867253184899e-01
0.000000000000000000e+00 1.218372188458890192e-02 6.832009666602282261e-01
0.000000000000000000e+00 1.240632083570621276e-02 7.081761794717283953e-01
0.000000000000000000e+00 1.274010828821324492e-02 7.347137229846298911e-01
0.000000000000000000e+00 1.296271703116898613e-02 7.583898823127865896e-01
0.000000000000000000e+00 1.318369869697150198e-02 7.863119507949402065e-01
0.000000000000000000e+00 1.352464235140120145e-02 8.105713431029081262e-01
0.000000000000000000e+00 1.374512463344354854e-02 8.379744866365470557e-01
0.000000000000000000e+00 1.409162678815799666e-02 8.634666554908375646e-01
0.000000000000000000e+00 1.431129634761026288e-02 8.908116107009688145e-01
0.000000000000000000e+00 1.466320033319449927e-02 9.163786551281527526e-01
0.000000000000000000e+00 1.488174383122678641e-02 9.443563708540294588e-01
0.000000000000000000e+00 1.523889297826585762e-02 9.690926456663185862e-01
0.000000000000000000e+00 1.560027709542792344e-02 9.984826023948317752e-01
0.000000000000000000e+00 1.581823471512720444e-02 1.021753550982640535e+00
0.000000000000000000e+00 1.618466815697541111e-02 1.049065800879541932e+00
0.000000000000000000e+00 1.640075553553365859e-02 1.074800855064239169e+00
0.000000000000000000e+00 1.677208163265306307e-02 1.099587294935043591e+00
0.000000000000000000e+00 5.000000000000000104e-03 2.760535754891831672e+00
0.000000000000000000e+00 5.247896709704290286e-03 2.150377105444622572e+00
0.000000000000000000e+00 5.501790920449812182e-03 1.688140815370227754e+00
0.000000000000000000e+00 5.761682632236567528e-03 1.359334904723503712e+00
0.000000000000000000e+00 6.027571845064558058e-03 1.150664318486985360e+00
0.000000000000000000e+00 6.217179916531376596e-03 1.031486190275347381e+00
0.000000000000000000e+00 6.405526472813198244e-03 9.313899308266982979e-01
0.000000000000000000e+00 6.547568513119534847e-03 8.450044758419028579e-01
0.000000000000000000e+00 6.730793937900025545e-03 7.688740869769649100e-01
0.000000000000000000e+00 6.912013667774481382e-03 7.040714395205126541e-01
0.000000000000000000e+00 7.090992698620473059e-03 6.491223129198082642e-01
0.000000000000000000e+00 7.267496026315567806e-03 6.032176720280948423e-01
0.000000000000000000e+00 7.441288646737327650e-03 5.661342346516331503e-01
0.000000000000000000e+00 7.668889595321677285e-03 5.334608399889567698e-01
0.000000000000000000e+00 7.838683881715952789e-03 5.086910473473135186e-01
0.000000000000000000e+00 8.066151008508357784e-03 4.900571601208985051e-01
0.000000000000000000e+00 8.231163613800373050e-03 4.761853956277904421e-01
0.000000000000000000e+00 8.457870241141021359e-03 4.665928602405907677e-01
0.000000000000000000e+00 8.685103995784069358e-03 4.630473625541819960e-01
0.000000000000000000e+00 8.842637268485071395e-03 4.620547761483601024e-01
0.000000000000000000e+00 9.068209674540370427e-03 4.636107008433197341e-01
0.000000000000000000e+00 9.293917534360682936e-03 4.688407294379521861e-01
0.000000000000000000e+00 9.519643345884794272e-03 4.770808666392664099e-01
0.000000000000000000e+00 9.745269607051482846e-03 4.878561532753593610e-01
0.000000000000000000e+00 9.970678815799537478e-03 5.008211107622231317e-01
0.000000000000000000e+00 1.019575347006774525e-02 5.157970237631271937e-01
0.000000000000000000e+00 1.042037606779488111e-02 5.327228991685966086e-01
0.000000000000000000e+00 1.064442910691973561e-02 5.516552790882287560e-01
0.000000000000000000e+00 1.086779508538109063e-02 5.727292465667820354e-01
0.000000000000000000e+00 1.118586010930819677e-02 5.918061587065833740e-01
0.000000000000000000e+00 1.141025423080519081e-02 6.127150132744850763e-01
0.000000000000000000e+00 1.163364795280878022e-02 6.359228938952304899e-01
0.000000000000000000e+00 1.195980919514828128e-02 6.612810867253184899e-01
0.000000000000000000e+00 1.218372188458890192e-02 6.832009666602282261e-01
0.000000000000000000e+00 1.240632083570621276e-02 7.081761794717283953e-01
0.000000000000000000e+00 1.274010828821324492e-02 7.347137229846298911e-01
0.000000000000000000e+00 1.296271703116898613e-02 7.583898823127865896e-01
0.000000000000000000e+00 1.318369869697150198e-02 7.863119507949402065e-01
0.000000000000000000e+00 1.352464235140120145e-02 8.105713431029081262e-01
0.000000000000000000e+00 1.374512463344354854e-02 8.379744866365470557e-01
0.000000000000000000e+00 1.409162678815799666e-02 8.634666554908375646e-01
0.000000000000000000e+00 1.431129634761026288e-02 8.908116107009688145e-01
0.000000000000000000e+00 1.466320033319449927e-02 9.163786551281527526e-01
0.000000000000000000e+00 1.488174383122678641e-02 9.443563708540294588e-01
0.000000000000000000e+00 1.523889297826585762e-02 9.690926456663185862e-01
0.000000000000000000e+00 1.560027709542792344e-02 9.984826023948317752e-01
0.000000000000000000e+00 1.581823471512720444e-02 1.021753550982640535e+00
0.000000000000000000e+00 1.618466815697541111e-02 1.049065800879541932e+00
0.000000000000000000e+00 1.640075553553365859e-02 1.074800855064239169e+00
0.000000000000000000e+00 1.677208163265306307e-02 1.099587294935043591e+00
0.000000000000000000e+00 5.000000000000000104e-03 2.760535754891831672e+00
0.000000000000000000e+00 5.247896709704290286e-03 2.150377105444622572e+00
0.000000000000000000e+00 5.501790920449812182e-03 1.688140815370227754e+00
0.000000000000000000e+00 5.761682632236567528e-03 1.359334904723503712e+00
0.000000000000000000e+00 6.027571845064558058e-03 1.150664318486985360e+00
0.000000000000000000e+00 6.217179916531376596e-03 1.031486190275347381e+00
0.000000000000000000e+00 6.405526472813198244e-03 9.313899308266982979e-01
0.000000000000000000e+00 6.547568513119534847e-03 8.450044758419028579e-01
0.000000000000000000e+00 6.730793937900025545e-03 7.688740869769649100e-01
0.000000000000000000e+00 6.912013667774481382e-03 7.040714395205126541e-01
0.000000000000000000e+00 7.090992698620473059e-03 6.491223129198082642e-01
0.000000000000000000e+00 7.267496026315567806e-03 6.032176720280948423e-01
0.000000000000000000e+00 7.441288646737327650e-03 5.661342346516331503e-01
0.000000000000000000e+00 7.668889595321677285e-03 5.334608399889567698e-01
0.000000000000000000e+00 7.838683881715952789e-03 5.086910473473135186e-01
0.000000000000000000e+00 8.066151008508357784e-03 4.900571601208985051e-01
0.000000000000000000e+00 8.231163613800373050e-03 4.761853956277904421e-01
0.000000000000000000e+00 8.457870241141021359e-03 4.665928602405907677e-01
0.000000000000000000e+00 8.685103995784069358e-03 4.630473625541819960e-01
0.000000000000000000e+00 8.842637268485071395e-03 4.620547761483601024e-01
0.000000000000000000e+00 9.068209674540370427e-03 4.636107008433197341e-01
0.000000000000000000e+00 9.293917534360682936e-03 4.688407294379521861e-01
0.000000000000000000e+00 9.519643345884794272e-03 4.770808666392664099e-01
0.000000000000000000e+00 9.745269607051482846e-03 4.878561532753593610e-01
0.000000000000000000e+00 9.970678815799537478e-03 5.008211107622231317e-01
0.000000000000000000e+00 1.019575347006774525e-02 5.157970237631271937e-01
0.000000000000000000e+00 1.042037606779488111e-02 5.327228991685966086e-01
0.000000000000000000e+00 1.064442910691973561e-02 5.516552790882287560e-01
0.000000000000000000e+00 1.086779508538109063e-02 5.727292465667820354e-01
0.000000000000000000e+00 1.118586010930819677e-02 5.918061587065833740e-01
0.000000000000000000e+00 1.141025423080519081e-02 6.127150132744850763e-01
0.000000000000000000e+00 1.163364795280878022e-02 6.359228938952304899e-01
0.000000000000000000e+00 1.195980919514828128e-02 6.612810867253184899e-01
0.000000000000000000e+00 1.218372188458890192e-02 6.832009666602282261e-01
0.000000000000000000e+00 1.240632083570621276e-02 7.081761794717283953e-01
0.000000000000000000e+00 1.274010828821324492e-02 7.347137229846298911e-01
0.000000000000000000e+00 1.296271703116898613e-02 7.583898823127865896e-01
0.000000000000000000e+00 1.318369869697150198e-02 7.863119507949402065e-01
0.000000000000000000e+00 1.352464235140120145e-02 8.105713431029081262e-01
0.000000000000000000e+00 1.374512463344354854e-02 8.379744866365470557e-01
0.000000000000000000e+00 1.409162678815799666e-02 8.634666554908375646e-01
0.000000000000000000e+00 1.431129634761026288e-02 8.908116107009688145e-01
0.000000000000000000e+00 1.466320033319449927e-02 9.163786551281527526e-01
0.000000000000000000e+00 1.488174383122678641e-02 9.443563708540294588e-01
0.000000000000000000e+00 1.523889297826585762e-02 9.690926456663185862e-01
0.000000000000000000e+00 1.560027709542792344e-02 9.984826023948317752e-01
0.000000000000000000e+00 1.581823471512720444e-02 1.021753550982640535e+00
0.000000000000000000e+00 1.618466815697541111e-02 1.049065800879541932e+00
0.000000000000000000e+00 1.640075553553365859e-02 1.074800855064239169e+00
0.000000000000000000e+00 1.677208163265306307e-02 1.099587294935043591e+00
0.000000000000000000e+00 5.000000000000000104e-03 2.760535754891831672e+00
0.000000000000000000e+00 5.247896709704290286e-03 2.150377105444622572e+00
0.000000000000000000e+00 5.501790920449812182e-03 1.688140815370227754e+00
0.000000000000000000e+00 5.761682632236567528e-03 1.359334904723503712e+00
0.000000000000000000e+00 6.027571845064558058e-03 1.150664318486985360e+00
0.000000000000000000e+00 6.217179916531376596e-03 1.031486190275347381e+00
0.000000000000000000e+00 6.405526472813198244e-03 9.313899308266982979e-01
0.000000000000000000e+00 6.547568513119534847e-03 8.450044758419028579e-01
0.000000000000000000e+00 6.730793937900025545e-03 7.688740869769649100e-01
0.000000000000000000e+00 6.912013667774481382e-03 7.040714395205126541e-01
0.000000000000000000e+00 7.090992698620473059e-03 6.491223129198082642e-01
0.000000000000000000e+00 7.267496026315567806e-03 6.032176720280948423e-01
0.000000000000000000e+00 7.441288646737327650e-03 5.661342346516331503e-01
0.000000000000000000e+00 7.668889595321677285e-03 5.334608399889567698e-01
0.000000000000000000e+00 7.838683881715952789e-03 5.086910473473135186e-01
0.000000000000000000e+00 8.066151008508357784e-03 4.900571601208985051e-01
0.000000000000000000e+00 8.231163613800373050e-03 4.761853956277904421e-01
0.000000000000000000e+00 8.457870241141021359e-03 4.665928602405907677e-01
0.000000000000000000e+00 8.685103995784069358e-03 4.630473625541819960e-01
0.000000000000000000e+00 8.842637268485071395e-03 4.620547761483601024e-01
0.000000000000000000e+00 9.068209674540370427e-03 4.636107008433197341e-01
0.000000000000000000e+00 9.293917534360682936e-03 4.688407294379521861e-01
0.000000000000000000e+00 9.519643345884794272e-03 4.770808666392664099e-01
0.000000000000000000e+00 9.745269607051482846e-03 4.878561532753593610e-01
0.000000000000000000e+00 9.970678815799537478e-03 5.008211107622231317e-01
0.000000000000000000e+00 1.019575347006774525e-02 5.157970237631271937e-01
0.000000000000000000e+00 1.042037606779488111e-02 5.327228991685966086e-01
0.000000000000000000e+00 1.064442910691973561e-02 5.516552790882287560e-01
0.000000000000000000e+00 1.086779508538109063e-02 5.727292465667820354e-01
0.000000000000000000e+00 1.118586010930819677e-02 5.918061587065833740e-01
0.000000000000000000e+00 1.141025423080519081e-02 6.127150132744850763e-01
0.000000000000000000e+00 1.163364795280878022e-02 6.359228938952304899e-01
0.000000000000000000e+00 1.195980919514828128e-02 6.612810867253184899e-01
0.000000000000000000e+00 1.218372188458890192e-02 6.832009666602282261e-01
0.000000000000000000e+00 1.240632083570621276e-02 7.081761794717283953e-01
0.000000000000000000e+00 1.274010828821324492e-02 7.347137229846298911e-01
0.000000000000000000e+00 1.296271703116898613e-02 7.583898823127865896e-01
0.000000000000000000e+00 1.318369869697150198e-02 7.863119507949402065e-01
0.000000000000000000e+00 1.352464235140120145e-02 8.105713431029081262e-01
0.000000000000000000e+00 1.374512463344354854e-02 8.379744866365470557e-01
0.000000000000000000e+00 1.409162678815799666e-02 8.634666554908375646e-01
0.000000000000000000e+00 1.431129634761026288e-02 8.908116107009688145e-01
0.000000000000000000e+00 1.466320033319449927e-02 9.163786551281527526e-01
0.000000000000000000e+00 1.488174383122678641e-02 9.443563708540294588e-01
0.000000000000000000e+00 1.523889297826585762e-02 9.690926456663185862e-01
0.000000000000000000e+00 1.560027709542792344e-02 9.984826023948317752e-01
0.000000000000000000e+00 1.581823471512720444e-02 1.021753550982640535e+00
0.000000000000000000e+00 1.618466815697541111e-02 1.049065800879541932e+00
0.000000000000000000e+00 1.640075553553365859e-02 1.074800855064239169e+00
0.000000000000000000e+00 1.677208163265306307e-02 1.099587294935043591e+00
0.000000000000000000e+00 5.000000000000000104e-03 2.760535754891831672e+00
0.000000000000000000e+00 5.247896709704290286e-03 2.150377105444622572e+00
0.000000000000000000e+00 5.501790920449812182e-03 1.688140815370227754e+00
0.000000000000000000e+00 5.761682632236567528e-03 1.359334904723503712e+00
0.000000000000000000e+00 6.027571845064558058e-03 1.150664318486985360e+00
0.000000000000000000e+00 6.217179916531376596e-03 1.031486190275347381e+00
0.000000000000000000e+00 6.405526472813198244e-03 9.313899308266982979e-01
0.000000000000000000e+00 6.547568513119534847e-03 8.450044758419028579e-01
0.000000000000000000e+00 6.730793937900025545e-03 7.688740869769649100e-01
0.000000000000000000e+00 6.912013667774481382e-03 7.040714395205126541e-01
0.000000000000000000e+00 7.090992698620473059e-03 6.491223129198082642e-01
0.000000000000000000e+00 7.267496026315567806e-03 6.032176720280948423e-01
0.000000000000000000e+00 7.441288646737327650e-03 5.661342346516331503e-01
0.000000000000000000e+00 7.668889595321677285e-03 5.334608399889567698e-01
0.000000000000000000e+00 7.838683881715952789e-03 5.086910473473135186e-01
0.000000000000000000e+00 8.066151008508357784e-03 4.900571601208985051e-01
0.000000000000000000e+00 8.231163613800373050e-03 4.761853956277904421e-01
0.000000000000000000e+00 8.457870241141021359e-03 4.665928602405907677e-01
0.000000000000000000e+00 8.685103995784069358e-03 4.630473625541819960e-01
0.000000000000000000e+00 8.842637268485071395e-03 4.620547761483601024e-01
0.000000000000000000e+00 9.068209674540370427e-03 4.636107008433197341e-01
0.000000000000000000e+00 9.293917534360682936e-03 4.688407294379521861e-01
0.000000000000000000e+00 9.519643345884794272e-03 4.770808666392664099e-01
0.000000000000000000e+00 9.745269607051482846e-03 4.878561532753593610e-01
0.000000000000000000e+00 9.970678815799537478e-03 5.008211107622231317e-01
0.000000000000000000e+00 1.019575347006774525e-02 5.157970237631271937e-01
0.000000000000000000e+00 1.042037606779488111e-02 5.327228991685966086e-01
0.000000000000000000e+00 1.064442910691973561e-02 5.516552790882287560e-01
0.000000000000000000e+00 1.086779508538109063e-02 5.727292465667820354e-01
0.000000000000000000e+00 1.118586010930819677e-02 5.918061587065833740e-01
0.000000000000000000e+00 1.141025423080519081e-02 6.127150132744850763e-01
0.000000000000000000e+00 1.163364795280878022e-02 6.359228938952304899e-01
0.000000000000000000e+00 1.195980919514828128e-02 6.612810867253184899e-01
0.000000000000000000e+00 1.218372188458890192e-02 6.832009666602282261e-01
0.000000000000000000e+00 1.240632083570621276e-02 7.081761794717283953e-01
0.000000000000000000e+00 1.274010828821324492e-02 7.347137229846298911e-01
0.000000000000000000e+00 1.296271703116898613e-02 7.583898823127865896e-01
0.000000000000000000e+00 1.318369869697150198e-02 7.863119507949402065e-01
0.000000000000000000e+00 1.352464235140120145e-02 8.105713431029081262e-01
0.000000000000000000e+00 1.374512463344354854e-02 8.379744866365470557e-01
0.000000000000000000e+00 1.409162678815799666e-02 8.634666554908375646e-01
0.000000000000000000e+00 1.431129634761026288e-02 8.908116107009688145e-01
0.000000000000000000e+00 1.466320033319449927e-02 9.163786551281527526e-01
0.000000000000000000e+00 1.488174383122678641e-02 9.443563708540294588e-01
0.000000000000000000e+00 1.523889297826585762e-02 9.690926456663185862e-01
0.000000000000000000e+00 1.560027709542792344e-02 9.984826023948317752e-01
0.000000000000000000e+00 1.581823471512720444e-02 1.021753550982640535e+00
0.000000000000000000e+00 1.618466815697541111e-02 1.049065800879541932e+00
0.000000000000000000e+00 1.640075553553365859e-02 1.074800855064239169e+00
0.000000000000000000e+00 1.677208163265306307e-02 1.099587294935043591e+00
0.000000000000000000e+00 5.000000000000000104e-03 2.760535754891831672e+00
0.000000000000000000e+00 5.247896709704290286e-03 2.150377105444622572e+00
0.000000000000000000e+00 5.501790920449812182e-03 1.688140815370227754e+00
0.000000000000000000e+00 5.761682632236567528e-03 1.359334904723503712e+00
0.000000000000000000e+00 6.027571845064558058e-03 1.150664318486985360e+00
0.000000000000000000e+00 6.217179916531376596e-03 1.031486190275347381e+00
0.000000000000000000e+00 6.405526472813198244e-03 9.313899308266982979e-01
0.000000000000000000e+00 6.547568513119534847e-03 8.450044758419028579e-01
0.000000000000000000e+00 6.730793937900025545e-03 7.688740869769649100e-01
0.000000000000000000e+00 6.912013667774481382e-03 7.040714395205126541e-01
0.000000000000000000e+00 7.090992698620473059e-03 6.491223129198082642e-01
0.000000000000000000e+00 7.267496026315567806e-03 6.032176720280948423e-01
0.000000000000000000e+00 7.441288646737327650e-03 5.661342346516331503e-01
0.000000000000000000e+00 7.668889595321677285e-03 5.334608399889567698e-01
0.000000000000000000e+00 7.838683881715952789e-03 5.086910473473135186e-01
0.000000000000000000e+00 8.066151008508357784e-03 4.900571601208985051e-01
0.000000000000000000e+00 8.231163613800373050e-03 4.761853956277904421e-01
0.000000000000000000e+00 8.457870241141021359e-03 4.665928602405907677e-01
0.000000000000000000e+00 8.685103995784069358e-03 4.630473625541819960e-01
0.000000000000000000e+00 8.842637268485071395e-03 4.620547761483601024e-01
0.000000000000000000e+00 9.068209674540370427e-03 4.636107008433197341e-01
0.000000000000000000e+00 9.293917534360682936e-03 4.688407294379521861e-01
0.000000000000000000e+00 9.519643345884794272e-03 4.770808666392664099e-01
0.000000000000000000e+00 9.745269607051482846e-03 4.878561532753593610e-01
0.000000000000000000e+00 9.970678815799537478e-03 5.008211107622231317e-01
0.000000000000000000e+00 1.019575347006774525e-02 5.157970237631271937e-01
0.000000000000000000e+00 1.042037606779488111e-02 5.327228991685966086e-01
0.000000000000000000e+00 1.064442910691973561e-02 5.516552790882287560e-01
0.000000000000000000e+00 1.086779508538109063e-02 5.727292465667820354e-01
0.000000000000000000e+00 1.118586010930819677e-02 5.918061587065833740e-01
0.000000000000000000e+00 1.141025423080519081e-02 6.127150132744850763e-01
0.000000000000000000e+00 1.163364795280878022e-02 6.359228938952304899e-01
0.000000000000000000e+00 1.195980919514828128e-02 6.612810867253184899e-01
0.000000000000000000e+00 1.218372188458890192e-02 6.832009666602282261e-01
0.000000000000000000e+00 1.240632083570621276e-02 7.081761794717283953e-01
0.000000000000000000e+00 1.274010828821324492e-02 7.347137229846298911e-01
0.000000000000000000e+00 1.296271703116898613e-02 7.583898823127865896e-01
0.000000000000000000e+00 1.318369869697150198e-02 7.863119507949402065e-01
0.000000000000000000e+00 1.352464235140120145e-02 8.105713431029081262e-01
0.000000000000000000e+00 1.374512463344354854e-02 8.379744866365470557e-01
0.000000000000000000e+00 1.409162678815799666e-02 8.634666554908375646e-01
0.000000000000000000e+00 1.431129634761026288e-02 8.908116107009688145e-01
0.000000000000000000e+00 1.466320033319449927e-02 9.163786551281527526e-01
0.000000000000000000e+00 1.488174383122678641e-02 9.443563708540294588e-01
0.000000000000000000e+00 1.523889297826585762e-02 9.690926456663185862e-01
0.000000000000000000e+00 1.560027709542792344e-02 9.984826023948317752e-01
0.000000000000000000e+00 1.581823471512720444e-02 1.021753550982640535e+00
0.000000000000000000e+00 1.618466815697541111e-02 1.049065800879541932e+00
0.000000000000000000e+00 1.640075553553365859e-02 1.074800855064239169e+00
0.000000000000000000e+00 1.677208163265306307e-02 1.099587294935043591e+00
0.000000000000000000e+00 5.000000000000000104e-03 2.760535754891831672e+00
0.000000000000000000e+00 5.247896709704290286e-03 2.150377105444622572e+00
0.000000000000000000e+00 5.501790920449812182e-03 1.688140815370227754e+00
0.000000000000000000e+00 5.761682632236567528e-03 1.359334904723503712e+00
0.000000000000000000e+00 6.027571845064558058e-03 1.150664318486985360e+00
0.000000000000000000e+00 6.217179916531376596e-03 1.031486190275347381e+00
0.000000000000000000e+00 6.405526472813198244e-03 9.313899308266982979e-01
0.000000000000000000e+00 6.547568513119534847e-03 8.450044758419028579e-01
0.000000000000000000e+00 6.730793937900025545e-03 7.688740869769649100e-01
0.000000000000000000e+00 6.912013667774481382e-03 7.040714395205126541e-01
0.000000000000000000e+00 7.090992698620473059e-03 6.491223129198082642e-01
0.000000000000000000e+00 7.267496026315567806e-03 6.032176720280948423e-01
0.000000000000000000e+00 7.441288646737327650e-03 5.661342346516331503e-01
0.000000000000000000e+00 7.668889595321677285e-03 5.334608399889567698e-01
0.000000000000000000e+00 7.838683881715952789e-03 5.086910473473135186e-01
0.000000000000000000e+00 8.066151008508357784e-03 4.900571601208985051e-01
0.000000000000000000e+00 8.231163613800373050e-03 4.761853956277904421e-01
0.000000000000000000e+00 8.457870241141021359e-03 4.665928602405907677e-01
0.000000000000000000e+00 8.685103995784069358e-03 4.630473625541819960e-01
0.000000000000000000e+00 8.842637268485071395e-03 4.620547761483601024e-01
0.000000000000000000e+00 9.068209674540370427e-03 4.636107008433197341e-01
0.000000000000000000e+00 9.293917534360682936e-03 4.688407294379521861e-01
0.000000000000000000e+00 9.519643345884794272e-03 4.770808666392664099e-01
0.000000000000000000e+00 9.745269607051482846e-03 4.878561532753593610e-01
0.000000000000000000e+00 9.970678815799537478e-03 5.008211107622231317e-01
0.000000000000000000e+00 1.019575347006774525e-02 5.157970237631271937e-01
0.000000000000000000e+00 1.042037606779488111e-02 5.327228991685966086e-01
0.000000000000000000e+00 1.064442910691973561e-02 5.516552790882287560e-01
0.000000000000000000e+00 1.086779508538109063e-02 5.727292465667820354e-01
0.000000000000000000e+00 1.118586010930819677e-02 5.918061587065833740e-01
0.000000000000000000e+00 1.141025423080519081e-02 6.127150132744850763e-01
0.000000000000000000e+00 1.163364795280878022e-02 6.359228938952304899e-01
0.000000000000000000e+00 1.195980919514828128e-02 6.612810867253184899e-01
0.000000000000000000e+00 1.218372188458890192e-02 6.832009666602282261e-01
0.000000000000000000e+00 1.240632083570621276e-02 7.081761794717283953e-01
0.000000000000000000e+00 1.274010828821324492e-02 7.347137229846298911e-01
0.000000000000000000e+00 1.296271703116898613e-02 7.583898823127865896e-01
0.000000000000000000e+00 1.318369869697150198e-02 7.863119507949402065e-01
0.000000000000000000e+00 1.352464235140120145e-02 8.105713431029081262e-01
0.000000000000000000e+00 1.374512463344354854e-02 8.379744866365470557e-01
0.000000000000000000e+00 1.409162678815799666e-02 8.634666554908375646e-01
0.000000000000000000e+00 1.431129634761026288e-02 8.908116107009688145e-01
0.000000000000000000e+00 1.466320033319449927e-02 9.163786551281527526e-01
0.000000000000000000e+00 1.488174383122678641e-02 9.443563708540294588e-01
0.000000000000000000e+00 1.523889297826585762e-02 9.690926456663185862e-01
0.000000000000000000e+00 1.560027709542792344e-02 9.984826023948317752e-01
0.000000000000000000e+00 1.581823471512720444e-02 1.021753550982640535e+00
0.000000000000000000e+00 1.618466815697541111e-02 1.049065800879541932e+00
0.000000000000000000e+00 1.640075553553365859e-02 1.074800855064239169e+00
0.000000000000000000e+00 1.677208163265306307e-02 1.099587294935043591e+00
0.000000000000000000e+00 5.000000000000000104e-03 2.760535754891831672e+00
0.000000000000000000e+00 5.247896709704290286e-03 2.150377105444622572e+00
0.000000000000000000e+00 5.501790920449812182e-03 1.688140815370227754e+00
0.000000000000000000e+00 5.761682632236567528e-03 1.359334904723503712e+00
0.000000000000000000e+00 6.027571845064558058e-03 1.150664318486985360e+00
0.000000000000000000e+00 6.217179916531376596e-03 1.031486190275347381e+00
0.000000000000000000e+00 6.405526472813198244e-03 9.313899308266982979e-01
0.000000000000000000e+00 6.547568513119534847e-03 8.450044758419028579e-01
0.000000000000000000e+00 6.730793937900025545e-03 7.688740869769649100e-01
0.000000000000000000e+00 6.912013667774481382e-03 7.040714395205126541e-01
0.000000000000000000e+00 7.090992698620473059e-03 6.491223129198082642e-01
0.000000000000000000e+00 7.267496026315567806e-03 6.032176720280948423e-01
0.000000000000000000e+00 7.441288646737327650e-03 5.661342346516331503e-01
0.000000000000000000e+00 7.668889595321677285e-03 5.334608399889567698e-01
0.000000000000000000e+00 7.838683881715952789e-03 5.086910473473135186e-01
0.000000000000000000e+00 8.066151008508357784e-03 4.900571601208985051e-01
0.000000000000000000e+00 8.231163613800373050e-03 4.761853956277904421e-01
0.000000000000000000e+00 8.457870241141021359e-03 4.665928602405907677e-01
0.000000000000000000e+00 8.685103995784069358e-03 4.630473625541819960e-01
0.000000000000000000e+00 8.842637268485071395e-03 4.620547761483601024e-01
0.000000000000000000e+00 9.068209674540370427e-03 4.636107008433197341e-01
0.000000000000000000e+00 9.293917534360682936e-03 4.688407294379521861e-01
0.000000000000000000e+00 9.519643345884794272e-03 4.770808666392664099e-01
0.000000000000000000e+00 9.745269607051482846e-03 4.878561532753593610e-01
0.000000000000000000e+00 9.970678815799537478e-03 5.008211107622231317e-01
0.000000000000000000e+00 1.019575347006774525e-02 5.157970237631271937e-01
0.000000000000000000e+00 1.042037606779488111e-02 5.327228991685966086e-01
0.000000000000000000e+00 1.064442910691973561e-02 5.516552790882287560e-01
0.000000000000000000e+00 1.086779508538109063e-02 5.727292465667820354e-01
0.000000000000000000e+00 1.118586010930819677e-02 5.918061587065833740e-01
0.000000000000000000e+00 1.141025423080519081e-02 6.127150132744850763e-01
0.000000000000000000e+00 1.163364795280878022e-02 6.359228938952304899e-01
0.000000000000000000e+00 1.195980919514828128e-02 6.612810867253184899e-01
0.000000000000000000e+00 1.218372188458890192e-02 6.832009666602282261e-01
0.000000000000000000e+00 1.240632083570621276e-02 7.081761794717283953e-01
0.000000000000000000e+00 1.274010828821324492e-02 7.347137229846298911e-01
0.000000000000000000e+00 1.296271703116898613e-02 7.583898823127865896e-01
0.000000000000000000e+00 1.318369869697150198e-02 7.863119507949402065e-01
0.000000000000000000e+00 1.352464235140120145e-02 8.105713431029081262e-01
0.000000000000000000e+00 1.374512463344354854e-02 8.379744866365470557e-01
0.000000000000000000e+00 1.409162678815799666e-02 8.634666554908375646e-01
0.000000000000000000e+00 1.431129634761026288e-02 8.908116107009688145e-01
0.000000000000000000e+00 1.466320033319449927e-02 9.163786551281527526e-01
0.000000000000000000e+00 1.488174383122678641e-02 9.443563708540294588e-01
0.000000000000000000e+00 1.523889297826585762e-02 9.690926456663185862e-01
0.000000000000000000e+00 1.560027709542792344e-02 9.984826023948317752e-01
0.000000000000000000e+00 1.581823471512720444e-02 1.021753550982640535e+00
0.000000000000000000e+00 1.618466815697541111e-02 1.049065800879541932e+00
0.000000000000000000e+00 1.640075553553365859e-02 1.074800855064239169e+00
0.000000000000000000e+00 1.677208163265306307e-02 1.099587294935043591e+00
0.000000000000000000e+00 5.000000000000000104e-03 2.760535754891831672e+00
0.000000000000000000e+00 5.247896709704290286e-03 2.150377105444622572e+00
0.000000000000000000e+00 5.501790920449812182e-03 1.688140815370227754e+00
0.000000000000000000e+00 5.761682632236567528e-03 1.359334904723503712e+00
0.000000000000000000e+00 6.027571845064558058e-03 1.150664318486985360e+00
0.000000000000000000e+00 6.217179916531376596e-03 1.031486190275347381e+00
0.000000000000000000e+00 6.405526472813198244e-03 9.313899308266982979e-01
0.000000000000000000e+00 6.547568513119534847e-03 8.450044758419028579e-01
0.000000000000000000e+00 6.730793937900025545e-03 7.688740869769649100e-01
0.000000000000000000e+00 6.912013667774481382e-03 7.040714395205126541e-01
0.000000000000000000e+00 7.090992698620473059e-03 6.491223129198082642e-01
0.000000000000000000e+00 7.267496026315567806e-03 6.032176720280948423e-01
0.000000000000000000e+00 7.441288646737327650e-03 5.661342346516331503e-01
0.000000000000000000e+00 7.668889595321677285e-03 5.334608399889567698e-01
0.000000000000000000e+00 7.838683881715952789e-03 5.086910473473135186e-01
0.000000000000000000e+00 8.066151008508357784e-03 4.900571601208985051e-01
0.000000000000000000e+00 8.231163613800373050e-03 4.761853956277904421e-01
0.000000000000000000e+00 8.457870241141021359e-03 4.665928602405907677e-01
0.000000000000000000e+00 8.685103995784069358e-03 4.630473625541819960e-01
0.000000000000000000e+00 8.842637268485071395e-03 4.620547761483601024e-01
0.000000000000000000e+00 9.068209674540370427e-03 4.636107008433197341e-01
0.000000000000000000e+00 9.293917534360682936e-03 4.688407294379521861e-01
0.000000000000000000e+00 9.519643345884794272e-03 4.770808666392664099e-01
0.000000000000000000e+00 9.745269607051482846e-03 4.878561532753593610e-01
0.000000000000000000e+00 9.970678815799537478e-03 5.008211107622231317e-01
0.000000000000000000e+00 1.019575347006774525e-02 5.157970237631271937e-01
0.000000000000000000e+00 1.042037606779488111e-02 5.327228991685966086e-01
0.000000000000000000e+00 1.064442910691973561e-02 5.516552790882287560e-01
0.000000000000000000e+00 1.086779508538109063e-02 5.727292465667820354e-01
0.000000000000000000e+00 1.118586010930819677e-02 5.918061587065833740e-01
0.000000000000000000e+00 1.141025423080519081e-02 6.127150132744850763e-01
0.000000000000000000e+00 1.163364795280878022e-02 6.359228938952304899e-01
0.000000000000000000e+00 1.195980919514828128e-02 6.612810867253184899e-01
0.000000000000000000e+00 1.218372188458890192e-02 6.832009666602282261e-01
0.000000000000000000e+00 1.240632083570621276e-02 7.081761794717283953e-01
0.000000000000000000e+00 1.274010828821324492e-02 7.347137229846298911e-01
0.000000000000000000e+00 1.296271703116898613e-02 7.583898823127865896e-01
0.000000000000000000e+00 1.318369869697150198e-02 7.863119507949402065e-01
0.000000000000000000e+00 1.352464235140120145e-02 8.105713431029081262e-01
0.000000000000000000e+00 1.374512463344354854e-02 8.379744866365470557e-01
0.000000000000000000e+00 1.409162678815799666e-02 8.634666554908375646e-01
0.000000000000000000e+00 1.431129634761026288e-02 8.908116107009688145e-01
0.000000000000000000e+00 1.466320033319449927e-02 9.163786551281527526e-01
0.000000000000000000e+00 1.488174383122678641e-02 9.443563708540294588e-01
0.000000000000000000e+00 1.523889297826585762e-02 9.690926456663185862e-01
0.000000000000000000e+00 1.560027709542792344e-02 9.984826023948317752e-01
0.000000000000000000e+00 1.581823471512720444e-02 1.021753550982640535e+00
0.000000000000000000e+00 1.618466815697541111e-02 1.049065800879541932e+00
0.000000000000000000e+00 1.640075553553365859e-02 1.074800855064239169e+00
0.000000000000000000e+00 1.677208163265306307e-02 1.099587294935043591e+00
0.000000000000000000e+00 5.000000000000000104e-03 2.760535754891831672e+00
0.000000000000000000e+00 5.247896709704290286e-03 2.150377105444622572e+00
0.000000000000000000e+00 5.501790920449812182e-03 1.688140815370227754e+00
0.000000000000000000e+00 5.761682632236567528e-03 1.359334904723503712e+00
0.000000000000000000e+00 6.027571845064558058e-03 1.150664318486985360e+00
0.000000000000000000e+00 6.217179916531376596e-03 1.031486190275347381e+00
0.000000000000000000e+00 6.405526472813198244e-03 9.313899308266982979e-01
0.000000000000000000e+00 6.547568513119534847e-03 8.450044758419028579e-01
0.000000000000000000e+00 6.730793937900025545e-03 7.688740869769649100e-01
0.000000000000000000e+00 6.912013667774481382e-03 7.040714395205126541e-01
0.000000000000000000e+00 7.090992698620473059e-03 6.491223129198082642e-01
0.000000000000000000e+00 7.267496026315567806e-03 6.032176720280948423e-01
0.000000000000000000e+00 7.441288646737327650e-03 5.661342346516331503e-01
0.000000000000000000e+00 7.668889595321677285e-03 5.334608399889567698e-01
0.000000000000000000e+00 7.838683881715952789e-03 5.086910473473135186e-01
0.000000000000000000e+00 8.066151008508357784e-03 4.900571601208985051e-01
0.000000000000000000e+00 8.231163613800373050e-03 4.761853956277904421e-01
0.000000000000000000e+00 8.457870241141021359e-03 4.665928602405907677e-01
0.000000000000000000e+00 8.685103995784069358e-03 4.630473625541819960e-01
0.000000000000000000e+00 8.842637268485071395e-03 4.620547761483601024e-01
0.000000000000000000e+00 9.068209674540370427e-03 4.636107008433197341e-01
0.000000000000000000e+00 9.293917534360682936e-03 4.688407294379521861e-01
0.000000000000000000e+00 9.519643345884794272e-03 4.770808666392664099e-01
0.000000000000000000e+00 9.745269607051482846e-03 4.878561532753593610e-01
0.000000000000000000e+00 9.970678815799537478e-03 5.008211107622231317e-01
0.000000000000000000e+00 1.019575347006774525e-02 5.157970237631271937e-01
0.000000000000000000e+00 1.042037606779488111e-02 5.327228991685966086e-01
0.000000000000000000e+00 1.064442910691973561e-02 5.516552790882287560e-01
0.000000000000000000e+00 1.086779508538109063e-02 5.727292465667820354e-01
0.000000000000000000e+00 1.118586010930819677e-02 5.918061587065833740e-01
0.000000000000000000e+00 1.141025423080519081e-02 6.127150132744850763e-01
0.000000000000000000e+00 1.163364795280878022e-02 6.359228938952304899e-01
0.000000000000000000e+00 1.195980919514828128e-02 6.612810867253184899e-01
0.000000000000000000e+00 1.218372188458890192e-02 6.832009666602282261e-01
0.000000000000000000e+00 1.240632083570621276e-02 7.081761794717283953e-01
0.000000000000000000e+00 1.274010828821324492e-02 7.347137229846298911e-01
0.000000000000000000e+00 1.296271703116898613e-02 7.583898823127865896e-01
0.000000000000000000e+00 1.318369869697150198e-02 7.863119507949402065e-01
0.000000000000000000e+00 1.352464235140120145e-02 8.105713431029081262e-01
0.000000000000000000e+00 1.374512463344354854e-02 8.379744866365470557e-01
0.000000000000000000e+00 1.409162678815799666e-02 8.634666554908375646e-01
0.000000000000000000e+00 1.431129634761026288e-02 8.908116107009688145e-01
0.000000000000000000e+00 1.466320033319449927e-02 9.163786551281527526e-01
0.000000000000000000e+00 1.488174383122678641e-02 9.443563708540294588e-01
0.000000000000000000e+00 1.523889297826585762e-02 9.690926456663185862e-01
0.000000000000000000e+00 1.560027709542792344e-02 9.984826023948317752e-01
0.000000000000000000e+00 1.581823471512720444e-02 1.021753550982640535e+00
0.000000000000000000e+00 1.618466815697541111e-02 1.049065800879541932e+00
0.000000000000000000e+00 1.640075553553365859e-02 1.074800855064239169e+00
0.000000000000000000e+00 1.677208163265306307e-02 1.099587294935043591e+00
0.000000000000000000e+00 5.000000000000000104e-03 2.760535754891831672e+00
0.000000000000000000e+00 5.247896709704290286e-03 2.150377105444622572e+00
0.000000000000000000e+00 5.501790920449812182e-03 1.688140815370227754e+00
0.000000000000000000e+00 5.761682632236567528e-03 1.359334904723503712e+00
0.000000000000000000e+00 6.027571845064558058e-03 1.150664318486985360e+00
0.000000000000000000e+00 6.217179916531376596e-03 1.031486190275347381e+00
0.000000000000000000e+00 6.405526472813198244e-03 9.313899308266982979e-01
0.000000000000000000e+00 6.547568513119534847e-03 8.450044758419028579e-01
0.000000000000000000e+00 6.730793937900025545e-03 7.688740869769649100e-01
0.000000000000000000e+00 6.912013667774481382e-03 7.040714395205126541e-01
0.000000000000000000e+00 7.090992698620473059e-03 6.491223129198082642e-01
0.000000000000000000e+00 7.267496026315567806e-03 6.032176720280948423e-01
0.000000000000000000e+00 7.441288646737327650e-03 5.661342346516331503e-01
0.000000000000000000e+00 7.668889595321677285e-03 5.334608399889567698e-01
0.000000000000000000e+00 7.838683881715952789e-03 5.086910473473135186e-01
0.000000000000000000e+00 8.066151008508357784e-03 4.900571601208985051e-01
0.000000000000000000e+00 8.231163613800373050e-03 4.761853956277904421e-01
0.000000000000000000e+00 8.457870241141021359e-03 4.665928602405907677e-01
0.000000000000000000e+00 8.685103995784069358e-03 4.630473625541819960e-01
0.000000000000000000e+00 8.842637268485071395e-03 4.620547761483601024e-01
0.000000000000000000e+00 9.068209674540370427e-03 4.636107008433197341e-01
0.000000000000000000e+00 9.293917534360682936e-03 4.688407294379521861e-01
0.000000000000000000e+00 9.519643345884794272e-03 4.770808666392664099e-01
0.000000000000000000e+00 9.745269607051482846e-03 4.878561532753593610e-01
0.000000000000000000e+00 9.970678815799537478e-03 5.008211107622231317e-01
0.000000000000000000e+00 1.019575347006774525e-02 5.157970237631271937e-01
0.000000000000000000e+00 1.042037606779488111e-02 5.327228991685966086e-01
0.000000000000000000e+00 1.064442910691973561e-02 5.516552790882287560e-01
0.000000000000000000e+00 1.086779508538109063e-02 5.727292465667820354e-01
0.000000000000000000e+00 1.118586010930819677e-02 5.918061587065833740e-01
0.000000000000000000e+00 1.141025423080519081e-02 6.127150132744850763e-01
0.000000000000000000e+00 1.163364795280878022e-02 6.359228938952304899e-01
0.000000000000000000e+00 1.195980919514828128e-02 6.612810867253184899e-01
0.000000000000000000e+00 1.218372188458890192e-02 6.832009666602282261e-01
0.000000000000000000e+00 1.240632083570621276e-02 7.081761794717283953e-01
0.000000000000000000e+00 1.274010828821324492e-02 7.347137229846298911e-01
0.000000000000000000e+00 1.296271703116898613e-02 7.583898823127865896e-01
0.000000000000000000e+00 1.318369869697150198e-02 7.863119507949402065e-01
0.000000000000000000e+00 1.352464235140120145e-02 8.105713431029081262e-01
0.000000000000000000e+00 1.374512463344354854e-02 8.379744866365470557e-01
0.000000000000000000e+00 1.409162678815799666e-02 8.634666554908375646e-01
0.000000000000000000e+00 1.431129634761026288e-02 8.908116107009688145e-01
0.000000000000000000e+00 1.466320033319449927e-02 9.163786551281527526e-01
0.000000000000000000e+00 1.488174383122678641e-02 9.443563708540294588e-01
0.000000000000000000e+00 1.523889297826585762e-02 9.690926456663185862e-01
0.000000000000000000e+00 1.560027709542792344e-02 9.984826023948317752e-01
0.000000000000000000e+00 1.581823471512720444e-02 1.021753550982640535e+00
0.000000000000000000e+00 1.618466815697541111e-02 1.049065800879541932e+00
0.000000000000000000e+00 1.640075553553365859e-02 1.074800855064239169e+00
0.000000000000000000e+00 1.677208163265306307e-02 1.099587294935043591e+00
0.000000000000000000e+00 5.000000000000000104e-03 2.760535754891831672e+00
0.000000000000000000e+00 5.247896709704290286e-03 2.150377105444622572e+00
0.000000000000000000e+00 5.501790920449812182e-03 1.688140815370227754e+00
0.000000000000000000e+00 5.761682632236567528e-03 1.359334904723503712e+00
0.000000000000000000e+00 6.027571845064558058e-03 1.150664318486985360e+00
0.000000000000000000e+00 6.217179916531376596e-03 1.031486190275347381e+00
0.000000000000000000e+00 6.405526472813198244e-03 9.313899308266982979e-01
0.000000000000000000e+00 6.547568513119534847e-03 8.450044758419028579e-01
0.000000000000000000e+00 6.730793937900025545e-03 7.688740869769649100e-01
0.000000000000000000e+00 6.912013667774481382e-03 7.040714395205126541e-01
0.000000000000000000e+00 7.090992698620473059e-03 6.491223129198082642e-01
0.000000000000000000e+00 7.267496026315567806e-03 6.032176720280948423e-01
0.000000000000000000e+00 7.441288646737327650e-03 5.661342346516331503e-01
0.000000000000000000e+00 7.668889595321677285e-03 5.334608399889567698e-01
0.000000000000000000e+00 7.838683881715952789e-03 5.086910473473135186e-01
0.000000000000000000e+00 8.066151008508357784e-03 4.900571601208985051e-01
0.000000000000000000e+00 8.231163613800373050e-03 4.761853956277904421e-01
0.000000000000000000e+00 8.457870241141021359e-03 4.665928602405907677e-01
0.000000000000000000e+00 8.685103995784069358e-03 4.630473625541819960e-01
0.000000000000000000e+00 8.842637268485071395e-03 4.620547761483601024e-01
0.000000000000000000e+00 9.068209674540370427e-03 4.636107008433197341e-01
0.000000000000000000e+00 9.293917534360682936e-03 4.688407294379521861e-01
0.000000000000000000e+00 9.519643345884794272e-03 4.770808666392664099e-01
0.000000000000000000e+00 9.745269607051482846e-03 4.878561532753593610e-01
0.000000000000000000e+00 9.970678815799537478e-03 5.008211107622231317e-01
0.000000000000000000e+00 1.019575347006774525e-02 5.157970237631271937e-01
0.000000000000000000e+00 1.042037606779488111e-02 5.327228991685966086e-01
0.000000000000000000e+00 1.064442910691973561e-02 5.516552790882287560e-01
0.000000000000000000e+00 1.086779508538109063e-02 5.727292465667820354e-01
0.000000000000000000e+00 1.118586010930819677e-02 5.918061587065833740e-01
0.000000000000000000e+00 1.141025423080519081e-02 6.127150132744850763e-01
0.000000000000000000e+00 1.163364795280878022e-02 6.359228938952304899e-01
0.000000000000000000e+00 1.195980919514828128e-02 6.612810867253184899e-01
0.000000000000000000e+00 1.218372188458890192e-02 6.832009666602282261e-01
0.000000000000000000e+00 1.240632083570621276e-02 7.081761794717283953e-01
0.000000000000000000e+00 1.274010828821324492e-02 7.347137229846298911e-01
0.000000000000000000e+00 1.296271703116898613e-02 7.583898823127865896e-01
0.000000000000000000e+00 1.318369869697150198e-02 7.863119507949402065e-01
0.000000000000000000e+00 1.352464235140120145e-02 8.105713431029081262e-01
0.000000000000000000e+00 1.374512463344354854e-02 8.379744866365470557e-01
0.000000000000000000e+00 1.409162678815799666e-02 8.634666554908375646e-01
0.000000000000000000e+00 1.431129634761026288e-02 8.908116107009688145e-01
0.000000000000000000e+00 1.466320033319449927e-02 9.163786551281527526e-01
0.000000000000000000e+00 1.488174383122678641e-02 9.443563708540294588e-01
0.000000000000000000e+00 1.523889297826585762e-02 9.690926456663185862e-01
0.000000000000000000e+00 1.560027709542792344e-02 9.984826023948317752e-01
0.000000000000000000e+00 1.581823471512720444e-02 1.021753550982640535e+00
0.000000000000000000e+00 1.618466815697541111e-02 1.049065800879541932e+00
0.000000000000000000e+00 1.640075553553365859e-02 1.074800855064239169e+00
0.000000000000000000e+00 1.677208163265306307e-02 1.099587294935043591e+00
0.000000000000000000e+00 5.000000000000000104e-03 2.760535754891831672e+00
0.000000000000000000e+00 5.247896709704290286e-03 2.150377105444622572e+00
0.000000000000000000e+00 5.501790920449812182e-03 1.688140815370227754e+00
0.000000000000000000e+00 5.761682632236567528e-03 1.359334904723503712e+00
0.000000000000000000e+00 6.027571845064558058e-03 1.150664318486985360e+00
0.000000000000000000e+00 6.217179916531376596e-03 1.031486190275347381e+00
0.000000000000000000e+00 6.405526472813198244e-03 9.313899308266982979e-01
0.000000000000000000e+00 6.547568513119534847e-03 8.450044758419028579e-01
0.000000000000000000e+00 6.730793937900025545e-03 7.688740869769649100e-01
0.000000000000000000e+00 6.912013667774481382e-03 7.040714395205126541e-01
0.000000000000000000e+00 7.090992698620473059e-03 6.491223129198082642e-01
0.000000000000000000e+00 7.267496026315567806e-03 6.032176720280948423e-01
0.000000000000000000e+00 7.441288646737327650e-03 5.661342346516331503e-01
0.000000000000000000e+00 7.668889595321677285e-03 5.334608399889567698e-01
0.000000000000000000e+00 7.838683881715952789e-03 5.086910473473135186e-01
0.000000000000000000e+00 8.066151008508357784e-03 4.900571601208985051e-01
0.000000000000000000e+00 8.231163613800373050e-03 4.761853956277904421e-01
0.000000000000000000e+00 8.457870241141021359e-03 4.665928602405907677e-01
0.000000000000000000e+00 8.685103995784069358e-03 4.630473625541819960e-01
0.000000000000000000e+00 8.842637268485071395e-03 4.620547761483601024e-01
0.000000000000000000e+00 9.068209674540370427e-03 4.636107008433197341e-01
0.000000000000000000e+00 9.293917534360682936e-03 4.688407294379521861e-01
0.000000000000000000e+00 9.519643345884794272e-03 4.770808666392664099e-01
0.000000000000000000e+00 9.745269607051482846e-03 4.878561532753593610e-01
0.000000000000000000e+00 9.970678815799537478e-03 5.008211107622231317e-01
0.000000000000000000e+00 1.019575347006774525e-02 5.157970237631271937e-01
0.000000000000000000e+00 1.042037606779488111e-02 5.327228991685966086e-01
0.000000000000000000e+00 1.064442910691973561e-02 5.516552790882287560e-01
0.000000000000000000e+00 1.086779508538109063e-02 5.727292465667820354e-01
0.000000000000000000e+00 1.118586010930819677e-02 5.918061587065833740e-01
0.000000000000000000e+00 1.141025423080519081e-02 6.127150132744850763e-01
0.000000000000000000e+00 1.163364795280878022e-02 6.359228938952304899e-01
0.000000000000000000e+00 1.195980919514828128e-02 6.612810867253184899e-01
0.000000000000000000e+00 1.218372188458890192e-02 6.832009666602282261e-01
0.000000000000000000e+00 1.240632083570621276e-02 7.081761794717283953e-01
0.000000000000000000e+00 1.274010828821324492e-02 7.347137229846298911e-01
0.000000000000000000e+00 1.296271703116898613e-02 7.583898823127865896e-01
0.000000000000000000e+00 1.318369869697150198e-02 7.863119507949402065e-01
0.000000000000000000e+00 1.352464235140120145e-02 8.105713431029081262e-01
0.000000000000000000e+00 1.374512463344354854e-02 8.379744866365470557e-01
0.000000000000000000e+00 1.409162678815799666e-02 8.634666554908375646e-01
0.000000000000000000e+00 1.431129634761026288e-02 8.908116107009688145e-01
0.000000000000000000e+00 1.466320033319449927e-02 9.163786551281527526e-01
0.000000000000000000e+00 1.488174383122678641e-02 9.443563708540294588e-01
0.000000000000000000e+00 1.523889297826585762e-02 9.690926456663185862e-01
0.000000000000000000e+00 1.560027709542792344e-02 9.984826023948317752e-01
0.000000000000000000e+00 1.581823471512720444e-02 1.021753550982640535e+00
0.000000000000000000e+00 1.618466815697541111e-02 1.049065800879541932e+00
0.000000000000000000e+00 1.640075553553365859e-02 1.074800855064239169e+00
0.000000000000000000e+00 1.677208163265306307e-02 1.099587294935043591e+00
