-6.666666666666667095e-03 4.345062359050649685e-03 3.071382456236541714e+00
-6.666666666666667095e-03 4.402941719064418745e-03 2.664062747413206367e+00
-6.666666666666667095e-03 4.452854394363939088e-03 2.288984464515646966e+00
-6.666666666666667095e-03 4.494402200995801372e-03 1.946656057922314442e+00
-6.666666666666667095e-03 4.527187370426392909e-03 1.639024271278708200e+00
-6.666666666666667095e-03 4.633212300019486085e-03 1.361687683683003192e+00
-6.666666666666667095e-03 4.650619755772237261e-03 1.109792974183393177e+00
-6.666666666666667095e-03 4.747292538818691232e-03 8.911577212388632763e-01
-6.666666666666667095e-03 4.747996226736483742e-03 7.003987350712248539e-01
-6.666666666666667095e-03 4.834253628342972432e-03 5.286130188793217721e-01
-6.666666666666667095e-03 4.916711326572208336e-03 3.879976249673618427e-01
-6.666666666666667095e-03 4.995169775014116076e-03 2.751934986665190985e-01
-6.666666666666667095e-03 5.069429531596744351e-03 1.860953613490026193e-01
-6.666666666666667095e-03 5.028278806558057062e-03 1.122444902041101478e-01
-6.666666666666667095e-03 5.089668316502767020e-03 6.130945654481314427e-02
-6.666666666666667095e-03 5.146195979676584757e-03 3.233979819900500985e-02
-6.666666666666667095e-03 5.197662907900896419e-03 2.494424937163172706e-02
-6.666666666666667095e-03 5.370775376537144721e-03 3.523903895795477137e-02
-6.666666666666667095e-03 5.415661165950939188e-03 5.706227053456992826e-02
-6.666666666666667095e-03 5.454955523529938198e-03 9.665403008687660502e-02
-6.666666666666667095e-03 5.488460040389579395e-03 1.548136665921648059e-01
-6.666666666666667095e-03 5.515976468859302637e-03 2.341732424540717283e-01
-6.666666666666667095e-03 5.537306731751194880e-03 3.360547452828427373e-01
-6.666666666666667095e-03 5.704978955695367768e-03 4.309213328532506271e-01
-6.666666666666667095e-03 5.717870384996132961e-03 5.446465318408960643e-01
-6.666666666666667095e-03 5.724046989243121442e-03 6.866563209547645874e-01
-6.666666666666667095e-03 5.889843598264711717e-03 8.244273060486086990e-01
-6.666666666666667095e-03 5.886720184540636044e-03 9.741727696293165373e-01
-6.666666666666667095e-03 6.052429101870152733e-03 1.159420428647521817e+00
-6.666666666666667095e-03 6.039475694252949278e-03 1.314941774900338922e+00
-6.666666666666667095e-03 6.018950118577709625e-03 1.511334990407423140e+00
-6.666666666666667095e-03 6.181517270724483717e-03 1.699032476365066824e+00
-6.666666666666667095e-03 6.150302848557255564e-03 1.904701792559705842e+00
-6.666666666666667095e-03 6.312049279421656951e-03 2.115555592308814958e+00
-6.666666666666667095e-03 6.269617456233469305e-03 2.337030244416859137e+00
-6.666666666666667095e-03 6.430276739498605974e-03 2.560095190795371067e+00
-6.666666666666667095e-03 6.376099537704198530e-03 2.800757379235526923e+00
-6.666666666666667095e-03 6.535405368858744971e-03 3.032364965440914606e+00
-6.666666666666667095e-03 6.468955431834121604e-03 3.295996453017936645e+00
-6.666666666666667095e-03 6.626641634401570294e-03 3.526726032672425237e+00
-6.551724137931034739e-03 4.272111183609696335e-03 3.238956474016395859e+00
-6.551724137931034739e-03 4.329034187896508949e-03 2.821722108928708117e+00
-6.551724137931034739e-03 4.378125110908415336e-03 2.440694578321356278e+00
-6.551724137931034739e-03 4.493626432802847077e-03 2.088693550975954771e+00
-6.551724137931034739e-03 4.529034221777187251e-03 1.765791817110143658e+00
-6.551724137931034739e-03 4.555500515996186404e-03 1.479619783457588600e+00
-6.551724137931034739e-03 4.656936521067952216e-03 1.217379760011694678e+00
-6.551724137931034739e-03 4.667696532258322310e-03 9.895098152805958946e-01
-6.551724137931034739e-03 4.759480365429414120e-03 7.819815279088907500e-01
-6.551724137931034739e-03 4.847789953167109395e-03 6.080592183394885053e-01
-6.551724137931034739e-03 4.834317837620407364e-03 4.577858179899962909e-01
-6.551724137931034739e-03 4.911472989587520495e-03 3.257969759688266742e-01
-6.551724137931034739e-03 4.984500395237873895e-03 2.197114235627580514e-01
-6.551724137931034739e-03 5.053204051937877986e-03 1.376002489443121091e-01
-6.551724137931034739e-03 5.117388067080158760e-03 7.773594193782099038e-02
-6.551724137931034739e-03 5.176856663206950808e-03 3.789429295864139846e-02
-6.551724137931034739e-03 5.231414183525926430e-03 1.781461940705584418e-02
-6.551724137931034739e-03 5.280865097859528678e-03 1.661857293440768130e-02
-6.551724137931034739e-03 5.325014009074251209e-03 3.454657124043793159e-02
-6.551724137931034739e-03 5.363665660042634363e-03 7.248491632290600395e-02
-6.551724137931034739e-03 5.396624941198142032e-03 1.311027590683010169e-01
-6.551724137931034739e-03 5.565139666846625859e-03 1.923257134335321361e-01
-6.551724137931034739e-03 5.590453556138671141e-03 2.672963054893755519e-01
-6.551724137931034739e-03 5.609554391263169536e-03 3.651025186616501661e-01
-6.551724137931034739e-03 5.622247611313650230e-03 4.870786817662470791e-01
-6.551724137931034739e-03 5.787488581378590589e-03 5.979302784427031892e-01
-6.551724137931034739e-03 5.791363272374794487e-03 7.305831769883505133e-01
-6.551724137931034739e-03 5.788311039589071581e-03 8.941686665707792026e-01
-6.551724137931034739e-03 5.951249777199825799e-03 1.034308601114651838e+00
-6.551724137931034739e-03 5.938532932256931213e-03 1.207112868112311999e+00
-6.551724137931034739e-03 6.101123705118344752e-03 1.385300109896308474e+00
-6.551724137931034739e-03 6.078221558859267862e-03 1.568393402653136981e+00
-6.551724137931034739e-03 6.240202196844451578e-03 1.773240066545475724e+00
-6.551724137931034739e-03 6.206594549778373174e-03 1.967053111324864823e+00
-6.551724137931034739e-03 6.367702990247996707e-03 2.193500135479944824e+00
-6.551724137931034739e-03 6.322870167047096174e-03 2.398616947046924075e+00
-6.551724137931034739e-03 6.482844459952720635e-03 2.637744550678219113e+00
-6.551724137931034739e-03 6.426267347895426273e-03 2.862829346890612303e+00
-6.551724137931034739e-03 6.584845661327742329e-03 3.104451149923011855e+00
-6.551724137931034739e-03 6.516005753308268256e-03 3.353804884154529375e+00
-6.440677966101694858e-03 4.266032349886896696e-03 3.407330409811334171e+00
-6.440677966101694858e-03 4.324943510175299939e-03 2.980112221624613422e+00
-6.440677966101694858e-03 4.376216072253515284e-03 2.587592874990956027e+00
-6.440677966101694858e-03 4.419464797788633451e-03 2.229681689120171839e+00
-6.440677966101694858e-03 4.530810603134494303e-03 1.899726141224183706e+00
-6.440677966101694858e-03 4.560024197177484605e-03 1.596608038876745850e+00
-6.440677966101694858e-03 4.580123455725364744e-03 1.332915143273166070e+00
-6.440677966101694858e-03 4.676929288739884241e-03 1.085011872335976069e+00
-6.440677966101694858e-03 4.770575846596497756e-03 8.769360132806480745e-01
-6.440677966101694858e-03 4.767868417260080413e-03 6.852293691410653587e-01
-6.440677966101694858e-03 4.851122563594641689e-03 5.202411010393193092e-01
-6.440677966101694858e-03 4.930574137636345097e-03 3.846287501016374955e-01
-6.440677966101694858e-03 5.006030192653339317e-03 2.739692337449719517e-01
-6.440677966101694858e-03 4.969952271663202054e-03 1.861328128386117164e-01
-6.440677966101694858e-03 5.033090976286987497e-03 1.137186413550771991e-01
-6.440677966101694858e-03 5.091592502445740215e-03 6.352085417715586102e-02
-6.440677966101694858e-03 5.145264402963923601e-03 3.513814647036049565e-02
-6.440677966101694858e-03 5.316631695988898072e-03 2.740153954210580375e-02
-6.440677966101694858e-03 5.364068596017465898e-03 3.068944877916623959e-02
-6.440677966101694858e-03 5.406162376399774143e-03 5.099825328990818113e-02
-6.440677966101694858e-03 5.442721020742052364e-03 8.906860510555994481e-02
-6.440677966101694858e-03 5.473552657000651384e-03 1.467889039025135345e-01
-6.440677966101694858e-03 5.498465565541489630e-03 2.253443825138982948e-01
-6.440677966101694858e-03 5.664961660902859825e-03 3.162529196879185767e-01
-6.440677966101694858e-03 5.681842084900746472e-03 4.068398002357573873e-01
-6.440677966101694858e-03 5.692292113007767912e-03 5.225447369078594084e-01
-6.440677966101694858e-03 5.857168944324944032e-03 6.625541412203945768e-01
-6.440677966101694858e-03 5.858753114926095948e-03 7.849997316746268883e-01
-6.440677966101694858e-03 5.853396181760357059e-03 9.391775005975969703e-01
-6.440677966101694858e-03 6.015880218143575611e-03 1.102205687309411930e+00
-6.440677966101694858e-03 6.000825346285645553e-03 1.264102249672535372e+00
-6.440677966101694858e-03 6.162902962457411128e-03 1.463224095685272230e+00
-6.440677966101694858e-03 6.137638073913750936e-03 1.630859035169491378e+00
-6.440677966101694858e-03 6.104603922824911218e-03 1.847761626265731483e+00
-6.440677966101694858e-03 6.263064929066440578e-03 2.034820304955935910e+00
-6.440677966101694858e-03 6.218991034242720740e-03 2.266149341215223600e+00
-6.440677966101694858e-03 6.376337091809172394e-03 2.467489434868235243e+00
-6.440677966101694858e-03 6.535648858215185354e-03 2.719994053280994972e+00
-6.440677966101694858e-03 6.476686400388050567e-03 2.927342433126264520e+00
-6.440677966101694858e-03 6.634561051784104539e-03 3.181969006931719690e+00
-6.440677966101694858e-03 6.563345398667081929e-03 3.416800120730414392e+00
-6.333333333333333176e-03 4.320977180680993755e-03 3.141982204709164339e+00
-6.333333333333333176e-03 4.374360353115305106e-03 2.739105460480069532e+00
-6.333333333333333176e-03 4.419913042398093857e-03 2.368922469900985650e+00
-6.333333333333333176e-03 4.457256470783900297e-03 2.031999168032596614e+00
-6.333333333333333176e-03 4.564391936799064645e-03 1.721955769153459492e+00
-6.333333333333333176e-03 4.587359849200646489e-03 1.439342743710528172e+00
-6.333333333333333176e-03 4.685853145945308162e-03 1.191897419414166936e+00
-6.333333333333333176e-03 4.693182769728858512e-03 9.651594622761672237e-01
-6.333333333333333176e-03 4.782021607436909814e-03 7.659798464183075195e-01
-6.333333333333333176e-03 4.867372766652561765e-03 5.993554177265252303e-01
-6.333333333333333176e-03 4.850625791181563742e-03 4.489114609047764048e-01
-6.333333333333333176e-03 4.924869107572821432e-03 3.208595816805976386e-01
-6.333333333333333176e-03 4.994992503979812058e-03 2.177665200705309612e-01
-6.333333333333333176e-03 5.060806350865898993e-03 1.377897875902052982e-01
-6.333333333333333176e-03 5.122121122727999951e-03 7.823387924197752752e-02
-6.333333333333333176e-03 5.178747402955432080e-03 3.885458183560713125e-02
-6.333333333333333176e-03 5.230495889061510979e-03 1.817793786129158831e-02
-6.333333333333333176e-03 5.277177398326881978e-03 1.644289062823232547e-02
-6.333333333333333176e-03 5.318602873898737628e-03 3.386040073814620965e-02
-6.333333333333333176e-03 5.354583391396141624e-03 7.104505834106229767e-02
-6.333333333333333176e-03 5.521785329828927599e-03 1.244652479773131204e-01
-6.333333333333333176e-03 5.550494903843480529e-03 1.790712660452871419e-01
-6.333333333333333176e-03 5.573255361365892120e-03 2.542841033827135111e-01
-6.333333333333333176e-03 5.589878269451400809e-03 3.514034188837933947e-01
-6.333333333333333176e-03 5.754167886637660129e-03 4.629348955223900886e-01
-6.333333333333333176e-03 5.762384038660490343e-03 5.699983198235633042e-01
-6.333333333333333176e-03 5.763959713487238831e-03 7.043192839805123562e-01
-6.333333333333333176e-03 5.926212970599960793e-03 8.509315579237657357e-01
-6.333333333333333176e-03 5.918562634651013642e-03 9.924442322775277603e-01
-6.333333333333333176e-03 5.903769888170023322e-03 1.171436034648603686e+00
-6.333333333333333176e-03 6.063226112053213615e-03 1.329155936873175570e+00
-6.333333333333333176e-03 6.038389434053154439e-03 1.517077633398061565e+00
-6.333333333333333176e-03 6.197192661012380054e-03 1.702703385251298940e+00
-6.333333333333333176e-03 6.161808682141884166e-03 1.904658351965946794e+00
-6.333333333333333176e-03 6.319705359794133837e-03 2.107350163944106125e+00
-6.333333333333333176e-03 6.273271205373953489e-03 2.325526268667346130e+00
-6.333333333333333176e-03 6.430007887027109487e-03 2.541262972012976462e+00
-6.333333333333333176e-03 6.372021213406559199e-03 2.778160904805583531e+00
-6.333333333333333176e-03 6.527344563274874688e-03 2.997564540409686451e+00
-6.333333333333333176e-03 6.457303598510872981e-03 3.264928852089149736e+00
-6.333333333333333176e-03 6.610960397402020072e-03 3.482212612713371236e+00
-6.229508196721311036e-03 4.317129555217739251e-03 3.307068807472983263e+00
-6.229508196721311036e-03 4.372555710790694723e-03 2.894909860558028125e+00
-6.229508196721311036e-03 4.420338609960386238e-03 2.513707496413514875e+00
-6.229508196721311036e-03 4.460105372944870965e-03 2.163379931804597867e+00
-6.229508196721311036e-03 4.491483478861679583e-03 1.847377708552862652e+00
-6.229508196721311036e-03 4.594356445276177002e-03 1.555435666787451598e+00
-6.229508196721311036e-03 4.611029708655720906e-03 1.294624656712178856e+00
-6.229508196721311036e-03 4.704963175134328421e-03 1.060248512003312715e+00
-6.229508196721311036e-03 4.705689657019534143e-03 8.573578026049351042e-01
-6.229508196721311036e-03 4.789687962642154295e-03 6.687402548026525340e-01
-6.229508196721311036e-03 4.870067831537075800e-03 5.109985366792818562e-01
-6.229508196721311036e-03 4.946642404991392211e-03 3.794101844480379238e-01
-6.229508196721311036e-03 5.019224913659858789e-03 2.718216432682863393e-01
-6.229508196721311036e-03 4.980086984742016984e-03 1.837759275465246089e-01
-6.229508196721311036e-03 5.040435144352321123e-03 1.131254444297328243e-01
-6.229508196721311036e-03 5.096170098862348556e-03 6.459035116102811169e-02
-6.229508196721311036e-03 5.147105552001068896e-03 3.683777571664304668e-02
-6.229508196721311036e-03 5.315726324117378554e-03 2.579008639083402513e-02
-6.229508196721311036e-03 5.360439815604673038e-03 2.772116546038303625e-02
-6.229508196721311036e-03 5.399856721636790875e-03 4.676894043013662267e-02
-6.229508196721311036e-03 5.433791153673647040e-03 8.411067889923930230e-02
-6.229508196721311036e-03 5.462057359919968158e-03 1.408450900822752760e-01
-6.229508196721311036e-03 5.484469732981152833e-03 2.202473202417504217e-01
-6.229508196721311036e-03 5.648065288978901428e-03 2.976626562380862984e-01
-6.229508196721311036e-03 5.662515634190421442e-03 3.890839702772397324e-01
-6.229508196721311036e-03 5.670616789814673583e-03 5.054963138583350446e-01
-6.229508196721311036e-03 5.832521140813856468e-03 6.292848288638996923e-01
-6.229508196721311036e-03 5.831853483242868154e-03 7.544853883605089351e-01
-6.229508196721311036e-03 5.824342188377689029e-03 9.104383342966385628e-01
-6.229508196721311036e-03 5.983806539021235132e-03 1.056655384586073332e+00
-6.229508196721311036e-03 5.966720866579994405e-03 1.223022937336847749e+00
-6.229508196721311036e-03 6.125730083879656063e-03 1.400773972745477547e+00
-6.229508196721311036e-03 6.098574269906801605e-03 1.577016993571374037e+00
-6.229508196721311036e-03 6.256878760692002016e-03 1.780898075275518133e+00
-6.229508196721311036e-03 6.219157492407335723e-03 1.966648573157382840e+00
-6.229508196721311036e-03 6.376507761514826032e-03 2.187756272355073417e+00
-6.229508196721311036e-03 6.327726209228935056e-03 2.390135110332901824e+00
-6.229508196721311036e-03 6.483872864168463250e-03 2.618340751155746382e+00
-6.229508196721311036e-03 6.423536716858414299e-03 2.840381921396927467e+00
-6.229508196721311036e-03 6.578230472885727986e-03 3.073483121628628467e+00
-6.229508196721311036e-03 6.505845978004384626e-03 3.323379542589037783e+00
-6.129032258064516341e-03 4.249199549837494490e-03 3.471308548465711574e+00
-6.129032258064516341e-03 4.303766759904504441e-03 3.050513859173363596e+00
-6.129032258064516341e-03 4.420742855663719641e-03 2.663666650674080039e+00
-6.129032258064516341e-03 4.462856654361981555e-03 2.301317288087468160e+00
-6.129032258064516341e-03 4.496774602301140643e-03 1.970522280412825511e+00
-6.129032258064516341e-03 4.522130241773424271e-03 1.675732429824603020e+00
-6.129032258064516341e-03 4.620691043383215110e-03 1.400644084719268490e+00
-6.129032258064516341e-03 4.631023052096244590e-03 1.162696912239263636e+00
-6.129032258064516341e-03 4.720356500558066555e-03 9.390638994203969192e-01
-6.129032258064516341e-03 4.806373711106810658e-03 7.496340841103930064e-01
-6.129032258064516341e-03 4.793569675759948127e-03 5.870608648943860253e-01
-6.129032258064516341e-03 4.868951194523320029e-03 4.377505752275556716e-01
-6.129032258064516341e-03 4.940403843540946624e-03 3.143610663734424659e-01
-6.129032258064516341e-03 5.007743870981015005e-03 2.149574821040478589e-01
-6.129032258064516341e-03 5.070787619292372803e-03 1.363921104271045015e-01
-6.129032258064516341e-03 5.129351529500231731e-03 7.846210203360137747e-02
-6.129032258064516341e-03 5.183252145823715254e-03 3.912202463540556674e-02
-6.129032258064516341e-03 5.232306120648129444e-03 1.864156229330926617e-02
-6.129032258064516341e-03 5.276330219889099199e-03 1.658164380607295152e-02
-6.129032258064516341e-03 5.315141328790650745e-03 3.354488186294526941e-02
-6.129032258064516341e-03 5.348556458205071078e-03 7.081524717333868846e-02
-6.129032258064516341e-03 5.513002852143778637e-03 1.156169278891485963e-01
-6.129032258064516341e-03 5.539192425166749104e-03 1.697794333078298246e-01
-6.129032258064516341e-03 5.559497697500828846e-03 2.438910093796092804e-01
-6.129032258064516341e-03 5.573736145812946061e-03 3.422770570261416956e-01
-6.129032258064516341e-03 5.735179012074084759e-03 4.402041054600404069e-01
-6.129032258064516341e-03 5.741091778207731144e-03 5.477741262581496962e-01
-6.129032258064516341e-03 5.740450564901171220e-03 6.849777445203758530e-01
-6.129032258064516341e-03 5.899799351397109169e-03 8.142871832010741828e-01
-6.129032258064516341e-03 5.890038914894753924e-03 9.600708006512462811e-01
-6.129032258064516341e-03 6.049124275890298795e-03 1.129988452689195011e+00
-6.129032258064516341e-03 6.029756253152514407e-03 1.281622734933506758e+00
-6.129032258064516341e-03 6.003044122021057236e-03 1.477821718523165906e+00
-6.129032258064516341e-03 6.158868877257193605e-03 1.643712238471336740e+00
-6.129032258064516341e-03 6.121757650969295202e-03 1.852350156847964779e+00
-6.129032258064516341e-03 6.276643616627320538e-03 2.036929433628173580e+00
-6.129032258064516341e-03 6.228646169729664360e-03 2.265189895321963132e+00
-6.129032258064516341e-03 6.382347867945792515e-03 2.458285912794011985e+00
-6.129032258064516341e-03 6.537922938660954350e-03 2.701653738990623221e+00
-6.129032258064516341e-03 6.475249634528073076e-03 2.908574326643896590e+00
-6.129032258064516341e-03 6.629333473964103482e-03 3.152497063409981592e+00
-6.129032258064516341e-03 6.554617570235344616e-03 3.383937409859556933e+00
-6.031746031746032174e-03 4.303096637116438777e-03 3.202648559518282312e+00
-6.031746031746032174e-03 4.352278964723226007e-03 2.805668259788124619e+00
-6.031746031746032174e-03 4.393754206231465648e-03 2.440892283210463365e+00
-6.031746031746032174e-03 4.501894221818001675e-03 2.101324560945109887e+00
-6.031746031746032174e-03 4.529903434991358960e-03 1.790088250721656893e+00
-6.031746031746032174e-03 4.630045491241110457e-03 1.517065002872061585e+00
-6.031746031746032174e-03 4.643383479788317642e-03 1.257608371512230594e+00
-6.031746031746032174e-03 4.734561613593105123e-03 1.034612740050337099e+00
-6.031746031746032174e-03 4.732024989011588377e-03 8.312020970108497941e-01
-6.031746031746032174e-03 4.813274451154457741e-03 6.520449040022745502e-01
-6.031746031746032174e-03 4.890897090118434369e-03 5.002005741826633933e-01
-6.031746031746032174e-03 4.964711846185230516e-03 3.734050909604229029e-01
-6.031746031746032174e-03 4.930328107952398203e-03 2.695169481543301382e-01
-6.031746031746032174e-03 4.992407562052503418e-03 1.792165438150773171e-01
-6.031746031746032174e-03 5.050076897323595333e-03 1.113843597161221499e-01
-6.031746031746032174e-03 5.103155482893454234e-03 6.411973575787921487e-02
-6.031746031746032174e-03 5.151462792690028950e-03 3.756290418157996053e-02
-6.031746031746032174e-03 5.317506658943899067e-03 2.483912662622092191e-02
-6.031746031746032174e-03 5.359604177648314045e-03 2.592175918689846800e-02
-6.031746031746032174e-03 5.396448730773535304e-03 4.411481115233965161e-02
-6.031746031746032174e-03 5.427860178953736008e-03 8.047473426128211316e-02
-6.031746031746032174e-03 5.453658512628025215e-03 1.374314919496003318e-01
-6.031746031746032174e-03 5.616335004619580837e-03 2.149061578402805817e-01
-6.031746031746032174e-03 5.634537870657731033e-03 2.839434803962603282e-01
-6.031746031746032174e-03 5.646647225491291736e-03 3.752335376887777074e-01
-6.031746031746032174e-03 5.652483541710710824e-03 4.923495772077526311e-01
-6.031746031746032174e-03 5.811598787306995924e-03 6.033230467179455658e-01
-6.031746031746032174e-03 5.808757271022224090e-03 7.290614962822991041e-01
-6.031746031746032174e-03 5.967794923054057891e-03 8.859709259662642555e-01
-6.031746031746032174e-03 5.955794413678769557e-03 1.019366538330948924e+00
-6.031746031746032174e-03 5.936742152044366741e-03 1.188399068743951403e+00
-6.031746031746032174e-03 6.092872163476353159e-03 1.350811603479351808e+00
-6.031746031746032174e-03 6.063880928536049056e-03 1.532468947443955232e+00
-6.031746031746032174e-03 6.219268202254820549e-03 1.716493503019127953e+00
-6.031746031746032174e-03 6.179857964497164832e-03 1.911929459654663210e+00
-6.031746031746032174e-03 6.334260731208948836e-03 2.113188750053234255e+00
-6.031746031746032174e-03 6.283951918462314309e-03 2.323815759450383656e+00
-6.031746031746032174e-03 6.437128505560519957e-03 2.533012374893630625e+00
-6.031746031746032174e-03 6.375442036740988985e-03 2.768887300849725008e+00
-6.031746031746032174e-03 6.527150873089893578e-03 2.980064501563892687e+00
-6.031746031746032174e-03 6.680643565344557624e-03 3.234109054635533553e+00
-6.031746031746032174e-03 6.603607817120521473e-03 3.451782044823366036e+00
-5.937499999999999202e-03 4.302439980916181531e-03 3.358704026614269811e+00
-5.937499999999999202e-03 4.353694413503391217e-03 2.952179725242362274e+00
-5.937499999999999202e-03 4.397418494725310358e-03 2.575779894642387102e+00
-5.937499999999999202e-03 4.433256415247873415e-03 2.231804481990962152e+00
-5.937499999999999202e-03 4.537432305942463301e-03 1.913297630960285600e+00
-5.937499999999999202e-03 4.559475653005718408e-03 1.622279992936120241e+00
-5.937499999999999202e-03 4.655359744433778917e-03 1.364383083589018053e+00
-5.937499999999999202e-03 4.662422273968556442e-03 1.125056211623570723e+00
-5.937499999999999202e-03 4.749063730437487821e-03 9.135696936181638694e-01
-5.937499999999999202e-03 4.832371438281664669e-03 7.340885162556489707e-01
-5.937499999999999202e-03 4.816410241390484993e-03 5.684085368511457848e-01
-5.937499999999999202e-03 4.889110019058098312e-03 4.254387821100086842e-01
-5.937499999999999202e-03 4.957882136614761431e-03 3.073245536095012831e-01
-5.937499999999999202e-03 5.022548454583394308e-03 2.104832499121966904e-01
-5.937499999999999202e-03 5.082930922988301500e-03 1.347749964032445846e-01
-5.937499999999999202e-03 5.138851585445046444e-03 7.760496462590618649e-02
-5.937499999999999202e-03 5.190132583557179220e-03 3.930179476318808318e-02
-5.937499999999999202e-03 5.236596161651178166e-03 1.879905445400629690e-02
-5.937499999999999202e-03 5.278064671885085608e-03 1.672522794499707935e-02
-5.937499999999999202e-03 5.314360579770977498e-03 3.368579412358609082e-02
-5.937499999999999202e-03 5.345306470156884968e-03 7.060649246567984871e-02
-5.937499999999999202e-03 5.507164836856202547e-03 1.095445091734128240e-01
-5.937499999999999202e-03 5.530927734025027111e-03 1.623948185701153957e-01
-5.937499999999999202e-03 5.548867165783843980e-03 2.369175505411902916e-01
-5.937499999999999202e-03 5.560806159384489716e-03 3.354661544845241039e-01
-5.937499999999999202e-03 5.719575257286593252e-03 4.220389996757133444e-01
-5.937499999999999202e-03 5.723264645897031648e-03 5.311667105578371517e-01
-5.937499999999999202e-03 5.720481254961851461e-03 6.689070110946356840e-01
-5.937499999999999202e-03 5.877102002711077390e-03 7.856450523148479359e-01
-5.937499999999999202e-03 5.865299615559028262e-03 9.340624368873100547e-01
-5.937499999999999202e-03 6.021606022705005071e-03 1.086879597190868463e+00
-5.937499999999999202e-03 6.000311134362955150e-03 1.244593796129124907e+00
-5.937499999999999202e-03 6.156064947736226457e-03 1.427738133380937802e+00
-5.937499999999999202e-03 6.124804444152000954e-03 1.593581792686029841e+00
-5.937499999999999202e-03 6.279767496413444540e-03 1.798190698292613243e+00
-5.937499999999999202e-03 6.238068681157159581e-03 1.977870008337720975e+00
-5.937499999999999202e-03 6.392002894749568634e-03 2.193913003303594067e+00
-5.937499999999999202e-03 6.339393518675118071e-03 2.389380394151861431e+00
-5.937499999999999202e-03 6.492060910108457365e-03 2.614261886103544708e+00
-5.937499999999999202e-03 6.428069204423081558e-03 2.832265026455378365e+00
-5.937499999999999202e-03 6.579231888934328545e-03 3.054369040715618322e+00
-5.937499999999999202e-03 6.503386602210748171e-03 3.303813611915182857e+00
-5.937499999999999202e-03 6.652806798845856476e-03 3.523253638134043797e+00
-5.846153846153846409e-03 4.301796415196521353e-03 3.518405196060081508e+00
-5.846153846153846409e-03 4.355060594629520977e-03 3.103438042781036188e+00
-5.846153846153846409e-03 4.400965894309795227e-03 2.716690370612823813e+00
-5.846153846153846409e-03 4.439161715921847474e-03 2.359947302759672905e+00
-5.846153846153846409e-03 4.469297773877525977e-03 2.036415248962569979e+00
-5.846153846153846409e-03 4.569453064167994932e-03 1.737303915546278388e+00
-5.846153846153846409e-03 4.585476035222822710e-03 1.466811226358999853e+00
-5.846153846153846409e-03 4.677054626658364023e-03 1.220885726393266646e+00
-5.846153846153846409e-03 4.677796658936874373e-03 1.005650476888938938e+00
-5.846153846153846409e-03 4.759862393803960916e-03 8.058137769243718385e-01
-5.846153846153846409e-03 4.838469081160868580e-03 6.344130279995169319e-01
-5.846153846153846409e-03 4.913441034179961107e-03 4.890835482969346781e-01
-5.846153846153846409e-03 4.984602643257383427e-03 3.677819078261079788e-01
-5.846153846153846409e-03 4.947230969224405972e-03 2.600826086662795800e-01
-5.846153846153846409e-03 5.006717660390396819e-03 1.738179046956891405e-01
-5.846153846153846409e-03 5.061809880925157053e-03 1.079741778156544096e-01
-5.846153846153846409e-03 5.112332428900407191e-03 6.275155784613935250e-02
-5.846153846153846409e-03 5.158110202010686429e-03 3.720599939597412503e-02
-5.846153846153846409e-03 5.321731541346796934e-03 2.472904259956962975e-02
-5.846153846153846409e-03 5.361310909284748398e-03 2.496821575356567707e-02
-5.846153846153846409e-03 5.395678282616474600e-03 4.234117964887965102e-02
-5.846153846153846409e-03 5.424658926507955163e-03 7.846205576020018335e-02
-5.846153846153846409e-03 5.448078229578226517e-03 1.345622717217298536e-01
-5.846153846153846409e-03 5.608200265084743036e-03 2.049966968969057501e-01
-5.846153846153846409e-03 5.624077105372581216e-03 2.732722374405582855e-01
-5.846153846153846409e-03 5.633926613373990526e-03 3.644204328403629622e-01
-5.846153846153846409e-03 5.792519488548845789e-03 4.831954912449051287e-01
-5.846153846153846409e-03 5.794067696526064223e-03 5.815562179771202045e-01
-5.846153846153846409e-03 5.789123354816926893e-03 7.099849244407669957e-01
-5.846153846153846409e-03 5.945483065178068342e-03 8.529795291789559197e-01
-5.846153846153846409e-03 5.931479625641817785e-03 9.875597709955032943e-01
-5.846153846153846409e-03 5.910519295551912300e-03 1.162512045494445312e+00
-5.846153846153846409e-03 6.063942326238844216e-03 1.308970777176082123e+00
-5.846153846153846409e-03 6.033166272400911252e-03 1.494806862790646562e+00
-5.846153846153846409e-03 6.185810796629715239e-03 1.664067804569207887e+00
-5.846153846153846409e-03 6.144753358559814846e-03 1.866568199162880193e+00
-5.846153846153846409e-03 6.296384868938401623e-03 2.048563490491859707e+00
-5.846153846153846409e-03 6.244580819951800477e-03 2.269529915578225587e+00
-5.846153846153846409e-03 6.394964900316628051e-03 2.461794200290189139e+00
-5.846153846153846409e-03 6.547138299106565994e-03 2.699542365393592824e+00
-5.846153846153846409e-03 6.480851809538386993e-03 2.898696021508897935e+00
-5.846153846153846409e-03 6.631484647270455973e-03 3.136262247639277412e+00
-5.846153846153846409e-03 6.553347117827972371e-03 3.368363118271770151e+00
-5.757575757575758221e-03 4.290595045506918892e-03 3.252269042520135489e+00
-5.757575757575758221e-03 4.335832725798307273e-03 2.861249577163057722e+00
-5.757575757575758221e-03 4.444885713529104707e-03 2.495126832270250450e+00
-5.757575757575758221e-03 4.477486414760632229e-03 2.157446346885127486e+00
-5.757575757575758221e-03 4.501858979036159510e-03 1.854665047977372083e+00
-5.757575757575758221e-03 4.597939731902768098e-03 1.572855135468482102e+00
-5.757575757575758221e-03 4.607890284070051239e-03 1.322017695565078643e+00
-5.757575757575758221e-03 4.695117982684220842e-03 1.089236748712798741e+00
-5.757575757575758221e-03 4.779168642877635979e-03 8.899018081293819105e-01
-5.757575757575758221e-03 4.766949265112404611e-03 7.111121468981567162e-01
-5.757575757575758221e-03 4.840821411903454413e-03 5.492971977105894910e-01
-5.757575757575758221e-03 4.910939950354924546e-03 4.132072772939728855e-01
-5.757575757575758221e-03 4.977131939402748388e-03 2.988406887096525799e-01
-5.757575757575758221e-03 5.039224519471346281e-03 2.061392512807044830e-01
-5.757575757575758221e-03 5.097044916108173923e-03 1.319790516520750190e-01
-5.757575757575758221e-03 5.150420443884706073e-03 7.677237370777104108e-02
-5.757575757575758221e-03 5.199178510590484435e-03 3.884583743596001226e-02
-5.757575757575758221e-03 5.243146621750269069e-03 1.888747064015899868e-02
-5.757575757575758221e-03 5.282152385498156862e-03 1.685004391082065706e-02
-5.757575757575758221e-03 5.316023517847037402e-03 3.365811210731568109e-02
-5.757575757575758221e-03 5.344587848397078754e-03 7.105485830291193017e-02
-5.757575757575758221e-03 5.504010885300605546e-03 1.049553989235159357e-01
-5.757575757575758221e-03 5.525432217422548108e-03 1.575365374147300324e-01
-5.757575757575758221e-03 5.541087294577189994e-03 2.316573331404054858e-01
-5.757575757575758221e-03 5.699293390229733317e-03 3.248354714088091399e-01
-5.757575757575758221e-03 5.707057383116664884e-03 4.084280465767954893e-01
-5.757575757575758221e-03 5.708596379393488657e-03 5.171886745229622440e-01
-5.757575757575758221e-03 5.864891731775530477e-03 6.453922502993666432e-01
-5.757575757575758221e-03 5.857792514991629756e-03 7.623792825429693831e-01
-5.757575757575758221e-03 5.844010362524890492e-03 9.118536027064902960e-01
-5.757575757575758221e-03 5.997701626410328370e-03 1.052911280885224787e+00
-5.757575757575758221e-03 5.974535206833798788e-03 1.213907629661617138e+00
-5.757575757575758221e-03 6.127632991646477650e-03 1.380845229323676593e+00
-5.757575757575758221e-03 6.094623152276537267e-03 1.553621072887631627e+00
-5.757575757575758221e-03 6.246896340783995687e-03 1.741700539743771481e+00
-5.757575757575758221e-03 6.203584325369129911e-03 1.926746692149852613e+00
-5.757575757575758221e-03 6.354801885125458370e-03 2.126783939636605947e+00
-5.757575757575758221e-03 6.300729362059429885e-03 2.332605170594927113e+00
-5.757575757575758221e-03 6.450660349457447776e-03 2.538491923438565667e+00
-5.757575757575758221e-03 6.385369443237149355e-03 2.765942493388977574e+00
-5.757575757575758221e-03 6.533783007914994653e-03 2.973036123290509813e+00
-5.757575757575758221e-03 6.683901584824125663e-03 3.222382133714467578e+00
-5.757575757575758221e-03 6.603481723999369592e-03 3.435931083133131114e+00
-5.671641791044775525e-03 4.292829378168713100e-03 3.399716970498879220e+00
-5.671641791044775525e-03 4.340162101478400175e-03 2.998757104069192714e+00
-5.671641791044775525e-03 4.380067382902085547e-03 2.628760269076620748e+00
-5.671641791044775525e-03 4.485430005780008736e-03 2.286608139932409856e+00
-5.671641791044775525e-03 4.512371694661513472e-03 1.968091487223081248e+00
-5.671641791044775525e-03 4.530921875305525363e-03 1.685965458952820351e+00
-5.671641791044775525e-03 4.622876544278189080e-03 1.417914588700921019e+00
-5.671641791044775525e-03 4.711928148854892598e-03 1.187066889483427756e+00
-5.671641791044775525e-03 4.709538389445375346e-03 9.706084217604558084e-01
-5.671641791044775525e-03 4.789070784064562714e-03 7.803666995744659163e-01
-5.671641791044775525e-03 4.865131520680175160e-03 6.171945951220690896e-01
-5.671641791044775525e-03 4.937550047996305466e-03 4.790099221002657170e-01
-5.671641791044775525e-03 4.904658726430790629e-03 3.542060857755230385e-01
-5.671641791044775525e-03 4.965856033691015518e-03 2.503739169298250800e-01
-5.671641791044775525e-03 5.022843759967960883e-03 1.668775818928942001e-01
-5.671641791044775525e-03 5.075451725211655406e-03 1.040013514479253970e-01
-5.671641791044775525e-03 5.123509839859096381e-03 6.019682184393692487e-02
-5.671641791044775525e-03 5.166848109219354841e-03 3.603469040115781646e-02
-5.671641791044775525e-03 5.328187835637173894e-03 2.500630311784064752e-02
-5.671641791044775525e-03 5.365338374367702515e-03 2.472095925270773389e-02
-5.671641791044775525e-03 5.397315474700420217e-03 4.153273683070943939e-02
-5.671641791044775525e-03 5.423949491768516491e-03 7.680738039445941800e-02
-5.671641791044775525e-03 5.445070898328092240e-03 1.332053306696094341e-01
-5.671641791044775525e-03 5.602786984957267881e-03 1.975267179681289564e-01
-5.671641791044775525e-03 5.616415796497404959e-03 2.650068074780561056e-01
-5.671641791044775525e-03 5.624079573224405153e-03 3.569157262794560581e-01
-5.671641791044775525e-03 5.780198025080688674e-03 4.654160781050720175e-01
-5.671641791044775525e-03 5.779632476052720506e-03 5.651187992186104125e-01
-5.671641791044775525e-03 5.772650204509691130e-03 6.948299111873392775e-01
-5.671641791044775525e-03 5.926487565312852333e-03 8.247033516119340879e-01
-5.671641791044775525e-03 5.910540225309071465e-03 9.633553454404129024e-01
-5.671641791044775525e-03 6.063963799282745364e-03 1.127454167322539114e+00
-5.671641791044775525e-03 6.038598585952858339e-03 1.273212070777455907e+00
-5.671641791044775525e-03 6.191380552592521021e-03 1.462735066564515352e+00
-5.671641791044775525e-03 6.156145024337966558e-03 1.619999945289233523e+00
-5.671641791044775525e-03 6.308057642091718931e-03 1.825050400937564987e+00
-5.671641791044775525e-03 6.262499745492659288e-03 1.994852949976032574e+00
-5.671641791044775525e-03 6.413315355405471707e-03 2.212431224958104181e+00
-5.671641791044775525e-03 6.356983452899569488e-03 2.400235536180209905e+00
-5.671641791044775525e-03 6.506474482565626286e-03 2.618993704757773155e+00
-5.671641791044775525e-03 6.438917383312852544e-03 2.832232335118652244e+00
-5.671641791044775525e-03 6.586856351173807356e-03 3.051807647058657036e+00
-5.671641791044775525e-03 6.507623345607500658e-03 3.296275969421778917e+00
-5.671641791044775525e-03 6.653782865640621262e-03 3.506660769807239397e+00
-5.588235294117647328e-03 4.344361173018384918e-03 3.141816501805353656e+00
-5.588235294117647328e-03 4.386463772701480225e-03 2.760945323915160898e+00
-5.588235294117647328e-03 4.420966025638300642e-03 2.411033919416220250e+00
-5.588235294117647328e-03 4.522576298509804055e-03 2.090828796604295103e+00
-5.588235294117647328e-03 4.543797881552756601e-03 1.791099742272245443e+00
-5.588235294117647328e-03 4.637426208015253508e-03 1.526094199953567765e+00
-5.588235294117647328e-03 4.644248664723862018e-03 1.274967972470898658e+00
-5.588235294117647328e-03 4.728998632651914245e-03 1.056496989044366508e+00
-5.588235294117647328e-03 4.720305104103665952e-03 8.643568576189912811e-01
-5.588235294117647328e-03 4.795281370891140045e-03 6.844411784889966599e-01
-5.588235294117647328e-03 4.866668107454870731e-03 5.311198406838824049e-01
-5.588235294117647328e-03 4.934297278333021376e-03 3.999865307000558534e-01
-5.588235294117647328e-03 4.998000922452318362e-03 2.910809296674810032e-01
-5.588235294117647328e-03 5.057611156368110351e-03 2.007688257935697773e-01
-5.588235294117647328e-03 5.112960177736640237e-03 1.295677153492942602e-01
-5.588235294117647328e-03 5.163880269042195673e-03 7.521574881960088610e-02
-5.588235294117647328e-03 5.210203801604683729e-03 3.849047326545182446e-02
-5.588235294117647328e-03 5.251763239896326332e-03 1.871522780650569998e-02
-5.588235294117647328e-03 5.288391146199921886e-03 1.684723515137387731e-02
-5.588235294117647328e-03 5.319920185645482177e-03 3.384385710534626446e-02
-5.588235294117647328e-03 5.478607413947724110e-03 6.978056589196604542e-02
-5.588235294117647328e-03 5.503310413831457790e-03 1.022208819779813344e-01
-5.588235294117647328e-03 5.522468013439943597e-03 1.540042458263056746e-01
-5.588235294117647328e-03 5.535913258231791798e-03 2.276844590063307472e-01
-5.588235294117647328e-03 5.691747095019347030e-03 3.144838283362547671e-01
-5.588235294117647328e-03 5.697360397729703610e-03 3.970083491976745815e-01
-5.588235294117647328e-03 5.696815761820032444e-03 5.072963236032936862e-01
-5.588235294117647328e-03 5.850682316029453753e-03 6.254648342877264788e-01
-5.588235294117647328e-03 5.841580052751731665e-03 7.423627721581432803e-01
-5.588235294117647328e-03 5.825875031533750761e-03 8.958836428551995024e-01
-5.588235294117647328e-03 5.977100898339380262e-03 1.024516753287151971e+00
-5.588235294117647328e-03 5.952113587078497123e-03 1.187733888446086850e+00
-5.588235294117647328e-03 6.102707405586640411e-03 1.343016789584531079e+00
-5.588235294117647328e-03 6.067991813150396853e-03 1.520415260402812940e+00
-5.588235294117647328e-03 6.217729110956039459e-03 1.692418639583916473e+00
-5.588235294117647328e-03 6.172839623192887329e-03 1.884893020141213071e+00
-5.588235294117647328e-03 6.321496008103059255e-03 2.070748301448040340e+00
-5.588235294117647328e-03 6.265987414724453336e-03 2.283703919587982689e+00
-5.588235294117647328e-03 6.413338578596754040e-03 2.471948196048627810e+00
-5.588235294117647328e-03 6.562402222978926287e-03 2.707720077675729087e+00
-5.588235294117647328e-03 6.492587826070772734e-03 2.903177117663259033e+00
-5.588235294117647328e-03 6.640065758540866087e-03 3.134207293285989238e+00
-5.588235294117647328e-03 6.558575314333335050e-03 3.359981902872640980e+00
-5.507246376811594443e-03 4.282786966244032066e-03 3.289535490946513541e+00
-5.507246376811594443e-03 4.392673264708372126e-03 2.899614114119003272e+00
-5.507246376811594443e-03 4.429473172287194671e-03 2.537681733836644415e+00
-5.507246376811594443e-03 4.458504811488066266e-03 2.207646201342104320e+00
-5.507246376811594443e-03 4.556303413438260452e-03 1.906816642770724712e+00
-5.507246376811594443e-03 4.571746437514729970e-03 1.624068522368419476e+00
-5.507246376811594443e-03 4.661289812117091341e-03 1.373386448167421836e+00
-5.507246376811594443e-03 4.662042119693642073e-03 1.144950995857056286e+00
-5.507246376811594443e-03 4.742446905455718204e-03 9.365910618861323922e-01
-5.507246376811594443e-03 4.819533890057781794e-03 7.562772652509389681e-01
-5.507246376811594443e-03 4.893137298948695320e-03 6.019036695951038851e-01
-5.507246376811594443e-03 4.864471839473162411e-03 4.602370914885628994e-01
-5.507246376811594443e-03 4.927282138439643272e-03 3.396961568161400158e-01
-5.507246376811594443e-03 4.986057318105210912e-03 2.394612879255587079e-01
-5.507246376811594443e-03 5.040631942872314357e-03 1.599220884574738544e-01
-5.507246376811594443e-03 5.090840659556688901e-03 9.894408462191831011e-02
-5.507246376811594443e-03 5.136518201281099066e-03 5.718909258102624488e-02
-5.507246376811594443e-03 5.177499391669436804e-03 3.409761089926234556e-02
-5.507246376811594443e-03 5.336686475368206811e-03 2.604085369172756334e-02
-5.507246376811594443e-03 5.371489962734124317e-03 2.499134022582711473e-02
-5.507246376811594443e-03 5.401156360484535290e-03 4.110827858914871402e-02
-5.507246376811594443e-03 5.425520825833272942e-03 7.619448877040636836e-02
-5.507246376811594443e-03 5.444418628251505854e-03 1.322153439278751785e-01
-5.507246376811594443e-03 5.599864692982626548e-03 1.920320341996579194e-01
-5.507246376811594443e-03 5.611316901501567714e-03 2.594021869829455929e-01
-5.507246376811594443e-03 5.616862822918455844e-03 3.504188699296402199e-01
-5.507246376811594443e-03 5.770646607205356243e-03 4.521222347742286929e-01
-5.507246376811594443e-03 5.768031059713962794e-03 5.520095194986025522e-01
-5.507246376811594443e-03 5.759070303093552674e-03 6.816198149228479553e-01
-5.507246376811594443e-03 5.910527733655863113e-03 8.030388477387156998e-01
-5.507246376811594443e-03 5.892690573887034156e-03 9.433265249712081690e-01
-5.507246376811594443e-03 6.043691085594915177e-03 1.094642379670432764e+00
-5.507246376811594443e-03 6.016537520731030098e-03 1.245087425226436117e+00
-5.507246376811594443e-03 6.166859752174374230e-03 1.421195905478043198e+00
-5.507246376811594443e-03 6.129950125953226477e-03 1.581512098078331485e+00
-5.507246376811594443e-03 6.279372790473788934e-03 1.773370835919111599e+00
-5.507246376811594443e-03 6.232267816071047212e-03 1.950625474288254946e+00
-5.507246376811594443e-03 6.380569705217258719e-03 2.151990108651277822e+00
-5.507246376811594443e-03 6.322830491640526671e-03 2.346200764170164543e+00
-5.507246376811594443e-03 6.469790478914561223e-03 2.552241279614321456e+00
-5.507246376811594443e-03 6.400978560438355322e-03 2.775489712093380579e+00
-5.507246376811594443e-03 6.546375605371384208e-03 2.977990860437947696e+00
-5.507246376811594443e-03 6.693405491033625580e-03 3.220363348248341140e+00
-5.507246376811594443e-03 6.609666127087973977e-03 3.431710426815511639e+00
-5.428571428571428437e-03 4.287659503916086898e-03 3.428946091276884989e+00
-5.428571428571428437e-03 4.331289226246131524e-03 3.034906285579248575e+00
-5.428571428571428437e-03 4.437737206649544457e-03 2.671813581790261960e+00
-5.428571428571428437e-03 4.469164936168026209e-03 2.328430218510872951e+00
-5.428571428571428437e-03 4.492661250875304262e-03 2.017530850695309574e+00
-5.428571428571428437e-03 4.586591376336856749e-03 1.731813554927433385e+00
-5.428571428571428437e-03 4.596199881737677261e-03 1.469315569961829437e+00
-5.428571428571428437e-03 4.681609236728125588e-03 1.232429220089263922e+00
-5.428571428571428437e-03 4.763965113792126976e-03 1.025624170366129517e+00
-5.428571428571428437e-03 4.752261653202729565e-03 8.295535437939581813e-01
-5.428571428571428437e-03 4.824844973748215748e-03 6.597469389076781043e-01
-5.428571428571428437e-03 4.893830301846953737e-03 5.126061262818784048e-01
-5.428571428571428437e-03 4.959054306843310375e-03 3.882825615151596077e-01
-5.428571428571428437e-03 5.020353729055368995e-03 2.826492004646635747e-01
-5.428571428571428437e-03 5.077565382875026852e-03 1.963475571194442382e-01
-5.428571428571428437e-03 5.130526160090550028e-03 1.265441271223496922e-01
-5.428571428571428437e-03 5.179073033453381741e-03 7.413267254956759644e-02
-5.428571428571428437e-03 5.223043060513657583e-03 3.782822289647842090e-02
-5.428571428571428437e-03 5.262273387751933464e-03 1.865050876701990906e-02
-5.428571428571428437e-03 5.296601255038325268e-03 1.679475269312195526e-02
-5.428571428571428437e-03 5.325864000454246482e-03 3.363289794311253439e-02
-5.428571428571428437e-03 5.482394092102661244e-03 6.921632276542330486e-02
-5.428571428571428437e-03 5.504858506859233898e-03 1.006097471152671008e-01
-5.428571428571428437e-03 5.521823734695036935e-03 1.515173374002873885e-01
-5.428571428571428437e-03 5.533127476753776745e-03 2.254780706256364897e-01
-5.428571428571428437e-03 5.686721195396525833e-03 3.060628541074563724e-01
-5.428571428571428437e-03 5.690248795225116840e-03 3.890187320249972047e-01
-5.428571428571428437e-03 5.687681750189674257e-03 4.996297898507389146e-01
-5.428571428571428437e-03 5.839254757134376347e-03 6.083942959239274639e-01
-5.428571428571428437e-03 5.828206132296366408e-03 7.277778797397138622e-01
-5.428571428571428437e-03 5.979492508936402884e-03 8.743965729059919312e-01
-5.428571428571428437e-03 5.959528149109114339e-03 1.000164153926445643e+00
-5.428571428571428437e-03 5.932766406969641054e-03 1.167917187878224183e+00
-5.428571428571428437e-03 6.080995630481476552e-03 1.311255829112281335e+00
-5.428571428571428437e-03 6.044614282981732901e-03 1.491316153111515996e+00
-5.428571428571428437e-03 6.191956814911669590e-03 1.651568542335468681e+00
-5.428571428571428437e-03 6.145522658524901760e-03 1.851066791618876106e+00
-5.428571428571428437e-03 6.291760375989465665e-03 2.022006606780666349e+00
-5.428571428571428437e-03 6.439717617657248448e-03 2.238096818797598253e+00
-5.428571428571428437e-03 6.379755451693979069e-03 2.417647644212524316e+00
-5.428571428571428437e-03 6.526335129696200256e-03 2.637837531689324333e+00
-5.428571428571428437e-03 6.455291676966402360e-03 2.842294719803152958e+00
-5.428571428571428437e-03 6.600275841395040512e-03 3.056779959716813710e+00
-5.428571428571428437e-03 6.517719220062519365e-03 3.298342664099568111e+00
-5.428571428571428437e-03 6.660890009271809055e-03 3.506599834717230024e+00
-5.352112676056338531e-03 4.338077175597586030e-03 3.170338144418294757e+00
-5.352112676056338531e-03 4.376582913143913303e-03 2.796367801032368483e+00
-5.352112676056338531e-03 4.407588320074267915e-03 2.454435529432332341e+00
-5.352112676056338531e-03 4.505515118235672856e-03 2.131942260874805761e+00
-5.352112676056338531e-03 4.523414114131749965e-03 1.837935168521997564e+00
-5.352112676056338531e-03 4.613421334338938841e-03 1.568158428688039674e+00
-5.352112676056338531e-03 4.617141718088592882e-03 1.327550615172728765e+00
-5.352112676056338531e-03 4.698370043576918439e-03 1.101795772777633964e+00
-5.352112676056338531e-03 4.776425964467114621e-03 9.050437461493363589e-01
-5.352112676056338531e-03 4.851148224161687915e-03 7.351783912570017954e-01
-5.352112676056338531e-03 4.826475193203502885e-03 5.769712921991595467e-01
-5.352112676056338531e-03 4.890808966814309128e-03 4.405686522491082391e-01
-5.352112676056338531e-03 4.951272511188332601e-03 3.244923643238033506e-01
-5.352112676056338531e-03 5.007704879962965316e-03 2.292558514185540353e-01
-5.352112676056338531e-03 5.059945202029571612e-03 1.521552233847981161e-01
-5.352112676056338531e-03 5.107832685001767632e-03 9.396970788955118226e-02
-5.352112676056338531e-03 5.151206618945012618e-03 5.353423068416858499e-02
-5.352112676056338531e-03 5.189906380394230211e-03 3.174263335542825554e-02
-5.352112676056338531e-03 5.347059160079156021e-03 2.732377710560488643e-02
-5.352112676056338531e-03 5.379590656085135071e-03 2.585275279650850119e-02
-5.352112676056338531e-03 5.407019388097484593e-03 4.141752044439257763e-02
-5.352112676056338531e-03 5.429185051269267911e-03 7.591828649009647878e-02
-5.352112676056338531e-03 5.445927448060434821e-03 1.314751164748608758e-01
-5.352112676056338531e-03 5.599228218775361039e-03 1.887072506452429632e-01
-5.352112676056338531e-03 5.608569396379133390e-03 2.547202190184822412e-01
-5.352112676056338531e-03 5.612059779774601631e-03 3.464360978434573579e-01
-5.352112676056338531e-03 5.763637140959145672e-03 4.417092523741655286e-01
-5.352112676056338531e-03 5.759030138307385562e-03 5.406256621208394009e-01
-5.352112676056338531e-03 5.748145483989821822e-03 6.728033022233507188e-01
-5.352112676056338531e-03 5.897353676516460183e-03 7.850982352472026804e-01
-5.352112676056338531e-03 5.877676366503598385e-03 9.260983433460807657e-01
-5.352112676056338531e-03 6.026386856489610033e-03 1.068649559331068533e+00
-5.352112676056338531e-03 5.997488988113993010e-03 1.221754027269485343e+00
-5.352112676056338531e-03 6.145486517173452852e-03 1.384801082199026201e+00
-5.352112676056338531e-03 6.106940517251828980e-03 1.550133450621825837e+00
-5.352112676056338531e-03 6.254009897889089079e-03 1.730392742802694617e+00
-5.352112676056338531e-03 6.205388545407169130e-03 1.912225916038092111e+00
-5.352112676056338531e-03 6.351314664297370849e-03 2.098558803789206006e+00
-5.352112676056338531e-03 6.292191115618681226e-03 2.303001727150975064e+00
-5.352112676056338531e-03 6.436758937165967982e-03 2.494652540065906532e+00
-5.352112676056338531e-03 6.366706754147678088e-03 2.726205944470006415e+00
-5.352112676056338531e-03 6.509701324355241132e-03 2.913308318613288428e+00
-5.352112676056338531e-03 6.654283921087069016e-03 3.143848352742023344e+00
-5.352112676056338531e-03 6.569500956519295880e-03 3.366272521499024784e+00
-5.277777777777777936e-03 4.344675704775585214e-03 3.311758727976029437e+00
-5.277777777777777936e-03 4.385330666833385169e-03 2.927732071144331538e+00
-5.277777777777777936e-03 4.418639911239591843e-03 2.573166816136131629e+00
-5.277777777777777936e-03 4.444286371484004565e-03 2.250778174786077557e+00
-5.277777777777777936e-03 4.538501094100639080e-03 1.945119469487275987e+00
-5.277777777777777936e-03 4.550743346120195328e-03 1.671019036141174086e+00
-5.277777777777777936e-03 4.636775480064226317e-03 1.416435096907221913e+00
-5.277777777777777936e-03 4.719890440976282422e-03 1.193020755633348307e+00
-5.277777777777777936e-03 4.711558601162961664e-03 9.834704874013393550e-01
-5.277777777777777936e-03 4.785272776952661199e-03 7.979207826081440302e-01
-5.277777777777777936e-03 4.855539886561812540e-03 6.355266371047917362e-01
-5.277777777777777936e-03 4.922200982971397694e-03 4.965631970686882335e-01
-5.277777777777777936e-03 4.985097184207832113e-03 3.764269044458525282e-01
-5.277777777777777936e-03 5.044069676118782472e-03 2.758996431190186560e-01
-5.277777777777777936e-03 5.098959715343822502e-03 1.915916353329008281e-01
-5.277777777777777936e-03 5.149608632498571710e-03 1.245366359628908431e-01
-5.277777777777777936e-03 5.195857835593209982e-03 7.286062937646697879e-02
-5.277777777777777936e-03 5.237548813708835412e-03 3.767213616941193777e-02
-5.277777777777777936e-03 5.274523140958182338e-03 1.842580804366455646e-02
-5.277777777777777936e-03 5.306622480760516021e-03 1.671074659074021571e-02
-5.277777777777777936e-03 5.333688590464640347e-03 3.363908256416242581e-02
-5.277777777777777936e-03 5.488178496563945151e-03 6.973160926404364801e-02
-5.277777777777777936e-03 5.508472443078655731e-03 9.995181144143779062e-02
-5.277777777777777936e-03 5.523310885929590998e-03 1.504672765651577926e-01
-5.277777777777777936e-03 5.532535929582727517e-03 2.233147725778422965e-01
-5.277777777777777936e-03 5.684010932405105139e-03 3.005461947827013369e-01
-5.277777777777777936e-03 5.685512566846063348e-03 3.829689434154057714e-01
-5.277777777777777936e-03 5.680979394187476127e-03 4.926882371697639540e-01
-5.277777777777777936e-03 5.830383116808969361e-03 5.960556990118579535e-01
-5.277777777777777936e-03 5.817440246569950332e-03 7.158266281945123710e-01
-5.277777777777777936e-03 5.966512464608142094e-03 8.528805857808520186e-01
-5.277777777777777936e-03 5.944737523765298778e-03 9.815085981645030877e-01
-5.277777777777777936e-03 6.093265843723121369e-03 1.146772976645093145e+00
-5.277777777777777936e-03 6.062236762342672856e-03 1.283320766243127853e+00
-5.277777777777777936e-03 6.210008856955413249e-03 1.467919521619922119e+00
-5.277777777777777936e-03 6.169303888323143456e-03 1.618114219424628297e+00
-5.277777777777777936e-03 6.316107499521640689e-03 1.815679902181706495e+00
-5.277777777777777936e-03 6.265305242438187240e-03 1.978871779764114658e+00
-5.277777777777777936e-03 6.410928184554695944e-03 2.184392598599236734e+00
-5.277777777777777936e-03 6.349607608113749628e-03 2.371050867843289556e+00
-5.277777777777777936e-03 6.493837771359412675e-03 2.576434626111641091e+00
-5.277777777777777936e-03 6.421578242585634574e-03 2.789069800237368835e+00
-5.277777777777777936e-03 6.564203596832835115e-03 2.992893046086327224e+00
-5.277777777777777936e-03 6.708395480183097087e-03 3.234591813493638224e+00
-5.277777777777777936e-03 6.621393510537473132e-03 3.437400295139135586e+00
-5.205479452054794474e-03 4.286394730078814039e-03 3.447535446305144191e+00
-5.205479452054794474e-03 4.326513869792939643e-03 3.061235402342454393e+00
-5.205479452054794474e-03 4.429390433700384697e-03 2.700275853263170767e+00
-5.205479452054794474e-03 4.457433632350526337e-03 2.363789420883359416e+00
-5.205479452054794474e-03 4.477656028365725564e-03 2.058288464897434000e+00
-5.205479452054794474e-03 4.568101472663487102e-03 1.770149107280477585e+00
-5.205479452054794474e-03 4.574629987797134215e-03 1.517276705552552674e+00
-5.205479452054794474e-03 4.656636981918792391e-03 1.274845472487378562e+00
-5.205479452054794474e-03 4.735609185876885063e-03 1.062355654118332327e+00
-5.205479452054794474e-03 4.811389622625728002e-03 8.776931408936264889e-01
-5.205479452054794474e-03 4.790494384404270743e-03 7.033312197728683879e-01
-5.205479452054794474e-03 4.856269350354382522e-03 5.518982588905791964e-01
-5.205479452054794474e-03 4.918330170718260112e-03 4.208573069473260375e-01
-5.205479452054794474e-03 4.976520153065275634e-03 3.108616895933470903e-01
-5.205479452054794474e-03 5.030682673849758840e-03 2.186533444799296511e-01
-5.205479452054794474e-03 5.080661181509539374e-03 1.451523382827618058e-01
-5.205479452054794474e-03 5.126299199792580877e-03 8.860712092794378880e-02
-5.205479452054794474e-03 5.167440331334531567e-03 5.000086854794416613e-02
-5.205479452054794474e-03 5.203928261512998782e-03 2.892848542008214299e-02
-5.205479452054794474e-03 5.235606762607570262e-03 2.681057355779533150e-02
-5.205479452054794474e-03 5.389484144064573580e-03 2.727858612082676576e-02
-5.205479452054794474e-03 5.414742409573507220e-03 4.216961864163648599e-02
-5.205479452054794474e-03 5.434774368020564399e-03 7.594757671288980549e-02
-5.205479452054794474e-03 5.449424112289671940e-03 1.315561183320864413e-01
-5.205479452054794474e-03 5.600694314789884942e-03 1.863539092693894950e-01
-5.205479452054794474e-03 5.607984802300351908e-03 2.521761529503275812e-01
-5.205479452054794474e-03 5.609476996834548458e-03 3.435734706573413400e-01
-5.205479452054794474e-03 5.758965898137614198e-03 4.329230693616292203e-01
-5.205479452054794474e-03 5.752421321780817019e-03 5.330831702783117576e-01
-5.205479452054794474e-03 5.901740504892176616e-03 6.636723732327522995e-01
-5.205479452054794474e-03 5.886742186952906644e-03 7.697521893055265796e-01
-5.205479452054794474e-03 5.865270451771565155e-03 9.135713959682346674e-01
-5.205479452054794474e-03 6.011813299595753120e-03 1.047010357298294059e+00
-5.205479452054794474e-03 5.981211685774347198e-03 1.201056201418859715e+00
-5.205479452054794474e-03 6.127008726335252120e-03 1.354902689526792825e+00
-5.205479452054794474e-03 6.086861097806377414e-03 1.524973481362360994e+00
-5.205479452054794474e-03 6.231702915651162085e-03 1.692881535271745230e+00
-5.205479452054794474e-03 6.181593472565874436e-03 1.878158138781386599e+00
-5.205479452054794474e-03 6.325270722693426828e-03 2.055189852163602282e+00
-5.205479452054794474e-03 6.264784025534119762e-03 2.266174891556531623e+00
-5.205479452054794474e-03 6.407087436779090872e-03 2.444157097291345782e+00
-5.205479452054794474e-03 6.550988946567907166e-03 2.663058313874783867e+00
-5.205479452054794474e-03 6.476528811968971719e-03 2.860808852237545885e+00
-5.205479452054794474e-03 6.618794796439750848e-03 3.076395837422503554e+00
-5.205479452054794474e-03 6.532971101199310481e-03 3.308734875726761171e+00
-5.135135135135134726e-03 4.335683101716974151e-03 3.189763406598802309e+00
-5.135135135135134726e-03 4.370773405915345279e-03 2.823749590292166989e+00
-5.135135135135134726e-03 4.470228515020588378e-03 2.486284478925906871e+00
-5.135135135135134726e-03 4.492938914809020343e-03 2.164812273784268992e+00
-5.135135135135134726e-03 4.507674753560920837e-03 1.878978278933074231e+00
-5.135135135135134726e-03 4.594296014773927191e-03 1.607407048512289993e+00
-5.135135135135134726e-03 4.678129204131922791e-03 1.368067853341597750e+00
-5.135135135135134726e-03 4.672989919999816569e-03 1.145160913994869967e+00
-5.135135135135134726e-03 4.747774480678076947e-03 9.446017126582770818e-01
-5.135135135135134726e-03 4.819254937646024438e-03 7.676989039210537769e-01
-5.135135135135134726e-03 4.887276499855066486e-03 6.148614706621265968e-01
-5.135135135135134726e-03 4.951684436005054576e-03 4.810246579600316319e-01
-5.135135135135134726e-03 4.910755518984865654e-03 3.644130005398358296e-01
-5.135135135135134726e-03 4.964209543138219972e-03 2.643583923792491297e-01
-5.135135135135134726e-03 5.013535145788565635e-03 1.844244065923739961e-01
-5.135135135135134726e-03 5.170087529700207601e-03 1.225957798372539903e-01
-5.135135135135134726e-03 5.214108641760912925e-03 7.263095929579688192e-02
-5.135135135135134726e-03 5.253589147184272931e-03 3.737507729736913586e-02
-5.135135135135134726e-03 5.288374813516349103e-03 1.866781172703755112e-02
-5.135135135135134726e-03 5.318311493830193797e-03 1.681041075294915574e-02
-5.135135135135134726e-03 5.343245131164591280e-03 3.355874433302451915e-02
-5.135135135135134726e-03 5.363021763334429454e-03 7.064228318388122985e-02
-5.135135135135134726e-03 5.513988770794821248e-03 1.005174808973902933e-01
-5.135135135135134726e-03 5.526760847787305989e-03 1.496479920660966634e-01
-5.135135135135134726e-03 5.533965051883136740e-03 2.226357054900457988e-01
-5.135135135135134726e-03 5.683433135326400147e-03 2.967940835970758195e-01
-5.135135135135134726e-03 5.682963842431615863e-03 3.776840723484055085e-01
-5.135135135135134726e-03 5.676516399698115257e-03 4.888134212604905993e-01
-5.135135135135134726e-03 5.823865271470037540e-03 5.861493600950461458e-01
-5.135135135135134726e-03 5.809076181083390293e-03 7.054961594729385332e-01
-5.135135135135134726e-03 5.956051024778105316e-03 8.364757697264016967e-01
-5.135135135135134726e-03 5.932509073653889284e-03 9.661981778368942120e-01
-5.135135135135134726e-03 6.078903120523110673e-03 1.121256650613048578e+00
-5.135135135135134726e-03 6.046197385074818936e-03 1.260825434169660531e+00
-5.135135135135134726e-03 6.191803929320926700e-03 1.436252120192245352e+00
-5.135135135135134726e-03 6.149523794724678048e-03 1.588925952966814270e+00
-5.135135135135134726e-03 6.294136196320593984e-03 1.773950491854822342e+00
-5.135135135135134726e-03 6.241871377853948182e-03 1.944649206248616480e+00
-5.135135135135134726e-03 6.385283065594138038e-03 2.138008786184172116e+00
-5.135135135135134726e-03 6.322623632353436413e-03 2.330281806354732588e+00
-5.135135135135134726e-03 6.464628107163522021e-03 2.522362235646527839e+00
-5.135135135135134726e-03 6.391164508520849087e-03 2.746790969731049969e+00
-5.135135135135134726e-03 6.531555347057547284e-03 2.936719489107192160e+00
-5.135135135135134726e-03 6.673471419395633070e-03 3.163682377219235953e+00
-5.066666666666666367e-03 4.344608549368548719e-03 3.325074119313776499e+00
-5.066666666666666367e-03 4.381858857901255004e-03 2.948564293444301487e+00
-5.066666666666666367e-03 4.411848162229129768e-03 2.601197863966612900e+00
-5.066666666666666367e-03 4.507818429031096481e-03 2.282004614312183044e+00
-5.066666666666666367e-03 4.525131930441128603e-03 1.978280475053983301e+00
-5.066666666666666367e-03 4.613444373361768117e-03 1.711238135746757427e+00
-5.066666666666666367e-03 4.617065558330060195e-03 1.454738607386279803e+00
-5.066666666666666367e-03 4.696905559621241191e-03 1.227204051170492249e+00
-5.066666666666666367e-03 4.773688293097775974e-03 1.028432001366928361e+00
-5.066666666666666367e-03 4.756373045491689780e-03 8.383504114392852369e-01
-5.066666666666666367e-03 4.823513397902407830e-03 6.726997963794780766e-01
-5.066666666666666367e-03 4.887087567824860077e-03 5.275480824393026236e-01
-5.066666666666666367e-03 4.946942899365032280e-03 4.037024427397138959e-01
-5.066666666666666367e-03 5.002926799830550303e-03 2.973646686109913118e-01
-5.066666666666666367e-03 5.054886742506757222e-03 2.096165370729848876e-01
-5.066666666666666367e-03 5.102670269632557723e-03 1.381375372216474273e-01
-5.066666666666666367e-03 5.146124995595579253e-03 8.402295453410865700e-02
-5.066666666666666367e-03 5.185098610368693919e-03 4.615001844514001611e-02
-5.066666666666666367e-03 5.219438883212627889e-03 2.619120491222906924e-02
-5.066666666666666367e-03 5.248993666672718307e-03 2.459351709223680030e-02
-5.066666666666666367e-03 5.401030390400804806e-03 2.937075968715589791e-02
-5.066666666666666367e-03 5.424180156765559535e-03 4.339410316762568748e-02
-5.066666666666666367e-03 5.442138442052181328e-03 7.671225726918674825e-02
-5.066666666666666367e-03 5.454753405960858365e-03 1.312307929963135444e-01
-5.066666666666666367e-03 5.604098805264141024e-03 1.858586661573958798e-01
-5.066666666666666367e-03 5.609394254028138120e-03 2.507059004421332005e-01
-5.066666666666666367e-03 5.608941154922245272e-03 3.407205113524791606e-01
-5.066666666666666367e-03 5.756450348384147681e-03 4.275060871783937788e-01
-5.066666666666666367e-03 5.748017899855215745e-03 5.271329177454968651e-01
-5.066666666666666367e-03 5.895311166538939190e-03 6.511883869958530191e-01
-5.066666666666666367e-03 5.878493276102261973e-03 7.586478100448276196e-01
-5.066666666666666367e-03 5.855269303018406993e-03 9.034914617505521717e-01
-5.066666666666666367e-03 5.999757336350657923e-03 1.027933111263018784e+00
-5.066666666666666367e-03 5.967489404129693552e-03 1.184853273717680011e+00
-5.066666666666666367e-03 6.111200476498171441e-03 1.330770309929190098e+00
-5.066666666666666367e-03 6.069483290661298498e-03 1.502991988796094303e+00
-5.066666666666666367e-03 6.212213457160004580e-03 1.659511392088072412e+00
-5.066666666666666367e-03 6.160642044680953409e-03 1.851965509873282567e+00
-5.066666666666666367e-03 6.302187427420742789e-03 2.017927023514660245e+00
-5.066666666666666367e-03 6.445340450026447454e-03 2.226555398541573361e+00
-5.066666666666666367e-03 6.380513951154550938e-03 2.399753898282550590e+00
-5.066666666666666367e-03 6.522227254050663552e-03 2.609700879674970331e+00
-5.066666666666666367e-03 6.446585036296153051e-03 2.814786789569599268e+00
-5.066666666666666367e-03 6.586654894045545008e-03 3.016621944146185896e+00
-5.000000000000000104e-03 4.288582222231722592e-03 3.456704965670720497e+00
-5.000000000000000104e-03 4.325360957800828549e-03 3.079063482928161122e+00
-5.000000000000000104e-03 4.424891596072052201e-03 2.722004359427371067e+00
-5.000000000000000104e-03 4.449710563931890718e-03 2.389846845164556033e+00
-5.000000000000000104e-03 4.542135078109034094e-03 2.089519219845367815e+00
-5.000000000000000104e-03 4.553990098803969294e-03 1.804371826670946311e+00
-5.000000000000000104e-03 4.638503863695660548e-03 1.549783823747222122e+00
-5.000000000000000104e-03 4.636391949237563676e-03 1.313708987178945353e+00
-5.000000000000000104e-03 4.712191137102281907e-03 1.098861779224553636e+00
-5.000000000000000104e-03 4.784821833062877228e-03 9.081820360893780864e-01
-5.000000000000000104e-03 4.854133191573973757e-03 7.422211524930055759e-01
-5.000000000000000104e-03 4.824154011692683916e-03 5.916288474164804745e-01
-5.000000000000000104e-03 4.883245053356761317e-03 4.579494503467437250e-01
-5.000000000000000104e-03 4.938514799309036245e-03 3.432420635322228630e-01
-5.000000000000000104e-03 4.989812680938366177e-03 2.484754872631508016e-01
-5.000000000000000104e-03 5.036988196802050406e-03 1.714542288208168452e-01
-5.000000000000000104e-03 5.079890915738435701e-03 1.131486117504623135e-01
-5.000000000000000104e-03 5.233712375971377902e-03 7.238877013972173924e-02
-5.000000000000000104e-03 5.271045707771803215e-03 3.815632703806915577e-02
-5.000000000000000104e-03 5.303704872067618002e-03 1.916103027387416891e-02
-5.000000000000000104e-03 5.331539695758930227e-03 1.716444516631849063e-02
-5.000000000000000104e-03 5.354400092034105642e-03 3.352667035913245441e-02
-5.000000000000000104e-03 5.372136064995039310e-03 7.063303845714366536e-02
-5.000000000000000104e-03 5.521260833716528163e-03 1.016024492700212667e-01
-5.000000000000000104e-03 5.532022325096316341e-03 1.501524086185557771e-01
-5.000000000000000104e-03 5.537259108746218732e-03 2.224382532956743486e-01
-5.000000000000000104e-03 5.684823450460067124e-03 2.939393133736595276e-01
-5.000000000000000104e-03 5.682434048952794171e-03 3.751128084130759266e-01
-5.000000000000000104e-03 5.674120221334488443e-03 4.857921515214883024e-01
-5.000000000000000104e-03 5.819519856046407799e-03 5.778681783412132900e-01
-5.000000000000000104e-03 5.802928896876645599e-03 6.986419791945145397e-01
-5.000000000000000104e-03 5.947914150883600211e-03 8.231788522659386764e-01
-5.000000000000000104e-03 5.922645432801671057e-03 9.524928030429962167e-01
-5.000000000000000104e-03 6.067014871931837409e-03 1.100748224086483873e+00
-5.000000000000000104e-03 6.032668044480902179e-03 1.243150094108671277e+00
-5.000000000000000104e-03 6.176220294479124739e-03 1.408668814260446878e+00
-5.000000000000000104e-03 6.132395302568248788e-03 1.562832390762078694e+00
-5.000000000000000104e-03 6.274929051783302743e-03 1.740499458865541138e+00
-5.000000000000000104e-03 6.221226156138966179e-03 1.915426685590716938e+00
-5.000000000000000104e-03 6.362540158431253222e-03 2.097229840470199669e+00
-5.000000000000000104e-03 6.298559958330449300e-03 2.294473796280541489e+00
-5.000000000000000104e-03 6.438453036226266142e-03 2.478681104556926140e+00
-5.000000000000000104e-03 6.579882633200316404e-03 2.701755335999452168e+00
-5.000000000000000104e-03 6.502067542980429979e-03 2.886991991051778506e+00
