-3.333333333333333148e-01 6.512700833813378758e-04 3.212069081469352216e+00
-3.333333333333333148e-01 7.378139042471392210e-04 2.140926941028344022e+00
-3.333333333333333148e-01 7.536015861260112348e-04 1.738203899019522991e+00
-3.333333333333333148e-01 7.547031821548306216e-04 1.395085421152187921e+00
-3.333333333333333148e-01 7.620172694745396122e-04 1.120518770185144009e+00
-3.333333333333333148e-01 7.805295643401109588e-04 8.910635975150033028e-01
-3.333333333333333148e-01 7.895449608795856306e-04 7.326391985354073766e-01
-3.333333333333333148e-01 8.167779416449739939e-04 6.219264448597919825e-01
-3.333333333333333148e-01 8.377247575489012990e-04 5.797104151237651992e-01
-3.333333333333333148e-01 8.518972392122640437e-04 5.796525743538842868e-01
-3.333333333333333148e-01 8.588573814127071701e-04 6.187608163649080950e-01
-3.333333333333333148e-01 8.582219914933612035e-04 7.178436732123232300e-01
-3.333333333333333148e-01 8.900053229629532837e-04 8.556231044435003152e-01
-3.333333333333333148e-01 8.755147631109510371e-04 1.059814039049017165e+00
-3.333333333333333148e-01 8.978937087384061561e-04 1.259897297850748554e+00
-3.333333333333333148e-01 9.165691051055964260e-04 1.507504096067182386e+00
-3.333333333333333148e-01 9.313197124233642309e-04 1.793409142220879993e+00
-3.333333333333333148e-01 9.419399030301309596e-04 2.114940269140336504e+00
-3.333333333333333148e-01 9.482406620520482084e-04 2.475637980975910590e+00
-3.333333333333333148e-01 1.010124485790932485e-03 2.850362191262810985e+00
-3.333333333333333148e-01 1.010093883772540928e-03 3.213473946784245250e+00
-3.166666666666666519e-01 7.547653674771655739e-04 2.670384528400608470e+00
-3.166666666666666519e-01 8.099469535903788342e-04 2.090715895606235275e+00
-3.166666666666666519e-01 8.179004060007202251e-04 1.686303724504748081e+00
-3.166666666666666519e-01 8.322788945781557906e-04 1.346802887352992917e+00
-3.166666666666666519e-01 8.338549636653468230e-04 1.072247273297592507e+00
-3.166666666666666519e-01 8.481624350857870209e-04 8.505309010567317918e-01
-3.166666666666666519e-01 8.810258897976296901e-04 6.885207778061028794e-01
-3.166666666666666519e-01 8.765804399102537997e-04 5.778771738295058746e-01
-3.166666666666666519e-01 8.940959498125500325e-04 5.188760941342210886e-01
-3.166666666666666519e-01 9.043959469227338044e-04 5.184277958898582117e-01
-3.166666666666666519e-01 9.454707660773237687e-04 5.670098672280236007e-01
-3.166666666666666519e-01 9.425361887799558634e-04 6.409326785556307415e-01
-3.166666666666666519e-01 9.748969289873743839e-04 7.810147970579902621e-01
-3.166666666666666519e-01 9.573482037572966351e-04 9.619674910460469519e-01
-3.166666666666666519e-01 9.797647290236807718e-04 1.155838288403309155e+00
-3.166666666666666519e-01 9.982641307222663539e-04 1.393413372967095665e+00
-3.166666666666666519e-01 1.012623235642947034e-03 1.668187009620948347e+00
-3.166666666666666519e-01 1.022634144797539323e-03 1.979472346804562299e+00
-3.166666666666666519e-01 1.028105241354903372e-03 2.332793360792002613e+00
-3.166666666666666519e-01 1.093081449051974078e-03 2.666677172882819136e+00
-3.166666666666666519e-01 1.091895009735430406e-03 3.024188894842133379e+00
-3.166666666666666519e-01 1.085665113735484553e-03 3.437919190622970689e+00
-3.015873015873015706e-01 8.642973903921175949e-04 2.483550213553947561e+00
-3.015873015873015706e-01 8.792017162455384926e-04 2.030281256197421058e+00
-3.015873015873015706e-01 8.783915956686183394e-04 1.631960233947924443e+00
-3.015873015873015706e-01 9.095985999269732940e-04 1.304123088852363610e+00
-3.015873015873015706e-01 9.047849093269731517e-04 1.024014209874235526e+00
-3.015873015873015706e-01 9.143249310946105881e-04 8.135290863483898294e-01
-3.015873015873015706e-01 9.442825770924793364e-04 6.386330310600241145e-01
-3.015873015873015706e-01 9.675816679873151110e-04 5.338055345168932764e-01
-3.015873015873015706e-01 9.837104164742418652e-04 4.760793093510782281e-01
-3.015873015873015706e-01 9.922025316179052673e-04 4.628588272679532989e-01
-3.015873015873015706e-01 9.926414966005619404e-04 5.124978712433690964e-01
-3.015873015873015706e-01 1.028706124942877333e-03 5.830270773418192443e-01
-3.015873015873015706e-01 1.061450739952197195e-03 7.269675910163734267e-01
-3.015873015873015706e-01 1.040626064842987324e-03 8.796372220749434367e-01
-3.015873015873015706e-01 1.062903086352859350e-03 1.069222278954468974e+00
-3.015873015873015706e-01 1.081055618191230664e-03 1.298827148825404842e+00
-3.015873015873015706e-01 1.094859233998277679e-03 1.564111794085834450e+00
-3.015873015873015706e-01 1.104104445192930764e-03 1.866507047783589446e+00
-3.015873015873015706e-01 1.173883799352793290e-03 2.206523590955337788e+00
-3.015873015873015706e-01 1.176515334660713360e-03 2.517628073178787673e+00
-3.015873015873015706e-01 1.174036139282549733e-03 2.869372942408364047e+00
-3.015873015873015706e-01 1.166294843720194633e-03 3.283182980642220805e+00
-2.878787878787878451e-01 8.618566713096581814e-04 3.056627837363436129e+00
-2.878787878787878451e-01 9.181399116342384755e-04 2.399258497647566379e+00
-2.878787878787878451e-01 9.447989323775045790e-04 1.957275272251992382e+00
-2.878787878787878451e-01 9.588673290686281067e-04 1.570494929265045414e+00
-2.878787878787878451e-01 9.593520991440081204e-04 1.243823622181497557e+00
-2.878787878787878451e-01 9.743331595336467881e-04 9.750117078208275778e-01
-2.878787878787878451e-01 1.009999525340758014e-03 7.637237073664652209e-01
-2.878787878787878451e-01 1.005165315683602227e-03 6.035191801780059873e-01
-2.878787878787878451e-01 1.024648077740299406e-03 4.931018856620191793e-01
-2.878787878787878451e-01 1.036532349103992407e-03 4.407802642812173044e-01
-2.878787878787878451e-01 1.082102050688458572e-03 4.338722669777688168e-01
-2.878787878787878451e-01 1.080075272966783077e-03 4.573130134404843616e-01
-2.878787878787878451e-01 1.116539904913404135e-03 5.445170239693915004e-01
-2.878787878787878451e-01 1.099122709564494737e-03 6.694687020572614999e-01
-2.878787878787878451e-01 1.125178623971314837e-03 8.119194093045978278e-01
-2.878787878787878451e-01 1.147147799186317872e-03 9.981779254158971160e-01
-2.878787878787878451e-01 1.164791434833638804e-03 1.220731616206333747e+00
-2.878787878787878451e-01 1.177884438156834952e-03 1.477462184231191689e+00
-2.878787878787878451e-01 1.186216322009645864e-03 1.771579745758196989e+00
-2.878787878787878451e-01 1.258889204686903726e-03 2.095692369662912391e+00
-2.878787878787878451e-01 1.260306259651073745e-03 2.396189792263345275e+00
-2.878787878787878451e-01 1.256405876668032374e-03 2.741572431459142756e+00
-2.878787878787878451e-01 1.247034491808801746e-03 3.154162086114606467e+00
-2.878787878787878451e-01 1.315095565006333669e-03 3.507512503025984607e+00
-2.753623188405797118e-01 9.753455459088783983e-04 2.801244105489426595e+00
-2.753623188405797118e-01 9.867613478619196698e-04 2.308103416169879463e+00
-2.753623188405797118e-01 1.006034877535964735e-03 1.875009911362031323e+00
-2.753623188405797118e-01 1.011845109873674544e-03 1.502155114125849567e+00
-2.753623188405797118e-01 1.032281818219763121e-03 1.182015331421629289e+00
-2.753623188405797118e-01 1.042072905596425547e-03 9.254315744201009331e-01
-2.753623188405797118e-01 1.074452013563550069e-03 7.132570747953255186e-01
-2.753623188405797118e-01 1.099847750585913452e-03 5.648445570610078903e-01
-2.753623188405797118e-01 1.117732267543502947e-03 4.603004314633950544e-01
-2.753623188405797118e-01 1.127618922964404493e-03 3.976181453034902669e-01
-2.753623188405797118e-01 1.129066182550098052e-03 3.934542404803238469e-01
-2.753623188405797118e-01 1.169186743905651065e-03 4.237767452271740121e-01
-2.753623188405797118e-01 1.155263455134764852e-03 5.171949460165449208e-01
-2.753623188405797118e-01 1.185077366638856954e-03 6.137414146174061669e-01
-2.753623188405797118e-01 1.210860883249850230e-03 7.586301990130299711e-01
-2.753623188405797118e-01 1.232362780326271348e-03 9.415807244546827715e-01
-2.753623188405797118e-01 1.249344419046044931e-03 1.157381467681017462e+00
-2.753623188405797118e-01 1.261580544204120779e-03 1.405811412246297021e+00
-2.753623188405797118e-01 1.268860180401946763e-03 1.691699233293226579e+00
-2.753623188405797118e-01 1.344286221592027155e-03 2.007596382987034911e+00
-2.753623188405797118e-01 1.344359826351629534e-03 2.297197549911860648e+00
-2.753623188405797118e-01 1.338918070963095782e-03 2.635415303648157348e+00
-2.753623188405797118e-01 1.327805717923314591e-03 3.045623167574281975e+00
-2.753623188405797118e-01 1.398350376355635485e-03 3.373753736704731665e+00
-2.638888888888888951e-01 9.700620162109499511e-04 3.372880911856107389e+00
-2.638888888888888951e-01 1.026726917240342865e-03 2.693617224039849489e+00
-2.638888888888888951e-01 1.051149071527056767e-03 2.210601507969352841e+00
-2.638888888888888951e-01 1.062275580163281894e-03 1.792419482478716297e+00
-2.638888888888888951e-01 1.088147579344495583e-03 1.427079118883937792e+00
-2.638888888888888951e-01 1.103511106828812451e-03 1.119603541246928513e+00
-2.638888888888888951e-01 1.107619773559915134e-03 8.763085650054115439e-01
-2.638888888888888951e-01 1.136280458683378751e-03 6.675650185992517693e-01
-2.638888888888888951e-01 1.157522346271479393e-03 5.180589518933418347e-01
-2.638888888888888951e-01 1.170837270749018784e-03 4.198570039816173494e-01
-2.638888888888888951e-01 1.175758772358493623e-03 3.826434350870850931e-01
-2.638888888888888951e-01 1.219460322720571305e-03 3.565337133409532955e-01
-2.638888888888888951e-01 1.259821192567384942e-03 4.130782278725880774e-01
-2.638888888888888951e-01 1.242618670046437626e-03 4.679078069368485249e-01
-2.638888888888888951e-01 1.272193650778407747e-03 5.734967573265832286e-01
-2.638888888888888951e-01 1.297548318107745804e-03 7.198303725889860782e-01
-2.638888888888888951e-01 1.318432341737193038e-03 8.989882994996143406e-01
-2.638888888888888951e-01 1.334607666271593043e-03 1.107755874579346322e+00
-2.638888888888888951e-01 1.345849305297888406e-03 1.347623170766284462e+00
-2.638888888888888951e-01 1.351946234276955178e-03 1.624964244970220850e+00
-2.638888888888888951e-01 1.429992032531380523e-03 1.938805546721211082e+00
-2.638888888888888951e-01 1.428601500315343021e-03 2.216948103925150182e+00
-2.638888888888888951e-01 1.421506081190217425e-03 2.547220662186756801e+00
-2.638888888888888951e-01 1.497028922825413598e-03 2.943187799127185755e+00
-2.638888888888888951e-01 1.481447605585767616e-03 3.262981957985457981e+00
-2.533333333333333548e-01 1.086974922641129829e-03 3.091287438539568111e+00
-2.533333333333333548e-01 1.094272535251972602e-03 2.571361787669185439e+00
-2.533333333333333548e-01 1.110677309720122397e-03 2.109040892574657100e+00
-2.533333333333333548e-01 1.141936494373666650e-03 1.703893237511923342e+00
-2.533333333333333548e-01 1.162861798048431001e-03 1.355726834374150869e+00
-2.533333333333333548e-01 1.172662651915716819e-03 1.055517679831933897e+00
-2.533333333333333548e-01 1.207193361597533668e-03 8.246627350456090522e-01
-2.533333333333333548e-01 1.195165169652707667e-03 6.302633351533104555e-01
-2.533333333333333548e-01 1.211866762169461252e-03 4.917066042082185451e-01
-2.533333333333333548e-01 1.265061446668980282e-03 3.948982590874600129e-01
-2.533333333333333548e-01 1.267443989490459662e-03 3.357502168473877058e-01
-2.533333333333333548e-01 1.311408545237550006e-03 3.473120150492090552e-01
-2.533333333333333548e-01 1.297845523564986883e-03 3.684791428403569324e-01
-2.533333333333333548e-01 1.331172693004941234e-03 4.368848780059922388e-01
-2.533333333333333548e-01 1.360355461712154995e-03 5.494474434902076876e-01
-2.533333333333333548e-01 1.385133470121103268e-03 6.958635820411961381e-01
-2.533333333333333548e-01 1.405257628824460635e-03 8.702943735789406832e-01
-2.533333333333333548e-01 1.420490823508484659e-03 1.071312308645750999e+00
-2.533333333333333548e-01 1.430608704312602694e-03 1.302022005961501971e+00
-2.533333333333333548e-01 1.435400574231653417e-03 1.570056643033971966e+00
-2.533333333333333548e-01 1.515939805980810089e-03 1.886882881234114961e+00
-2.533333333333333548e-01 1.512972323910798805e-03 2.152956324312018666e+00
-2.533333333333333548e-01 1.504118425592737519e-03 2.474114785789933713e+00
-2.533333333333333548e-01 1.581962808020258033e-03 2.858283701987349268e+00
-2.533333333333333548e-01 1.564350381724982295e-03 3.171240192094545218e+00
-2.435897435897436125e-01 1.135477505355450382e-03 2.952340177958469702e+00
-2.435897435897436125e-01 1.157099834306065398e-03 2.447291665007929939e+00
-2.435897435897436125e-01 1.193676349935026771e-03 2.007104796410689396e+00
-2.435897435897436125e-01 1.188756772561568335e-03 1.614269786339050050e+00
-2.435897435897436125e-01 1.235615876651001595e-03 1.284370344329578861e+00
-2.435897435897436125e-01 1.239394600827416247e-03 9.898005388861276233e-01
-2.435897435897436125e-01 1.269900251417307351e-03 7.631548672683806656e-01
-2.435897435897436125e-01 1.292713894401117643e-03 5.835118094331848138e-01
-2.435897435897436125e-01 1.307317259260381073e-03 4.445203570048654740e-01
-2.435897435897436125e-01 1.313229865117836702e-03 3.553725570351763952e-01
-2.435897435897436125e-01 1.360717402000595141e-03 3.229285908250540960e-01
-2.435897435897436125e-01 1.350817589568662153e-03 3.102383542579896236e-01
-2.435897435897436125e-01 1.387844771868627881e-03 3.435888309542107777e-01
-2.435897435897436125e-01 1.420815642901262360e-03 4.250877529661898357e-01
-2.435897435897436125e-01 1.449461297554216488e-03 5.423267500104667072e-01
-2.435897435897436125e-01 1.473523190829476373e-03 6.871563314576775161e-01
-2.435897435897436125e-01 1.492753764903403295e-03 8.555871045062684033e-01
-2.435897435897436125e-01 1.506917148557832898e-03 1.047861418442209258e+00
-2.435897435897436125e-01 1.515789941035349496e-03 1.268436054891480591e+00
-2.435897435897436125e-01 1.519162095010092792e-03 1.526179964997367744e+00
-2.435897435897436125e-01 1.516837916727249930e-03 1.834797345568289106e+00
-2.435897435897436125e-01 1.597425619648180613e-03 2.103249016972154717e+00
-2.435897435897436125e-01 1.586715453777140256e-03 2.414048402239949986e+00
-2.435897435897436125e-01 1.666763488026284891e-03 2.791090620892838547e+00
-2.435897435897436125e-01 1.647033038370694213e-03 3.095931901720839985e+00
-2.435897435897436125e-01 1.620774668665258753e-03 3.507304810461412625e+00
-2.345679012345678882e-01 1.198962051028617777e-03 3.347320553872900728e+00
-2.345679012345678882e-01 1.201603518649862730e-03 2.803156247090591968e+00
-2.345679012345678882e-01 1.214646814897227820e-03 2.322844225634295601e+00
-2.345679012345678882e-01 1.244060476225220674e-03 1.889618180140817616e+00
-2.345679012345678882e-01 1.262681126553044392e-03 1.515087518165222580e+00
-2.345679012345678882e-01 1.269729211724374401e-03 1.201604528426375884e+00
-2.345679012345678882e-01 1.303397157432934937e-03 9.234806414089405946e-01
-2.345679012345678882e-01 1.329500399861154774e-03 7.037660325580082921e-01
-2.345679012345678882e-01 1.347505703594810162e-03 5.314347513032789960e-01
-2.345679012345678882e-01 1.356914815600056756e-03 4.101749987333331848e-01
-2.345679012345678882e-01 1.407839460988871347e-03 3.349248340008150748e-01
-2.345679012345678882e-01 1.401605901267081577e-03 2.885910213802759250e-01
-2.345679012345678882e-01 1.442270928250344916e-03 2.889988461027488409e-01
-2.345679012345678882e-01 1.478977797644108992e-03 3.420057749710672113e-01
-2.345679012345678882e-01 1.447913976131685572e-03 4.258614028428233667e-01
-2.345679012345678882e-01 1.472428860429947362e-03 5.302864143355696669e-01
-2.345679012345678882e-01 1.492148376046507517e-03 6.743023156599095014e-01
-2.345679012345678882e-01 1.580847546066756291e-03 8.550925085438423334e-01
-2.345679012345678882e-01 1.593821157215363164e-03 1.037326564587090383e+00
-2.345679012345678882e-01 1.601335041409235804e-03 1.246589145136008270e+00
-2.345679012345678882e-01 1.603180075657477735e-03 1.493036383239486398e+00
-2.345679012345678882e-01 1.599161194957664581e-03 1.791177445843653349e+00
-2.345679012345678882e-01 1.681924435873670279e-03 2.066435825940289739e+00
-2.345679012345678882e-01 1.669266783544373894e-03 2.365532504669205505e+00
-2.345679012345678882e-01 1.751407785705998707e-03 2.739687369909855175e+00
-2.345679012345678882e-01 1.729478446956371441e-03 3.034617025403949953e+00
-2.345679012345678882e-01 1.700853958157964429e-03 3.440339762763842124e+00
-2.261904761904762196e-01 1.244255827782941469e-03 3.173218791374052827e+00
-2.261904761904762196e-01 1.262597139472833091e-03 2.654179192407108534e+00
-2.261904761904762196e-01 1.297376269572299203e-03 2.192477202098930267e+00
-2.261904761904762196e-01 1.321578894594029399e-03 1.784885120637809575e+00
-2.261904761904762196e-01 1.334392032958834663e-03 1.421005300635253432e+00
-2.261904761904762196e-01 1.335069801243883667e-03 1.120502449380312848e+00
-2.261904761904762196e-01 1.364389478314010067e-03 8.583053748496036750e-01
-2.261904761904762196e-01 1.385736544654342503e-03 6.504385885110436361e-01
-2.261904761904762196e-01 1.398597532806237619e-03 4.956317275538107414e-01
-2.261904761904762196e-01 1.452870005599211185e-03 3.789319980995505821e-01
-2.261904761904762196e-01 1.450288843343685566e-03 2.994812185511399605e-01
-2.261904761904762196e-01 1.494521958526862440e-03 2.690237350668504002e-01
-2.261904761904762196e-01 1.474896411100360197e-03 2.940741998276298341e-01
-2.261904761904762196e-01 1.507703921976138442e-03 3.224258868273756073e-01
-2.261904761904762196e-01 1.536053855704753914e-03 3.944423623442723237e-01
-2.261904761904762196e-01 1.559688213050738122e-03 5.035784586862434020e-01
-2.261904761904762196e-01 1.578359288166455423e-03 6.472219749431168401e-01
-2.261904761904762196e-01 1.591830340806508256e-03 8.266502295434097203e-01
-2.261904761904762196e-01 1.681146727482875705e-03 1.039764105814952710e+00
-2.261904761904762196e-01 1.687194946946592037e-03 1.236515457133137375e+00
-2.261904761904762196e-01 1.687412260500556135e-03 1.470333975353953271e+00
-2.261904761904762196e-01 1.681604474750326029e-03 1.756639133670008679e+00
-2.261904761904762196e-01 1.766439554832198704e-03 2.041506058653657085e+00
-2.261904761904762196e-01 1.751749314807888669e-03 2.327846366548173673e+00
-2.261904761904762196e-01 1.835879463935635031e-03 2.702195915725301489e+00
-2.261904761904762196e-01 1.811675981191734420e-03 2.985661776050029026e+00
-2.261904761904762196e-01 1.780617703308167961e-03 3.383848379944133011e+00
-2.183908045977011325e-01 1.308688168755557830e-03 3.001599777368518129e+00
-2.183908045977011325e-01 1.317949532869168395e-03 2.506841268430362479e+00
-2.183908045977011325e-01 1.345115380849946007e-03 2.058497330831782879e+00
-2.183908045977011325e-01 1.361065913982200748e-03 1.668311785084230614e+00
-2.183908045977011325e-01 1.403585806659622725e-03 1.328921272115201724e+00
-2.183908045977011325e-01 1.397494266419151707e-03 1.041998630190772657e+00
-2.183908045977011325e-01 1.422116864802040921e-03 7.970603576195940398e-01
-2.183908045977011325e-01 1.438376443611918357e-03 6.078111986757387397e-01
-2.183908045977011325e-01 1.495905462032601696e-03 4.511246295197061107e-01
-2.183908045977011325e-01 1.496949122631539494e-03 3.393202211949165048e-01
-2.183908045977011325e-01 1.544674958720971755e-03 2.800248818265003714e-01
-2.183908045977011325e-01 1.528848000845461474e-03 2.580921922049324024e-01
-2.183908045977011325e-01 1.565349428404468751e-03 2.581655238375649142e-01
-2.183908045977011325e-01 1.597490715078891520e-03 3.024632717453633601e-01
-2.183908045977011325e-01 1.625006928469291704e-03 3.824983314069461682e-01
-2.183908045977011325e-01 1.647642589107457638e-03 4.934951687221265093e-01
-2.183908045977011325e-01 1.665152266260735503e-03 6.343516045693881056e-01
-2.183908045977011325e-01 1.677301243762416684e-03 8.077056209933308750e-01
-2.183908045977011325e-01 1.683866267667630040e-03 1.020212654353081172e+00
-2.183908045977011325e-01 1.773327978138423662e-03 1.238172409535748031e+00
-2.183908045977011325e-01 1.771823327799138589e-03 1.457961722503148261e+00
-2.183908045977011325e-01 1.764138496685220677e-03 1.730984950577661108e+00
-2.183908045977011325e-01 1.850947930322869011e-03 2.028031577336899982e+00
-2.183908045977011325e-01 1.834145682504294099e-03 2.300048712789815930e+00
-2.183908045977011325e-01 1.810645660640714709e-03 2.664147124036938763e+00
-2.183908045977011325e-01 1.893619956811714525e-03 2.947797523518780327e+00
-2.183908045977011325e-01 1.860064955499621080e-03 3.336686442626174198e+00
-2.111111111111111382e-01 1.352982044298281158e-03 3.362075838428979946e+00
-2.111111111111111382e-01 1.367629853403235863e-03 2.830258293538994607e+00
-2.111111111111111382e-01 1.400219502565257278e-03 2.357376524701412457e+00
-2.111111111111111382e-01 1.421818534359292315e-03 1.931986596398666656e+00
-2.111111111111111382e-01 1.431630579344693672e-03 1.553815299038805664e+00
-2.111111111111111382e-01 1.469984780178886907e-03 1.236844336155957125e+00
-2.111111111111111382e-01 1.456750007186220731e-03 9.674452651261581382e-01
-2.111111111111111382e-01 1.523222027694140024e-03 7.407784257411824669e-01
-2.111111111111111382e-01 1.537041638069006327e-03 5.481443099419526233e-01
-2.111111111111111382e-01 1.541671501470789039e-03 4.049258804786703414e-01
-2.111111111111111382e-01 1.592810699632610585e-03 3.187597376109626013e-01
-2.111111111111111382e-01 1.580772705935272297e-03 2.538704145695532821e-01
-2.111111111111111382e-01 1.620907080464220563e-03 2.291634284159990154e-01
-2.111111111111111382e-01 1.656786542503386984e-03 2.499413675352962494e-01
-2.111111111111111382e-01 1.688140328882674649e-03 3.059888608362824058e-01
-2.111111111111111382e-01 1.714706372222481005e-03 3.906090603673095241e-01
-2.111111111111111382e-01 1.736231830480202808e-03 5.005970804650888839e-01
-2.111111111111111382e-01 1.752473676492228389e-03 6.362395013999158078e-01
-2.111111111111111382e-01 1.763199357242440507e-03 8.015319187749594398e-01
-2.111111111111111382e-01 1.768187534653072306e-03 1.004118403154987682e+00
-2.111111111111111382e-01 1.859698591434965145e-03 1.251613907511451851e+00
-2.111111111111111382e-01 1.856383660769816979e-03 1.455891590504344357e+00
-2.111111111111111382e-01 1.846739284014123220e-03 1.714448461394595613e+00
-2.111111111111111382e-01 1.935431455919561696e-03 2.025342413576457723e+00
-2.111111111111111382e-01 1.916443045770693321e-03 2.281653944673814216e+00
-2.111111111111111382e-01 1.890610143957274520e-03 2.632640732878826384e+00
-2.111111111111111382e-01 1.975308431525442821e-03 2.920118677305154620e+00
-2.111111111111111382e-01 1.939198141616846338e-03 3.298269669517118530e+00
-2.043010752688172171e-01 1.415497709870833926e-03 3.171668918952155192e+00
-2.043010752688172171e-01 1.420617006883293735e-03 2.660916282844870917e+00
-2.043010752688172171e-01 1.445191737379753795e-03 2.204121563544219953e+00
-2.043010752688172171e-01 1.458161799725189852e-03 1.803708728709611409e+00
-2.043010752688172171e-01 1.499491349656470376e-03 1.444428372145255990e+00
-2.043010752688172171e-01 1.533335008536283479e-03 1.144238660424465426e+00
-2.043010752688172171e-01 1.559137891929072636e-03 8.865923310675529745e-01
-2.043010752688172171e-01 1.576372474812487217e-03 6.670355201663261679e-01
-2.043010752688172171e-01 1.584541117599415523e-03 4.934708836789423181e-01
-2.043010752688172171e-01 1.639011647500286575e-03 3.823332915709622415e-01
-2.043010752688172171e-01 1.630739540991031026e-03 2.782205718800733751e-01
-2.043010752688172171e-01 1.674439916601714673e-03 2.319210357532967282e-01
-2.043010752688172171e-01 1.713996950790955482e-03 2.329524393410152550e-01
-2.043010752688172171e-01 1.679736396425860053e-03 2.592658890441081887e-01
-2.043010752688172171e-01 1.706574418729371470e-03 3.109722498486960918e-01
-2.043010752688172171e-01 1.728421953201605271e-03 4.005656226308376144e-01
-2.043010752688172171e-01 1.825402391100446574e-03 5.253273541372432964e-01
-2.043010752688172171e-01 1.840276101967799503e-03 6.534231493287367964e-01
-2.043010752688172171e-01 1.849483217955469284e-03 8.085186883081256770e-01
-2.043010752688172171e-01 1.852804439879585660e-03 9.992799340641222994e-01
-2.043010752688172171e-01 1.850032275633589889e-03 1.238150232055473809e+00
-2.043010752688172171e-01 1.941068356055215913e-03 1.464408814844576856e+00
-2.043010752688172171e-01 1.929387172237515121e-03 1.706863262692451144e+00
-2.043010752688172171e-01 1.911056435468886597e-03 2.026468752933981321e+00
-2.043010752688172171e-01 1.998632136293739935e-03 2.272296391555274298e+00
-2.043010752688172171e-01 1.970403060824891910e-03 2.608676313542535485e+00
-2.043010752688172171e-01 2.056742279448950817e-03 2.902175308028337675e+00
-2.043010752688172171e-01 2.018022163156646138e-03 3.267610012828523480e+00
-1.979166666666666852e-01 1.431603377805940654e-03 3.516206620473138589e+00
-1.979166666666666852e-01 1.472209523552851611e-03 2.979953702168876450e+00
-1.979166666666666852e-01 1.502273582445444238e-03 2.500624232989427043e+00
-1.979166666666666852e-01 1.520963470593185473e-03 2.062041660892043993e+00
-1.979166666666666852e-01 1.527500496024901053e-03 1.672356870532843098e+00
-1.979166666666666852e-01 1.564395829367195038e-03 1.337902308104581772e+00
-1.979166666666666852e-01 1.593404172407852839e-03 1.051550575065447690e+00
-1.979166666666666852e-01 1.613989183776874279e-03 8.051914672184311561e-01
-1.979166666666666852e-01 1.625642254306810912e-03 6.024384458641341977e-01
-1.979166666666666852e-01 1.627885186339976791e-03 4.593452283063830244e-01
-1.979166666666666852e-01 1.678820217060473900e-03 3.282858515965709767e-01
-1.979166666666666852e-01 1.726015189956288777e-03 2.633061864896171222e-01
-1.979166666666666852e-01 1.703671031531356003e-03 2.219996651178221814e-01
-1.979166666666666852e-01 1.738958460487518209e-03 2.080946205284164297e-01
-1.979166666666666852e-01 1.769612559895584157e-03 2.335630520238981267e-01
-1.979166666666666852e-01 1.795374122475182528e-03 2.931357015375894992e-01
-1.979166666666666852e-01 1.815992606703042186e-03 3.847906590715000630e-01
-1.979166666666666852e-01 1.831226701605795848e-03 5.099224794774510627e-01
-1.979166666666666852e-01 1.840844958954180070e-03 6.732827572632160695e-01
-1.979166666666666852e-01 1.936116339542535026e-03 8.290195920061838031e-01
-1.979166666666666852e-01 1.937685864935461333e-03 1.006032262464526816e+00
-1.979166666666666852e-01 1.933020476021136058e-03 1.230790938198093487e+00
-1.979166666666666852e-01 2.025856419805980701e-03 1.483433319934667205e+00
-1.979166666666666852e-01 2.012066028693738212e-03 1.708316860231635648e+00
-1.979166666666666852e-01 1.991488907222959109e-03 2.011733689559100036e+00
-1.979166666666666852e-01 2.080706507526175475e-03 2.271771101607749976e+00
-1.979166666666666852e-01 2.050022141973906892e-03 2.592311587665555361e+00
-1.979166666666666852e-01 2.137924475732998816e-03 2.893140987303968181e+00
-1.979166666666666852e-01 2.096543705725617025e-03 3.244085884186997504e+00
-1.919191919191919338e-01 1.489828788193089688e-03 3.303794131250778587e+00
-1.919191919191919338e-01 1.522692077905422967e-03 2.789553843660542487e+00
-1.919191919191919338e-01 1.544381432503138390e-03 2.326685724323259485e+00
-1.919191919191919338e-01 1.554106269744183564e-03 1.917533229673590744e+00
-1.919191919191919338e-01 1.593973334355868778e-03 1.548416678460445173e+00
-1.919191919191919338e-01 1.626112344722342989e-03 1.233155785310843688e+00
-1.919191919191919338e-01 1.649979672493891289e-03 9.603081413942178290e-01
-1.919191919191919338e-01 1.665057455526680781e-03 7.295842407303303467e-01
-1.919191919191919338e-01 1.670856026228111340e-03 5.524517324341149394e-01
-1.919191919191919338e-01 1.725087665991121341e-03 4.015017435705116045e-01
-1.919191919191919338e-01 1.714081698024449985e-03 3.096164993819708333e-01
-1.919191919191919338e-01 1.757273333681509892e-03 2.277058138047135805e-01
-1.919191919191919338e-01 1.796213014919038290e-03 1.941120999498259780e-01
-1.919191919191919338e-01 1.830629198081450614e-03 1.987839469574269047e-01
-1.919191919191919338e-01 1.860257858252629699e-03 2.348283444519626839e-01
-1.919191919191919338e-01 1.884842940543056270e-03 2.984151128654249918e-01
-1.919191919191919338e-01 1.904136861153335773e-03 3.888984825556340841e-01
-1.919191919191919338e-01 1.917901066039783952e-03 5.087932571079950561e-01
-1.919191919191919338e-01 1.925906656612595908e-03 6.639186430151577945e-01
-1.919191919191919338e-01 2.023066510726447258e-03 8.633063696800624687e-01
-1.919191919191919338e-01 2.022804603254336683e-03 1.024877895959436458e+00
-1.919191919191919338e-01 2.016171104330015743e-03 1.233640192126231883e+00
-1.919191919191919338e-01 2.002974693165536502e-03 1.507625052098063634e+00
-1.919191919191919338e-01 2.094762622204575635e-03 1.718885998028474749e+00
-1.919191919191919338e-01 2.071876359730067622e-03 2.004646937060027945e+00
-1.919191919191919338e-01 2.162661940376630915e-03 2.280149558048672365e+00
-1.919191919191919338e-01 2.129467025610996735e-03 2.583106773689058500e+00
-1.919191919191919338e-01 2.218859542861578282e-03 2.892487578044507401e+00
-1.919191919191919338e-01 2.174770709660552026e-03 3.228105454800396679e+00
-1.862745098039215730e-01 1.541948668864833978e-03 3.098406447304530076e+00
-1.862745098039215730e-01 1.566557562103881775e-03 2.608458045463263542e+00
-1.862745098039215730e-01 1.619127079636761097e-03 2.174288460952688684e+00
-1.862745098039215730e-01 1.622155410049480389e-03 1.773368502962811011e+00
-1.862745098039215730e-01 1.657349157911293868e-03 1.429217156955080670e+00
-1.862745098039215730e-01 1.684428185194512904e-03 1.130345203394298448e+00
-1.862745098039215730e-01 1.702866904509247161e-03 8.729035892508635319e-01
-1.862745098039215730e-01 1.712165902446084308e-03 6.641888254765421218e-01
-1.862745098039215730e-01 1.769614920232818849e-03 4.955621729310029089e-01
-1.862745098039215730e-01 1.762367484150061765e-03 3.612780812504190475e-01
-1.862745098039215730e-01 1.809028225243916252e-03 2.628113383660974356e-01
-1.862745098039215730e-01 1.851555210305674522e-03 2.136278820634581188e-01
-1.862745098039215730e-01 1.889673484306146536e-03 2.023304233474966796e-01
-1.862745098039215730e-01 1.847933071868766968e-03 2.128464311035171974e-01
-1.862745098039215730e-01 1.872722955700471511e-03 2.547981640138687331e-01
-1.862745098039215730e-01 1.974933066971532383e-03 3.268829664014774039e-01
-1.862745098039215730e-01 1.992812077108947755e-03 4.130185924293684474e-01
-1.862745098039215730e-01 2.005020461192500141e-03 5.249296326686011538e-01
-1.862745098039215730e-01 2.011331919580083404e-03 6.693632136108851327e-01
-1.862745098039215730e-01 2.011530306998607614e-03 8.566521993212790065e-01
-1.862745098039215730e-01 2.108136792454166561e-03 1.055928221955780844e+00
-1.862745098039215730e-01 2.099464751245222818e-03 1.246983374626317920e+00
-1.862745098039215730e-01 2.084099603613122874e-03 1.503548840275031218e+00
-1.862745098039215730e-01 2.177466111833613414e-03 1.738696198368782087e+00
-1.862745098039215730e-01 2.152211872350923930e-03 2.005566468606638786e+00
-1.862745098039215730e-01 2.244495971361440065e-03 2.297065608414082583e+00
-1.862745098039215730e-01 2.208738809944838215e-03 2.580859756204124444e+00
-1.862745098039215730e-01 2.299553121785332874e-03 2.900563126068224751e+00
-1.862745098039215730e-01 2.252711964469248946e-03 3.218432905363323382e+00
-1.862745098039215730e-01 2.341676760671101195e-03 3.541703934189161185e+00
-1.809523809523809479e-01 1.594143929676760177e-03 3.409714997611673848e+00
-1.809523809523809479e-01 1.624221341799273691e-03 2.899100625540288245e+00
-1.809523809523809479e-01 1.642771884215074325e-03 2.429268263017736018e+00
-1.809523809523809479e-01 1.649024521847404284e-03 2.010654618297801566e+00
-1.809523809523809479e-01 1.687196624552270542e-03 1.637808963454955968e+00
-1.809523809523809479e-01 1.717415102848465118e-03 1.313492565063481665e+00
-1.809523809523809479e-01 1.739148003245821403e-03 1.030603095044548390e+00
-1.809523809523809479e-01 1.751887702455875735e-03 7.926344567095998661e-01
-1.809523809523809479e-01 1.812474271975252548e-03 6.083901246689090714e-01
-1.809523809523809479e-01 1.808939761551356558e-03 4.362902509765535508e-01
-1.809523809523809479e-01 1.858997768595009939e-03 3.244485526266461251e-01
-1.809523809523809479e-01 1.837567007387934034e-03 2.488985198250971420e-01
-1.809523809523809479e-01 1.875711721828138886e-03 1.904677013302379096e-01
-1.809523809523809479e-01 1.909236635721672272e-03 1.720031745140536972e-01
-1.809523809523809479e-01 1.937881765313087231e-03 1.879302603629183221e-01
-1.809523809523809479e-01 1.961394630199482427e-03 2.356350636582399405e-01
-1.809523809523809479e-01 1.979530733038895821e-03 3.154534281887577118e-01
-1.809523809523809479e-01 1.992054094833914206e-03 4.307693163689765292e-01
-1.809523809523809479e-01 2.092551013818236706e-03 5.584823777938867639e-01
-1.809523809523809479e-01 2.097091414761858251e-03 6.900232391410354715e-01
-1.809523809523809479e-01 2.095387174316289472e-03 8.627730757271785400e-01
-1.809523809523809479e-01 2.087235324500379911e-03 1.091222106697935512e+00
-1.809523809523809479e-01 2.182884564856101082e-03 1.271035138980876056e+00
-1.809523809523809479e-01 2.165288894924527734e-03 1.508588779697509707e+00
-1.809523809523809479e-01 2.260167630651253000e-03 1.768037639147708617e+00
-1.809523809523809479e-01 2.232490207930402232e-03 2.014331436139379150e+00
-1.809523809523809479e-01 2.326207517014778486e-03 2.322341231362456071e+00
-1.809523809523809479e-01 2.287839700852730297e-03 2.586221217466084799e+00
-1.809523809523809479e-01 2.380011639781686415e-03 2.916282869980016734e+00
-1.809523809523809479e-01 2.330376798707575661e-03 3.215958542104443652e+00
-1.759259259259259300e-01 1.643748098961991810e-03 3.187041277593483102e+00
-1.759259259259259300e-01 1.665253118005708072e-03 2.696279241086518841e+00
-1.759259259259259300e-01 1.674657923507013018e-03 2.258438610034839478e+00
-1.759259259259259300e-01 1.715732096504343773e-03 1.857235363082349267e+00
-1.759259259259259300e-01 1.749016860315352534e-03 1.508141736446859227e+00
-1.759259259259259300e-01 1.773975104144232201e-03 1.201076053439273261e+00
-1.759259259259259300e-01 1.790092362859884573e-03 9.360579343143470288e-01
-1.759259259259259300e-01 1.796878937214553594e-03 7.238594743118617059e-01
-1.759259259259259300e-01 1.853863425634660845e-03 5.323788914387121984e-01
-1.759259259259259300e-01 1.843780124884801010e-03 4.034754376060663006e-01
-1.759259259259259300e-01 1.889730354228047991e-03 2.815890674732556831e-01
-1.759259259259259300e-01 1.931446886328190603e-03 2.079248582980327831e-01
-1.759259259259259300e-01 1.968659724208582200e-03 1.727539711248587961e-01
-1.759259259259259300e-01 2.001105401046652903e-03 1.690841517062733612e-01
-1.759259259259259300e-01 2.028527365476653303e-03 1.927040151321066097e-01
-1.759259259259259300e-01 2.050676408250957320e-03 2.422177932422489022e-01
-1.759259259259259300e-01 2.067311136564213125e-03 3.190877775793473647e-01
-1.759259259259259300e-01 2.078198503594960722e-03 4.276465985067457454e-01
-1.759259259259259300e-01 2.083114402377822093e-03 5.754788677367996819e-01
-1.759259259259259300e-01 2.183158811609642921e-03 7.259470137130820122e-01
-1.759259259259259300e-01 2.179483437129815272e-03 8.821132282396740854e-01
-1.759259259259259300e-01 2.169235331963161213e-03 1.093281000396444602e+00
-1.759259259259259300e-01 2.266415873671816239e-03 1.306003883613207961e+00
-1.759259259259259300e-01 2.246531539625759404e-03 1.523170905115064810e+00
-1.759259259259259300e-01 2.342859945623543966e-03 1.806763918092002985e+00
-1.759259259259259300e-01 2.312707495053860970e-03 2.030939162278813548e+00
-1.759259259259259300e-01 2.407796574263238766e-03 2.356505192805349758e+00
-1.759259259259259300e-01 2.366772734167148142e-03 2.598292484670355229e+00
-1.759259259259259300e-01 2.460242053490842035e-03 2.940391323420770586e+00
-1.759259259259259300e-01 2.407774843598242589e-03 3.219664357537202815e+00
-1.711711711711711714e-01 1.662260913502157421e-03 3.486720892373292191e+00
-1.711711711711711714e-01 1.686643758810196791e-03 2.973385274720893534e+00
-1.711711711711711714e-01 1.699127902154713276e-03 2.515114199409519635e+00
-1.711711711711711714e-01 1.743028399365097398e-03 2.086000436469304997e+00
-1.711711711711711714e-01 1.779305948598917204e-03 1.712861178952180374e+00
-1.711711711711711714e-01 1.807419356525958925e-03 1.382881073652452386e+00
-1.711711711711711714e-01 1.826848534483987291e-03 1.092898822622687227e+00
-1.711711711711711714e-01 1.837096426416917486e-03 8.499927547679364537e-01
-1.711711711711711714e-01 1.897202821758809830e-03 6.474937282927136772e-01
-1.711711711711711714e-01 1.890858676269010228e-03 4.759393020072518188e-01
-1.711711711711711714e-01 1.940192173480729219e-03 3.426435395776267767e-01
-1.711711711711711714e-01 1.985413688531672757e-03 2.579289438283678404e-01
-1.711711711711711714e-01 1.952863782475095129e-03 2.059710196002500771e-01
-1.711711711711711714e-01 1.985356116161803453e-03 1.711765221858520813e-01
-1.711711711711711714e-01 2.012883972836477207e-03 1.729445015024706211e-01
-1.711711711711711714e-01 2.035198801785043955e-03 2.097313470785949485e-01
-1.711711711711711714e-01 2.140528801834577083e-03 2.742347196496353612e-01
-1.711711711711711714e-01 2.155583721154781703e-03 3.448919647057052673e-01
-1.711711711711711714e-01 2.164760627564788278e-03 4.439474349194132419e-01
-1.711711711711711714e-01 2.167838176821717915e-03 5.796633839348138695e-01
-1.711711711711711714e-01 2.164604456433514776e-03 7.634986020691124642e-01
-1.711711711711711714e-01 2.263799199593601128e-03 9.148254702287377249e-01
-1.711711711711711714e-01 2.251394170343171304e-03 1.106898166177051390e+00
-1.711711711711711714e-01 2.350045871280345439e-03 1.352193079607308945e+00
-1.711711711711711714e-01 2.327818116371559252e-03 1.547229278399683050e+00
-1.711711711711711714e-01 2.298361730250136903e-03 1.833405324024511174e+00
-1.711711711711711714e-01 2.392860970247829688e-03 2.056094716778045228e+00
-1.711711711711711714e-01 2.352630737453397479e-03 2.372253256577817826e+00
-1.711711711711711714e-01 2.445541556677934946e-03 2.618041372539493317e+00
-1.711711711711711714e-01 2.540251650531862634e-03 2.971980465018429385e+00
-1.711711711711711714e-01 2.484915853742016185e-03 3.229797547612783148e+00
-1.666666666666666574e-01 1.707011555088026140e-03 3.258902116970332941e+00
-1.666666666666666574e-01 1.763374469797076736e-03 2.770778590191704804e+00
-1.666666666666666574e-01 1.769154005719599703e-03 2.322782589028892009e+00
-1.666666666666666574e-01 1.808350977985381499e-03 1.926375038556502606e+00
-1.666666666666666574e-01 1.839548639076162961e-03 1.574723445461547966e+00
-1.666666666666666574e-01 1.862222361630233537e-03 1.261748459847451542e+00
-1.666666666666666574e-01 1.875868967614738921e-03 9.911493012707160988e-01
-1.666666666666666574e-01 1.880008769310714378e-03 7.763081792492764199e-01
-1.666666666666666574e-01 1.936363325057028576e-03 5.707521338629860663e-01
-1.666666666666666574e-01 1.989009043758984633e-03 4.293116857881878468e-01
-1.666666666666666574e-01 1.968427179352663821e-03 3.086421787626471014e-01
-1.666666666666666574e-01 2.009191341050945313e-03 2.177966374232867819e-01
-1.666666666666666574e-01 2.045363456172540843e-03 1.654178840582301580e-01
-1.666666666666666574e-01 2.076684827085129199e-03 1.457812910562507891e-01
-1.666666666666666574e-01 2.102903282642648586e-03 1.558213027245335669e-01
-1.666666666666666574e-01 2.123773586767972992e-03 1.951456961221205988e-01
-1.666666666666666574e-01 2.139057892989486807e-03 2.660017057261984119e-01
-1.666666666666666574e-01 2.148526252247206191e-03 3.736004920121148154e-01
-1.666666666666666574e-01 2.251712154749618833e-03 4.794974415852139571e-01
-1.666666666666666574e-01 2.252884597707329080e-03 6.006697089967723002e-01
-1.666666666666666574e-01 2.247624307629306727e-03 7.683778117137135544e-01
-1.666666666666666574e-01 2.348316632041744061e-03 9.610369018779932881e-01
-1.666666666666666574e-01 2.333697385351367164e-03 1.132411006365411810e+00
-1.666666666666666574e-01 2.312082082633783089e-03 1.377910974381189257e+00
-1.666666666666666574e-01 2.409140564860010048e-03 1.580808497824889747e+00
-1.666666666666666574e-01 2.377177605215071050e-03 1.844832826326880504e+00
-1.666666666666666574e-01 2.472948768277544000e-03 2.089098535324232842e+00
-1.666666666666666574e-01 2.430040479993401427e-03 2.382895829213149685e+00
-1.666666666666666574e-01 2.524150253471001745e-03 2.644680967512832659e+00
-1.666666666666666574e-01 2.469728545264531470e-03 2.988136846078783826e+00
-1.666666666666666574e-01 2.561809572096595752e-03 3.246614243641196662e+00
