-1.000000000000000000e+03 -0.000000000000000000e+00 4.302782974547410788e+01
-1.000000000000000000e+03 -0.000000000000000000e+00 4.261323826508250079e+01
-1.000000000000000000e+03 -0.000000000000000000e+00 4.222524250340558893e+01
-1.000000000000000000e+03 -0.000000000000000000e+00 4.186408725338190351e+01
-1.000000000000000000e+03 -0.000000000000000000e+00 4.153001686408928350e+01
-1.000000000000000000e+03 -0.000000000000000000e+00 4.122327576265151805e+01
-1.000000000000000000e+03 -0.000000000000000000e+00 4.094410782976008534e+01
-1.000000000000000000e+03 -0.000000000000000000e+00 4.069275692015770574e+01
-1.000000000000000000e+03 -0.000000000000000000e+00 4.046946642130748018e+01
-1.000000000000000000e+03 -0.000000000000000000e+00 4.027447973630938094e+01
-1.000000000000000000e+03 -0.000000000000000000e+00 4.010803974267010830e+01
-1.000000000000000000e+03 -0.000000000000000000e+00 3.997038931842500631e+01
-1.000000000000000000e+03 -0.000000000000000000e+00 3.986177104608736244e+01
-1.000000000000000000e+03 -0.000000000000000000e+00 3.978242719064625277e+01
-1.000000000000000000e+03 -0.000000000000000000e+00 3.973259984220967311e+01
-1.000000000000000000e+03 -0.000000000000000000e+00 3.971253093596229888e+01
-1.000000000000000000e+03 -0.000000000000000000e+00 3.972246212379831576e+01
-1.000000000000000000e+03 -0.000000000000000000e+00 3.976263484185716379e+01
-1.000000000000000000e+03 -0.000000000000000000e+00 3.983329031312158719e+01
-1.000000000000000000e+03 -0.000000000000000000e+00 3.993466954597917606e+01
-1.000000000000000000e+03 -0.000000000000000000e+00 4.006701335218587445e+01
-1.000000000000000000e+03 -0.000000000000000000e+00 4.023056233492059874e+01
-1.000000000000000000e+03 -0.000000000000000000e+00 4.042555689556783705e+01
-1.000000000000000000e+03 -0.000000000000000000e+00 4.065223723741781470e+01
-1.000000000000000000e+03 -0.000000000000000000e+00 4.091084336697278445e+01
-1.000000000000000000e+03 -0.000000000000000000e+00 4.120161509057896154e+01
-1.000000000000000000e+03 -0.000000000000000000e+00 4.152479202767944599e+01
-1.000000000000000000e+03 -0.000000000000000000e+00 4.188061361829157647e+01
-1.000000000000000000e+03 -0.000000000000000000e+00 4.226931901640514866e+01
-1.000000000000000000e+03 -0.000000000000000000e+00 4.269114731342132529e+01
-1.000000000000000000e+03 -0.000000000000000000e+00 4.314633742165802488e+01
-1.000000000000000000e+03 -0.000000000000000000e+00 4.363512804542915546e+01
-1.000000000000000000e+03 -0.000000000000000000e+00 4.415775752429251355e+01
-1.000000000000000000e+03 -0.000000000000000000e+00 4.471446436356049503e+01
-1.000000000000000000e+03 -0.000000000000000000e+00 4.530548669398776696e+01
-1.000000000000000000e+03 -0.000000000000000000e+00 4.593106237919572976e+01
-1.000000000000000000e+03 -0.000000000000000000e+00 4.659142942147303046e+01
-1.000000000000000000e+03 -0.000000000000000000e+00 4.709865769242130540e+01
-1.000000000000000000e+03 -0.000000000000000000e+00 4.748457690636465856e+01
-1.000000000000000000e+03 -0.000000000000000000e+00 4.789939876265394503e+01
-1.000000000000000000e+03 -0.000000000000000000e+00 4.834332129273067125e+01
-1.000000000000000000e+03 -0.000000000000000000e+00 4.881654199252639614e+01
-1.000000000000000000e+03 -0.000000000000000000e+00 4.931925866470506747e+01
-1.000000000000000000e+03 -0.000000000000000000e+00 4.985166853745360527e+01
-1.000000000000000000e+03 -0.000000000000000000e+00 5.041396902515508316e+01
-1.000000000000000000e+03 -0.000000000000000000e+00 5.100635731828743502e+01
-1.000000000000000000e+03 -0.000000000000000000e+00 5.162903025518709654e+01
-1.000000000000000000e+03 -0.000000000000000000e+00 5.228218494150010542e+01
-1.000000000000000000e+03 -0.000000000000000000e+00 5.296601809216738843e+01
-1.000000000000000000e+03 -0.000000000000000000e+00 5.368072619782994082e+01
-1.866404715127701408e+01 -1.273728356443165983e-44 3.711453499110071164e+01
-1.866404715127701408e+01 -1.288625637494988382e-44 3.673183250926278021e+01
-1.866404715127701408e+01 -1.303609530645948294e-44 3.637553495672128179e+01
-1.866404715127701408e+01 -1.318680035896047710e-44 3.604589044325538083e+01
-1.866404715127701408e+01 -1.333837153245284638e-44 3.574313904809538656e+01
-1.866404715127701408e+01 -1.349080882693661070e-44 3.546753462479632901e+01
-1.866404715127701408e+01 -1.364411224241175014e-44 3.521931841873229274e+01
-1.866404715127701408e+01 -1.379828177887828213e-44 3.499874076710548110e+01
-1.866404715127701408e+01 -1.395331743633619920e-44 3.480604239530680388e+01
-1.866404715127701408e+01 -1.410921921478549389e-44 3.464147463463528709e+01
-1.866404715127701408e+01 -1.426598711422617863e-44 3.450527642805462136e+01
-1.866404715127701408e+01 -1.442362113465824597e-44 3.439769644876950139e+01
-1.866404715127701408e+01 -1.458212127608170337e-44 3.431898044874642295e+01
-1.866404715127701408e+01 -1.474148753849653838e-44 3.426937016488238896e+01
-1.866404715127701408e+01 -1.490171992190276843e-44 3.424910924387940980e+01
-1.866404715127701408e+01 -1.506281842630037609e-44 3.425844397637502681e+01
-1.866404715127701408e+01 -1.522478305168936883e-44 3.429761771976038887e+01
-1.866404715127701408e+01 -1.538761379806974914e-44 3.436687364208542306e+01
-1.866404715127701408e+01 -1.555131066544151205e-44 3.446645471406905159e+01
-1.866404715127701408e+01 -1.571587365380466252e-44 3.459660350327215639e+01
-1.866404715127701408e+01 -1.588130276315919310e-44 3.475756289219073381e+01
-1.866404715127701408e+01 -1.604759799350511374e-44 3.494957540209520630e+01
-1.866404715127701408e+01 -1.621475934484241697e-44 3.517288338194209985e+01
-1.866404715127701408e+01 -1.638278681717110777e-44 3.542772905794214466e+01
-1.866404715127701408e+01 -1.655168041049118116e-44 3.571435448533629398e+01
-1.866404715127701408e+01 -1.672144012480264212e-44 3.603300128044018891e+01
-1.866404715127701408e+01 -1.689206596010548816e-44 3.638391111053306304e+01
-1.866404715127701408e+01 -1.706355791639971182e-44 3.676732593060280152e+01
-1.866404715127701408e+01 -1.723591599368532802e-44 3.718348324134537819e+01
-1.866404715127701408e+01 -1.740914019196232931e-44 3.763262560436071880e+01
-1.866404715127701408e+01 -1.758323051123071070e-44 3.787301180184100247e+01
-1.866404715127701408e+01 -1.775818695149048215e-44 3.809702116155947493e+01
-1.866404715127701408e+01 -1.793400951274163619e-44 3.834835550340084609e+01
-1.866404715127701408e+01 -1.811069819498417282e-44 3.862722396638609723e+01
-1.866404715127701408e+01 -1.828825299821810200e-44 3.893382617085531905e+01
-1.866404715127701408e+01 -1.846667392244340631e-44 3.926835726939035709e+01
-1.866404715127701408e+01 -1.864596096766009818e-44 3.963102554522257748e+01
-1.866404715127701408e+01 -1.882611413386817763e-44 4.002202232864794951e+01
-1.866404715127701408e+01 -1.900713342106764713e-44 4.044155639254199741e+01
-1.866404715127701408e+01 -1.918901882925849176e-44 4.088982007794002271e+01
-1.866404715127701408e+01 -1.937177035844072894e-44 4.136702080218126554e+01
-1.866404715127701408e+01 -1.955538800861434622e-44 4.187334880453575892e+01
-1.866404715127701408e+01 -1.973987177977934859e-44 4.240901360175746504e+01
-1.866404715127701408e+01 -1.992522167193574101e-44 4.297420554795505865e+01
-1.866404715127701408e+01 -2.011143768508351104e-44 4.356912890768651891e+01
-1.866404715127701408e+01 -2.029851981922267612e-44 4.419398399957112389e+01
-1.866404715127701408e+01 -2.048646807435321631e-44 4.484896135056307287e+01
-1.866404715127701408e+01 -2.067528245047514657e-44 4.553426894601901154e+01
-1.866404715127701408e+01 -2.086496294758846440e-44 4.625010306264213256e+01
-1.866404715127701408e+01 -2.105550956569315735e-44 4.699665588360327462e+01
-9.419930589985126446e+00 -2.226302951055932710e-24 3.238199909561104306e+01
-9.419930589985126446e+00 -2.252341360737723941e-24 3.201786098184214779e+01
-9.419930589985126446e+00 -2.278531156522314523e-24 3.168004184750068575e+01
-9.419930589985126446e+00 -2.304872338409708131e-24 3.136879029698902954e+01
-9.419930589985126446e+00 -2.331364906399901458e-24 3.108434263099730899e+01
-9.419930589985126446e+00 -2.358008860492896709e-24 3.082695666639779120e+01
-9.419930589985126446e+00 -2.384804200688691678e-24 3.059687089750791600e+01
-9.419930589985126446e+00 -2.411750926987289674e-24 3.039433803129944067e+01
-9.419930589985126446e+00 -2.438849039388688123e-24 3.021959601366312853e+01
-9.419930589985126446e+00 -2.466098537892887026e-24 3.007289945030260014e+01
-9.419930589985126446e+00 -2.493499422499887118e-24 2.995448379006221629e+01
-9.419930589985126446e+00 -2.521051693209688398e-24 2.986459981001469544e+01
-9.419930589985126446e+00 -2.548755350022291970e-24 2.980349393224851795e+01
-9.419930589985126446e+00 -2.576610392937694893e-24 2.977140642015940131e+01
-9.419930589985126446e+00 -2.604616821955900107e-24 2.976858065135595055e+01
-9.419930589985126446e+00 -2.632774637076906510e-24 2.979526430967673889e+01
-9.419930589985126446e+00 -2.661083838300712999e-24 2.985170063534254226e+01
-9.419930589985126446e+00 -2.689544425627321412e-24 2.993813270623133960e+01
-9.419930589985126446e+00 -2.718156399056730279e-24 3.005480341940680233e+01
-9.419930589985126446e+00 -2.746919758588941436e-24 3.020195515944863374e+01
-9.419930589985126446e+00 -2.775834504223952313e-24 3.037983100014300675e+01
-9.419930589985126446e+00 -2.804900635961765113e-24 3.058867355446757585e+01
-9.419930589985126446e+00 -2.834118153802378734e-24 3.082872529731261579e+01
-9.419930589985126446e+00 -2.863487057745793545e-24 3.089705713625257033e+01
-9.419930589985126446e+00 -2.893007347792009543e-24 3.095721486209852102e+01
-9.419930589985126446e+00 -2.922679023941026364e-24 3.104319194012521876e+01
-9.419930589985126446e+00 -2.952502086192845107e-24 3.115519102123067441e+01
-9.419930589985126446e+00 -2.982476534547463570e-24 3.129341480986516899e+01
-9.419930589985126446e+00 -3.012602369004884324e-24 3.145806077718047433e+01
-9.419930589985126446e+00 -3.042879589565105899e-24 3.164933240415746951e+01
-9.419930589985126446e+00 -3.073308196228128295e-24 3.186743523522092758e+01
-9.419930589985126446e+00 -3.103888188993952247e-24 3.211257221361726977e+01
-9.419930589985126446e+00 -3.134619567862576654e-24 3.238493206262388924e+01
-9.419930589985126446e+00 -3.165502332834002616e-24 3.268472892644568617e+01
-9.419930589985126446e+00 -3.196536483908230135e-24 3.301216205092381273e+01
-9.419930589985126446e+00 -3.227722021085257740e-24 3.336742346059512698e+01
-9.419930589985126446e+00 -3.259058944365086534e-24 3.375072642410727042e+01
-9.419930589985126446e+00 -3.290547253747717251e-24 3.416225717307769116e+01
-9.419930589985126446e+00 -3.322186949233148789e-24 3.460222984015244663e+01
-9.419930589985126446e+00 -3.353978030821381516e-24 3.507083254580007292e+01
-9.419930589985126446e+00 -3.385920498512415065e-24 3.556827745267682417e+01
-9.419930589985126446e+00 -3.418014352306249435e-24 3.609474942715478107e+01
-9.419930589985126446e+00 -3.450259592202885361e-24 3.665046436757931048e+01
-9.419930589985126446e+00 -3.482656218202322843e-24 3.723560743236793513e+01
-9.419930589985126446e+00 -3.515204230304560411e-24 3.785038622831757493e+01
-9.419930589985126446e+00 -3.547903628509600271e-24 3.849500222304638442e+01
-9.419930589985126446e+00 -3.580754412817439482e-24 3.916964101477698534e+01
-9.419930589985126446e+00 -3.613756583228081719e-24 3.987451669508822505e+01
-9.419930589985126446e+00 -3.646910139741524777e-24 4.060982422704740458e+01
-9.419930589985126446e+00 -3.680215082357767187e-24 4.137575242635426775e+01
-6.299734748010610730e+00 -1.577799635328849906e-17 2.848378196195470480e+01
-6.299734748010610730e+00 -1.596253275378595321e-17 2.813594413763556190e+01
-6.299734748010610730e+00 -1.614814204033280554e-17 2.781458531835096082e+01
-6.299734748010610730e+00 -1.633482421292907146e-17 2.751995414251477001e+01
-6.299734748010610730e+00 -1.652257927157473247e-17 2.725228497993593635e+01
-6.299734748010610730e+00 -1.671140721626980707e-17 2.701183729524160526e+01
-6.299734748010610730e+00 -1.690130804701427368e-17 2.679884822969410152e+01
-6.299734748010610730e+00 -1.709228176380815387e-17 2.661357146731618428e+01
-6.299734748010610730e+00 -1.728432836665143841e-17 2.645624356936228949e+01
-6.299734748010610730e+00 -1.747744785554412113e-17 2.632712062460626257e+01
-6.299734748010610730e+00 -1.767164023048620818e-17 2.622643636869168304e+01
-6.299734748010610730e+00 -1.786690549147769958e-17 2.615444254847353278e+01
-6.299734748010610730e+00 -1.806324363851859840e-17 2.611138594894548248e+01
-6.299734748010610730e+00 -1.826065467160889540e-17 2.609750614699864713e+01
-6.299734748010610730e+00 -1.845913859074860290e-17 2.611304641299287255e+01
-6.299734748010610730e+00 -1.865869539593770857e-17 2.615825517398008770e+01
-6.299734748010610730e+00 -1.885932508717621859e-17 2.604194785646674504e+01
-6.299734748010610730e+00 -1.906102766446413295e-17 2.594661202525998078e+01
-6.299734748010610730e+00 -1.926380312780145165e-17 2.587580817758631468e+01
-6.299734748010610730e+00 -1.946765147718817777e-17 2.582973908003645391e+01
-6.299734748010610730e+00 -1.967257271262429899e-17 2.580860853415374478e+01
-6.299734748010610730e+00 -1.987856683410983071e-17 2.581261986584976498e+01
-6.299734748010610730e+00 -2.008563384164476369e-17 2.584197635162115247e+01
-6.299734748010610730e+00 -2.029377373522910102e-17 2.589688134514560858e+01
-6.299734748010610730e+00 -2.050298651486284576e-17 2.597753681373460921e+01
-6.299734748010610730e+00 -2.071327218054598868e-17 2.608414633667205962e+01
-6.299734748010610730e+00 -2.092463073227854211e-17 2.621691259481645631e+01
-6.299734748010610730e+00 -2.113706217006048755e-17 2.637603848785788685e+01
-6.299734748010610730e+00 -2.135056649389184657e-17 2.656172056673691273e+01
-6.299734748010610730e+00 -2.156514370377261302e-17 2.677416263208512603e+01
-6.299734748010610730e+00 -2.178079379970277456e-17 2.701357099887640700e+01
-6.299734748010610730e+00 -2.199751678168234661e-17 2.728014910497218892e+01
-6.299734748010610730e+00 -2.221531264971131376e-17 2.757408325217095779e+01
-6.299734748010610730e+00 -2.243418140378969448e-17 2.789559019654243599e+01
-6.299734748010610730e+00 -2.265412304391747339e-17 2.824486909015060121e+01
-6.299734748010610730e+00 -2.287513757009465356e-17 2.862211020692294738e+01
-6.299734748010610730e+00 -2.309722498232123806e-17 2.902752960645525349e+01
-6.299734748010610730e+00 -2.332038528059722999e-17 2.946131085186669907e+01
-6.299734748010610730e+00 -2.354461846492263242e-17 2.992367097641588103e+01
-6.299734748010610730e+00 -2.376992453529742687e-17 3.041479599157960578e+01
-6.299734748010610730e+00 -2.399630349172162874e-17 3.093490064425046526e+01
-6.299734748010610730e+00 -2.422375533419523495e-17 3.148416700633188015e+01
-6.299734748010610730e+00 -2.445228006271824242e-17 3.206281465673499298e+01
-6.299734748010610730e+00 -2.468187767729066039e-17 3.267102599309879452e+01
-6.299734748010610730e+00 -2.491254817791247654e-17 3.330901058735580023e+01
-6.299734748010610730e+00 -2.514429156458370011e-17 3.397697078613999366e+01
-6.299734748010610730e+00 -2.537710783730432186e-17 3.467508949811867325e+01
-6.299734748010610730e+00 -2.561099699607435412e-17 3.540358457119803859e+01
-6.299734748010610730e+00 -2.584595904089379071e-17 3.616265022049340416e+01
-6.299734748010610730e+00 -2.608199397176262240e-17 3.695247374032970811e+01
-4.732254047322540735e+00 -4.511247757072582480e-14 2.541229139256540037e+01
-4.732254047322540735e+00 -4.564010440255031338e-14 2.507182595864264840e+01
-4.732254047322540735e+00 -4.617079883223422780e-14 2.475800842328107620e+01
-4.732254047322540735e+00 -4.670456085977761855e-14 2.447108618713898665e+01
-4.732254047322540735e+00 -4.724139048518042253e-14 2.421129200923914482e+01
-4.732254047322540735e+00 -4.778128770844269652e-14 2.397888444370634176e+01
-4.732254047322540735e+00 -4.832425252956439004e-14 2.377409927058472761e+01
-4.732254047322540735e+00 -4.887028494854554726e-14 2.359718921749118792e+01
-4.732254047322540735e+00 -4.941938496538615558e-14 2.344838945238440431e+01
-4.732254047322540735e+00 -4.997155258008619604e-14 2.320535080395116267e+01
-4.732254047322540735e+00 -5.052678779264568128e-14 2.295247857760717025e+01
-4.732254047322540735e+00 -5.108509060306459867e-14 2.272286951620564821e+01
-4.732254047322540735e+00 -5.164646101134298608e-14 2.251672852558504800e+01
-4.732254047322540735e+00 -5.221089901748079934e-14 2.233425473528978600e+01
-4.732254047322540735e+00 -5.277840462147806998e-14 2.217565013663387674e+01
-4.732254047322540735e+00 -5.334897782333478541e-14 2.204112221314405318e+01
-4.732254047322540735e+00 -5.392261862305092667e-14 2.193087319751182918e+01
-4.732254047322540735e+00 -5.449932702062653795e-14 2.184510524900981210e+01
-4.732254047322540735e+00 -5.507910301606158139e-14 2.178402045516000740e+01
-4.732254047322540735e+00 -5.566194660935606960e-14 2.174782034508172046e+01
-4.732254047322540735e+00 -5.624785780050999627e-14 2.173670765061639543e+01
-4.732254047322540735e+00 -5.683683658952338034e-14 2.175088459789928308e+01
-4.732254047322540735e+00 -5.742888297639619025e-14 2.179055339795053214e+01
-4.732254047322540735e+00 -5.802399696112846387e-14 2.185591640575537298e+01
-4.732254047322540735e+00 -5.862217854372018857e-14 2.194717459172551699e+01
-4.732254047322540735e+00 -5.922342772417133912e-14 2.206453051092968920e+01
-4.732254047322540735e+00 -5.982774450248194075e-14 2.220818590935233061e+01
-4.732254047322540735e+00 -6.043512887865198084e-14 2.237834291054534930e+01
-4.732254047322540735e+00 -6.104558085268147202e-14 2.257519680075858304e+01
-4.732254047322540735e+00 -6.165910042457041429e-14 2.279895055684387017e+01
-4.732254047322540735e+00 -6.227568759431878239e-14 2.304980986897152917e+01
-4.732254047322540735e+00 -6.289534236192661421e-14 2.332797762539810549e+01
-4.732254047322540735e+00 -6.351806472739388448e-14 2.363363837418582492e+01
-4.732254047322540735e+00 -6.414385469072059323e-14 2.396700896331798702e+01
-4.732254047322540735e+00 -6.477271225190676567e-14 2.432828781335487278e+01
-4.732254047322540735e+00 -6.540463741095235134e-14 2.471766362964347863e+01
-4.732254047322540735e+00 -6.603963016785740072e-14 2.513535283811535237e+01
-4.732254047322540735e+00 -6.667769052262190118e-14 2.558153726059669708e+01
-4.732254047322540735e+00 -6.731881847524584010e-14 2.605643423334991837e+01
-4.732254047322540735e+00 -6.796301402572921749e-14 2.656022833395308069e+01
-4.732254047322540735e+00 -6.861027717407204596e-14 2.709313450275614343e+01
-4.732254047322540735e+00 -6.926060792027431290e-14 2.765533304197956710e+01
-4.732254047322540735e+00 -6.991400626433603092e-14 2.824704440145411510e+01
-4.732254047322540735e+00 -7.057047220625720002e-14 2.886844914648175120e+01
-4.732254047322540735e+00 -7.123000574603779497e-14 2.951975696155779616e+01
-4.732254047322540735e+00 -7.189260688367785363e-14 3.005229077384166203e+01
-4.732254047322540735e+00 -7.255827561917735075e-14 3.048558298780691089e+01
-4.732254047322540735e+00 -7.322701195253628633e-14 3.094273409848018019e+01
-4.732254047322540735e+00 -7.389881588375468562e-14 3.142390225990381225e+01
-4.732254047322540735e+00 -7.457368741283251075e-14 3.192923239917484679e+01
-3.789389708815317448e+00 -5.576810709946659401e-12 2.296858390875802058e+01
-3.789389708815317448e+00 -5.642036011792715925e-12 2.263202927719321167e+01
-3.789389708815317448e+00 -5.707640530509968404e-12 2.226799107139630252e+01
-3.789389708815317448e+00 -5.773624266098421686e-12 2.186029008856214162e+01
-3.789389708815317448e+00 -5.839987218558070115e-12 2.147465895087632504e+01
-3.789389708815317448e+00 -5.906729387888919347e-12 2.111131339155312148e+01
-3.789389708815317448e+00 -5.973850774090962918e-12 2.077044675552409103e+01
-3.789389708815317448e+00 -6.041351377164206483e-12 2.045227014165175206e+01
-3.789389708815317448e+00 -6.109231197108650043e-12 2.015697688056981463e+01
-3.789389708815317448e+00 -6.177490233924288751e-12 1.988477964032798795e+01
-3.789389708815317448e+00 -6.246128487611126645e-12 1.963586957990812820e+01
-3.789389708815317448e+00 -6.315145958169160494e-12 1.941045565211358337e+01
-3.789389708815317448e+00 -6.384542645598396761e-12 1.920874127761943129e+01
-3.789389708815317448e+00 -6.454318549898826560e-12 1.903092422785690729e+01
-3.789389708815317448e+00 -6.524473671070457161e-12 1.887720504925912834e+01
-3.789389708815317448e+00 -6.595008009113285334e-12 1.874778965957545651e+01
-3.789389708815317448e+00 -6.665921564027309461e-12 1.864287895293211150e+01
-3.789389708815317448e+00 -6.737214335812535199e-12 1.856267376155850002e+01
-3.789389708815317448e+00 -6.808886324468955276e-12 1.850737484488051265e+01
-3.789389708815317448e+00 -6.880937529996576156e-12 1.847718243663969062e+01
-3.789389708815317448e+00 -6.953367952395392991e-12 1.847229805764690980e+01
-3.789389708815317448e+00 -7.026177591665409012e-12 1.849292271073672467e+01
-3.789389708815317448e+00 -7.099366447806621797e-12 1.853925741050792908e+01
-3.789389708815317448e+00 -7.172934520819033768e-12 1.861150337167439162e+01
-3.789389708815317448e+00 -7.246881810702644118e-12 1.870986050669528566e+01
-3.789389708815317448e+00 -7.321208317457451231e-12 1.883453016050113860e+01
-3.789389708815317448e+00 -7.395914041083458339e-12 1.898571301338455797e+01
-3.789389708815317448e+00 -7.470998981580659786e-12 1.916361026052657479e+01
-3.789389708815317448e+00 -7.546463138949062035e-12 1.936841623616203378e+01
-3.789389708815317448e+00 -7.622306513188661856e-12 1.960033282454571690e+01
-3.789389708815317448e+00 -7.698529104299459247e-12 1.985956465209661204e+01
-3.789389708815317448e+00 -7.775130912281455825e-12 2.014631384354049715e+01
-3.789389708815317448e+00 -7.852111937134648358e-12 2.046076420174575006e+01
-3.789389708815317448e+00 -7.929472178859040078e-12 2.080313142482452804e+01
-3.789389708815317448e+00 -8.007211637454630985e-12 2.117361326528957832e+01
-3.789389708815317448e+00 -8.085330312921417846e-12 2.157239753275302974e+01
-3.789389708815317448e+00 -8.163828205259402279e-12 2.199969980793864011e+01
-3.789389708815317448e+00 -8.242705314468587514e-12 2.233244140177864168e+01
-3.789389708815317448e+00 -8.321961640548968704e-12 2.258869392888970395e+01
-3.789389708815317448e+00 -8.401597183500549081e-12 2.286771199597613702e+01
-3.789389708815317448e+00 -8.481611943323327029e-12 2.316967074863049803e+01
-3.789389708815317448e+00 -8.562005920017300932e-12 2.349471090622814629e+01
-3.789389708815317448e+00 -8.642779113582475638e-12 2.384301221697429440e+01
-3.789389708815317448e+00 -8.723931524018847914e-12 2.421471738572144616e+01
-3.789389708815317448e+00 -8.805463151326416146e-12 2.460999627120289546e+01
-3.789389708815317448e+00 -8.887373995505185180e-12 2.502901027236048392e+01
-3.789389708815317448e+00 -8.969664056555148553e-12 2.547190335987245291e+01
-3.789389708815317448e+00 -9.052333334476314345e-12 2.593885232249075301e+01
-3.789389708815317448e+00 -9.135381829268677707e-12 2.643001378891691644e+01
-3.789389708815317448e+00 -9.218809540932235409e-12 2.694553210355199369e+01
-3.159820389156827058e+00 -1.430517704837768531e-10 2.054323413466007864e+01
-3.159820389156827058e+00 -1.447248763851077790e-10 2.009003724382855083e+01
-3.159820389156827058e+00 -1.464077096463300607e-10 1.965880854244900888e+01
-3.159820389156827058e+00 -1.481002702674439308e-10 1.924975098847425770e+01
-3.159820389156827058e+00 -1.498025582484491567e-10 1.886305510184409684e+01
-3.159820389156827058e+00 -1.515145735893458935e-10 1.849893347551053679e+01
-3.159820389156827058e+00 -1.532363162901340377e-10 1.815757882623022113e+01
-3.159820389156827058e+00 -1.549677863508136928e-10 1.783919965936599183e+01
-3.159820389156827058e+00 -1.567089837713848071e-10 1.754398858796418637e+01
-3.159820389156827058e+00 -1.584599085518473546e-10 1.727215570349083862e+01
-3.159820389156827058e+00 -1.602205606922013356e-10 1.702389163087967106e+01
-3.159820389156827058e+00 -1.619909401924467757e-10 1.679940312134880642e+01
-3.159820389156827058e+00 -1.637710470525837525e-10 1.659889209827775147e+01
-3.159820389156827058e+00 -1.655608812726120850e-10 1.642255524873275618e+01
-3.159820389156827058e+00 -1.673604428525319802e-10 1.627059178172622111e+01
-3.159820389156827058e+00 -1.691697317923433087e-10 1.614320588199701945e+01
-3.159820389156827058e+00 -1.709887480920460188e-10 1.604059718920710509e+01
-3.159820389156827058e+00 -1.728174917516402656e-10 1.596296528430448447e+01
-3.159820389156827058e+00 -1.746559627711259199e-10 1.591050966452693416e+01
-3.159820389156827058e+00 -1.765041611505030850e-10 1.588342935975300207e+01
-3.159820389156827058e+00 -1.783620868897716318e-10 1.588192470384664645e+01
-3.159820389156827058e+00 -1.802297399889317412e-10 1.590619551317033853e+01
-3.159820389156827058e+00 -1.821071204479832322e-10 1.595644163556716144e+01
-3.159820389156827058e+00 -1.839942282669262082e-10 1.603286316524495092e+01
-3.159820389156827058e+00 -1.858910634457606433e-10 1.613565902091400162e+01
-3.159820389156827058e+00 -1.877976259844865118e-10 1.626502933256102779e+01
-3.159820389156827058e+00 -1.897139158831038912e-10 1.642117373389150004e+01
-3.159820389156827058e+00 -1.916399331416126522e-10 1.660429248261683099e+01
-3.159820389156827058e+00 -1.935756777600129499e-10 1.681457929121151551e+01
-3.159820389156827058e+00 -1.955211497383047068e-10 1.698753359033424459e+01
-3.159820389156827058e+00 -1.974763490764878712e-10 1.706947863602565363e+01
-3.159820389156827058e+00 -1.994412757745625464e-10 1.717318205800149400e+01
-3.159820389156827058e+00 -2.014159298325286032e-10 1.729878822883724609e+01
-3.159820389156827058e+00 -2.034003112503861451e-10 1.744647109710654220e+01
-3.159820389156827058e+00 -2.053944200281351979e-10 1.761638810155116985e+01
-3.159820389156827058e+00 -2.073982561657756581e-10 1.780868702960498595e+01
-3.159820389156827058e+00 -2.094118196633075516e-10 1.802354221807611623e+01
-3.159820389156827058e+00 -2.114351105207309819e-10 1.826109574698747195e+01
-3.159820389156827058e+00 -2.134681287380458713e-10 1.852152259897670916e+01
-3.159820389156827058e+00 -2.155108743152521424e-10 1.880496782007532630e+01
-3.159820389156827058e+00 -2.175633472523499243e-10 1.911160429903820912e+01
-3.159820389156827058e+00 -2.196255475493391396e-10 1.944157269060431759e+01
-3.159820389156827058e+00 -2.216974752062198140e-10 1.979505070199827799e+01
-3.159820389156827058e+00 -2.237791302229919993e-10 2.017218067389712033e+01
-3.159820389156827058e+00 -2.258705125996555662e-10 2.057313077301150273e+01
-3.159820389156827058e+00 -2.279716223362106957e-10 2.099806145582265771e+01
-3.159820389156827058e+00 -2.300824594326571551e-10 2.144711611630907910e+01
-3.159820389156827058e+00 -2.322030238889951254e-10 2.192047012815275409e+01
-3.159820389156827058e+00 -2.343333157052246583e-10 2.241827868876809049e+01
-3.159820389156827058e+00 -2.364733348813454693e-10 2.294068628535877608e+01
-2.709640616086708587e+00 -1.715623002868911595e-09 1.837618469041710156e+01
-2.709640616086708587e+00 -1.659029845734236366e-09 1.796398556888036779e+01
-2.709640616086708587e+00 -1.640498509136516552e-09 1.756300269130716529e+01
-2.709640616086708587e+00 -1.621837826997174634e-09 1.717397598140680870e+01
-2.709640616086708587e+00 -1.566258731628363616e-09 1.679609571677723423e+01
-2.709640616086708587e+00 -1.584158686126564027e-09 1.643131159794002727e+01
-2.709640616086708587e+00 -1.602160344911684783e-09 1.608967092179413427e+01
-2.709640616086708587e+00 -1.620263707983728367e-09 1.577137995004899196e+01
-2.709640616086708587e+00 -1.638468775342693536e-09 1.547663149199038202e+01
-2.709640616086708587e+00 -1.656775546988579671e-09 1.520563333351468316e+01
-2.709640616086708587e+00 -1.675184022921387393e-09 1.495857654232563583e+01
-2.709640616086708587e+00 -1.693694203141116494e-09 1.473566604080572162e+01
-2.709640616086708587e+00 -1.712306087647768215e-09 1.453710280137861943e+01
-2.709640616086708587e+00 -1.731019676441340488e-09 1.436308316617301983e+01
-2.709640616086708587e+00 -1.749834969521835175e-09 1.421380563191945257e+01
-2.709640616086708587e+00 -1.768751966889251241e-09 1.408947309397938064e+01
-2.709640616086708587e+00 -1.787770668543588272e-09 1.399028454132445631e+01
-2.709640616086708587e+00 -1.806891074484847924e-09 1.391643889980418081e+01
-2.709640616086708587e+00 -1.826113184713028129e-09 1.386813499230684599e+01
-2.709640616086708587e+00 -1.845436999228130539e-09 1.384557125153224177e+01
-2.709640616086708587e+00 -1.864862518030154330e-09 1.384894737686031974e+01
-2.709640616086708587e+00 -1.884389741119099706e-09 1.386059542424129809e+01
-2.709640616086708587e+00 -1.904018668494966669e-09 1.377376317697895836e+01
-2.709640616086708587e+00 -1.923749300157755217e-09 1.370776756084373105e+01
-2.709640616086708587e+00 -1.943581636107465766e-09 1.366276551857984245e+01
-2.709640616086708587e+00 -1.963515676344097487e-09 1.363891649095452507e+01
-2.709640616086708587e+00 -1.983551420867651208e-09 1.363637887449855057e+01
-2.709640616086708587e+00 -2.003688869678125688e-09 1.365531185671447822e+01
-2.709640616086708587e+00 -2.023928022775522581e-09 1.369586856963352339e+01
-2.709640616086708587e+00 -2.044268880159840647e-09 1.375820926916975040e+01
-2.709640616086708587e+00 -2.064711441831080713e-09 1.384249490237188240e+01
-2.709640616086708587e+00 -2.085255707789241951e-09 1.394888653575954862e+01
-2.709640616086708587e+00 -2.105901678034324776e-09 1.407752899272903946e+01
-2.709640616086708587e+00 -2.126649352566329186e-09 1.422859370711840299e+01
-2.709640616086708587e+00 -2.147498731385255597e-09 1.440223754749500884e+01
-2.709640616086708587e+00 -2.168449814491103180e-09 1.459860828009208689e+01
-2.709640616086708587e+00 -2.189502601883871936e-09 1.481787799175991616e+01
-2.709640616086708587e+00 -2.210657093563563105e-09 1.506018965430188672e+01
-2.709640616086708587e+00 -2.231913289530176274e-09 1.532571573321624570e+01
-2.709640616086708587e+00 -2.253271189783709788e-09 1.561460200552071598e+01
-2.709640616086708587e+00 -2.274730794324165716e-09 1.592701902761677246e+01
-2.709640616086708587e+00 -2.296292103151542816e-09 1.626310847098876877e+01
-2.709640616086708587e+00 -2.317955116265841502e-09 1.662304576113857024e+01
-2.709640616086708587e+00 -2.339719833667062189e-09 1.700697389654715153e+01
-2.709640616086708587e+00 -2.361586255355204047e-09 1.741505942556910469e+01
-2.709640616086708587e+00 -2.383554381330267906e-09 1.784746221693036006e+01
-2.709640616086708587e+00 -2.405624211592252937e-09 1.830432607367641751e+01
-2.709640616086708587e+00 -2.427795746141159555e-09 1.878582476221808051e+01
-2.709640616086708587e+00 -2.450068984976988585e-09 1.929211257841935989e+01
-2.709640616086708587e+00 -2.472443928099737962e-09 1.982333505053096800e+01
-2.371738859068780680e+00 -1.142953849411182456e-08 1.650286612441903245e+01
-2.371738859068780680e+00 -1.111415273582426605e-08 1.614113170032511135e+01
-2.371738859068780680e+00 -1.102096436193663572e-08 1.579050153403727030e+01
-2.371738859068780680e+00 -1.070780984083114340e-08 1.545115353462197483e+01
-2.371738859068780680e+00 -1.061278696785774538e-08 1.512195400372456078e+01
-2.371738859068780680e+00 -1.051662571346469606e-08 1.480469076707673182e+01
-2.371738859068780680e+00 -1.020572340423298598e-08 1.449636038620258205e+01
-2.371738859068780680e+00 -1.010812168137950201e-08 1.419966656346350042e+01
-2.371738859068780680e+00 -9.800475555420010264e-09 1.391289818347499363e+01
-2.371738859068780680e+00 -9.909977225951777672e-09 1.364064087487655108e+01
-2.371738859068780680e+00 -1.002008723909760922e-08 1.339270383736104719e+01
-2.371738859068780680e+00 -1.013080559485750822e-08 1.316929019619237096e+01
-2.371738859068780680e+00 -1.024213229323147468e-08 1.297060009894572730e+01
-2.371738859068780680e+00 -1.035406733421950197e-08 1.279682979320152114e+01
-2.371738859068780680e+00 -1.046661071782159836e-08 1.258063588870578009e+01
-2.371738859068780680e+00 -1.057976244403775890e-08 1.234670887844733755e+01
-2.371738859068780680e+00 -1.069352251286798358e-08 1.213288098436797036e+01
-2.371738859068780680e+00 -1.080789092431227736e-08 1.193930905325725789e+01
-2.371738859068780680e+00 -1.092286767837063198e-08 1.176614975768609384e+01
-2.371738859068780680e+00 -1.103845277504305571e-08 1.161355955961120934e+01
-2.371738859068780680e+00 -1.115464621432954192e-08 1.148169605240838109e+01
-2.371738859068780680e+00 -1.127144799623009393e-08 1.137071614210336534e+01
-2.371738859068780680e+00 -1.138885812074471174e-08 1.128077765323492443e+01
-2.371738859068780680e+00 -1.150687658787339535e-08 1.121203846144843830e+01
-2.371738859068780680e+00 -1.162550339761614475e-08 1.116465471666262488e+01
-2.371738859068780680e+00 -1.174473854997295830e-08 1.113878456982898868e+01
-2.371738859068780680e+00 -1.186458204494384095e-08 1.113458541889916553e+01
-2.371738859068780680e+00 -1.198503388252878113e-08 1.115221549786704891e+01
-2.371738859068780680e+00 -1.210609406272779372e-08 1.119182773067272052e+01
-2.371738859068780680e+00 -1.222776258554087211e-08 1.125358099734896911e+01
-2.371738859068780680e+00 -1.235003945096801133e-08 1.133763494677935846e+01
-2.371738859068780680e+00 -1.247292465900921966e-08 1.144414965018581398e+01
-2.371738859068780680e+00 -1.259641820966448883e-08 1.157327085220044260e+01
-2.371738859068780680e+00 -1.272052010293382710e-08 1.172516726696466094e+01
-2.371738859068780680e+00 -1.284523033881723117e-08 1.189999534278524074e+01
-2.371738859068780680e+00 -1.297054891731469772e-08 1.209790320817722886e+01
-2.371738859068780680e+00 -1.309647583842622842e-08 1.231906045118766713e+01
-2.371738859068780680e+00 -1.322301110215182822e-08 1.256361144852483491e+01
-2.371738859068780680e+00 -1.335015470849149548e-08 1.283172588879875242e+01
-2.371738859068780680e+00 -1.347790665744522357e-08 1.312355070427266668e+01
-2.371738859068780680e+00 -1.360626694901302077e-08 1.343925389403791115e+01
-2.371738859068780680e+00 -1.373523558319487880e-08 1.377897866988380926e+01
-2.371738859068780680e+00 -1.386481255999080428e-08 1.414289781667735824e+01
-2.371738859068780680e+00 -1.399499787940079722e-08 1.453115548877164542e+01
-2.371738859068780680e+00 -1.412579154142485098e-08 1.494391647176751903e+01
-2.371738859068780680e+00 -1.425719354606297551e-08 1.538134007298007511e+01
-2.371738859068780680e+00 -1.438920389331515922e-08 1.584357099225946186e+01
-2.371738859068780680e+00 -1.452182258318141369e-08 1.633078102791677821e+01
-2.371738859068780680e+00 -1.465504961566173561e-08 1.684312376237893716e+01
-2.371738859068780680e+00 -1.478888499075611506e-08 1.738074613855462047e+01
-2.108768035516093153e+00 -5.071301198878403580e-08 1.490392637573674151e+01
-2.108768035516093153e+00 -5.040658573202239617e-08 1.458982029225340327e+01
-2.108768035516093153e+00 -4.920525716864827204e-08 1.428704533307284308e+01
-2.108768035516093153e+00 -4.888638548135048577e-08 1.399477226015954834e+01
-2.108768035516093153e+00 -4.768516542146670302e-08 1.371258119369286987e+01
-2.108768035516093153e+00 -4.735489356993429623e-08 1.344147919391832957e+01
-2.108768035516093153e+00 -4.615544972218017128e-08 1.317943414135944202e+01
-2.108768035516093153e+00 -4.581482291981476260e-08 1.285174674132441908e+01
-2.108768035516093153e+00 -4.461880505892561194e-08 1.252296716995889625e+01
-2.108768035516093153e+00 -4.426886666852931116e-08 1.220247495233101276e+01
-2.108768035516093153e+00 -4.391385370476702867e-08 1.189169491541122525e+01
-2.108768035516093153e+00 -4.355389931743763908e-08 1.159053981621011786e+01
-2.108768035516093153e+00 -4.235679022454093602e-08 1.129867203874819737e+01
-2.108768035516093153e+00 -4.281970252777670685e-08 1.101673040103980483e+01
-2.108768035516093153e+00 -4.328513065874747098e-08 1.075493950627136641e+01
-2.108768035516093153e+00 -4.375307461745321518e-08 1.051345720119502403e+01
-2.108768035516093153e+00 -4.422353440389391299e-08 1.029243958829625782e+01
-2.108768035516093153e+00 -4.469651001806961072e-08 1.009204257771400748e+01
-2.108768035516093153e+00 -4.517200145998028190e-08 9.912421898001568366e+00
-2.108768035516093153e+00 -4.565000872962592654e-08 9.753733165122362436e+00
-2.108768035516093153e+00 -4.613053182700654464e-08 9.616133036744120233e+00
-2.108768035516093153e+00 -4.661357075212214280e-08 9.499777553824888088e+00
-2.108768035516093153e+00 -4.709912550497272104e-08 9.404823525030542086e+00
-2.108768035516093153e+00 -4.758719608555827274e-08 9.331427898678636979e+00
-2.108768035516093153e+00 -4.807778249387880451e-08 9.279746219670286678e+00
-2.108768035516093153e+00 -4.857088472993430973e-08 9.249935542694775137e+00
-2.108768035516093153e+00 -4.906650279372480164e-08 9.242152445925013282e+00
-2.108768035516093153e+00 -4.956463668525024715e-08 9.256554360442665441e+00
-2.108768035516093153e+00 -5.006528640451069259e-08 9.293294262287288277e+00
-2.108768035516093153e+00 -5.056845195150611810e-08 9.352529798607843503e+00
-2.108768035516093153e+00 -5.107413332623650383e-08 9.434419435669783027e+00
-2.108768035516093153e+00 -5.158233052870187625e-08 9.539122367822791659e+00
-2.108768035516093153e+00 -5.209304355890222213e-08 9.666785625179318941e+00
-2.108768035516093153e+00 -5.260627241683754808e-08 9.817575162225351093e+00
-2.108768035516093153e+00 -5.312201710250784748e-08 9.991647161155196244e+00
-2.108768035516093153e+00 -5.364027761591312034e-08 1.018915042962346007e+01
-2.108768035516093153e+00 -5.416105395705337327e-08 1.041025196981489565e+01
-2.108768035516093153e+00 -5.468434612592860627e-08 1.065509794406946575e+01
-2.108768035516093153e+00 -5.521015412253881935e-08 1.092385518186402216e+01
-2.108768035516093153e+00 -5.573847794688400587e-08 1.121667208710631058e+01
-2.108768035516093153e+00 -5.626931759896417248e-08 1.153371403820684193e+01
-2.108768035516093153e+00 -5.680267307877929930e-08 1.187512617041771534e+01
-2.108768035516093153e+00 -5.733854438632941943e-08 1.224107845740687317e+01
-2.108768035516093153e+00 -5.787693152161452625e-08 1.263171658956967036e+01
-2.108768035516093153e+00 -5.841783448463458667e-08 1.289781205487216553e+01
-2.108768035516093153e+00 -5.896125327538964701e-08 1.312415543113766780e+01
-2.108768035516093153e+00 -5.950718789387966096e-08 1.336837650392785193e+01
-2.108768035516093153e+00 -6.005563834010466822e-08 1.363059471737562234e+01
-2.108768035516093153e+00 -6.060660461406466216e-08 1.391091893802769341e+01
-2.108768035516093153e+00 -6.116008671575961633e-08 1.420944977336231396e+01
-1.898291537616145552e+00 -1.754172766473245585e-07 1.339322760652140154e+01
-1.898291537616145552e+00 -1.718830048259188173e-07 1.304367892595987222e+01
-1.898291537616145552e+00 -1.711004329002222974e-07 1.270283527751300312e+01
-1.898291537616145552e+00 -1.702947458419078209e-07 1.237275321389009264e+01
-1.898291537616145552e+00 -1.667100580122610804e-07 1.205102456267956157e+01
-1.898291537616145552e+00 -1.658574618815177022e-07 1.173960050867566984e+01
-1.898291537616145552e+00 -1.622538292132837233e-07 1.143721170759731365e+01
-1.898291537616145552e+00 -1.613571964072056662e-07 1.114403202770898993e+01
-1.898291537616145552e+00 -1.577394603943328351e-07 1.086084364805995151e+01
-1.898291537616145552e+00 -1.568016914268094408e-07 1.058549356177689660e+01
-1.898291537616145552e+00 -1.558441603233758980e-07 1.032013043111393280e+01
-1.898291537616145552e+00 -1.521987095146064250e-07 1.006346471558146050e+01
-1.898291537616145552e+00 -1.512040094047854929e-07 9.815291282010004892e+00
-1.898291537616145552e+00 -1.501909464211609418e-07 9.576769960907963508e+00
-1.898291537616145552e+00 -1.465271086837326386e-07 9.346082793368029940e+00
-1.898291537616145552e+00 -1.454808947289359776e-07 9.124109729709651617e+00
-1.898291537616145552e+00 -1.444177465431385113e-07 8.911445117969657659e+00
-1.898291537616145552e+00 -1.433380334631414657e-07 8.707976417826966298e+00
-1.898291537616145552e+00 -1.448628954307643041e-07 8.525080225493233854e+00
-1.898291537616145552e+00 -1.463958254511259194e-07 8.363558891049944322e+00
-1.898291537616145552e+00 -1.479368235242262853e-07 8.223568936165573717e+00
-1.898291537616145552e+00 -1.494858896500653751e-07 8.105266336875381228e+00
-1.898291537616145552e+00 -1.510430238286432155e-07 8.008807688091302168e+00
-1.898291537616145552e+00 -1.526082260599598063e-07 7.934349803802501100e+00
-1.898291537616145552e+00 -1.541814963440151741e-07 7.882048400340357475e+00
-1.898291537616145552e+00 -1.557628346808092131e-07 7.852060235750684569e+00
-1.898291537616145552e+00 -1.573522410703420819e-07 7.844541845441991512e+00
-1.898291537616145552e+00 -1.589497155126135953e-07 7.859650609421260370e+00
-1.898291537616145552e+00 -1.605552580076239651e-07 7.897540372858613544e+00
-1.898291537616145552e+00 -1.621688685553730325e-07 7.958368309994622969e+00
-1.898291537616145552e+00 -1.637905471558608239e-07 8.042292439445667185e+00
-1.898291537616145552e+00 -1.654202938090873923e-07 8.149471806430629073e+00
-1.898291537616145552e+00 -1.670581085150526582e-07 8.280055589692818074e+00
-1.898291537616145552e+00 -1.687039912737567276e-07 8.434207641108120157e+00
-1.898291537616145552e+00 -1.703579420851995210e-07 8.612084612223215530e+00
-1.898291537616145552e+00 -1.720199609493810119e-07 8.738434356884852150e+00
-1.898291537616145552e+00 -1.736900478663012798e-07 8.800262240160067861e+00
-1.898291537616145552e+00 -1.753682028359603512e-07 8.879395697191952763e+00
-1.898291537616145552e+00 -1.770544258583581201e-07 8.975951117653847788e+00
-1.898291537616145552e+00 -1.787487169334946131e-07 9.090031094106096887e+00
-1.898291537616145552e+00 -1.804510760613699095e-07 9.221751027769474973e+00
-1.898291537616145552e+00 -1.821615032419838769e-07 9.371210955794831321e+00
-1.898291537616145552e+00 -1.838799984753366478e-07 9.538529772972552223e+00
-1.898291537616145552e+00 -1.856065617614281693e-07 9.723808041560856097e+00
-1.898291537616145552e+00 -1.873411931002583882e-07 9.927160627038182028e+00
-1.898291537616145552e+00 -1.890838924918273842e-07 1.014869646967229677e+01
-1.898291537616145552e+00 -1.908346599361350777e-07 1.038851860531821281e+01
-1.898291537616145552e+00 -1.925934954331815746e-07 1.064674452778007741e+01
-1.898291537616145552e+00 -1.943603989829668220e-07 1.092348217403293020e+01
-1.898291537616145552e+00 -1.961353705854907670e-07 1.121883399408665483e+01
-1.726017441860465240e+00 -5.087805027579999394e-07 1.167225336123273394e+01
-1.726017441860465240e+00 -5.000372951106806877e-07 1.136701114065582630e+01
-1.726017441860465240e+00 -4.912584970781538974e-07 1.107211964130259396e+01
-1.726017441860465240e+00 -4.896591513366540879e-07 1.078537411779801758e+01
-1.726017441860465240e+00 -4.807685412414866956e-07 1.050886956123964033e+01
-1.726017441860465240e+00 -4.790240762400047470e-07 1.024113092887548859e+01
-1.726017441860465240e+00 -4.700330171960966172e-07 9.982698987079977826e+00
-1.726017441860465240e+00 -4.681498510400254388e-07 9.733464692783647010e+00
-1.726017441860465240e+00 -4.590698211205457915e-07 9.492806240234571646e+00
-1.726017441860465240e+00 -4.570545020377389232e-07 9.261568600694340958e+00
-1.726017441860465240e+00 -4.478970799030929485e-07 9.038409793569343265e+00
-1.726017441860465240e+00 -4.457562769087897290e-07 8.824657895998168300e+00
-1.726017441860465240e+00 -4.365331272707687123e-07 8.618753531042820271e+00
-1.726017441860465240e+00 -4.342736207335876403e-07 8.421984943985295402e+00
-1.726017441860465240e+00 -4.249964796491282452e-07 8.233117629438741147e+00
-1.726017441860465240e+00 -4.226251517542812044e-07 8.052829601738615395e+00
-1.726017441860465240e+00 -4.133058117418642095e-07 7.880823916280522035e+00
-1.726017441860465240e+00 -4.108296368475054162e-07 7.716523504842108139e+00
-1.726017441860465240e+00 -4.014799318187626207e-07 7.561243079581976723e+00
-1.726017441860465240e+00 -3.989059667011245286e-07 7.412444714803355872e+00
-1.726017441860465240e+00 -3.962845909426551051e-07 7.272670104186145679e+00
-1.726017441860465240e+00 -4.004341395229025275e-07 7.150995896545397912e+00
-1.726017441860465240e+00 -4.046053003353387741e-07 7.051583848650949449e+00
-1.726017441860465240e+00 -4.087980733799637921e-07 6.974590772576755526e+00
-1.726017441860465240e+00 -4.130124586567776872e-07 6.920172665750211394e+00
-1.726017441860465240e+00 -4.172484561657802477e-07 6.888486132782505322e+00
-1.726017441860465240e+00 -4.215060659069717383e-07 6.879687783634860665e+00
-1.726017441860465240e+00 -4.257852878803517885e-07 6.794417012188130656e+00
-1.726017441860465240e+00 -4.300861220859207687e-07 6.708545928926799462e+00
-1.726017441860465240e+00 -4.344085685236786791e-07 6.639510028067283187e+00
-1.726017441860465240e+00 -4.387526271936251490e-07 6.587418583674943484e+00
-1.726017441860465240e+00 -4.431182980957604961e-07 6.552380227676835922e+00
-1.726017441860465240e+00 -4.475055812300846144e-07 6.534497491850981277e+00
-1.726017441860465240e+00 -4.519144765965975570e-07 6.533883103257257297e+00
-1.726017441860465240e+00 -4.563449841952992709e-07 6.550644936351558201e+00
-1.726017441860465240e+00 -4.607971040261897031e-07 6.584885761801414716e+00
-1.726017441860465240e+00 -4.652708360892689066e-07 6.636719537130856494e+00
-1.726017441860465240e+00 -4.697661803845370402e-07 6.706248811901415863e+00
-1.726017441860465240e+00 -4.742831369119939980e-07 6.793587074155709615e+00
-1.726017441860465240e+00 -4.788217056716395683e-07 6.898838568582609909e+00
-1.726017441860465240e+00 -4.833818866634740687e-07 7.022116027749312650e+00
-1.726017441860465240e+00 -4.879636798874971816e-07 7.163521644696853485e+00
-1.726017441860465240e+00 -4.925670853437092246e-07 7.323171482908904295e+00
-1.726017441860465240e+00 -4.971921030321100918e-07 7.501167865620456787e+00
-1.726017441860465240e+00 -5.018387329526995715e-07 7.697623657004218245e+00
-1.726017441860465240e+00 -5.065069751054781930e-07 7.912647676522734486e+00
-1.726017441860465240e+00 -5.111968294904452153e-07 8.146344113289657685e+00
-1.726017441860465240e+00 -5.159082961076011677e-07 8.398828496746618910e+00
-1.726017441860465240e+00 -5.206413749569460501e-07 8.670208079075337082e+00
-1.726017441860465240e+00 -5.253960660384795451e-07 8.960587276181344762e+00
-1.582410260681269332e+00 -1.267197888581466181e-06 1.020304655508620684e+01
-1.582410260681269332e+00 -1.248380683239683327e-06 9.942287191118495571e+00
-1.582410260681269332e+00 -1.246089484569224131e-06 9.690772626372213594e+00
-1.582410260681269332e+00 -1.226909831609129174e-06 9.447796115227488301e+00
-1.582410260681269332e+00 -1.207601343245504653e-06 9.214254871157573135e+00
-1.582410260681269332e+00 -1.188173138488360107e-06 8.990143798012979914e+00
-1.582410260681269332e+00 -1.185084131194975362e-06 8.774114590858056673e+00
-1.582410260681269332e+00 -1.165345824314360061e-06 8.567018486346938744e+00
-1.582410260681269332e+00 -1.145511898052131749e-06 8.369215859392646450e+00
-1.582410260681269332e+00 -1.141879420244678720e-06 8.179171708478794045e+00
-1.582410260681269332e+00 -1.121774120846696816e-06 7.997842428544003290e+00
-1.582410260681269332e+00 -1.117810812766216219e-06 7.825598841688173657e+00
-1.582410260681269332e+00 -1.097458299487835608e-06 7.660353240486374560e+00
-1.582410260681269332e+00 -1.077050025432752638e-06 7.504250207069601331e+00
-1.582410260681269332e+00 -1.072602364542672418e-06 7.355792769649839968e+00
-1.582410260681269332e+00 -1.051986884922349540e-06 7.215354430755375859e+00
-1.582410260681269332e+00 -1.047244883739943820e-06 7.083235604756688453e+00
-1.582410260681269332e+00 -1.026447137250942431e-06 6.958154271356200127e+00
-1.582410260681269332e+00 -1.021425017986211774e-06 6.841793708545590214e+00
-1.582410260681269332e+00 -1.000470210712625685e-06 6.643010446183607698e+00
-1.582410260681269332e+00 -9.951824766241866026e-07 6.449744300654664642e+00
-1.582410260681269332e+00 -9.897727883569564163e-07 6.263560334714156852e+00
-1.582410260681269332e+00 -9.842428197049900082e-07 6.084389342083870389e+00
-1.582410260681269332e+00 -9.785942698768285000e-07 5.912161689059178826e+00
-1.582410260681269332e+00 -9.728288631106320468e-07 5.746807058889052300e+00
-1.582410260681269332e+00 -9.828065297752761336e-07 5.597612264974483942e+00
-1.582410260681269332e+00 -9.928351029024952970e-07 5.465330265827848422e+00
-1.582410260681269332e+00 -1.002914582492288690e-06 5.350067697025238544e+00
-1.582410260681269332e+00 -1.013044968544657160e-06 5.251931450550300085e+00
-1.582410260681269332e+00 -1.023226261059600495e-06 5.171027221874505919e+00
-1.582410260681269332e+00 -1.033458460037118059e-06 5.107463335974694374e+00
-1.582410260681269332e+00 -1.043741565477210700e-06 5.061348214513177624e+00
-1.582410260681269332e+00 -1.054075577379877782e-06 5.032786218460654659e+00
-1.582410260681269332e+00 -1.064460495745119729e-06 5.021887689275388311e+00
-1.582410260681269332e+00 -1.074896320572936541e-06 5.028760690858874227e+00
-1.582410260681269332e+00 -1.085383051863327583e-06 5.053509333552566929e+00
-1.582410260681269332e+00 -1.095920689616293702e-06 5.096245287098468246e+00
-1.582410260681269332e+00 -1.106509233831834685e-06 5.157073492923594848e+00
-1.582410260681269332e+00 -1.117148684509950321e-06 5.236104926854866726e+00
-1.582410260681269332e+00 -1.127839041650640399e-06 5.333445806924866694e+00
-1.582410260681269332e+00 -1.138580305253905554e-06 5.449206581296712315e+00
-1.582410260681269332e+00 -1.149372475319744726e-06 5.583491929302507373e+00
-1.582410260681269332e+00 -1.160215551848159399e-06 5.736415402561631183e+00
-1.582410260681269332e+00 -1.171109534839148513e-06 5.908081444394722048e+00
-1.582410260681269332e+00 -1.182054424292712068e-06 6.014947626073623432e+00
-1.582410260681269332e+00 -1.193050220208850912e-06 6.110997607560555878e+00
-1.582410260681269332e+00 -1.204096922587563985e-06 6.221255250398867176e+00
-1.582410260681269332e+00 -1.215194531428851924e-06 6.345801027264895033e+00
-1.582410260681269332e+00 -1.226343046732714939e-06 6.484708196272723768e+00
-1.582410260681269332e+00 -1.237542468499151971e-06 6.638049732201388053e+00
-1.460864216515454395e+00 -2.865579141724041403e-06 8.954918217681424153e+00
-1.460864216515454395e+00 -2.828708618910547123e-06 8.737622758160618730e+00
-1.460864216515454395e+00 -2.791432586362989947e-06 8.529349590184297725e+00
-1.460864216515454395e+00 -2.753767935754337521e-06 8.330027351786565504e+00
-1.460864216515454395e+00 -2.715731721374484147e-06 8.139583935063564368e+00
-1.460864216515454395e+00 -2.711922889177179968e-06 7.957792962025063588e+00
-1.460864216515454395e+00 -2.673056673873674393e-06 7.784000858153319768e+00
-1.460864216515454395e+00 -2.633863792696436676e-06 7.618815523258454903e+00
-1.460864216515454395e+00 -2.594361899726962273e-06 7.462192391023643623e+00
-1.460864216515454395e+00 -2.554568787047657493e-06 7.314103717182126374e+00
-1.460864216515454395e+00 -2.548591102628382993e-06 7.173903834304360849e+00
-1.460864216515454395e+00 -2.508096494450600306e-06 6.955640102698325222e+00
-1.460864216515454395e+00 -2.501369322990434130e-06 6.744336846332636526e+00
-1.460864216515454395e+00 -2.460218770058783532e-06 6.540616190105223993e+00
-1.460864216515454395e+00 -2.452766455653718023e-06 6.342988630482350842e+00
-1.460864216515454395e+00 -2.445003067006074177e-06 6.153181768659348627e+00
-1.460864216515454395e+00 -2.402854108684789582e-06 5.970122621078731484e+00
-1.460864216515454395e+00 -2.394399046470748758e-06 5.793553986311491322e+00
-1.460864216515454395e+00 -2.385643837080602135e-06 5.624556249258592544e+00
-1.460864216515454395e+00 -2.342585031486885380e-06 5.461956232935877509e+00
-1.460864216515454395e+00 -2.333173199271482356e-06 5.305768297667580846e+00
-1.460864216515454395e+00 -2.323472833991187677e-06 5.156901580057817291e+00
-1.460864216515454395e+00 -2.279595396736264311e-06 5.014638912079178112e+00
-1.460864216515454395e+00 -2.269274967401124267e-06 4.878173175405497553e+00
-1.460864216515454395e+00 -2.258678277832590555e-06 4.748780324206490100e+00
-1.460864216515454395e+00 -2.247808379644235795e-06 4.626375630536209371e+00
-1.460864216515454395e+00 -2.202897154316175123e-06 4.509450242351536353e+00
-1.460864216515454395e+00 -2.191455034356337281e-06 4.398899230626291512e+00
-1.460864216515454395e+00 -2.179752795315226112e-06 4.295091573405441565e+00
-1.460864216515454395e+00 -2.201659720978409477e-06 4.204932386586087034e+00
-1.460864216515454395e+00 -2.223676181269907771e-06 4.132538455541369338e+00
-1.460864216515454395e+00 -2.245802176189722686e-06 4.078018480782640509e+00
-1.460864216515454395e+00 -2.268037705737852530e-06 4.041479126542858680e+00
-1.460864216515454395e+00 -2.290382769914299419e-06 4.023028930263656378e+00
-1.460864216515454395e+00 -2.312837368719061659e-06 4.022776620516475887e+00
-1.460864216515454395e+00 -2.335401502152140098e-06 3.974923905615892927e+00
-1.460864216515454395e+00 -2.358075170213533888e-06 3.928687049850827506e+00
-1.460864216515454395e+00 -2.380858372903244300e-06 3.896376879875644406e+00
-1.460864216515454395e+00 -2.403751110221270487e-06 3.878067878862162754e+00
-1.460864216515454395e+00 -2.426753382167612026e-06 3.873833459114846889e+00
-1.460864216515454395e+00 -2.449865188742270186e-06 3.883748482049551143e+00
-1.460864216515454395e+00 -2.473086529945243698e-06 3.907885636732105095e+00
-1.460864216515454395e+00 -2.496417405776533409e-06 3.946322274311618639e+00
-1.460864216515454395e+00 -2.519857816236139318e-06 3.999130616218227630e+00
-1.460864216515454395e+00 -2.543407761324060155e-06 4.066386907725883404e+00
-1.460864216515454395e+00 -2.567067241040298460e-06 4.148166029910122177e+00
-1.460864216515454395e+00 -2.590836255384850847e-06 4.244541405487521679e+00
-1.460864216515454395e+00 -2.614714804357720279e-06 4.355591571832226450e+00
-1.460864216515454395e+00 -2.638702887958906334e-06 4.481389570172336079e+00
-1.460864216515454395e+00 -2.662800506188406892e-06 4.622010447156027269e+00
-1.356658336308461221e+00 -6.009317739622095173e-06 7.956324225738498512e+00
-1.356658336308461221e+00 -5.941580617725888063e-06 7.781227668851418144e+00
-1.356658336308461221e+00 -5.872884934263921816e-06 7.614804980294499259e+00
-1.356658336308461221e+00 -5.803260232670861676e-06 7.399468790362185189e+00
-1.356658336308461221e+00 -5.801116548370814639e-06 7.166951901248835632e+00
-1.356658336308461221e+00 -5.729562993712868930e-06 6.942191419909375938e+00
-1.356658336308461221e+00 -5.725676839286050257e-06 6.725184841494385779e+00
-1.356658336308461221e+00 -5.652266612435665131e-06 6.514818584170355642e+00
-1.356658336308461221e+00 -5.578053574613159896e-06 6.312642447924417866e+00
-1.356658336308461221e+00 -5.571480070768601780e-06 6.116776924658951842e+00
-1.356658336308461221e+00 -5.495534932971011704e-06 5.928801694669147970e+00
-1.356658336308461221e+00 -5.487316479700816555e-06 5.747511367036391761e+00
-1.356658336308461221e+00 -5.409717284587810874e-06 5.573578682518196104e+00
-1.356658336308461221e+00 -5.399892986253175958e-06 5.406495640725147211e+00
-1.356658336308461221e+00 -5.320719972663789829e-06 5.246468359705705353e+00
-1.356658336308461221e+00 -5.309330678424658103e-06 5.093223048317866208e+00
-1.356658336308461221e+00 -5.228666221892715748e-06 4.946992963634419205e+00
-1.356658336308461221e+00 -5.215754488021133654e-06 4.807223763710311459e+00
-1.356658336308461221e+00 -5.133683039904895106e-06 4.674709868431481397e+00
-1.356658336308461221e+00 -5.119293091268450026e-06 4.548059659256324494e+00
-1.356658336308461221e+00 -5.104274888541222662e-06 4.429152728606807088e+00
-1.356658336308461221e+00 -5.020078807105045113e-06 4.315336459440347383e+00
-1.356658336308461221e+00 -5.003643240393856752e-06 4.209001550180355267e+00
-1.356658336308461221e+00 -4.918247493042166990e-06 4.108708644583469294e+00
-1.356658336308461221e+00 -4.900442693237606599e-06 4.014612376568977403e+00
-1.356658336308461221e+00 -4.882045182091064311e-06 3.927761144116648673e+00
-1.356658336308461221e+00 -4.794814068153210498e-06 3.810686721516028719e+00
-1.356658336308461221e+00 -4.775113627538349382e-06 3.673579487815741729e+00
-1.356658336308461221e+00 -4.754842380430051952e-06 3.541945474133249228e+00
-1.356658336308461221e+00 -4.734005707567818239e-06 3.415735456736435083e+00
-1.356658336308461221e+00 -4.712609105728483791e-06 3.294902377308620345e+00
-1.356658336308461221e+00 -4.690658186819489534e-06 3.179399978200151633e+00
-1.356658336308461221e+00 -4.668158676964762971e-06 3.069181469072783663e+00
-1.356658336308461221e+00 -4.645116415583073491e-06 2.964199221812204410e+00
-1.356658336308461221e+00 -4.690656500359923786e-06 2.872850149798832575e+00
-1.356658336308461221e+00 -4.736418731891782074e-06 2.795655496678453478e+00
-1.356658336308461221e+00 -4.782403110178650049e-06 2.732688532638204659e+00
-1.356658336308461221e+00 -4.828609635220526864e-06 2.684024850177550992e+00
-1.356658336308461221e+00 -4.875038307017413366e-06 2.649736809639349211e+00
-1.356658336308461221e+00 -4.921689125569307861e-06 2.629900021409391719e+00
-1.356658336308461221e+00 -4.968562090876212889e-06 2.624587291264047995e+00
-1.356658336308461221e+00 -5.015657202938125064e-06 2.633873959932189646e+00
-1.356658336308461221e+00 -5.062974461755047772e-06 2.657835109542716623e+00
-1.356658336308461221e+00 -5.110513867326979320e-06 2.696545309028827830e+00
-1.356658336308461221e+00 -5.158275419653919708e-06 2.750079354576262514e+00
-1.356658336308461221e+00 -5.206259118735868936e-06 2.818512460476259918e+00
-1.356658336308461221e+00 -5.254464964572826157e-06 2.901919902256901995e+00
-1.356658336308461221e+00 -5.302892957164794759e-06 3.000378520181277597e+00
-1.356658336308461221e+00 -5.351543096511771354e-06 3.113961469153263106e+00
-1.356658336308461221e+00 -5.400415382613755942e-06 3.242745995112487734e+00
-1.266328978938949579e+00 -1.182078499665884400e-05 6.813845049498622686e+00
-1.266328978938949579e+00 -1.195903861679503749e-05 6.566371493335699583e+00
-1.266328978938949579e+00 -1.209809603704829376e-05 6.339701594595367418e+00
-1.266328978938949579e+00 -1.223795725741862807e-05 6.133974472003994372e+00
-1.266328978938949579e+00 -1.211083274780840787e-05 5.939597023198849968e+00
-1.266328978938949579e+00 -1.198169678288392670e-05 5.752842319542082805e+00
-1.266328978938949579e+00 -1.185060122124559103e-05 5.573708188950959652e+00
-1.266328978938949579e+00 -1.185063213422291999e-05 5.401393554364056548e+00
-1.266328978938949579e+00 -1.171557601815479881e-05 5.236135884163158671e+00
-1.266328978938949579e+00 -1.157869581364133581e-05 5.078419279433799893e+00
-1.266328978938949579e+00 -1.157326553570838872e-05 4.927819157112439008e+00
-1.266328978938949579e+00 -1.143263450059112802e-05 4.783585729032769684e+00
-1.266328978938949579e+00 -1.129032120799794085e-05 4.646851164560408698e+00
-1.266328978938949579e+00 -1.127960476930897582e-05 4.516965619662835607e+00
-1.266328978938949579e+00 -1.113376161322981572e-05 4.393379638992308323e+00
-1.266328978938949579e+00 -1.098638415616557046e-05 4.277298159943604183e+00
-1.266328978938949579e+00 -1.097057024705427682e-05 4.167147371546460199e+00
-1.266328978938949579e+00 -1.081989480818456865e-05 4.058861667483292912e+00
-1.266328978938949579e+00 -1.080095755898447336e-05 3.903687030738656638e+00
-1.266328978938949579e+00 -1.078072534344340830e-05 3.754718820264543844e+00
-1.266328978938949579e+00 -1.062514174646928225e-05 3.610636822425647541e+00
-1.266328978938949579e+00 -1.060188149911771894e-05 3.472124232306465608e+00
-1.266328978938949579e+00 -1.057735511641680624e-05 3.339637689217506811e+00
-1.266328978938949579e+00 -1.041713782612882647e-05 3.212564593921801936e+00
-1.266328978938949579e+00 -1.038968544135870135e-05 3.090272227248478387e+00
-1.266328978938949579e+00 -1.036099857231539600e-05 2.973828350457077718e+00
-1.266328978938949579e+00 -1.033108456623124528e-05 2.863170695564463575e+00
-1.266328978938949579e+00 -1.016493030405184657e-05 2.757431107377739110e+00
-1.266328978938949579e+00 -1.013222597060301221e-05 2.656619154023278195e+00
-1.266328978938949579e+00 -1.009832972135176439e-05 2.561420945984396624e+00
-1.266328978938949579e+00 -1.006324994208212383e-05 2.471774906584041531e+00
-1.266328978938949579e+00 -9.891638079705591195e-06 2.387500432903039815e+00
-1.266328978938949579e+00 -9.853914433665582348e-06 2.307393233213476780e+00
-1.266328978938949579e+00 -9.815045954758380454e-06 2.232675142188521367e+00
-1.266328978938949579e+00 -9.775042041034255646e-06 2.163286743110870436e+00
-1.266328978938949579e+00 -9.733912316350938759e-06 2.099167533189956636e+00
-1.266328978938949579e+00 -9.691666629108518330e-06 2.040256166131279247e+00
-1.266328978938949579e+00 -9.512402988236865999e-06 1.985786329079119561e+00
-1.266328978938949579e+00 -9.603867875586452688e-06 1.937824651053430713e+00
-1.266328978938949579e+00 -9.695770393975988686e-06 1.904697982513200216e+00
-1.266328978938949579e+00 -9.788110543405473992e-06 1.886477560179769641e+00
-1.266328978938949579e+00 -9.880888323874908606e-06 1.883241603475416692e+00
-1.266328978938949579e+00 -9.974103735384295917e-06 1.895063367667288112e+00
-1.266328978938949579e+00 -1.006775677793363254e-05 1.922020029725628687e+00
-1.266328978938949579e+00 -1.016184745152291677e-05 1.964185371534160174e+00
-1.266328978938949579e+00 -1.025637575615215539e-05 2.021635231003719113e+00
-1.266328978938949579e+00 -1.035134169182134163e-05 2.094447059388778509e+00
-1.266328978938949579e+00 -1.044674525853047887e-05 2.182696350785749750e+00
-1.266328978938949579e+00 -1.054258645627956711e-05 2.286456780734132277e+00
-1.266328978938949579e+00 -1.063886528506860297e-05 2.405807995272031707e+00
-1.187277385490220549e+00 -2.297564901172190405e-05 5.901450424520206184e+00
-1.187277385490220549e+00 -2.324436776870351479e-05 5.639578504830630834e+00
-1.187277385490220549e+00 -2.351464884403966303e-05 5.399091889872143391e+00
-1.187277385490220549e+00 -2.378649223773036573e-05 5.180131136149478621e+00
-1.187277385490220549e+00 -2.405989794977560255e-05 4.982832313969776550e+00
-1.187277385490220549e+00 -2.433486598017539382e-05 4.807338052979030607e+00
-1.187277385490220549e+00 -2.461139632892971922e-05 4.653788209256497055e+00
-1.187277385490220549e+00 -2.462881636517795099e-05 4.519083124844634369e+00
-1.187277385490220549e+00 -2.438285543047992828e-05 4.392000454713158142e+00
-1.187277385490220549e+00 -2.413283976468524482e-05 4.247176875943923235e+00
-1.187277385490220549e+00 -2.413915564286923609e-05 4.078446467765894923e+00
-1.187277385490220549e+00 -2.388109589362411353e-05 3.915193821219034920e+00
-1.187277385490220549e+00 -2.388059180611355306e-05 3.758383201389762007e+00
-1.187277385490220549e+00 -2.361470533748935425e-05 3.606686353227732678e+00
-1.187277385490220549e+00 -2.360747501714028986e-05 3.461520794081375918e+00
-1.187277385490220549e+00 -2.333398841860620775e-05 3.321329490395459771e+00
-1.187277385490220549e+00 -2.332013247144579035e-05 3.187541509366107029e+00
-1.187277385490220549e+00 -2.303928145822068012e-05 3.058831910428346568e+00
-1.187277385490220549e+00 -2.301890730072864291e-05 2.936159293421563898e+00
-1.187277385490220549e+00 -2.273093661149589825e-05 2.818930512050174642e+00
-1.187277385490220549e+00 -2.270415840630899288e-05 2.707118781435773780e+00
-1.187277385490220549e+00 -2.240932169816630692e-05 2.601401287128527251e+00
-1.187277385490220549e+00 -2.237626028813122860e-05 2.500206634868238353e+00
-1.187277385490220549e+00 -2.234061471725770379e-05 2.405335894242969896e+00
-1.187277385490220549e+00 -2.203560286913325492e-05 2.315251368912032870e+00
-1.187277385490220549e+00 -2.199383992493826666e-05 2.230616352499249722e+00
-1.187277385490220549e+00 -2.194954134312545344e-05 2.152081502759640941e+00
-1.187277385490220549e+00 -2.163484774315530012e-05 2.077507072943126420e+00
-1.187277385490220549e+00 -2.158461079098254504e-05 2.008845425754453462e+00
-1.187277385490220549e+00 -2.126406483829670037e-05 1.945949339766299246e+00
-1.187277385490220549e+00 -2.120803541510357635e-05 1.886957382516897930e+00
-1.187277385490220549e+00 -2.114957043677361957e-05 1.833704888030604607e+00
-1.187277385490220549e+00 -2.108868321659628271e-05 1.786118551375296626e+00
-1.187277385490220549e+00 -2.075620656110269425e-05 1.742535708342204614e+00
-1.187277385490220549e+00 -2.068977772403157291e-05 1.704165070565142326e+00
-1.187277385490220549e+00 -2.062099136907272957e-05 1.671250022623449238e+00
-1.187277385490220549e+00 -2.028046244059435134e-05 1.643345911523766301e+00
-1.187277385490220549e+00 -2.020635181728881559e-05 1.619365761006135385e+00
-1.187277385490220549e+00 -2.012995364698247453e-05 1.600637647662704666e+00
-1.187277385490220549e+00 -2.005128476630270987e-05 1.587093820098387953e+00
-1.187277385490220549e+00 -1.970047113453608567e-05 1.578656542645339389e+00
-1.187277385490220549e+00 -1.961676599998046262e-05 1.573683414601114494e+00
-1.187277385490220549e+00 -1.980182880559412084e-05 1.576832493829175341e+00
-1.187277385490220549e+00 -1.998776045067075330e-05 1.595527509883360340e+00
-1.187277385490220549e+00 -2.017456093521035660e-05 1.629841736985209844e+00
-1.187277385490220549e+00 -2.036223025921294092e-05 1.679851999010994579e+00
-1.187277385490220549e+00 -2.055076842267849609e-05 1.745638292677973213e+00
-1.187277385490220549e+00 -2.074017542560702888e-05 1.827275204272490905e+00
-1.187277385490220549e+00 -2.093045126799853930e-05 1.924837394616106367e+00
-1.187277385490220549e+00 -2.112159594985301718e-05 2.038407171409716945e+00
-1.117515586401599759e+00 -4.806251670088324636e-05 5.398360738356828392e+00
-1.117515586401599759e+00 -4.862464662107310646e-05 5.109367372506365967e+00
-1.117515586401599759e+00 -4.919004473847335109e-05 4.818828415586201785e+00
-1.117515586401599759e+00 -4.975871105308402091e-05 4.545384367933805514e+00
-1.117515586401599759e+00 -5.033064556490507527e-05 4.289125614750770588e+00
-1.117515586401599759e+00 -5.090584827393656160e-05 4.050144689659026298e+00
-1.117515586401599759e+00 -5.148431918017841213e-05 3.828535566409583701e+00
-1.117515586401599759e+00 -5.206605828363070819e-05 3.624390935325017882e+00
-1.117515586401599759e+00 -5.265106558429341588e-05 3.437803274656963559e+00
-1.117515586401599759e+00 -5.323934108216650133e-05 3.268868179303819677e+00
-1.117515586401599759e+00 -5.383088477724999843e-05 3.117677953960695802e+00
-1.117515586401599759e+00 -5.387377302934579382e-05 2.984298954132674098e+00
-1.117515586401599759e+00 -5.391080002627871498e-05 2.858658088922279461e+00
-1.117515586401599759e+00 -5.338697125904177379e-05 2.739303758166899527e+00
-1.117515586401599759e+00 -5.340929711139430123e-05 2.626007235026088793e+00
-1.117515586401599759e+00 -5.286797626405953673e-05 2.517646444797162264e+00
-1.117515586401599759e+00 -5.231818984654970466e-05 2.415656064074803488e+00
-1.117515586401599759e+00 -5.231735977306934191e-05 2.318829973099431729e+00
-1.117515586401599759e+00 -5.175079118592907973e-05 2.227695010831111322e+00
-1.117515586401599759e+00 -5.173572705953361639e-05 2.142377104537733334e+00
-1.117515586401599759e+00 -5.115282198859438567e-05 2.061978496392563365e+00
-1.117515586401599759e+00 -5.112371674028482409e-05 1.987841764510719589e+00
-1.117515586401599759e+00 -5.052493998417269890e-05 1.918085707223372349e+00
-1.117515586401599759e+00 -5.048200056854710367e-05 1.854809138396799728e+00
-1.117515586401599759e+00 -4.986783590775725381e-05 1.795629398431947799e+00
-1.117515586401599759e+00 -4.981128322112844269e-05 1.742900104455517685e+00
-1.117515586401599759e+00 -4.918223328326322180e-05 1.694256372992608561e+00
-1.117515586401599759e+00 -4.911230207949119557e-05 1.651771013259566212e+00
-1.117515586401599759e+00 -4.846888820046402815e-05 1.613659388076269519e+00
-1.117515586401599759e+00 -4.838582700438848514e-05 1.581125995295996400e+00
-1.117515586401599759e+00 -4.772858908538223462e-05 1.553571270268212068e+00
-1.117515586401599759e+00 -4.763266010373151660e-05 1.530709440622285200e+00
-1.117515586401599759e+00 -4.696215646368388259e-05 1.513783162350412770e+00
-1.117515586401599759e+00 -4.685363549332897373e-05 1.500330169213091702e+00
-1.117515586401599759e+00 -4.673986998539017324e-05 1.492657855435173930e+00
-1.117515586401599759e+00 -4.604961905011258912e-05 1.489845860234453978e+00
-1.117515586401599759e+00 -4.592364135408864633e-05 1.491167394847725092e+00
-1.117515586401599759e+00 -4.579253538993200502e-05 1.498023281466382972e+00
-1.117515586401599759e+00 -4.508362655283941174e-05 1.509273726300645047e+00
-1.117515586401599759e+00 -4.494071507032394404e-05 1.524742520255224276e+00
-1.117515586401599759e+00 -4.479280269059472490e-05 1.545497370641651047e+00
-1.117515586401599759e+00 -4.406637754002236493e-05 1.570876160812981759e+00
-1.117515586401599759e+00 -4.390709291404498640e-05 1.599896072128831337e+00
-1.117515586401599759e+00 -4.374294576113883331e-05 1.633974657226391125e+00
-1.117515586401599759e+00 -4.357396916960497990e-05 1.673025911385859432e+00
-1.117515586401599759e+00 -4.340019714193996396e-05 1.716968221685063467e+00
-1.117515586401599759e+00 -4.380204867583479135e-05 1.776437905055347377e+00
-1.117515586401599759e+00 -4.420575206011623714e-05 1.852152005100332399e+00
-1.117515586401599759e+00 -4.461130729478430135e-05 1.944186340945424085e+00
-1.117515586401599759e+00 -4.501871437983895010e-05 2.052625859087828797e+00
-1.055496916837953547e+00 -1.291966304815011417e-04 5.021666356675117626e+00
-1.055496916837953547e+00 -1.307076893391416299e-04 4.691270689754247769e+00
-1.055496916837953547e+00 -1.322275334226985966e-04 4.378355661899091089e+00
-1.055496916837953547e+00 -1.337561627321721502e-04 4.083015183719838959e+00
-1.055496916837953547e+00 -1.352935772675621553e-04 3.805343321809981028e+00
-1.055496916837953547e+00 -1.368397770288687202e-04 3.545432474272909751e+00
-1.055496916837953547e+00 -1.383947620160917366e-04 3.303379746180045817e+00
-1.055496916837953547e+00 -1.399585322292313128e-04 3.079278472812231549e+00
-1.055496916837953547e+00 -1.415310876682874489e-04 2.873224251093581483e+00
-1.055496916837953547e+00 -1.431124283332600364e-04 2.685312892820720165e+00
-1.055496916837953547e+00 -1.447025542241491295e-04 2.515640195029977377e+00
-1.055496916837953547e+00 -1.463014653409547554e-04 2.364301090825523310e+00
-1.055496916837953547e+00 -1.479091616836769412e-04 2.231394413400558996e+00
-1.055496916837953547e+00 -1.495256432523155783e-04 2.117017163888343489e+00
-1.055496916837953547e+00 -1.511509100468707483e-04 2.021265419724155521e+00
-1.055496916837953547e+00 -1.512807449040754631e-04 1.943436584653109644e+00
-1.055496916837953547e+00 -1.513947399466363062e-04 1.873546122987193474e+00
-1.055496916837953547e+00 -1.499796411945905682e-04 1.808698277127112952e+00
-1.055496916837953547e+00 -1.485401273598660184e-04 1.749724599597707542e+00
-1.055496916837953547e+00 -1.485903398219399140e-04 1.696646152979249145e+00
-1.055496916837953547e+00 -1.471032722106023298e-04 1.647949462256590891e+00
-1.055496916837953547e+00 -1.455929877765189972e-04 1.605138362003998509e+00
-1.055496916837953547e+00 -1.455806773263084830e-04 1.568011313304001675e+00
-1.055496916837953547e+00 -1.440246560261642750e-04 1.535249861604822907e+00
-1.055496916837953547e+00 -1.424466893095793709e-04 1.508434233432915939e+00
-1.055496916837953547e+00 -1.423732639318340436e-04 1.486434984096371981e+00
-1.055496916837953547e+00 -1.407515046999265941e-04 1.469510691259247714e+00
-1.055496916837953547e+00 -1.406404894027682114e-04 1.458158011769106643e+00
-1.055496916837953547e+00 -1.389761595275587440e-04 1.450997569142033594e+00
-1.055496916837953547e+00 -1.388280984630022030e-04 1.449924640323967395e+00
-1.055496916837953547e+00 -1.371224707750898838e-04 1.452423172477369739e+00
-1.055496916837953547e+00 -1.353979695244296975e-04 1.461116643493001188e+00
-1.055496916837953547e+00 -1.351923430965854466e-04 1.473366295970194972e+00
-1.055496916837953547e+00 -1.334287752414589699e-04 1.491759696090757092e+00
-1.055496916837953547e+00 -1.331877685324711939e-04 1.513448610173704356e+00
-1.055496916837953547e+00 -1.329322033919192944e-04 1.541119150959024742e+00
-1.055496916837953547e+00 -1.311108262151565766e-04 1.572344588173479440e+00
-1.055496916837953547e+00 -1.308207596805494488e-04 1.608942761451511716e+00
-1.055496916837953547e+00 -1.289636820648560158e-04 1.649790372390962601e+00
-1.055496916837953547e+00 -1.286398416096860755e-04 1.695015266057879888e+00
-1.055496916837953547e+00 -1.267485884750510104e-04 1.745581675987469605e+00
-1.055496916837953547e+00 -1.263917378875181264e-04 1.784803162912807162e+00
-1.055496916837953547e+00 -1.260210489723220795e-04 1.761514567614196336e+00
-1.055496916837953547e+00 -1.256365901027829235e-04 1.741567336509624475e+00
-1.055496916837953547e+00 -1.252384321139489616e-04 1.724932110693947029e+00
-1.055496916837953547e+00 -1.248266483000352108e-04 1.711585920888325951e+00
-1.055496916837953547e+00 -1.244013144118324293e-04 1.701511472238774525e+00
-1.055496916837953547e+00 -1.239625086540873051e-04 1.694682391184604064e+00
-1.055496916837953547e+00 -1.235103116828514726e-04 1.691075326615327779e+00
-1.055496916837953547e+00 -1.230448066028002002e-04 1.690678690878759438e+00
-1.000000000000000000e+00 -inf 4.978292566793034446e+00
-1.000000000000000000e+00 -inf 4.628235898308297180e+00
-1.000000000000000000e+00 -inf 4.296141688136115633e+00
-1.000000000000000000e+00 -inf 3.982105798417705067e+00
-1.000000000000000000e+00 -inf 3.686226259390835480e+00
-1.000000000000000000e+00 -inf 3.408595905440225504e+00
-1.000000000000000000e+00 -inf 3.149315291543341111e+00
-1.000000000000000000e+00 -inf 2.908478898080604225e+00
-1.000000000000000000e+00 -inf 2.686185755998387492e+00
-1.000000000000000000e+00 -inf 2.482532427187222890e+00
-1.000000000000000000e+00 -inf 2.297618489515237172e+00
-1.000000000000000000e+00 -inf 2.131540028358002825e+00
-1.000000000000000000e+00 -inf 1.984397916830783704e+00
-1.000000000000000000e+00 -inf 1.856291782907208532e+00
-1.000000000000000000e+00 -inf 1.747320142049654246e+00
-1.000000000000000000e+00 -inf 1.657582808872230418e+00
-1.000000000000000000e+00 -inf 1.587180377422850341e+00
-1.000000000000000000e+00 -inf 1.536213333610459753e+00
-1.000000000000000000e+00 -inf 1.504781170380840694e+00
-1.000000000000000000e+00 -inf 1.483058903453246202e+00
-1.000000000000000000e+00 -inf 1.466798488292992086e+00
-1.000000000000000000e+00 -inf 1.456010465878471383e+00
-1.000000000000000000e+00 -inf 1.450318838468922955e+00
-1.000000000000000000e+00 -inf 1.449249487350161569e+00
-1.000000000000000000e+00 -inf 1.453604640646460888e+00
-1.000000000000000000e+00 -inf 1.463420628908606247e+00
-1.000000000000000000e+00 -inf 1.477459977658012846e+00
-1.000000000000000000e+00 -inf 1.496619617226425669e+00
-1.000000000000000000e+00 -inf 1.521264079756173615e+00
-1.000000000000000000e+00 -inf 1.549867243815488793e+00
-1.000000000000000000e+00 -inf 1.583619544731841522e+00
-1.000000000000000000e+00 -inf 1.622523828503534826e+00
-1.000000000000000000e+00 -inf 1.597780985747832228e+00
-1.000000000000000000e+00 -inf 1.566517702596771588e+00
-1.000000000000000000e+00 -inf 1.539043613298976654e+00
-1.000000000000000000e+00 -inf 1.515314709718322606e+00
-1.000000000000000000e+00 -inf 1.494573127462771156e+00
-1.000000000000000000e+00 -inf 1.477001118935467039e+00
-1.000000000000000000e+00 -inf 1.463065911874116054e+00
-1.000000000000000000e+00 -inf 1.452732106558163760e+00
-1.000000000000000000e+00 -inf 1.445951147423014449e+00
-1.000000000000000000e+00 -inf 1.442487354731734950e+00
-1.000000000000000000e+00 -inf 1.441717447955747966e+00
-1.000000000000000000e+00 -inf 1.444420310209782343e+00
-1.000000000000000000e+00 -inf 1.450552961503577487e+00
-1.000000000000000000e+00 -inf 1.460079250087483294e+00
-1.000000000000000000e+00 -inf 1.472968309153432465e+00
-1.000000000000000000e+00 -inf 1.489180052618056527e+00
-1.000000000000000000e+00 -inf 1.508676386370928491e+00
-1.000000000000000000e+00 -inf 1.531281165913927600e+00
