-1.666666666666666644e-02 4.033644643107883211e-03 3.383728226585270615e+00
-1.666666666666666644e-02 4.139359594055538709e-03 2.722444996024757646e+00
-1.666666666666666644e-02 4.227933217497931682e-03 2.142606995750227838e+00
-1.666666666666666644e-02 4.297940128068314727e-03 1.638650337097645515e+00
-1.666666666666666644e-02 4.347960345917194734e-03 1.215946820723529331e+00
-1.666666666666666644e-02 4.461184935190151864e-03 8.587088615082337784e-01
-1.666666666666666644e-02 4.562105792889123608e-03 5.732801582827329323e-01
-1.666666666666666644e-02 4.649772695151173536e-03 3.502514258286906212e-01
-1.666666666666666644e-02 4.723238086335356661e-03 1.860521365514308245e-01
-1.666666666666666644e-02 4.781557317236618566e-03 8.205480884264029773e-02
-1.666666666666666644e-02 4.936291574457080632e-03 2.939641630561734900e-02
-1.666666666666666644e-02 4.967523558605259001e-03 1.859245873434229104e-02
-1.666666666666666644e-02 5.105696921138627026e-03 6.042102812602537926e-02
-1.666666666666666644e-02 5.106698401955825188e-03 1.481716701582390938e-01
-1.666666666666666644e-02 5.225783943414195193e-03 2.603811505625680534e-01
-1.666666666666666644e-02 5.337725053179791061e-03 4.154598102107472934e-01
-1.666666666666666644e-02 5.442047485111488510e-03 6.066510959058201147e-01
-1.666666666666666644e-02 5.538277828256874848e-03 8.288300490698747858e-01
-1.666666666666666644e-02 5.625943555742307645e-03 1.078442851125871682e+00
-1.666666666666666644e-02 5.704573078445999805e-03 1.353270078904735829e+00
-1.666666666666666644e-02 5.773695804099307667e-03 1.652875271359977027e+00
-1.666666666666666644e-02 5.832842202572530339e-03 1.978166092719607860e+00
-1.666666666666666644e-02 5.881543878236300017e-03 2.331860799633752368e+00
-1.666666666666666644e-02 6.122700711658216749e-03 2.690471596172284929e+00
-1.666666666666666644e-02 6.157164625222808114e-03 3.053490393753943266e+00
-1.666666666666666644e-02 6.179933584104094386e-03 3.449447571226181175e+00
-1.610169491525423671e-02 4.071153613794491893e-03 3.047231797624788463e+00
-1.610169491525423671e-02 4.161516388436194321e-03 2.433915319726094761e+00
-1.610169491525423671e-02 4.234058374378771653e-03 1.902113663060280180e+00
-1.610169491525423671e-02 4.364382394186958232e-03 1.444087492168246278e+00
-1.610169491525423671e-02 4.402088157506704909e-03 1.056532373268805447e+00
-1.610169491525423671e-02 4.505016056511827911e-03 7.343961222745649664e-01
-1.610169491525423671e-02 4.595265089477810865e-03 4.778640607002705987e-01
-1.610169491525423671e-02 4.671916411905860898e-03 2.820495096120562151e-01
-1.610169491525423671e-02 4.734053808769367669e-03 1.467818948469627460e-01
-1.610169491525423671e-02 4.889701444058556189e-03 5.874397349443075816e-02
-1.610169491525423671e-02 4.925914087414302346e-03 1.750544493886322175e-02
-1.610169491525423671e-02 5.065834412401042965e-03 2.970041221025310901e-02
-1.610169491525423671e-02 5.073073123885526829e-03 8.221413957472274714e-02
-1.610169491525423671e-02 5.194815562928088021e-03 1.672209757557079901e-01
-1.610169491525423671e-02 5.309793066222655983e-03 2.966811022463028413e-01
-1.610169491525423671e-02 5.417545722654646366e-03 4.632703410489901197e-01
-1.610169491525423671e-02 5.517614370884022824e-03 6.612176564442671101e-01
-1.610169491525423671e-02 5.609540641885071670e-03 8.862449410476451739e-01
-1.610169491525423671e-02 5.692867005524086289e-03 1.135362264198857440e+00
-1.610169491525423671e-02 5.767136821703349424e-03 1.407248150509255558e+00
-1.610169491525423671e-02 5.831894396688056328e-03 1.701849792293871566e+00
-1.610169491525423671e-02 5.886685045339198549e-03 2.020809773218418037e+00
-1.610169491525423671e-02 5.931055160104452446e-03 2.367052689406084820e+00
-1.610169491525423671e-02 6.169357089583977702e-03 2.734684395146982805e+00
-1.610169491525423671e-02 6.199480974755993204e-03 3.088157394205560013e+00
-1.610169491525423671e-02 6.217973510790155735e-03 3.475008910733079048e+00
-1.557377049180327759e-02 4.068183769146136927e-03 3.377918292923796528e+00
-1.557377049180327759e-02 4.164571532105143525e-03 2.737630918417108372e+00
-1.557377049180327759e-02 4.243982822045565609e-03 2.172004976809912336e+00
-1.557377049180327759e-02 4.305080253520005527e-03 1.679801401589954057e+00
-1.557377049180327759e-02 4.425934852330178082e-03 1.266354639109382951e+00
-1.557377049180327759e-02 4.451337205599776442e-03 9.121828893836884111e-01
-1.557377049180327759e-02 4.544004306953682883e-03 6.225089316633213299e-01
-1.557377049180327759e-02 4.623640818233157486e-03 3.954172800386725473e-01
-1.557377049180327759e-02 4.689357344452800384e-03 2.293259460173891207e-01
-1.557377049180327759e-02 4.845857159926091756e-03 1.075964316687903349e-01
-1.557377049180327759e-02 4.886741113259763548e-03 3.662671248490859816e-02
-1.557377049180327759e-02 5.028296611370937190e-03 2.077506514142095362e-02
-1.557377049180327759e-02 5.041387612570551180e-03 3.951189816827731932e-02
-1.557377049180327759e-02 5.165620221275060014e-03 9.911564500316448478e-02
-1.557377049180327759e-02 5.283444488214853949e-03 2.048371883209812450e-01
-1.557377049180327759e-02 5.394414022270190186e-03 3.488434623084274988e-01
-1.557377049180327759e-02 5.349611235678237119e-03 5.158353251695438901e-01
-1.557377049180327759e-02 5.438818030198473708e-03 7.124680112786228037e-01
-1.557377049180327759e-02 5.519691436141873665e-03 9.402563068673137625e-01
-1.557377049180327759e-02 5.591788559037639411e-03 1.197832961606459357e+00
-1.557377049180327759e-02 5.830866471504480945e-03 1.469204064361562700e+00
-1.557377049180327759e-02 5.891374025716445903e-03 1.757930644150214272e+00
-1.557377049180327759e-02 5.941923369351949195e-03 2.069515756869620304e+00
-1.557377049180327759e-02 5.982074782345996565e-03 2.407653349136557264e+00
-1.557377049180327759e-02 6.011389643606005959e-03 2.778505988434115448e+00
-1.557377049180327759e-02 6.243590648183675387e-03 3.129488953388866790e+00
-1.557377049180327759e-02 6.257915932874441069e-03 3.505388620431568292e+00
-1.507936507936508130e-02 4.103852732719260980e-03 3.040176234629470731e+00
-1.507936507936508130e-02 4.185356238555912323e-03 2.446644877860693956e+00
-1.507936507936508130e-02 4.249239010824575752e-03 1.930205671966336523e+00
-1.507936507936508130e-02 4.371230132723045482e-03 1.478422684786517838e+00
-1.507936507936508130e-02 4.482600248193310301e-03 1.103651064273465821e+00
-1.507936507936508130e-02 4.495709550755081808e-03 7.817900705459788213e-01
-1.507936507936508130e-02 4.578148803309968658e-03 5.239140670488865448e-01
-1.507936507936508130e-02 4.647227070634054463e-03 3.275920347722536263e-01
-1.507936507936508130e-02 4.804523726770353748e-03 1.738265864424851370e-01
-1.507936507936508130e-02 4.849797434530794468e-03 7.394883156704161464e-02
-1.507936507936508130e-02 4.992886612351205532e-03 3.160849478597189260e-02
-1.507936507936508130e-02 5.011479317489776764e-03 1.806657709305316273e-02
-1.507936507936508130e-02 5.138050451430517876e-03 5.400496649927728765e-02
-1.507936507936508130e-02 5.258548929198547141e-03 1.377908751980886082e-01
-1.507936507936508130e-02 5.234851519204650194e-03 2.421832113289839605e-01
-1.507936507936508130e-02 5.335523395129513312e-03 3.803682113279108212e-01
-1.507936507936508130e-02 5.428683239810164901e-03 5.523541971063176126e-01
-1.507936507936508130e-02 5.513899830880727125e-03 7.544100717782367127e-01
-1.507936507936508130e-02 5.590742695347006644e-03 9.843893080627681424e-01
-1.507936507936508130e-02 5.658782155478860043e-03 1.241320655092969183e+00
-1.507936507936508130e-02 5.717589379363484554e-03 1.525803373705550969e+00
-1.507936507936508130e-02 5.952023701044945915e-03 1.821108392670966802e+00
-1.507936507936508130e-02 5.998436257896332981e-03 2.124530303229604122e+00
-1.507936507936508130e-02 6.034472052109866695e-03 2.454622656363862898e+00
-1.507936507936508130e-02 6.059705478388021337e-03 2.817134155512558635e+00
-1.507936507936508130e-02 6.289338168897705937e-03 3.176096125082405575e+00
-1.507936507936508130e-02 6.299595953683715180e-03 3.541311751203565894e+00
-1.461538461538461516e-02 4.108248878792153738e-03 3.352818400704148161e+00
-1.461538461538461516e-02 4.195958274021445791e-03 2.733657689229727961e+00
-1.461538461538461516e-02 4.266835885473126318e-03 2.182852176396597788e+00
-1.461538461538461516e-02 4.319622125694463043e-03 1.703413983327081382e+00
-1.461538461538461516e-02 4.432508933314850685e-03 1.295361503876625742e+00
-1.461538461538461516e-02 4.450131350471204540e-03 9.536427213307976380e-01
-1.461538461538461516e-02 4.535207040555272115e-03 6.655950471618169439e-01
-1.461538461538461516e-02 4.701712341330802417e-03 4.377424271920232202e-01
-1.461538461538461516e-02 4.765492076160858514e-03 2.555623384500226858e-01
-1.461538461538461516e-02 4.814898555895379823e-03 1.276889998360393186e-01
-1.461538461538461516e-02 4.959428995403708344e-03 6.038154683807710893e-02
-1.461538461538461516e-02 4.983203221239015240e-03 1.607707774457541386e-02
-1.461538461538461516e-02 5.111974562495076591e-03 3.002372549250510031e-02
-1.461538461538461516e-02 5.107332086685196365e-03 7.968810373893328580e-02
-1.461538461538461516e-02 5.218106663485692735e-03 1.568888851923039840e-01
-1.461538461538461516e-02 5.322145483822418241e-03 2.731965902440877114e-01
-1.461538461538461516e-02 5.419028535412156664e-03 4.231462576409604215e-01
-1.461538461538461516e-02 5.508336444665756435e-03 6.024054498910861311e-01
-1.461538461538461516e-02 5.589650513241212378e-03 8.081232866140732884e-01
-1.461538461538461516e-02 5.662552758081144250e-03 1.038576512959773490e+00
-1.461538461538461516e-02 5.726625955391764777e-03 1.293515119240401745e+00
-1.461538461538461516e-02 5.781453689097028337e-03 1.573786745343271232e+00
-1.461538461538461516e-02 5.826620404393792994e-03 1.881921688498308320e+00
-1.461538461538461516e-02 6.056116302005361100e-03 2.186776352872487728e+00
-1.461538461538461516e-02 6.088130876285712152e-03 2.507978177426448241e+00
-1.461538461538461516e-02 6.109375216914032965e-03 2.860157628725509049e+00
-1.461538461538461516e-02 6.336585440281554751e-03 3.228759271317879431e+00
-1.417910447761194098e-02 4.141855200099491506e-03 3.014550294941244157e+00
-1.417910447761194098e-02 4.215077552971198578e-03 2.440176163519005570e+00
-1.417910447761194098e-02 4.270855759027135032e-03 1.939187088382025692e+00
-1.417910447761194098e-02 4.385169699739272127e-03 1.498550557572865483e+00
-1.417910447761194098e-02 4.488917521708026860e-03 1.127748726728344586e+00
-1.417910447761194098e-02 4.581279464518573513e-03 8.166261591228552996e-01
-1.417910447761194098e-02 4.661437526772184078e-03 5.589957468541042473e-01
-1.417910447761194098e-02 4.728575610268865442e-03 3.511503740633946102e-01
-1.417910447761194098e-02 4.781879684015215293e-03 1.962586200476001963e-01
-1.417910447761194098e-02 4.820537971850598867e-03 1.001166854709665127e-01
-1.417910447761194098e-02 4.956429560835350426e-03 3.191557950372149455e-02
-1.417910447761194098e-02 5.087274608638704676e-03 2.547894113799979016e-02
-1.417910447761194098e-02 5.088585381687065270e-03 3.866129295618062761e-02
-1.417910447761194098e-02 5.202210649146592897e-03 9.559969109110795504e-02
-1.417910447761194098e-02 5.309425500923569546e-03 1.922319914885880221e-01
-1.417910447761194098e-02 5.409821224139146900e-03 3.225692658480480146e-01
-1.417910447761194098e-02 5.502989684229286742e-03 4.817391497519789012e-01
-1.417910447761194098e-02 5.588523357047196251e-03 6.662523785924635567e-01
-1.417910447761194098e-02 5.666015363937204966e-03 8.737101465445490378e-01
-1.417910447761194098e-02 5.735059510158458697e-03 1.103096201464581538e+00
-1.417910447761194098e-02 5.795250327098482035e-03 1.354448300081947831e+00
-1.417910447761194098e-02 5.846183118790244590e-03 1.629353161533368066e+00
-1.417910447761194098e-02 5.887454013335297574e-03 1.931541868228028314e+00
-1.417910447761194098e-02 6.114867775767978894e-03 2.256291422937796831e+00
-1.417910447761194098e-02 6.142947789281119793e-03 2.566628560834866679e+00
-1.417910447761194098e-02 6.160287832529146718e-03 2.908540283651370295e+00
-1.417910447761194098e-02 6.385209396099432097e-03 3.288355601375509529e+00
-1.376811594202898524e-02 4.090666530477710117e-03 3.305491862412552884e+00
-1.376811594202898524e-02 4.166100900505479918e-03 2.707025970112437285e+00
-1.376811594202898524e-02 4.295385528652968278e-03 2.178552334614184627e+00
-1.376811594202898524e-02 4.340362302142722686e-03 1.711443491709109921e+00
-1.376811594202898524e-02 4.445879505880960189e-03 1.311957588392359542e+00
-1.376811594202898524e-02 4.540456719462789698e-03 9.744719995367105980e-01
-1.376811594202898524e-02 4.623297533031037014e-03 6.918589772236002355e-01
-1.376811594202898524e-02 4.693607279971191877e-03 4.591258702992605523e-01
-1.376811594202898524e-02 4.750593183787161708e-03 2.782377561924551101e-01
-1.376811594202898524e-02 4.793464525667383638e-03 1.533120286608796179e-01
-1.376811594202898524e-02 4.931041891116112914e-03 6.410707851874643259e-02
-1.376811594202898524e-02 4.948760220467566043e-03 2.751191202854105441e-02
-1.376811594202898524e-02 5.070782487775280477e-03 1.795106209919808751e-02
-1.376811594202898524e-02 5.187100677712209312e-03 5.654297540755228585e-02
-1.376811594202898524e-02 5.297316304441880390e-03 1.355611318292837542e-01
-1.376811594202898524e-02 5.262788109482265282e-03 2.360438305003556003e-01
-1.376811594202898524e-02 5.353482102721216634e-03 3.663556182468074018e-01
-1.376811594202898524e-02 5.436752190951422634e-03 5.278281497534891287e-01
-1.376811594202898524e-02 5.512202455534173651e-03 7.180444023466064918e-01
-1.376811594202898524e-02 5.579437623784740466e-03 9.359518184179200784e-01
-1.376811594202898524e-02 5.808207405577223842e-03 1.177929882250289051e+00
-1.376811594202898524e-02 5.864593006336404034e-03 1.424383858377616274e+00
-1.376811594202898524e-02 5.911708637883796892e-03 1.693435358660963175e+00
-1.376811594202898524e-02 5.949161475127775350e-03 1.988557346847557916e+00
-1.376811594202898524e-02 5.976559537565772490e-03 2.313459078607789543e+00
-1.376811594202898524e-02 6.198830290185470063e-03 2.631509674034195889e+00
-1.376811594202898524e-02 6.212344063210058567e-03 2.963393323004743785e+00
-1.376811594202898524e-02 6.214756612022597632e-03 3.334278794528005463e+00
-1.338028169014084633e-02 4.184320194631251273e-03 2.975744384942792919e+00
-1.338028169014084633e-02 4.249748318351065368e-03 2.419173011977845622e+00
-1.338028169014084633e-02 4.297889310279554703e-03 1.932506225856156279e+00
-1.338028169014084633e-02 4.405078309307277479e-03 1.505044722717272299e+00
-1.338028169014084633e-02 4.501749611761703997e-03 1.141868079300660366e+00
-1.338028169014084633e-02 4.587127311854466601e-03 8.349796137931485562e-01
-1.338028169014084633e-02 4.660437104187857039e-03 5.781870904328848537e-01
-1.338028169014084633e-02 4.720906415647063183e-03 3.723535704102954869e-01
-1.338028169014084633e-02 4.767764555475283682e-03 2.200394996621305443e-01
-1.338028169014084633e-02 4.906935432660394780e-03 1.113118488439775733e-01
-1.338028169014084633e-02 4.929565371031104613e-03 4.338513098425467174e-02
-1.338028169014084633e-02 5.053853945751628565e-03 1.604142235511461789e-02
-1.338028169014084633e-02 5.172719929429402466e-03 3.809268941526783303e-02
-1.338028169014084633e-02 5.157033922638662622e-03 7.914297375896582609e-02
-1.338028169014084633e-02 5.258053295892402106e-03 1.557813282925998577e-01
-1.338028169014084633e-02 5.352360477354247727e-03 2.665855499115582505e-01
-1.338028169014084633e-02 5.439568999193556548e-03 4.075033203462051778e-01
-1.338028169014084633e-02 5.519292946337786207e-03 5.755221646619653741e-01
-1.338028169014084633e-02 5.591146988367210954e-03 7.689089875028490839e-01
-1.338028169014084633e-02 5.654746414462119564e-03 9.869027194154327276e-01
-1.338028169014084633e-02 5.709707171803893658e-03 1.230190544788915652e+00
-1.338028169014084633e-02 5.755645907898681787e-03 1.501449677011599482e+00
-1.338028169014084633e-02 5.977968339323328287e-03 1.766100750432634259e+00
-1.338028169014084633e-02 6.011674823853848694e-03 2.051994242749521913e+00
-1.338028169014084633e-02 6.035336052219712581e-03 2.367668195392108377e+00
-1.338028169014084633e-02 6.255695434515011998e-03 2.703600762892026221e+00
-1.338028169014084633e-02 6.265454900733355252e-03 3.022836968399388535e+00
-1.338028169014084633e-02 6.264150461158399241e-03 3.382913336714045816e+00
-1.301369863013698662e-02 4.138586430539957506e-03 3.244079137268989221e+00
-1.301369863013698662e-02 4.206435560491241649e-03 2.666953699708194403e+00
-1.301369863013698662e-02 4.257573240200420057e-03 2.160409685499770305e+00
-1.301369863013698662e-02 4.366344260567559150e-03 1.705722664532401511e+00
-1.301369863013698662e-02 4.464998098183031554e-03 1.317573688795030007e+00
-1.301369863013698662e-02 4.552778342455056013e-03 9.871620549554510626e-01
-1.301369863013698662e-02 4.628930055237516668e-03 7.071739736018958222e-01
-1.301369863013698662e-02 4.692699889575131268e-03 4.774620277508372923e-01
-1.301369863013698662e-02 4.743336224476243056e-03 2.991399238126346005e-01
-1.301369863013698662e-02 4.884015657271223790e-03 1.723103365497903883e-01
-1.301369863013698662e-02 4.911301410556496647e-03 7.503985658149493754e-02
-1.301369863013698662e-02 5.037736899944707421e-03 3.154130438712323542e-02
-1.301369863013698662e-02 5.039168970217251277e-03 2.024336136208174791e-02
-1.301369863013698662e-02 5.149350060176179598e-03 4.041777154155154483e-02
-1.301369863013698662e-02 5.253495483341343031e-03 1.002980177702064019e-01
-1.301369863013698662e-02 5.351227876228779705e-03 1.940959103226647109e-01
-1.301369863013698662e-02 5.442170352168218712e-03 3.172393347845509082e-01
-1.301369863013698662e-02 5.525946527104300642e-03 4.661789243177061337e-01
-1.301369863013698662e-02 5.602180547723286004e-03 6.385640531959052568e-01
-1.301369863013698662e-02 5.670497122193482800e-03 8.329939320044758011e-01
-1.301369863013698662e-02 5.730521553853046464e-03 1.049400214610025639e+00
-1.301369863013698662e-02 5.781879778233156054e-03 1.289561957151807992e+00
-1.301369863013698662e-02 5.824198403869784019e-03 1.555963617147885447e+00
-1.301369863013698662e-02 6.044906547906282908e-03 1.846419659790138557e+00
-1.301369863013698662e-02 6.074932936745961083e-03 2.122782693999297088e+00
-1.301369863013698662e-02 6.094923044140417370e-03 2.429237321976804420e+00
-1.301369863013698662e-02 6.104506042673270294e-03 2.771047896802450339e+00
-1.301369863013698662e-02 6.319540305668015431e-03 3.088591429706739611e+00
-1.301369863013698662e-02 6.314583410782380682e-03 3.436461900679176562e+00
-1.266666666666666635e-02 4.095129898973020460e-03 3.518510741919521401e+00
-1.266666666666666635e-02 4.165274354416466721e-03 2.920600863826263272e+00
-1.266666666666666635e-02 4.288623179918431803e-03 2.388240729364493831e+00
-1.266666666666666635e-02 4.329524376228909531e-03 1.912866563013964960e+00
-1.266666666666666635e-02 4.430057832539414410e-03 1.500497375456950166e+00
-1.266666666666666635e-02 4.520116621978789891e-03 1.147346635591895092e+00
-1.266666666666666635e-02 4.598964249167837928e-03 8.450500044019965129e-01
-1.266666666666666635e-02 4.665865683438696204e-03 5.925322988549859282e-01
-1.266666666666666635e-02 4.720087480177134580e-03 3.895603754040083966e-01
-1.266666666666666635e-02 4.760897918935534483e-03 2.413646325078678545e-01
-1.266666666666666635e-02 4.893902210520903115e-03 1.212829243807775764e-01
-1.266666666666666635e-02 4.910855052041494806e-03 5.947601641052219223e-02
-1.266666666666666635e-02 5.029120017415824630e-03 1.741273500055229295e-02
-1.266666666666666635e-02 5.141993060293678988e-03 2.260226985788946208e-02
-1.266666666666666635e-02 5.249105578119426900e-03 6.783618634613688969e-02
-1.266666666666666635e-02 5.216665611804153016e-03 1.403020631059634371e-01
-1.266666666666666635e-02 5.305368333487775132e-03 2.365816030209954013e-01
-1.266666666666666635e-02 5.387087663731652577e-03 3.637369086940999696e-01
-1.266666666666666635e-02 5.461457125275128235e-03 5.194099996265083563e-01
-1.266666666666666635e-02 5.528110773561990647e-03 7.021479706822382205e-01
-1.266666666666666635e-02 5.750222932049009299e-03 9.103168846191493913e-01
-1.266666666666666635e-02 5.806728605491670407e-03 1.124061237311746897e+00
-1.266666666666666635e-02 5.854541874929388053e-03 1.359595533578152660e+00
-1.266666666666666635e-02 5.893298807445555669e-03 1.618788623817834171e+00
-1.266666666666666635e-02 5.922636161323334252e-03 1.906352720854220584e+00
-1.266666666666666635e-02 6.138880697630307894e-03 2.201866285080607888e+00
-1.266666666666666635e-02 6.155260530999705215e-03 2.496414423864477428e+00
-1.266666666666666635e-02 6.161251092344152691e-03 2.827604950405667950e+00
-1.266666666666666635e-02 6.374528109987730694e-03 3.160050227045586357e+00
-1.266666666666666635e-02 6.365978527594248239e-03 3.494394786131832298e+00
-1.233766233766233657e-02 4.189788458787822682e-03 3.177784082483973371e+00
-1.233766233766233657e-02 4.250436015816457316e-03 2.619092507333054876e+00
-1.233766233766233657e-02 4.294480365325826707e-03 2.125491563408788309e+00
-1.233766233766233657e-02 4.396798294228791877e-03 1.689676761855593679e+00
-1.233766233766233657e-02 4.489020940814245769e-03 1.314591882197016171e+00
-1.233766233766233657e-02 4.570429391286700074e-03 9.908867904944882454e-01
-1.233766233766233657e-02 4.640306082878089232e-03 7.166334021231277607e-01
-1.233766233766233657e-02 4.697934913366373817e-03 4.903424526814597617e-01
-1.233766233766233657e-02 4.742601365413459842e-03 3.159305628912129627e-01
-1.233766233766233657e-02 4.877307731501383768e-03 1.810182014030264352e-01
-1.233766233766233657e-02 4.898941439037767485e-03 8.825411053637781389e-02
-1.233766233766233657e-02 5.019511484662075168e-03 3.219424315477355941e-02
-1.233766233766233657e-02 5.134942607618495428e-03 2.422464993704225023e-02
-1.233766233766233657e-02 5.120255048687080181e-03 3.702436695897886459e-02
-1.233766233766233657e-02 5.218801767859800392e-03 8.273427023504899280e-02
-1.233766233766233657e-02 5.311014026881254353e-03 1.621387818891272814e-01
-1.233766233766233657e-02 5.396533492720107135e-03 2.712219977674253935e-01
-1.233766233766233657e-02 5.475002291342025672e-03 4.070730079822085234e-01
-1.233766233766233657e-02 5.546063033498967870e-03 5.676736337033808644e-01
-1.233766233766233657e-02 5.609358842919673349e-03 7.522533388174035274e-01
-1.233766233766233657e-02 5.664533387208206712e-03 9.617453456528806122e-01
-1.233766233766233657e-02 5.711230911807590668e-03 1.197769657252671038e+00
-1.233766233766233657e-02 5.927658149909817778e-03 1.439344276621155938e+00
-1.233766233766233657e-02 5.962907576142997823e-03 1.690744167445153767e+00
-1.233766233766233657e-02 5.988730434580954824e-03 1.970319272446616754e+00
-1.233766233766233657e-02 6.004773164396898580e-03 2.282225186579424747e+00
-1.233766233766233657e-02 6.216294287126635648e-03 2.570854896597519090e+00
-1.233766233766233657e-02 6.218747942035690937e-03 2.889945916812340254e+00
-1.233766233766233657e-02 6.430353076265307201e-03 3.236720872590987064e+00
-1.202531645569620243e-02 4.150933690004699091e-03 3.431047298827050618e+00
-1.202531645569620243e-02 4.214053192050122056e-03 2.854528680221356751e+00
-1.202531645569620243e-02 4.261086912427417342e-03 2.342733718024717859e+00
-1.202531645569620243e-02 4.365101177204997775e-03 1.884261459856715559e+00
-1.202531645569620243e-02 4.459381396976796162e-03 1.488059431167549462e+00
-1.202531645569620243e-02 4.543225436123777411e-03 1.143850887349123546e+00
-1.202531645569620243e-02 4.615932407610724361e-03 8.489227144372846201e-01
-1.202531645569620243e-02 4.676802772065271827e-03 6.006121056608422215e-01
-1.202531645569620243e-02 4.725138449988068763e-03 4.016186045141425520e-01
-1.202531645569620243e-02 4.861463343163252918e-03 2.532371402287125206e-01
-1.202531645569620243e-02 4.887552063210776759e-03 1.317875015391050120e-01
-1.202531645569620243e-02 5.010314998990027073e-03 6.334644239445645642e-02
-1.202531645569620243e-02 5.011831496495666206e-03 2.414810890125513448e-02
-1.202531645569620243e-02 5.119165334108726970e-03 1.734083310451480994e-02
-1.202531645569620243e-02 5.220783820063995551e-03 4.917423560535997412e-02
-1.202531645569620243e-02 5.316336487142055492e-03 1.142074424633177654e-01
-1.202531645569620243e-02 5.405473266578983763e-03 2.079939741043107804e-01
-1.202531645569620243e-02 5.487844509095434614e-03 3.271184554795431021e-01
-1.202531645569620243e-02 5.563101007772604592e-03 4.690530716010871126e-01
-1.202531645569620243e-02 5.630894022997838012e-03 6.324150243988961861e-01
-1.202531645569620243e-02 5.690875309736949383e-03 8.173895698323407899e-01
-1.202531645569620243e-02 5.742697147431033260e-03 1.024888211609138899e+00
-1.202531645569620243e-02 5.786012372863974171e-03 1.255985422081509428e+00
-1.202531645569620243e-02 5.820474416405184599e-03 1.514364586910259547e+00
-1.202531645569620243e-02 6.032988870607435515e-03 1.772647211514281063e+00
-1.202531645569620243e-02 6.055347885302483218e-03 2.041475061430271243e+00
-1.202531645569620243e-02 6.067928592683709613e-03 2.343407048406776827e+00
-1.202531645569620243e-02 6.277975171556280341e-03 2.651993370416719564e+00
-1.202531645569620243e-02 6.276943533655845314e-03 2.957588664923091137e+00
-1.202531645569620243e-02 6.265212332925888285e-03 3.309751910236086392e+00
-1.172839506172839406e-02 4.179349909316935723e-03 3.093707083102398947e+00
-1.172839506172839406e-02 4.229230195133621556e-03 2.563833813910504578e+00
-1.172839506172839406e-02 4.334858998243637518e-03 2.083498549109439768e+00
-1.172839506172839406e-02 4.431098111966990001e-03 1.667001159086880513e+00
-1.172839506172839406e-02 4.517261428279398770e-03 1.303192496682048507e+00
-1.172839506172839406e-02 4.592663995200912432e-03 9.886360485859763125e-01
-1.172839506172839406e-02 4.656622106631709557e-03 7.195707762547999264e-01
-1.172839506172839406e-02 4.708453403853882224e-03 4.975669299521698896e-01
-1.172839506172839406e-02 4.747476990800870641e-03 3.276233146582862577e-01
-1.172839506172839406e-02 4.876652981776562375e-03 1.890247215729753405e-01
-1.172839506172839406e-02 4.892931099921139608e-03 1.007745137769439914e-01
-1.172839506172839406e-02 5.008067676067870684e-03 3.655297503104773527e-02
-1.172839506172839406e-02 5.118080083896010476e-03 1.787764721005114660e-02
-1.172839506172839406e-02 5.222625445399790671e-03 3.794410722953532600e-02
-1.172839506172839406e-02 5.191962018209302608e-03 7.625909115519721726e-02
-1.172839506172839406e-02 5.279052553950013688e-03 1.450238130894534461e-01
-1.172839506172839406e-02 5.359538037730632483e-03 2.436134837035437151e-01
-1.172839506172839406e-02 5.433077373717613845e-03 3.694729843115133194e-01
-1.172839506172839406e-02 5.499329911137457866e-03 5.212162387173681077e-01
-1.172839506172839406e-02 5.557955470257022398e-03 6.990222926740483622e-01
-1.172839506172839406e-02 5.772641744164477666e-03 8.972807543114610374e-01
-1.172839506172839406e-02 5.821152952583516851e-03 1.100263633569230404e+00
-1.172839506172839406e-02 5.861129310585973251e-03 1.325562563850176234e+00
-1.172839506172839406e-02 5.892232415979732282e-03 1.577486083184142407e+00
-1.172839506172839406e-02 5.914124478729174128e-03 1.859238656289854186e+00
-1.172839506172839406e-02 6.122452456398894821e-03 2.121329435859648171e+00
-1.172839506172839406e-02 6.131618175206667021e-03 2.411708001609924157e+00
-1.172839506172839406e-02 6.340258547690494177e-03 2.739367373170423114e+00
-1.172839506172839406e-02 6.335789672376327016e-03 3.032635124844606622e+00
-1.172839506172839406e-02 6.320644572063260740e-03 3.369119236601875400e+00
-1.144578313253012160e-02 4.146212595242450630e-03 3.335890998302946109e+00
-1.144578313253012160e-02 4.265587187815683516e-03 2.786664672543695875e+00
-1.144578313253012160e-02 4.305973890593560970e-03 2.286720188897716000e+00
-1.144578313253012160e-02 4.404080117075439942e-03 1.850748158613361394e+00
-1.144578313253012160e-02 4.492454496445940672e-03 1.468235734443244400e+00
-1.144578313253012160e-02 4.570427318332887998e-03 1.135079050474028239e+00
-1.144578313253012160e-02 4.637330026250986899e-03 8.464876526209380581e-01
-1.144578313253012160e-02 4.692495309622305745e-03 6.029823264982485664e-01
-1.144578313253012160e-02 4.735257208021615219e-03 4.083532853939410012e-01
-1.144578313253012160e-02 4.866213105948045785e-03 2.589933631717371010e-01
-1.144578313253012160e-02 4.886972346953627998e-03 1.407814104024791013e-01
-1.144578313253012160e-02 5.004434310508077896e-03 6.597441497491052242e-02
-1.144578313253012160e-02 5.000972399228043215e-03 3.278102822269774591e-02
-1.144578313253012160e-02 5.103159103473246805e-03 1.777028467354670876e-02
-1.144578313253012160e-02 5.199671237026039748e-03 3.994395353744872867e-02
-1.144578313253012160e-02 5.290174428965095134e-03 9.449987047003538532e-02
-1.144578313253012160e-02 5.374334674800801750e-03 1.775798041959509577e-01
-1.144578313253012160e-02 5.451818355889852946e-03 2.861762681837060063e-01
-1.144578313253012160e-02 5.522292260558171219e-03 4.183536897096307716e-01
-1.144578313253012160e-02 5.585423607138427157e-03 5.736083650054636385e-01
-1.144578313253012160e-02 5.640880069160353685e-03 7.521692493223236520e-01
-1.144578313253012160e-02 5.688329802969504904e-03 9.544259867231315031e-01
-1.144578313253012160e-02 5.727441478095320060e-03 1.183144233823345548e+00
-1.144578313253012160e-02 5.936559156933001423e-03 1.407132216605554653e+00
-1.144578313253012160e-02 5.964344708709888414e-03 1.649776081253739424e+00
-1.144578313253012160e-02 5.982907809033991692e-03 1.922543600048763235e+00
-1.144578313253012160e-02 6.190011320191458020e-03 2.209301146183130893e+00
-1.144578313253012160e-02 6.195805910149980965e-03 2.486639488239241746e+00
-1.144578313253012160e-02 6.191496988666462392e-03 2.804878404567944905e+00
-1.144578313253012160e-02 6.395242483659756977e-03 3.111663056239665881e+00
-1.144578313253012160e-02 6.376727202364648912e-03 3.436643915230360946e+00
-1.117647058823529466e-02 4.234995400837570680e-03 3.009759119452635634e+00
-1.117647058823529466e-02 4.278356554940178531e-03 2.493333012303368346e+00
-1.117647058823529466e-02 4.378244384422555306e-03 2.038701260878785781e+00
-1.117647058823529466e-02 4.391625901847076748e-03 1.637799426358164556e+00
-1.117647058823529466e-02 4.467891224872712341e-03 1.283395198452597752e+00
-1.117647058823529466e-02 4.618869050352990280e-03 9.806928736963416160e-01
-1.117647058823529466e-02 4.677217587525367773e-03 7.171337385671521236e-01
-1.117647058823529466e-02 4.723549181717436735e-03 4.996105743361063944e-01
-1.117647058823529466e-02 4.757213543426662763e-03 3.339530831157237478e-01
-1.117647058823529466e-02 4.881242836218084406e-03 1.950552393163782205e-01
-1.117647058823529466e-02 4.892422646223797134e-03 1.108897201378459541e-01
-1.117647058823529466e-02 5.002500234747703917e-03 4.197824687228317309e-02
-1.117647058823529466e-02 5.107466860121335876e-03 1.612336086837856328e-02
-1.117647058823529466e-02 5.206995061203145703e-03 2.717643804338343641e-02
-1.117647058823529466e-02 5.300757697697403882e-03 6.998731038809584415e-02
-1.117647058823529466e-02 5.254243349189682832e-03 1.374151533055485430e-01
-1.117647058823529466e-02 5.330032345236375250e-03 2.281905898792389586e-01
-1.117647058823529466e-02 5.398970126323056513e-03 3.466665603738811607e-01
-1.117647058823529466e-02 5.611621956942433077e-03 4.871053961494632989e-01
-1.117647058823529466e-02 5.671662095877339112e-03 6.437317311136819820e-01
-1.117647058823529466e-02 5.723981565605314702e-03 8.203666766317528891e-01
-1.117647058823529466e-02 5.768256006877699182e-03 1.018994985308209866e+00
-1.117647058823529466e-02 5.804161557079661436e-03 1.243005563585928286e+00
-1.117647058823529466e-02 5.831374882749760721e-03 1.494787194098877503e+00
-1.117647058823529466e-02 6.036787964724374227e-03 1.732542368321000392e+00
-1.117647058823529466e-02 6.052061234833590146e-03 1.994637532353100706e+00
-1.117647058823529466e-02 6.057779149074528878e-03 2.291441656636177271e+00
-1.117647058823529466e-02 6.260458951211256458e-03 2.570139752896154484e+00
-1.117647058823529466e-02 6.252828734722950220e-03 2.872781967948678794e+00
-1.117647058823529466e-02 6.455261941199962918e-03 3.199403227266755412e+00
-1.117647058823529466e-02 6.433417317687072264e-03 3.506971351582348628e+00
-1.091954022988505732e-02 4.205722084354900948e-03 3.235381831648673323e+00
-1.091954022988505732e-02 4.251925344342264053e-03 2.702809015460807984e+00
-1.091954022988505732e-02 4.353514981339940901e-03 2.230322859157015447e+00
-1.091954022988505732e-02 4.370610449767380924e-03 1.809534853991258130e+00
-1.091954022988505732e-02 4.449310490268818322e-03 1.436164145402708092e+00
-1.091954022988505732e-02 4.517536003571017561e-03 1.113766960079686230e+00
-1.091954022988505732e-02 4.662577545167080964e-03 8.393465364165152431e-01
-1.091954022988505732e-02 4.712321316961225713e-03 6.006320849664056327e-01
-1.091954022988505732e-02 4.749781195979813769e-03 4.100149115592179871e-01
-1.091954022988505732e-02 4.875729556471183890e-03 2.626157005446398962e-01
-1.091954022988505732e-02 4.891409102819938536e-03 1.471797738449656667e-01
-1.091954022988505732e-02 5.003925126006776407e-03 6.910992627811515798e-02
-1.091954022988505732e-02 5.111549171219904528e-03 3.431955005284453852e-02
-1.091954022988505732e-02 5.093083908318498526e-03 2.088394315980893548e-02
-1.091954022988505732e-02 5.184826984294114982e-03 3.636173584094511829e-02
-1.091954022988505732e-02 5.270612801971589871e-03 8.331016103905550252e-02
-1.091954022988505732e-02 5.350122013826267078e-03 1.583032444169701347e-01
-1.091954022988505732e-02 5.423035628796027061e-03 2.589183236352635142e-01
-1.091954022988505732e-02 5.489035031868999374e-03 3.840323613001480618e-01
-1.091954022988505732e-02 5.547802005450025963e-03 5.332715787176927069e-01
-1.091954022988505732e-02 5.599018752727264077e-03 7.064352840390215604e-01
-1.091954022988505732e-02 5.807248605417290183e-03 9.038756301562784756e-01
-1.091954022988505732e-02 5.848379436076563652e-03 1.097866989716268060e+00
-1.091954022988505732e-02 5.881111870324894249e-03 1.314290755860461068e+00
-1.091954022988505732e-02 5.905129698140128454e-03 1.558331891807828828e+00
-1.091954022988505732e-02 6.109540852943215299e-03 1.825151284990647937e+00
-1.091954022988505732e-02 6.121560894786565871e-03 2.074990551036396180e+00
-1.091954022988505732e-02 6.124022189260880204e-03 2.360843734630033719e+00
-1.091954022988505732e-02 6.325547270284882957e-03 2.658947699545175958e+00
-1.091954022988505732e-02 6.314633663168952964e-03 2.949827279482498010e+00
-1.091954022988505732e-02 6.293320496468615168e-03 3.287445463226997155e+00
-1.067415730337078691e-02 4.177683833192655238e-03 3.463027643073913531e+00
-1.067415730337078691e-02 4.226605463663322612e-03 2.914677705776511640e+00
-1.067415730337078691e-02 4.329822330223746449e-03 2.425129831730333141e+00
-1.067415730337078691e-02 4.350470872386115982e-03 1.985266239393984389e+00
-1.067415730337078691e-02 4.431499818711598718e-03 1.594027594708828932e+00
-1.067415730337078691e-02 4.502383895263916379e-03 1.252933031999799107e+00
-1.067415730337078691e-02 4.562497645852869876e-03 9.606133379957917384e-01
-1.067415730337078691e-02 4.701544561039308102e-03 7.107105177196247903e-01
-1.067415730337078691e-02 4.742636371208492491e-03 4.971266037440499885e-01
-1.067415730337078691e-02 4.771189102387577916e-03 3.352613752748323517e-01
-1.067415730337078691e-02 4.890406386379938380e-03 1.985383356203273275e-01
-1.067415730337078691e-02 5.005255484677085046e-03 1.129601159202673344e-01
-1.067415730337078691e-02 5.002057933396815426e-03 4.690829678443243084e-02
-1.067415730337078691e-02 5.102304197138146299e-03 1.657969162829949980e-02
-1.067415730337078691e-02 5.197138012906846183e-03 2.140691146563944089e-02
-1.067415730337078691e-02 5.286246308456109266e-03 5.676036275260895603e-02
-1.067415730337078691e-02 5.369316323256895056e-03 1.188498024767990907e-01
-1.067415730337078691e-02 5.446035624612358475e-03 2.047996907277827017e-01
-1.067415730337078691e-02 5.516092125154624728e-03 3.129041693533659574e-01
-1.067415730337078691e-02 5.579174101886646801e-03 4.422748382099981335e-01
-1.067415730337078691e-02 5.634970216956049043e-03 5.922539413450912393e-01
-1.067415730337078691e-02 5.683169540376885667e-03 7.640726699112913023e-01
-1.067415730337078691e-02 5.723461574949332067e-03 9.602926523818763327e-01
-1.067415730337078691e-02 5.755536283668208179e-03 1.182603819310834359e+00
-1.067415730337078691e-02 5.958277913252396987e-03 1.398068552523487718e+00
-1.067415730337078691e-02 5.979132098421693388e-03 1.632572771085244234e+00
-1.067415730337078691e-02 5.990941371531252439e-03 1.898007425415149552e+00
-1.067415730337078691e-02 6.191384930451719441e-03 2.165329478306985855e+00
-1.067415730337078691e-02 6.190624012649351658e-03 2.436024919474568673e+00
-1.067415730337078691e-02 6.179993576948096881e-03 2.751917598333196935e+00
-1.067415730337078691e-02 6.376881873108917673e-03 3.030882628342608243e+00
-1.067415730337078691e-02 6.352335626225199920e-03 3.356036338671108954e+00
-1.043956043956044064e-02 4.202328267177862266e-03 3.128519314224492476e+00
-1.043956043956044064e-02 4.307102558877354270e-03 2.622687396791641312e+00
-1.043956043956044064e-02 4.331153490467302969e-03 2.164556796579062414e+00
-1.043956043956044064e-02 4.414412249358357250e-03 1.756511720422269995e+00
-1.043956043956044064e-02 4.487842059769439965e-03 1.397951288170861117e+00
-1.043956043956044064e-02 4.550830177053710734e-03 1.086662898742643435e+00
-1.043956043956044064e-02 4.602764884409379573e-03 8.232877451965848747e-01
-1.043956043956044064e-02 4.735762606466062397e-03 5.945213661327612975e-01
-1.043956043956044064e-02 4.768158372653792144e-03 4.073007897094556573e-01
-1.043956043956044064e-02 4.889415438644945273e-03 2.639489125867549024e-01
-1.043956043956044064e-02 4.900234056994301479e-03 1.506109618855383248e-01
-1.043956043956044064e-02 5.008114823730541385e-03 7.172200732545010171e-02
-1.043956043956044064e-02 5.111105947222087560e-03 3.331079061656586071e-02
-1.043956043956044064e-02 5.088197588447859916e-03 2.478304887847009724e-02
-1.043956043956044064e-02 5.175466870800930590e-03 3.587707906486835296e-02
-1.043956043956044064e-02 5.256826063967236923e-03 7.738734261658049285e-02
-1.043956043956044064e-02 5.331969247040766954e-03 1.464604630597294010e-01
-1.043956043956044064e-02 5.400590829747548699e-03 2.414140191998964680e-01
-1.043956043956044064e-02 5.462385570680587145e-03 3.613400571537417338e-01
-1.043956043956044064e-02 5.517048597193572462e-03 5.055293831583063113e-01
-1.043956043956044064e-02 5.722229945464240436e-03 6.693018854038920162e-01
-1.043956043956044064e-02 5.767435663051083232e-03 8.384959501289427353e-01
-1.043956043956044064e-02 5.804696028451523937e-03 1.028983976572185322e+00
-1.043956043956044064e-02 5.833707555631503956e-03 1.244988182136978594e+00
-1.043956043956044064e-02 5.854167234635033155e-03 1.490424933729009194e+00
-1.043956043956044064e-02 6.053366792976041730e-03 1.716916983584029666e+00
-1.043956043956044064e-02 6.062028253497285350e-03 1.971998879872059351e+00
-1.043956043956044064e-02 6.261513281016966442e-03 2.262547078327962868e+00
-1.043956043956044064e-02 6.257562426102923278e-03 2.521532658174774788e+00
-1.043956043956044064e-02 6.243745375903888943e-03 2.820719699977237482e+00
-1.043956043956044064e-02 6.439545925204364155e-03 3.120792774873752062e+00
-1.043956043956044064e-02 6.411799267144001509e-03 3.428124991385550935e+00
-1.021505376344086086e-02 4.179030640629028369e-03 3.343958910182836863e+00
-1.021505376344086086e-02 4.285296928735405492e-03 2.822603760496700698e+00
-1.021505376344086086e-02 4.312608917120255500e-03 2.347008702373482691e+00
-1.021505376344086086e-02 4.398004558339089869e-03 1.923181659141949718e+00
-1.021505376344086086e-02 4.473874272435213358e-03 1.548336822625079545e+00
-1.021505376344086086e-02 4.539617532113520912e-03 1.219472859646963725e+00
-1.021505376344086086e-02 4.594634766428472988e-03 9.363333032140976897e-01
-1.021505376344086086e-02 4.638327437792361639e-03 7.012635503125881353e-01
-1.021505376344086086e-02 4.765224864058084826e-03 4.910890801742546774e-01
-1.021505376344086086e-02 4.788883363285262838e-03 3.321260911770188562e-01
-1.021505376344086086e-02 4.903582327854000104e-03 1.994368157962327359e-01
-1.021505376344086086e-02 5.013893685572464419e-03 1.142837888315286210e-01
-1.021505376344086086e-02 5.006112187790789925e-03 5.044223909711346987e-02
-1.021505376344086086e-02 5.101923728567312778e-03 1.782723191385137199e-02
-1.021505376344086086e-02 5.192346501552512657e-03 1.856773664348939507e-02
-1.021505376344086086e-02 5.277080344151158058e-03 4.854659749149401599e-02
-1.021505376344086086e-02 5.355825383322306010e-03 1.045001666149013853e-01
-1.021505376344086086e-02 5.428282050602924180e-03 1.842071111874041267e-01
-1.021505376344086086e-02 5.494151098422650308e-03 2.862960809258724981e-01
-1.021505376344086086e-02 5.553133617861710607e-03 4.096633143616410511e-01
-1.021505376344086086e-02 5.604931058026889346e-03 5.548591349884386403e-01
-1.021505376344086086e-02 5.649245247247434119e-03 7.236977711568278737e-01
-1.021505376344086086e-02 5.685778416324696778e-03 9.172714131600268050e-01
-1.021505376344086086e-02 5.886062790319744609e-03 1.112345461749041808e+00
-1.021505376344086086e-02 5.912036332906764509e-03 1.320140126958001314e+00
-1.021505376344086086e-02 5.929434060612942536e-03 1.555645922585131347e+00
-1.021505376344086086e-02 6.127819721861653413e-03 1.812845101393927072e+00
-1.021505376344086086e-02 6.133361991453176003e-03 2.053492192741175781e+00
-1.021505376344086086e-02 6.129536248671804168e-03 2.333622521291950136e+00
-1.021505376344086086e-02 6.324817025784352890e-03 2.612467821497901355e+00
-1.021505376344086086e-02 6.307843521042211590e-03 2.898891196878219390e+00
-1.021505376344086086e-02 6.502600594087168222e-03 3.215101203485416725e+00
-1.021505376344086086e-02 6.471684213434597370e-03 3.507977829459276720e+00
-1.000000000000000021e-02 4.264351330322886657e-03 3.024525442276925880e+00
-1.000000000000000021e-02 4.294791638148589587e-03 2.532259171309949597e+00
-1.000000000000000021e-02 4.382236895213464413e-03 2.093637839642070730e+00
-1.000000000000000021e-02 4.460447116564652224e-03 1.703641442513625037e+00
-1.000000000000000021e-02 4.528833525617816970e-03 1.358530044408597481e+00
-1.000000000000000021e-02 4.586808236983275396e-03 1.057208981109164059e+00
-1.000000000000000021e-02 4.633784326734234453e-03 8.010226256762601471e-01
-1.000000000000000021e-02 4.762384027600268140e-03 5.858333827918085213e-01
-1.000000000000000021e-02 4.789925123935544551e-03 4.010036309515748187e-01
-1.000000000000000021e-02 4.906769153054217798e-03 2.632212289006804484e-01
-1.000000000000000021e-02 4.912919514805008485e-03 1.512155576951359492e-01
-1.000000000000000021e-02 5.016438441772486448e-03 7.323137523162327744e-02
-1.000000000000000021e-02 5.115069728245344970e-03 3.321009557183551841e-02
-1.000000000000000021e-02 5.208518800721515657e-03 2.588637803260091658e-02
-1.000000000000000021e-02 5.170932104654780113e-03 3.673313454242235071e-02
-1.000000000000000021e-02 5.248120652639970060e-03 7.458443535850210748e-02
-1.000000000000000021e-02 5.319148756418068912e-03 1.396602886633556695e-01
-1.000000000000000021e-02 5.383723147668340210e-03 2.305776610904889667e-01
-1.000000000000000021e-02 5.441550882899472141e-03 3.461899919027840444e-01
-1.000000000000000021e-02 5.643924439551611938e-03 4.789038765618157112e-01
-1.000000000000000021e-02 5.692873101783891415e-03 6.235617230104242292e-01
-1.000000000000000021e-02 5.734293340981884771e-03 7.886369592789819194e-01
-1.000000000000000021e-02 5.767893431785925222e-03 9.774747759205182351e-01
-1.000000000000000021e-02 5.793382064996230318e-03 1.193218418107036438e+00
-1.000000000000000021e-02 5.990513288344331312e-03 1.407391550078247455e+00
-1.000000000000000021e-02 6.004873709392971430e-03 1.633352988439574327e+00
-1.000000000000000021e-02 6.010345050598782379e-03 1.890604748524420176e+00
-1.000000000000000021e-02 6.204927930163270031e-03 2.146641784939353759e+00
-1.000000000000000021e-02 6.198002930393718864e-03 2.410431951111220439e+00
-1.000000000000000021e-02 6.392369020820872112e-03 2.713312128782662924e+00
-1.000000000000000021e-02 6.372267427197923773e-03 2.981838566053154782e+00
-1.000000000000000021e-02 6.342017583887724769e-03 3.304885300085100841e+00
