-5.000000000000000278e-02 3.293342992546285930e-03 3.364957584719153960e+00
-5.000000000000000278e-02 3.366864844932388606e-03 2.627213057910799954e+00
-5.000000000000000278e-02 3.496419562484489284e-03 1.985476245441269993e+00
-5.000000000000000278e-02 3.523213329111139682e-03 1.458137274967278962e+00
-5.000000000000000278e-02 3.615163935987273161e-03 1.012229972635659392e+00
-5.000000000000000278e-02 3.689231692371306836e-03 6.624722084969968394e-01
-5.000000000000000278e-02 3.853204740433654324e-03 4.025996758322750169e-01
-5.000000000000000278e-02 3.894549943062641188e-03 1.969349150123360648e-01
-5.000000000000000278e-02 3.913821047923289088e-03 9.164500747535819780e-02
-5.000000000000000278e-02 4.042116467634389657e-03 2.578849536975909296e-02
-5.000000000000000278e-02 4.161924364810262733e-03 4.199180390557931408e-02
-5.000000000000000278e-02 4.272489632738584592e-03 1.229550983137926434e-01
-5.000000000000000278e-02 4.214864922659248940e-03 2.518997359520788182e-01
-5.000000000000000278e-02 4.295688463882246615e-03 4.205632221889227806e-01
-5.000000000000000278e-02 4.541251791733121393e-03 6.378086030761451752e-01
-5.000000000000000278e-02 4.607395549217127746e-03 8.798874010147477165e-01
-5.000000000000000278e-02 4.660599502588292677e-03 1.156758364988298649e+00
-5.000000000000000278e-02 4.700142809015454490e-03 1.474167823970765179e+00
-5.000000000000000278e-02 4.725312066444008023e-03 1.842155472222701151e+00
-5.000000000000000278e-02 4.961663035758459399e-03 2.240095800900502976e+00
-5.000000000000000278e-02 4.966479467145219415e-03 2.616081409843386218e+00
-5.000000000000000278e-02 4.955019880329253681e-03 3.065733324418047800e+00
-5.000000000000000278e-02 5.185565612207788423e-03 3.504315575808023109e+00
-4.749999999999999362e-02 3.374413480037057132e-03 3.120563224022930182e+00
-4.749999999999999362e-02 3.511299539231355592e-03 2.436055933147444730e+00
-4.749999999999999362e-02 3.550085685253530268e-03 1.833789851103323265e+00
-4.749999999999999362e-02 3.651855696916195618e-03 1.337648910768761246e+00
-4.749999999999999362e-02 3.736938637723355872e-03 9.290337899699337987e-01
-4.749999999999999362e-02 3.803895384932089955e-03 5.992678275371849939e-01
-4.749999999999999362e-02 3.851302857269629440e-03 3.522724318832713974e-01
-4.749999999999999362e-02 3.997307656233173995e-03 1.857150463416989139e-01
-4.749999999999999362e-02 4.009033349953231712e-03 7.005573437957093863e-02
-4.749999999999999362e-02 4.132415468691755939e-03 2.500806276033069528e-02
-4.749999999999999362e-02 4.247173922005081578e-03 5.159373817299679754e-02
-4.749999999999999362e-02 4.200728392863005943e-03 1.329652973354573664e-01
-4.749999999999999362e-02 4.287398328489254451e-03 2.471799288784503335e-01
-4.749999999999999362e-02 4.363069632156192645e-03 4.147770830581188339e-01
-4.749999999999999362e-02 4.605555257680363918e-03 6.290628807558228397e-01
-4.749999999999999362e-02 4.666425414552873019e-03 8.607693303999519596e-01
-4.749999999999999362e-02 4.714399481746557770e-03 1.127927787145816652e+00
-4.749999999999999362e-02 4.748785076265553927e-03 1.437470818029022990e+00
-4.749999999999999362e-02 4.768896732847177806e-03 1.800417636790268228e+00
-4.749999999999999362e-02 5.001608668205268296e-03 2.165639319233636506e+00
-4.749999999999999362e-02 5.001472339609578169e-03 2.538810998552795795e+00
-4.749999999999999362e-02 4.985234097360107669e-03 2.991114261269853802e+00
-4.749999999999999362e-02 5.211912871813166766e-03 3.387871558495458402e+00
-4.523809523809523697e-02 3.449217735498804737e-03 2.885318911170333234e+00
-4.523809523809523697e-02 3.574191636043454450e-03 2.245111715591391555e+00
-4.523809523809523697e-02 3.597503972108221336e-03 1.690411488008204843e+00
-4.523809523809523697e-02 3.686201747978789210e-03 1.224033022752632149e+00
-4.523809523809523697e-02 3.757720160683028932e-03 8.451357810249043867e-01
-4.523809523809523697e-02 3.810683099945586568e-03 5.536867543675118020e-01
-4.523809523809523697e-02 3.958592605473186705e-03 3.141293513148878946e-01
-4.523809523809523697e-02 3.977720575258514996e-03 1.606477409077604335e-01
-4.523809523809523697e-02 4.104363747690587157e-03 5.695302213992157331e-02
-4.523809523809523697e-02 4.222956583675282517e-03 3.143651824101421216e-02
-4.523809523809523697e-02 4.186816767182887852e-03 6.476002130716776439e-02
-4.523809523809523697e-02 4.278856707872679029e-03 1.278759762803212130e-01
-4.523809523809523697e-02 4.360548828531910295e-03 2.451395764047936410e-01
-4.523809523809523697e-02 4.431209033193890534e-03 4.120324151357026010e-01
-4.523809523809523697e-02 4.490158197668913526e-03 6.277134238184266524e-01
-4.523809523809523697e-02 4.726570248102107685e-03 8.522788877118346873e-01
-4.523809523809523697e-02 4.769460312325187086e-03 1.110448136554567977e+00
-4.523809523809523697e-02 4.798828482922770991e-03 1.412508675827544691e+00
-4.523809523809523697e-02 4.814015219404619954e-03 1.770314716162499469e+00
-4.523809523809523697e-02 5.043334471532229940e-03 2.110906723478741753e+00
-4.523809523809523697e-02 5.038369567374086089e-03 2.480888362387256407e+00
-4.523809523809523697e-02 5.267464413567714276e-03 2.924704298534992475e+00
-4.523809523809523697e-02 5.240537262243742320e-03 3.297798518769710974e+00
-4.318181818181818232e-02 3.463591807772112025e-03 3.351553602118245045e+00
-4.318181818181818232e-02 3.517798445420888473e-03 2.659993304551812265e+00
-4.318181818181818232e-02 3.630846799471684240e-03 2.059901643268868376e+00
-4.318181818181818232e-02 3.729146383072102274e-03 1.554328621660141518e+00
-4.318181818181818232e-02 3.811349323813615145e-03 1.125659347698952484e+00
-4.318181818181818232e-02 3.876119735476871598e-03 7.671194080816537975e-01
-4.318181818181818232e-02 3.922134990924151625e-03 4.828537041100309235e-01
-4.318181818181818232e-02 3.948087227140437833e-03 2.895773215501764586e-01
-4.318181818181818232e-02 4.077716699254719558e-03 1.300359943733755130e-01
-4.318181818181818232e-02 4.199828114375974905e-03 5.492271878789346806e-02
-4.318181818181818232e-02 4.173215531469519519e-03 4.058135050631386798e-02
-4.318181818181818232e-02 4.270203232102059987e-03 5.598869531259157567e-02
-4.318181818181818232e-02 4.357449030448075702e-03 1.267552211086518388e-01
-4.318181818181818232e-02 4.434290211392638223e-03 2.466470601114326144e-01
-4.318181818181818232e-02 4.500068378939823394e-03 4.128101165270463557e-01
-4.318181818181818232e-02 4.554129787596779104e-03 6.257369777094032859e-01
-4.318181818181818232e-02 4.787760537965405142e-03 8.528887579981481171e-01
-4.318181818181818232e-02 4.825700029325898956e-03 1.102294428117565062e+00
-4.318181818181818232e-02 4.850179209534361685e-03 1.396781374359940209e+00
-4.318181818181818232e-02 4.860562649471008786e-03 1.749294565287663916e+00
-4.318181818181818232e-02 5.086713502631521992e-03 2.071990090486804714e+00
-4.318181818181818232e-02 5.077034106844963667e-03 2.437629095336167673e+00
-4.318181818181818232e-02 5.302755863179815961e-03 2.855331006987118947e+00
-4.318181818181818232e-02 5.271269556454798340e-03 3.228020854862208466e+00
-4.130434782608696093e-02 3.540299141678116511e-03 3.091008306083148582e+00
-4.130434782608696093e-02 3.580191128823948400e-03 2.444720570746506727e+00
-4.130434782608696093e-02 3.681305158433547699e-03 1.883125039905879206e+00
-4.130434782608696093e-02 3.767133984558304876e-03 1.407304138471897614e+00
-4.130434782608696093e-02 3.836384370332343325e-03 1.007547314919309711e+00
-4.130434782608696093e-02 3.887774822880650429e-03 6.844105178242670950e-01
-4.130434782608696093e-02 4.033488906202298968e-03 4.400269356510882468e-01
-4.130434782608696093e-02 4.052410392299426664e-03 2.378212571477583415e-01
-4.130434782608696093e-02 4.177761108009409030e-03 1.157430739105575895e-01
-4.130434782608696093e-02 4.159979516540152078e-03 5.474029562491775081e-02
-4.130434782608696093e-02 4.261539209798519655e-03 2.580297855723920689e-02
-4.130434782608696093e-02 4.353922178320455277e-03 5.379781952180791998e-02
-4.130434782608696093e-02 4.436486089166081538e-03 1.310010699051088190e-01
-4.130434782608696093e-02 4.508592382912509494e-03 2.528023751041536538e-01
-4.130434782608696093e-02 4.569606551765342979e-03 4.177190907966589206e-01
-4.130434782608696093e-02 4.618898452356444591e-03 6.275075666712056632e-01
-4.130434782608696093e-02 4.849926818531845665e-03 8.616749680721220717e-01
-4.130434782608696093e-02 4.883037798220684657e-03 1.102102774032166721e+00
-4.130434782608696093e-02 4.902745573995598467e-03 1.388848567062794581e+00
-4.130434782608696093e-02 4.908437190083841765e-03 1.735716649757889529e+00
-4.130434782608696093e-02 5.131624006389461437e-03 2.045565728374029391e+00
-4.130434782608696093e-02 5.117334876760581963e-03 2.406603932271950796e+00
-4.130434782608696093e-02 5.339901369271266539e-03 2.803493719554858821e+00
-4.130434782608696093e-02 5.303949375377257566e-03 3.174313640791495139e+00
-3.958333333333333148e-02 3.488248907233687697e-03 3.530541450501011091e+00
-3.958333333333333148e-02 3.610894134577627163e-03 2.842729100249337115e+00
-3.958333333333333148e-02 3.636425639670089888e-03 2.240806573888840081e+00
-3.958333333333333148e-02 3.725600118033516039e-03 1.717313369090441633e+00
-3.958333333333333148e-02 3.798992444104993399e-03 1.275507131039373965e+00
-3.958333333333333148e-02 3.855360170917514033e-03 9.127075116027243418e-01
-3.958333333333333148e-02 4.002924732570185655e-03 6.135263469734100195e-01
-3.958333333333333148e-02 4.028375328089832050e-03 3.749546463237367622e-01
-3.958333333333333148e-02 4.156717268271989570e-03 2.085956008642462778e-01
-3.958333333333333148e-02 4.147141870576064385e-03 1.023768066961585343e-01
-3.958333333333333148e-02 4.252937866023003347e-03 3.238758491342767082e-02
-3.958333333333333148e-02 4.350085287959524344e-03 2.119690725089373382e-02
-3.958333333333333148e-02 4.437961209265780735e-03 5.978216726313854978e-02
-3.958333333333333148e-02 4.515946017066451400e-03 1.419937666846095292e-01
-3.958333333333333148e-02 4.583423647688547424e-03 2.646247674900888969e-01
-3.958333333333333148e-02 4.639781849826794813e-03 4.274719721209505607e-01
-3.958333333333333148e-02 4.684412480627559230e-03 6.333984706228334982e-01
-3.958333333333333148e-02 4.913001765623798041e-03 8.780660150705918987e-01
-3.958333333333333148e-02 4.941395972570252967e-03 1.109219788760954284e+00
-3.958333333333333148e-02 4.956440062528473176e-03 1.387848043205047510e+00
-3.958333333333333148e-02 4.957542070007282635e-03 1.727957721914810119e+00
-3.958333333333333148e-02 5.177951285229466863e-03 2.030075569413022585e+00
-3.958333333333333148e-02 5.159148635360958843e-03 2.385115929631165699e+00
-3.958333333333333148e-02 5.378758539862436849e-03 2.766018433313553793e+00
-3.958333333333333148e-02 5.338426936184728112e-03 3.134345852410718614e+00
-3.799999999999999906e-02 3.563623696314452850e-03 3.243675243165037969e+00
-3.799999999999999906e-02 3.675395107568840258e-03 2.606174847485243085e+00
-3.799999999999999906e-02 3.686527312665273219e-03 2.049540679266124599e+00
-3.799999999999999906e-02 3.763759774690786548e-03 1.565424159673099336e+00
-3.799999999999999906e-02 3.824748655356569136e-03 1.162751315052345191e+00
-3.799999999999999906e-02 3.974016901064305121e-03 8.117551562033471502e-01
-3.799999999999999906e-02 4.005540216675935149e-03 5.369530939300347638e-01
-3.799999999999999906e-02 4.136652104312679365e-03 3.289963755882200358e-01
-3.799999999999999906e-02 4.134720391975968759e-03 1.793147049502676060e-01
-3.799999999999999906e-02 4.244451708578201969e-03 7.146503805986365032e-02
-3.799999999999999906e-02 4.346028894174311027e-03 2.451894010390978304e-02
-3.799999999999999906e-02 4.438847484879784866e-03 2.831742090689955485e-02
-3.799999999999999906e-02 4.522305941956869177e-03 7.535591446364399426e-02
-3.799999999999999906e-02 4.595805851545382500e-03 1.609160677758084135e-01
-3.799999999999999906e-02 4.658752147505003383e-03 2.830798627478671725e-01
-3.799999999999999906e-02 4.710553361087345056e-03 4.427760829658560771e-01
-3.799999999999999906e-02 4.750621901926648828e-03 6.438400321966128992e-01
-3.799999999999999906e-02 4.778374375805718305e-03 8.934084737968426282e-01
-3.799999999999999906e-02 5.000701196739999917e-03 1.123326828573920633e+00
-3.799999999999999906e-02 5.011180375570575135e-03 1.392796227372697260e+00
-3.799999999999999906e-02 5.007786580793707580e-03 1.725862101858460118e+00
-3.799999999999999906e-02 5.225588526800978469e-03 2.023577204940047114e+00
-3.799999999999999906e-02 5.202360780474985479e-03 2.371513303865028899e+00
-3.799999999999999906e-02 5.419195578524819111e-03 2.741253089850764102e+00
-3.799999999999999906e-02 5.374563659735460443e-03 3.105265951779696998e+00
-3.799999999999999906e-02 5.589613490953147280e-03 3.515970958077313746e+00
-3.653846153846154049e-02 3.632994757793547597e-03 2.974654488852964462e+00
-3.653846153846154049e-02 3.733817884550444562e-03 2.380924449487040295e+00
-3.653846153846154049e-02 3.820481940040452301e-03 1.864556836686548813e+00
-3.653846153846154049e-02 3.891813865081436650e-03 1.414707411303278928e+00
-3.653846153846154049e-02 3.946649472253227833e-03 1.030530974339781247e+00
-3.653846153846154049e-02 3.983834377507163883e-03 7.200409405985623845e-01
-3.653846153846154049e-02 4.117518069801200109e-03 4.731313611004093200e-01
-3.653846153846154049e-02 4.122722034797392937e-03 2.819465075208410498e-01
-3.653846153846154049e-02 4.236117880047489057e-03 1.393071833759310096e-01
-3.653846153846154049e-02 4.341823291976702227e-03 5.987077560632258350e-02
-3.653846153846154049e-02 4.439251367799188636e-03 3.248067127468486082e-02
-3.653846153846154049e-02 4.527817798247995434e-03 4.843449392590107316e-02
-3.653846153846154049e-02 4.606941038342245859e-03 1.016839192655736163e-01
-3.653846153846154049e-02 4.676042497223241792e-03 1.888041831799865955e-01
-3.653846153846154049e-02 4.734546750018722543e-03 3.090289405552316682e-01
-3.653846153846154049e-02 4.781881775285469482e-03 4.642800585313793249e-01
-3.653846153846154049e-02 4.817479222316956022e-03 6.594865476781124336e-01
-3.653846153846154049e-02 4.840774713528167052e-03 9.027105028918367413e-01
-3.653846153846154049e-02 5.060884914581110366e-03 1.143913295974810618e+00
-3.653846153846154049e-02 5.066889865746964337e-03 1.403859651295741973e+00
-3.653846153846154049e-02 5.059086454411700941e-03 1.728519668174531843e+00
-3.653846153846154049e-02 5.274437003822716324e-03 2.024938303913184523e+00
-3.653846153846154049e-02 5.246865503397008836e-03 2.365407257409434916e+00
-3.653846153846154049e-02 5.461091244958531273e-03 2.726973190285201021e+00
-3.653846153846154049e-02 5.412232106474824077e-03 3.085245662448041770e+00
-3.653846153846154049e-02 5.624542020615820419e-03 3.482465252084059770e+00
-3.518518518518518740e-02 3.593047763556623565e-03 3.359170185923594509e+00
-3.518518518518518740e-02 3.696367136363180178e-03 2.721497903192307888e+00
-3.518518518518518740e-02 3.786176252555973568e-03 2.167261338570469764e+00
-3.518518518518518740e-02 3.861335762126112681e-03 1.683375851118653399e+00
-3.518518518518518740e-02 3.920714285463118044e-03 1.266356359518283625e+00
-3.518518518518518740e-02 3.963189227875178570e-03 9.210214042924863564e-01
-3.518518518518518740e-02 4.099266648374412167e-03 6.377392618767259158e-01
-3.518518518518518740e-02 4.111146135370596227e-03 4.071411044131852397e-01
-3.518518518518518740e-02 4.227962080528132813e-03 2.326505678775111496e-01
-3.518518518518518740e-02 4.337523195080271628e-03 1.238205947652406408e-01
-3.518518518518518740e-02 4.300078026888074813e-03 6.005122864015017409e-02
-3.518518518518518740e-02 4.386056285489279075e-03 2.950026711870376919e-02
-3.518518518518518740e-02 4.462900285886420987e-03 4.717511076839992629e-02
-3.518518518518518740e-02 4.530049042129499076e-03 1.096349815459464888e-01
-3.518518518518518740e-02 4.586944520274735537e-03 2.160309589616046244e-01
-3.518518518518518740e-02 4.810777577791171267e-03 3.432060667239099638e-01
-3.518518518518518740e-02 4.853729833094416572e-03 4.927347607651984540e-01
-3.518518518518518740e-02 4.884939794060909508e-03 6.809875373555753786e-01
-3.518518518518518740e-02 4.903860927164042927e-03 9.164341896744797600e-01
-3.518518518518518740e-02 5.121883512399184532e-03 1.171337912956464278e+00
-3.518518518518518740e-02 5.123497605716964727e-03 1.420479850884379003e+00
-3.518518518518518740e-02 5.111363864856204725e-03 1.735631819563974387e+00
-3.518518518518518740e-02 5.324405904453872844e-03 2.034039140943590507e+00
-3.518518518518518740e-02 5.292565565008781024e-03 2.365510659164590912e+00
-3.518518518518518740e-02 5.504334445893093765e-03 2.721777896395444873e+00
-3.518518518518518740e-02 5.451315531052386941e-03 3.073065012643195093e+00
-3.518518518518518740e-02 5.661045356124240306e-03 3.460024361347107558e+00
-3.392857142857142599e-02 3.661000445449355111e-03 3.074774551224374264e+00
-3.392857142857142599e-02 3.753745424210317219e-03 2.483105074549751823e+00
-3.392857142857142599e-02 3.832482327709584198e-03 1.965574573213600518e+00
-3.392857142857142599e-02 3.896110995178051449e-03 1.516292992817312335e+00
-3.392857142857142599e-02 3.943539165516628427e-03 1.137174754311267799e+00
-3.392857142857142599e-02 4.081849721871249649e-03 8.200180775096080898e-01
-3.392857142857142599e-02 4.099986735299290981e-03 5.521690952016040654e-01
-3.392857142857142599e-02 4.220001465352471101e-03 3.486272977758158587e-01
-3.392857142857142599e-02 4.205228450975157482e-03 2.093960095429515389e-01
-3.392857142857142599e-02 4.304023034282407345e-03 9.396491201282954064e-02
-3.392857142857142599e-02 4.394692550518177442e-03 3.266308261841852773e-02
-3.392857142857142599e-02 4.476688445992519326e-03 1.832137748206426331e-02
-3.392857142857142599e-02 4.549464614171186590e-03 4.619875794873535418e-02
-3.392857142857142599e-02 4.612477564848992476e-03 1.139879066329106821e-01
-3.392857142857142599e-02 4.665186613017359950e-03 2.218533229780396965e-01
-3.392857142857142599e-02 4.707054090606599059e-03 3.726697513118659155e-01
-3.392857142857142599e-02 4.926062541938713672e-03 5.288142588219141293e-01
-3.392857142857142599e-02 4.952961953792286119e-03 7.085963910667276711e-01
-3.392857142857142599e-02 4.967584778621931402e-03 9.354865266495508980e-01
-3.392857142857142599e-02 5.183638241421152995e-03 1.205305787587764410e+00
-3.392857142857142599e-02 5.180938236467669614e-03 1.442568712007479714e+00
-3.392857142857142599e-02 5.164547209854522883e-03 1.747796858303899636e+00
-3.392857142857142599e-02 5.375411954747309068e-03 2.049922269044454293e+00
-3.392857142857142599e-02 5.339371861646384325e-03 2.371194887862899225e+00
-3.392857142857142599e-02 5.548823629274169701e-03 2.724746945612722016e+00
-3.392857142857142599e-02 5.491707235068346918e-03 3.067831576058282828e+00
-3.392857142857142599e-02 5.699003724044610086e-03 3.447306086016372895e+00
-3.275862068965516849e-02 3.627554804311979280e-03 3.437649537753268980e+00
-3.275862068965516849e-02 3.723046348568248738e-03 2.809188455628927272e+00
-3.275862068965516849e-02 3.805133843846034754e-03 2.258621510098798080e+00
-3.275862068965516849e-02 3.872746848912745482e-03 1.777861887281358078e+00
-3.275862068965516849e-02 3.924822049426597917e-03 1.366176972228653419e+00
-3.275862068965516849e-02 4.065220448542039046e-03 1.017549939803307657e+00
-3.275862068965516849e-02 4.089234260432740228e-03 7.146419105726959931e-01
-3.275862068965516849e-02 4.212246800568707900e-03 4.847080998971598498e-01
-3.275862068965516849e-02 4.204674180491993138e-03 2.982606429025134731e-01
-3.275862068965516849e-02 4.307454230604112685e-03 1.557668690694367364e-01
-3.275862068965516849e-02 4.402529471051002535e-03 6.768074121813519306e-02
-3.275862068965516849e-02 4.489365863372300237e-03 2.581259139663375293e-02
-3.275862068965516849e-02 4.567431552365623995e-03 2.426862127074865677e-02
-3.275862068965516849e-02 4.636197011584291573e-03 5.945210452766652026e-02
-3.275862068965516849e-02 4.695135205178355663e-03 1.300812204105321890e-01
-3.275862068965516849e-02 4.743721768624517554e-03 2.373555719221329685e-01
-3.275862068965516849e-02 4.781435211400223394e-03 3.850981184777702571e-01
-3.275862068965516849e-02 4.998847243148311220e-03 5.728585183119316859e-01
-3.275862068965516849e-02 5.021507016581524922e-03 7.431598318815922921e-01
-3.275862068965516849e-02 5.031901641081360822e-03 9.599366208596215033e-01
-3.275862068965516849e-02 5.029520874053539613e-03 1.236225343580469760e+00
-3.275862068965516849e-02 5.239151691490475174e-03 1.470748167344484658e+00
-3.275862068965516849e-02 5.218570771173786788e-03 1.764564741442166573e+00
-3.275862068965516849e-02 5.427378933954709640e-03 2.072155125793564423e+00
-3.275862068965516849e-02 5.387202884894973058e-03 2.382168973493403730e+00
-3.275862068965516849e-02 5.594466088105206486e-03 2.735207455654737885e+00
-3.275862068965516849e-02 5.533309828180754154e-03 3.068915986134940876e+00
-3.275862068965516849e-02 5.738307972421434824e-03 3.443166958043663239e+00
-3.166666666666666935e-02 3.693949107626056695e-03 3.143102640633754774e+00
-3.166666666666666935e-02 3.779180985833361164e-03 2.560269254648440018e+00
-3.166666666666666935e-02 3.850536316705928733e-03 2.048963646607345535e+00
-3.166666666666666935e-02 3.906979415694860139e-03 1.606034274930839389e+00
-3.166666666666666935e-02 4.049333805942697574e-03 1.228240186601574191e+00
-3.166666666666666935e-02 4.078876737287380830e-03 8.924617952275673005e-01
-3.166666666666666935e-02 4.204704076145794611e-03 6.386550936578780924e-01
-3.166666666666666935e-02 4.203911615818969015e-03 4.089638570152452357e-01
-3.166666666666666935e-02 4.310439452623343430e-03 2.427160125233152888e-01
-3.166666666666666935e-02 4.409659525014639203e-03 1.314906571856120920e-01
-3.166666666666666935e-02 4.501051666749264143e-03 6.618901739094767978e-02
-3.166666666666666935e-02 4.584097666911804078e-03 3.989171055264373322e-02
-3.166666666666666935e-02 4.658281395678942095e-03 4.785796179736503259e-02
-3.166666666666666935e-02 4.723088943729866242e-03 8.752711646979140225e-02
-3.166666666666666935e-02 4.778008777355664469e-03 1.586140717806447109e-01
-3.166666666666666935e-02 4.822531911716783359e-03 2.632671227235743872e-01
-3.166666666666666935e-02 4.856152105188471513e-03 4.058996249187583616e-01
-3.166666666666666935e-02 4.878366078346255130e-03 5.939332570349187268e-01
-3.166666666666666935e-02 5.090539182782201529e-03 7.848230643065456924e-01
-3.166666666666666935e-02 5.096770340219433822e-03 9.901432379918972959e-01
-3.166666666666666935e-02 5.090251550532266106e-03 1.255797995343964191e+00
-3.166666666666666935e-02 5.298082857136458129e-03 1.504720621634537903e+00
-3.166666666666666935e-02 5.273374315401284894e-03 1.785929887247158288e+00
-3.166666666666666935e-02 5.480237145026937290e-03 2.100567671990442697e+00
-3.166666666666666935e-02 5.435984139516922796e-03 2.398275157383426670e+00
-3.166666666666666935e-02 5.641177238496549590e-03 2.752663192961947836e+00
-3.166666666666666935e-02 5.576034464375352086e-03 3.075727104166397829e+00
-3.166666666666666935e-02 5.778858659860541640e-03 3.446814933872912601e+00
-3.064516129032257563e-02 3.666335675495869043e-03 3.482841436961797044e+00
-3.064516129032257563e-02 3.754523927176995832e-03 2.868628970661407429e+00
-3.064516129032257563e-02 3.829400643038263427e-03 2.327814296033511532e+00
-3.064516129032257563e-02 3.889956520539929272e-03 1.855030025358024304e+00
-3.064516129032257563e-02 4.034146904618597651e-03 1.450267617966700895e+00
-3.064516129032257563e-02 4.068900675012739575e-03 1.083780423687122685e+00
-3.064516129032257563e-02 4.086496461197063404e-03 7.943266099309037598e-01
-3.064516129032257563e-02 4.202978137740551179e-03 5.392885554617379285e-01
-3.064516129032257563e-02 4.313036239897593237e-03 3.523530456130360977e-01
-3.064516129032257563e-02 4.286176917438046588e-03 2.137535477845274867e-01
-3.064516129032257563e-02 4.375143245373357657e-03 1.033224607198341277e-01
-3.064516129032257563e-02 4.456006255782408478e-03 4.058081993906746676e-02
-3.064516129032257563e-02 4.528263957324680719e-03 2.079834223811278388e-02
-3.064516129032257563e-02 4.591416446694197330e-03 4.140175233436526464e-02
-3.064516129032257563e-02 4.644966054600418309e-03 1.020663311366276915e-01
-3.064516129032257563e-02 4.861085691750621426e-03 2.001226459644138145e-01
-3.064516129032257563e-02 4.901600022289722032e-03 2.999819010757358018e-01
-3.064516129032257563e-02 4.931183185071786462e-03 4.359464726802684265e-01
-3.064516129032257563e-02 4.949346169039010521e-03 6.157053498652663714e-01
-3.064516129032257563e-02 5.160025394692172550e-03 8.339395858410134643e-01
-3.064516129032257563e-02 5.162152951221022669e-03 1.026985470452046689e+00
-3.064516129032257563e-02 5.151554532656060781e-03 1.280417658312769991e+00
-3.064516129032257563e-02 5.357681206911682655e-03 1.544535451624732270e+00
-3.064516129032257563e-02 5.328902673640203459e-03 1.812073062657186151e+00
-3.064516129032257563e-02 5.533922878249738705e-03 2.135082488503970755e+00
-3.064516129032257563e-02 5.485647558371782584e-03 2.419448649942133489e+00
-3.064516129032257563e-02 5.688879910136615363e-03 2.776654072933133044e+00
-3.064516129032257563e-02 5.619800092857803360e-03 3.087949606787526946e+00
-3.064516129032257563e-02 5.820565175527117781e-03 3.457543039968044241e+00
-2.968750000000000208e-02 3.731071484608873296e-03 3.182109079896163539e+00
-2.968750000000000208e-02 3.809267366299415574e-03 2.612893303875459594e+00
-2.968750000000000208e-02 3.873702272826052683e-03 2.111681396171736225e+00
-2.968750000000000208e-02 3.923397937937698338e-03 1.678544111899499480e+00
-2.968750000000000208e-02 4.059291704110814386e-03 1.286964433945967157e+00
-2.968750000000000208e-02 4.082435372892293142e-03 9.619552931279304886e-01
-2.968750000000000208e-02 4.201904790573285885e-03 6.872463074703335506e-01
-2.968750000000000208e-02 4.195250231161283018e-03 4.777934231237211393e-01
-2.968750000000000208e-02 4.295675782977362300e-03 2.909472682400579546e-01
-2.968750000000000208e-02 4.388873900034796424e-03 1.582971461966246884e-01
-2.968750000000000208e-02 4.474353012004528805e-03 7.208446143153324215e-02
-2.968750000000000208e-02 4.551623306989448919e-03 2.657758513272042572e-02
-2.968750000000000208e-02 4.620196845294734407e-03 1.808827481833323245e-02
-2.968750000000000208e-02 4.679587685579038661e-03 4.499284847581384167e-02
-2.968750000000000208e-02 4.729312025252076744e-03 1.079162509943029785e-01
-2.968750000000000208e-02 4.768888357345044821e-03 2.095932384149297445e-01
-2.968750000000000208e-02 4.980910146667567699e-03 3.481389393922224573e-01
-2.968750000000000208e-02 5.006508355468251847e-03 4.754615730148389896e-01
-2.968750000000000208e-02 5.020673124489828838e-03 6.452650788748710564e-01
-2.968750000000000208e-02 5.022931882545545769e-03 8.691273051620447276e-01
-2.968750000000000208e-02 5.228014575565723999e-03 1.070451135941415721e+00
-2.968750000000000208e-02 5.213390630827857870e-03 1.310341012065764588e+00
-2.968750000000000208e-02 5.417900432964832189e-03 1.590383387718118602e+00
-2.968750000000000208e-02 5.385105323528800378e-03 1.843204192171524536e+00
-2.968750000000000208e-02 5.588377890428666839e-03 2.175661394861864828e+00
-2.968750000000000208e-02 5.536130937091876536e-03 2.445554192107755487e+00
-2.968750000000000208e-02 5.737503670813333401e-03 2.806936147928832614e+00
-2.968750000000000208e-02 5.664532745820008951e-03 3.105275607040667740e+00
-2.968750000000000208e-02 5.863344911090654678e-03 3.474718039086345023e+00
-2.878787878787878937e-02 3.708740318339178669e-03 3.499365558880201288e+00
-2.878787878787878937e-02 3.790069834110550238e-03 2.902901217566665082e+00
-2.878787878787878937e-02 3.858169098186025551e-03 2.374703770559162486e+00
-2.878787878787878937e-02 3.912083408413658155e-03 1.912643586063029977e+00
-2.878787878787878937e-02 4.050035037374538800e-03 1.500566547096557013e+00
-2.878787878787878937e-02 4.078425968315266617e-03 1.142939767133620999e+00
-2.878787878787878937e-02 4.200717441762286987e-03 8.510500058647849642e-01
-2.878787878787878937e-02 4.200415635060092932e-03 5.974316000737264210e-01
-2.878787878787878937e-02 4.304490780603385976e-03 3.920663930440076994e-01
-2.878787878787878937e-02 4.401691449794941854e-03 2.409063375163409682e-01
-2.878787878787878937e-02 4.491537934312711706e-03 1.353845873786505283e-01
-2.878787878787878937e-02 4.573552111385255012e-03 6.887415277434076610e-02
-2.878787878787878937e-02 4.647257542894597457e-03 3.669364747044229214e-02
-2.878787878787878937e-02 4.712179584907889851e-03 3.605812982365150243e-02
-2.878787878787878937e-02 4.767845509156991464e-03 6.628969237026552386e-02
-2.878787878787878937e-02 4.813784638268947015e-03 1.287769701990996163e-01
-2.878787878787878937e-02 4.849528496899365923e-03 2.272031133619292764e-01
-2.878787878787878937e-02 4.874610981353093980e-03 3.673516931901195104e-01
-2.878787878787878937e-02 5.082108948122161622e-03 5.248032182602315743e-01
-2.878787878787878937e-02 5.092324464563191370e-03 6.834519444035347391e-01
-2.878787878787878937e-02 5.090634021596710662e-03 8.954193222828282783e-01
-2.878787878787878937e-02 5.294323112738533003e-03 1.120766432014505654e+00
-2.878787878787878937e-02 5.275723846371495850e-03 1.345929859641603610e+00
-2.878787878787878937e-02 5.478698088666602434e-03 1.642466723166804643e+00
-2.878787878787878937e-02 5.441935987339028419e-03 1.879530374720977282e+00
-2.878787878787878937e-02 5.391273742391474930e-03 2.212933419008216607e+00
-2.878787878787878937e-02 5.587377401080655809e-03 2.476635836305417726e+00
-2.878787878787878937e-02 5.786984196215281227e-03 2.843226269580307886e+00
-2.878787878787878937e-02 5.710164874552937225e-03 3.127372673765245192e+00
-2.878787878787878937e-02 5.907122494665851577e-03 3.498127246945744062e+00
-2.794117647058823317e-02 3.771746731779660605e-03 3.196724935537488488e+00
-2.794117647058823317e-02 3.843312763186978662e-03 2.642981325044034602e+00
-2.794117647058823317e-02 3.901220156221174833e-03 2.153877245261005768e+00
-2.794117647058823317e-02 4.041115800374968196e-03 1.723301229784038213e+00
-2.794117647058823317e-02 4.074476729289551978e-03 1.335838190050995244e+00
-2.794117647058823317e-02 4.091556336870623076e-03 1.022188972927584372e+00
-2.794117647058823317e-02 4.205156599285669525e-03 7.356843885239259251e-01
-2.794117647058823317e-02 4.312687421126435751e-03 5.148761761734343967e-01
-2.794117647058823317e-02 4.287700615234027110e-03 3.456278405727554737e-01
-2.794117647058823317e-02 4.375327726540254210e-03 1.991566520139170238e-01
-2.794117647058823317e-02 4.455332553114661059e-03 9.912462102527631880e-02
-2.794117647058823317e-02 4.527250761644896482e-03 4.087844455197979510e-02
-2.794117647058823317e-02 4.590619714677696139e-03 2.164199425995649850e-02
-2.794117647058823317e-02 4.644978585522310452e-03 4.072990442867761157e-02
-2.794117647058823317e-02 4.689868486165133139e-03 9.944399915584548055e-02
-2.794117647058823317e-02 4.898377101509953854e-03 1.649853839228574981e-01
-2.794117647058823317e-02 4.930328136142704196e-03 2.577991156557921659e-01
-2.794117647058823317e-02 4.951585191889938502e-03 3.902250990752451631e-01
-2.794117647058823317e-02 4.961696890931983385e-03 5.715433929968585236e-01
-2.794117647058823317e-02 5.164279403324424991e-03 7.303094157540696019e-01
-2.794117647058823317e-02 5.158685207041737580e-03 9.288642274763343476e-01
-2.794117647058823317e-02 5.361049036205160073e-03 1.178234708685515608e+00
-2.794117647058823317e-02 5.338521106325868834e-03 1.387524648121261306e+00
-2.794117647058823317e-02 5.302890681442047095e-03 1.677227068106190266e+00
-2.794117647058823317e-02 5.499352253731092446e-03 1.921137111227353866e+00
-2.794117647058823317e-02 5.444820889498404141e-03 2.239272355648377122e+00
-2.794117647058823317e-02 5.639334910982728676e-03 2.512655241523839678e+00
-2.794117647058823317e-02 5.564694741002584183e-03 2.871185552577536271e+00
-2.794117647058823317e-02 5.756634738694600337e-03 3.154309643575913480e+00
-2.794117647058823317e-02 5.951829090081080242e-03 3.527187566122912621e+00
-2.714285714285714565e-02 3.754241633946493999e-03 3.493409083499426249e+00
-2.714285714285714565e-02 3.829092178641497080e-03 2.915542585163228395e+00
-2.714285714285714565e-02 3.890784438151849434e-03 2.401215573163220540e+00
-2.714285714285714565e-02 3.938412759557245735e-03 1.950808947364394585e+00
-2.714285714285714565e-02 4.070593964438552412e-03 1.539354822890298902e+00
-2.714285714285714565e-02 4.092947291177232057e-03 1.191073503691339575e+00
-2.714285714285714565e-02 4.209516097420993967e-03 8.907778323116667396e-01
-2.714285714285714565e-02 4.203586803866429626e-03 6.516906597585665484e-01
-2.714285714285714565e-02 4.302117743880159995e-03 4.352253257968215494e-01
-2.714285714285714565e-02 4.393825199532017285e-03 2.710325401160209036e-01
-2.714285714285714565e-02 4.478253915873210353e-03 1.517391937818046710e-01
-2.714285714285714565e-02 4.554950077672435642e-03 7.181713961859649553e-02
-2.714285714285714565e-02 4.623461399899706815e-03 2.746288092142284282e-02
-2.714285714285714565e-02 4.683337227757645299e-03 1.684184992648060653e-02
-2.714285714285714565e-02 4.734128647653310096e-03 4.008696611922625552e-02
-2.714285714285714565e-02 4.775388610764192028e-03 9.933130733335790441e-02
-2.714285714285714565e-02 4.806672071172651654e-03 1.987281727201995196e-01
-2.714285714285714565e-02 5.011278076761458387e-03 3.015721059265716320e-01
-2.714285714285714565e-02 5.028748219142598584e-03 4.246604685379050670e-01
-2.714285714285714565e-02 5.035053551715930158e-03 5.952217551856422428e-01
-2.714285714285714565e-02 5.236518728243734315e-03 7.860502428928700658e-01
-2.714285714285714565e-02 5.227063074914184773e-03 9.698206648724763124e-01
-2.714285714285714565e-02 5.205267805725876176e-03 1.221604148997290196e+00
-2.714285714285714565e-02 5.401752012571021597e-03 1.435413263914160353e+00
-2.714285714285714565e-02 5.362266678946197955e-03 1.708954811570125631e+00
-2.714285714285714565e-02 5.557315226813474424e-03 1.968233135653040922e+00
-2.714285714285714565e-02 5.498955042820149151e-03 2.269990239501763263e+00
-2.714285714285714565e-02 5.691955808787254462e-03 2.553518133545093161e+00
-2.714285714285714565e-02 5.613543398848879623e-03 2.896592839326835644e+00
-2.714285714285714565e-02 5.803885849335260923e-03 3.185712811645410980e+00
-2.638888888888889228e-02 3.815469194776520585e-03 3.191540006843286204e+00
-2.638888888888889228e-02 3.880753737871582218e-03 2.653747515941355051e+00
-2.638888888888889228e-02 3.932470882500900891e-03 2.177101058580417803e+00
-2.638888888888889228e-02 4.066782249396535230e-03 1.752323181869042124e+00
-2.638888888888889228e-02 4.094145582647261590e-03 1.372768033943305488e+00
-2.638888888888889228e-02 4.213531824833079836e-03 1.061104963642737875e+00
-2.638888888888889228e-02 4.213600208016698989e-03 7.785997934880057869e-01
-2.638888888888889228e-02 4.315690543442268247e-03 5.484592312569398498e-01
-2.638888888888889228e-02 4.411274495097984930e-03 3.702065301516860862e-01
-2.638888888888889228e-02 4.499907059809750073e-03 2.357549126854671384e-01
-2.638888888888889228e-02 4.442903556310919856e-03 1.362687825567110989e-01
-2.638888888888889228e-02 4.509834209775478997e-03 7.018755320136720044e-02
-2.638888888888889228e-02 4.719666471533116338e-03 4.027549281404693704e-02
-2.638888888888889228e-02 4.776070812501497821e-03 3.495373749740384589e-02
-2.638888888888889228e-02 4.823320053154655021e-03 5.939262067627384956e-02
-2.638888888888889228e-02 4.860978395893039011e-03 1.164311095130796253e-01
-2.638888888888889228e-02 4.888611972882910689e-03 2.108279346361178475e-01
-2.638888888888889228e-02 4.905788996113790747e-03 3.498676075179544265e-01
-2.638888888888889228e-02 5.106088829405956188e-03 4.706182821127318228e-01
-2.638888888888889228e-02 5.108624618664372313e-03 6.286680865864771039e-01
-2.638888888888889228e-02 5.099550702938300019e-03 8.455213063991044997e-01
-2.638888888888889228e-02 5.295746991848735569e-03 1.018606858550008987e+00
-2.638888888888889228e-02 5.270140369633358191e-03 1.254554672337286902e+00
-2.638888888888889228e-02 5.465388607886798034e-03 1.489746790214860450e+00
-2.638888888888889228e-02 5.422087329439792200e-03 1.746068655926602098e+00
-2.638888888888889228e-02 5.615789203696614634e-03 2.020894659691171658e+00
-2.638888888888889228e-02 5.553637788092969513e-03 2.305103197469149379e+00
-2.638888888888889228e-02 5.745196404305007165e-03 2.599445842348979241e+00
-2.638888888888889228e-02 5.663046485628529282e-03 2.925737667499014982e+00
-2.638888888888889228e-02 5.851866464306859292e-03 3.221551019612808098e+00
-2.567567567567567710e-02 3.802408396589396049e-03 3.470232836357802775e+00
-2.567567567567567710e-02 3.871106765077252446e-03 2.910665335687481203e+00
-2.567567567567567710e-02 3.926711001046387199e-03 2.409952268766642369e+00
-2.567567567567567710e-02 3.968359749336372762e-03 1.971367777503280072e+00
-2.567567567567567710e-02 4.095173361619308845e-03 1.565994756722685288e+00
-2.567567567567567710e-02 4.111769835029808681e-03 1.227032140858823617e+00
-2.567567567567567710e-02 4.223012726349770207e-03 9.239793735390274820e-01
-2.567567567567567710e-02 4.328487889725321849e-03 6.831809410597371457e-01
-2.567567567567567710e-02 4.305060265444617985e-03 4.760712464418072609e-01
-2.567567567567567710e-02 4.391646979445849863e-03 3.042566424860789209e-01
-2.567567567567567710e-02 4.471022459035626194e-03 1.763885221084909027e-01
-2.567567567567567710e-02 4.542754864304451336e-03 8.777711226785052390e-02
-2.567567567567567710e-02 4.606413753317118061e-03 3.558309534668596674e-02
-2.567567567567567710e-02 4.661570173975317088e-03 1.885824491483752835e-02
-2.567567567567567710e-02 4.707796765952677355e-03 3.838250333921760377e-02
-2.567567567567567710e-02 4.744667874227170845e-03 9.690713313246936134e-02
-2.567567567567567710e-02 4.946634542062349101e-03 1.506700070551846293e-01
-2.567567567567567710e-02 4.970646986880502237e-03 2.380253603602136281e-01
-2.567567567567567710e-02 4.984167469016892449e-03 3.680207588878707803e-01
-2.567567567567567710e-02 5.183596565187561199e-03 5.281812934437055684e-01
-2.567567567567567710e-02 5.182397183696664696e-03 6.721226707417022883e-01
-2.567567567567567710e-02 5.169580790377262779e-03 8.744152754214390422e-01
-2.567567567567567710e-02 5.364717912851892784e-03 1.075467434710756898e+00
-2.567567567567567710e-02 5.335336189048986086e-03 1.294275157353334649e+00
-2.567567567567567710e-02 5.529405159945869307e-03 1.550767531230592411e+00
-2.567567567567567710e-02 5.482324314832563890e-03 1.788731526287872242e+00
-2.567567567567567710e-02 5.674741380221067812e-03 2.079137041861947477e+00
-2.567567567567567710e-02 5.608833840246908210e-03 2.344952835612682307e+00
-2.567567567567567710e-02 5.799016600345006066e-03 2.650220774326148998e+00
-2.567567567567567710e-02 5.713161632368987490e-03 2.958727124048313506e+00
-2.567567567567567710e-02 5.900529132652245802e-03 3.262159676214015924e+00
-2.500000000000000139e-02 3.861823432091036901e-03 3.171251694249968889e+00
-2.500000000000000139e-02 3.921127376798947024e-03 2.648531232452603135e+00
-2.500000000000000139e-02 3.966945769600127916e-03 2.184093935232665817e+00
-2.500000000000000139e-02 4.096049928010178295e-03 1.769594272352413844e+00
-2.500000000000000139e-02 4.117687472774152375e-03 1.397827664336495967e+00
-2.500000000000000139e-02 4.231873833366420722e-03 1.086134642173545606e+00
-2.500000000000000139e-02 4.226529274346684829e-03 8.133817357891255373e-01
-2.500000000000000139e-02 4.323539982300807043e-03 5.789570618844021022e-01
-2.500000000000000139e-02 4.414073361741661927e-03 3.937571204999328334e-01
-2.500000000000000139e-02 4.497705546247504974e-03 2.508242906924975091e-01
-2.500000000000000139e-02 4.574013864768440921e-03 1.446413314252091853e-01
-2.500000000000000139e-02 4.642576914647115680e-03 7.144898993720928682e-02
-2.500000000000000139e-02 4.702974642116157511e-03 2.939390809349728614e-02
-2.500000000000000139e-02 4.754788431329690090e-03 1.803845127045137706e-02
-2.500000000000000139e-02 4.797601203177822952e-03 3.898863911821312533e-02
-2.500000000000000139e-02 4.830997525367032933e-03 9.555582509810413294e-02
-2.500000000000000139e-02 4.854563735537416672e-03 1.932805306291524305e-01
-2.500000000000000139e-02 5.052772078314615722e-03 2.801171938676429995e-01
-2.500000000000000139e-02 5.062664544420392154e-03 3.990605115734409680e-01
-2.500000000000000139e-02 5.061622215044384206e-03 5.692205825217471205e-01
-2.500000000000000139e-02 5.256359271759229214e-03 7.257843120932436776e-01
-2.500000000000000139e-02 5.239832843926180497e-03 9.121182450315356016e-01
-2.500000000000000139e-02 5.433958248519582535e-03 1.140517414437019816e+00
-2.500000000000000139e-02 5.400835308815837149e-03 1.341038470322786447e+00
-2.500000000000000139e-02 5.593777963241534576e-03 1.618561854864443150e+00
-2.500000000000000139e-02 5.542951561655163305e-03 1.836999748824661438e+00
-2.500000000000000139e-02 5.734141583654351303e-03 2.143226320565695175e+00
-2.500000000000000139e-02 5.664510753167040225e-03 2.389396017370657432e+00
-2.500000000000000139e-02 5.853379554147307602e-03 2.705921079105311655e+00
-2.500000000000000139e-02 5.763849912336104810e-03 2.996028830000114329e+00
-2.500000000000000139e-02 5.949830284610814653e-03 3.307726331472633508e+00
