-2.500000000000000139e-02 3.876750079255170123e-03 3.051804802860684340e+00
-2.500000000000000139e-02 3.957816203699057039e-03 2.462213333772700352e+00
-2.500000000000000139e-02 4.022373937748098018e-03 1.945535078356792846e+00
-2.500000000000000139e-02 4.141629349536136116e-03 1.503122303229168288e+00
-2.500000000000000139e-02 4.174017152368429857e-03 1.116667853916869291e+00
-2.500000000000000139e-02 4.267976797471952771e-03 7.969916314772675925e-01
-2.500000000000000139e-02 4.350261343499003779e-03 5.375032459073580959e-01
-2.500000000000000139e-02 4.420054790942277469e-03 3.335576540702120951e-01
-2.500000000000000139e-02 4.476544726496563265e-03 1.850796311385934367e-01
-2.500000000000000139e-02 4.620526952109807461e-03 8.940257611647776936e-02
-2.500000000000000139e-02 4.653296469520409873e-03 2.716592676714841073e-02
-2.500000000000000139e-02 4.782882525076295396e-03 2.553009924644720346e-02
-2.500000000000000139e-02 4.789229590132018655e-03 4.896959920394373944e-02
-2.500000000000000139e-02 4.902242131601905820e-03 1.153831017934804637e-01
-2.500000000000000139e-02 5.009101129537915295e-03 2.240965532580470876e-01
-2.500000000000000139e-02 5.109397661900443206e-03 3.682926912224762095e-01
-2.500000000000000139e-02 5.060941807715705308e-03 5.405730649728119896e-01
-2.500000000000000139e-02 5.140612047257139307e-03 7.362907497063593265e-01
-2.500000000000000139e-02 5.212370737473030584e-03 9.621352654136869909e-01
-2.500000000000000139e-02 5.436817220209081043e-03 1.205410871918257021e+00
-2.500000000000000139e-02 5.498204968045324048e-03 1.468311496568410757e+00
-2.500000000000000139e-02 5.550600041172685205e-03 1.752816301849049685e+00
-2.500000000000000139e-02 5.593601946180195086e-03 2.061449430723057752e+00
-2.500000000000000139e-02 5.626811719089387653e-03 2.398345555323599498e+00
-2.500000000000000139e-02 5.845558283446865636e-03 2.746479136188776593e+00
-2.500000000000000139e-02 5.865285937490856243e-03 3.088570516522292309e+00
-2.500000000000000139e-02 5.874155655361076867e-03 3.466419356366002624e+00
-2.435897435897435917e-02 3.845218911509486887e-03 3.312483059671982311e+00
-2.435897435897435917e-02 3.928547726729667011e-03 2.698817027737931973e+00
-2.435897435897435917e-02 3.995886046227430446e-03 2.159646917871633764e+00
-2.435897435897435917e-02 4.116779824720770940e-03 1.690429523825961011e+00
-2.435897435897435917e-02 4.152960870454007296e-03 1.282065020443520886e+00
-2.435897435897435917e-02 4.249413991643512592e-03 9.382637601006232897e-01
-2.435897435897435917e-02 4.334595993131161625e-03 6.552489816180329107e-01
-2.435897435897435917e-02 4.407708240508247631e-03 4.272057333502303211e-01
-2.435897435897435917e-02 4.467955406023202056e-03 2.527069595689118708e-01
-2.435897435897435917e-02 4.514545757374682083e-03 1.347953567101126682e-01
-2.435897435897435917e-02 4.651146801043624761e-03 5.175635498898447512e-02
-2.435897435897435917e-02 4.673376718057513542e-03 2.242271699838619195e-02
-2.435897435897435917e-02 4.794986275392437367e-03 2.502771584913575029e-02
-2.435897435897435917e-02 4.911118199267625745e-03 7.916645403627078914e-02
-2.435897435897435917e-02 4.894717886194097957e-03 1.634575209453671407e-01
-2.435897435897435917e-02 4.992805997286861933e-03 2.739989287459329570e-01
-2.435897435897435917e-02 5.084088079148287379e-03 4.196542582204789151e-01
-2.435897435897435917e-02 5.168166448165753719e-03 5.959836110114322683e-01
-2.435897435897435917e-02 5.244644491585570556e-03 7.999621537775344349e-01
-2.435897435897435917e-02 5.313126730418593277e-03 1.030294989219008972e+00
-2.435897435897435917e-02 5.373218888509376234e-03 1.286292249643841368e+00
-2.435897435897435917e-02 5.424527968600652110e-03 1.569092361289969650e+00
-2.435897435897435917e-02 5.643939585571982123e-03 1.861262957543055263e+00
-2.435897435897435917e-02 5.683395413038501778e-03 2.160855127273044740e+00
-2.435897435897435917e-02 5.713018612545094771e-03 2.487105015930561436e+00
-2.435897435897435917e-02 5.732421060882101141e-03 2.845978968442282486e+00
-2.435897435897435917e-02 5.946934621557500855e-03 3.192200103409800427e+00
-2.374999999999999681e-02 3.900529716295216952e-03 2.940010956996993663e+00
-2.374999999999999681e-02 3.970518122820050275e-03 2.378542440257878976e+00
-2.374999999999999681e-02 4.092971577966360471e-03 1.883434939682274267e+00
-2.374999999999999681e-02 4.132770531410878863e-03 1.453605778837495199e+00
-2.374999999999999681e-02 4.231600549877572587e-03 1.086734548003887468e+00
-2.374999999999999681e-02 4.319545610383438393e-03 7.813720450282274355e-01
-2.374999999999999681e-02 4.395823771340472488e-03 5.306165270360374553e-01
-2.374999999999999681e-02 4.459656145961752444e-03 3.317887658018994768e-01
-2.374999999999999681e-02 4.510267163026676455e-03 1.864587768691163272e-01
-2.374999999999999681e-02 4.648991817406838284e-03 9.146635159707695861e-02
-2.374999999999999681e-02 4.676046603394043606e-03 2.950786825659401993e-02
-2.374999999999999681e-02 4.800378625513168282e-03 2.104898807201066938e-02
-2.374999999999999681e-02 4.801297067671235312e-03 4.688863843776942125e-02
-2.374999999999999681e-02 4.909157523363746368e-03 1.033023214532288042e-01
-2.374999999999999681e-02 5.010884251649578083e-03 2.002052401003819593e-01
-2.374999999999999681e-02 5.106086773756472220e-03 3.313561609702201372e-01
-2.374999999999999681e-02 5.194375538762732551e-03 4.917720293502231277e-01
-2.374999999999999681e-02 5.275361974626216650e-03 6.777876319948943351e-01
-2.374999999999999681e-02 5.348658543914445659e-03 8.873568827378031099e-01
-2.374999999999999681e-02 5.413878804832615924e-03 1.119099588534294254e+00
-2.374999999999999681e-02 5.470637478243145155e-03 1.373304742756179309e+00
-2.374999999999999681e-02 5.518550521486332086e-03 1.651491689042219768e+00
-2.374999999999999681e-02 5.557235209951344283e-03 1.956670618350009327e+00
-2.374999999999999681e-02 5.773276934855549672e-03 2.273147743596736881e+00
-2.374999999999999681e-02 5.799341754204739852e-03 2.587159663444148716e+00
-2.374999999999999681e-02 5.815155900333079594e-03 2.932858088567263710e+00
-2.374999999999999681e-02 6.028769001895025598e-03 3.305623995687529959e+00
-2.317073170731707293e-02 3.933206006867988672e-03 3.184774581534719040e+00
-2.317073170731707293e-02 4.009697848483605859e-03 2.601055424432891172e+00
-2.317073170731707293e-02 4.070141380055193256e-03 2.081350975134174330e+00
-2.317073170731707293e-02 4.113394666213707716e-03 1.630559150457945305e+00
-2.317073170731707293e-02 4.214492894501584153e-03 1.241661603047950591e+00
-2.317073170731707293e-02 4.305075641293129064e-03 9.151079447721477411e-01
-2.317073170731707293e-02 4.384377019971043982e-03 6.429851871166123445e-01
-2.317073170731707293e-02 4.451633971263135869e-03 4.214524355821122059e-01
-2.317073170731707293e-02 4.506086499241291829e-03 2.507144177768670934e-01
-2.317073170731707293e-02 4.546977940407068847e-03 1.353635385253601775e-01
-2.317073170731707293e-02 4.678504480364868538e-03 5.339790069482230894e-02
-2.317073170731707293e-02 4.695223814451911400e-03 2.509009467752934888e-02
-2.317073170731707293e-02 4.811788176564951898e-03 2.246332903426029662e-02
-2.317073170731707293e-02 4.922864217798893390e-03 6.797239100826549252e-02
-2.317073170731707293e-02 5.028068568420317880e-03 1.538106071667293406e-01
-2.317073170731707293e-02 4.994587659589893106e-03 2.590268156210877581e-01
-2.317073170731707293e-02 5.081025761324683282e-03 3.947751089070245523e-01
-2.317073170731707293e-02 5.160325516610252301e-03 5.610688363913322041e-01
-2.317073170731707293e-02 5.232107714514913112e-03 7.558630620958455282e-01
-2.317073170731707293e-02 5.295994189484975502e-03 9.777097182771892214e-01
-2.317073170731707293e-02 5.351607885320489207e-03 1.226853582425548428e+00
-2.317073170731707293e-02 5.568070026600147049e-03 1.478176417152351929e+00
-2.317073170731707293e-02 5.612606507345865858e-03 1.749778313664808183e+00
-2.317073170731707293e-02 5.647863315164545865e-03 2.046318291456439731e+00
-2.317073170731707293e-02 5.673467607243977071e-03 2.372525662390077450e+00
-2.317073170731707293e-02 5.885775064229555043e-03 2.698529816962687899e+00
-2.317073170731707293e-02 5.898028674602266881e-03 3.030289232991446813e+00
-2.317073170731707293e-02 5.899633643386759281e-03 3.401307375928426247e+00
-2.261904761904761849e-02 3.906160347726080236e-03 3.425624503943287547e+00
-2.261904761904761849e-02 3.984982754159568756e-03 2.822245699274371411e+00
-2.261904761904761849e-02 4.048230912751127168e-03 2.283478885025936655e+00
-2.261904761904761849e-02 4.094785695988647882e-03 1.812270590172686546e+00
-2.261904761904761849e-02 4.198050647232516759e-03 1.402374507677098592e+00
-2.261904761904761849e-02 4.291153948297574822e-03 1.055760777327330979e+00
-2.261904761904761849e-02 4.373345162229117997e-03 7.635739474985763220e-01
-2.261904761904761849e-02 4.443876473524638153e-03 5.208937975856913205e-01
-2.261904761904761849e-02 4.502002902189104414e-03 3.266572989462344645e-01
-2.261904761904761849e-02 4.546982547161480814e-03 1.839650855736247870e-01
-2.261904761904761849e-02 4.680769441797190400e-03 9.293550964366023570e-02
-2.261904761904761849e-02 4.702341931586878458e-03 3.084571101623307179e-02
-2.261904761904761849e-02 4.821738529832917015e-03 1.896114833591295429e-02
-2.261904761904761849e-02 4.817435227661882521e-03 4.631870563150923548e-02
-2.261904761904761849e-02 4.920452551939535381e-03 9.625922423783941917e-02
-2.261904761904761849e-02 5.017353848109789433e-03 1.846264877168056484e-01
-2.261904761904761849e-02 5.107765499246153321e-03 3.059432867426068459e-01
-2.261904761904761849e-02 5.191314745138256477e-03 4.559772750286427145e-01
-2.261904761904761849e-02 5.267629729625967518e-03 6.320018190641871758e-01
-2.261904761904761849e-02 5.336339552304020066e-03 8.319602692118294174e-01
-2.261904761904761849e-02 5.397074325152796150e-03 1.055335933562014938e+00
-2.261904761904761849e-02 5.449465234741094309e-03 1.302764412907212010e+00
-2.261904761904761849e-02 5.493144610754755949e-03 1.576265360680890293e+00
-2.261904761904761849e-02 5.706694765106794763e-03 1.863614100185152056e+00
-2.261904761904761849e-02 5.738544206979205413e-03 2.149694301608967351e+00
-2.261904761904761849e-02 5.760700101708391384e-03 2.464082684036510429e+00
-2.261904761904761849e-02 5.772799132983347757e-03 2.814031703118344385e+00
-2.261904761904761849e-02 5.981032014321732010e-03 3.137650782155723128e+00
-2.261904761904761849e-02 5.979083119090647554e-03 3.492354332773943248e+00
-2.209302325581395318e-02 3.961255941488008546e-03 3.046665191991526633e+00
-2.209302325581395318e-02 4.027186314849326605e-03 2.489197745513043181e+00
-2.209302325581395318e-02 4.076899585722849710e-03 1.998152970662151917e+00
-2.209302325581395318e-02 4.182236356335649989e-03 1.568266772731724323e+00
-2.209302325581395318e-02 4.277750619853596704e-03 1.202696021263367276e+00
-2.209302325581395318e-02 4.281055081578465094e-03 8.867533330791348423e-01
-2.209302325581395318e-02 4.350184997992262610e-03 6.270347642851725745e-01
-2.209302325581395318e-02 4.498015116921644414e-03 4.134497646543771610e-01
-2.209302325581395318e-02 4.546909078865687438e-03 2.456564825965261434e-01
-2.209302325581395318e-02 4.582329152180492603e-03 1.323986931534398837e-01
-2.209302325581395318e-02 4.709079238869800371e-03 5.422841376506702671e-02
-2.209302325581395318e-02 4.720498779441021329e-03 2.618599516601219715e-02
-2.209302325581395318e-02 4.832312714081462429e-03 2.125190174842268159e-02
-2.209302325581395318e-02 4.938628160126442082e-03 6.126090069040788372e-02
-2.209302325581395318e-02 5.039078005827205692e-03 1.391779396735996766e-01
-2.209302325581395318e-02 5.133295888260122099e-03 2.490848177669324759e-01
-2.209302325581395318e-02 5.082711002516350149e-03 3.783409526387194743e-01
-2.209302325581395318e-02 5.157502586226621506e-03 5.374651084374680865e-01
-2.209302325581395318e-02 5.224852071533129562e-03 7.250545239946963871e-01
-2.209302325581395318e-02 5.440549010166002841e-03 9.318688119617176691e-01
-2.209302325581395318e-02 5.498140763164394845e-03 1.154185023579838543e+00
-2.209302325581395318e-02 5.547320538557176835e-03 1.397652154846453776e+00
-2.209302325581395318e-02 5.587728525184479378e-03 1.664736381175402569e+00
-2.209302325581395318e-02 5.619006094221015712e-03 1.959078144077874839e+00
-2.209302325581395318e-02 5.829275540921890694e-03 2.266666392236052818e+00
-2.209302325581395318e-02 5.848004066607523713e-03 2.568249248084663705e+00
-2.209302325581395318e-02 5.856644125155404529e-03 2.903961914046255366e+00
-2.209302325581395318e-02 6.064159025093170986e-03 3.254671403422271236e+00
-2.159090909090909116e-02 3.938459828057403952e-03 3.273722016677379720e+00
-2.159090909090909116e-02 4.006957775608998261e-03 2.697954982623089304e+00
-2.159090909090909116e-02 4.059695532106150258e-03 2.187678786426702882e+00
-2.159090909090909116e-02 4.167015248799219550e-03 1.738788839277259690e+00
-2.159090909090909116e-02 4.189211088733956791e-03 1.351386836175364037e+00
-2.159090909090909116e-02 4.272486062614717917e-03 1.013718770044321094e+00
-2.159090909090909116e-02 4.344709078653355948e-03 7.325931516509739394e-01
-2.159090909090909116e-02 4.405164473119993311e-03 5.057887846610205074e-01
-2.159090909090909116e-02 4.546766684935317493e-03 3.195337400069625522e-01
-2.159090909090909116e-02 4.586332991325487232e-03 1.788528871040181989e-01
-2.159090909090909116e-02 4.715463500833242533e-03 9.404133281676574363e-02
-2.159090909090909116e-02 4.731758603700925159e-03 3.091857549143338033e-02
-2.159090909090909116e-02 4.846500214729483440e-03 1.828640457009575448e-02
-2.159090909090909116e-02 4.837157787234194414e-03 4.610557928674154093e-02
-2.159090909090909116e-02 4.935604063919830052e-03 9.209689525575838476e-02
-2.159090909090909116e-02 5.027950208644393210e-03 1.744751280769434865e-01
-2.159090909090909116e-02 5.113838078796118826e-03 2.885095064272058529e-01
-2.159090909090909116e-02 5.192910326026569691e-03 4.308671781233007758e-01
-2.159090909090909116e-02 5.264810440329570525e-03 5.989018646501429455e-01
-2.159090909090909116e-02 5.329182798198919303e-03 7.913836740490580723e-01
-2.159090909090909116e-02 5.385672715384146221e-03 1.008168494286517891e+00
-2.159090909090909116e-02 5.433926504847890436e-03 1.250400507443281795e+00
-2.159090909090909116e-02 5.645174510512256799e-03 1.510971168538639109e+00
-2.159090909090909116e-02 5.682324588899354510e-03 1.769594559421490354e+00
-2.159090909090909116e-02 5.710293956770019948e-03 2.053734304980107339e+00
-2.159090909090909116e-02 5.728732712215617480e-03 2.369400152251982750e+00
-2.159090909090909116e-02 5.935376056562439648e-03 2.684314082387711409e+00
-2.159090909090909116e-02 5.940578248094802692e-03 3.004352049603367103e+00
-2.159090909090909116e-02 5.935314904697596913e-03 3.366331510958986417e+00
-2.111111111111111174e-02 3.916541157699144488e-03 3.502892856467844762e+00
-2.111111111111111174e-02 3.987499170255052496e-03 2.909258198449384381e+00
-2.111111111111111174e-02 4.043135682041687669e-03 2.380373390860401006e+00
-2.111111111111111174e-02 4.152355005346327482e-03 1.913441972252041934e+00
-2.111111111111111174e-02 4.178304593396073470e-03 1.503894214540269614e+00
-2.111111111111111174e-02 4.264203558028907201e-03 1.147307900495245780e+00
-2.111111111111111174e-02 4.339392314600058753e-03 8.463436990670991644e-01
-2.111111111111111174e-02 4.403168622057741094e-03 5.976922779558310195e-01
-2.111111111111111174e-02 4.454832770445974095e-03 4.017880510978768527e-01
-2.111111111111111174e-02 4.590107235924721987e-03 2.391061474040414025e-01
-2.111111111111111174e-02 4.620256904195443881e-03 1.269342032753545124e-01
-2.111111111111111174e-02 4.742493472461290979e-03 5.429286676040039755e-02
-2.111111111111111174e-02 4.748799562580958110e-03 2.564387532152863358e-02
-2.111111111111111174e-02 4.856123220839103465e-03 2.061495967179463942e-02
-2.111111111111111174e-02 4.957938727924061581e-03 5.743461803668711840e-02
-2.111111111111111174e-02 5.053893914381301852e-03 1.297975445312746778e-01
-2.111111111111111174e-02 5.143637305986450102e-03 2.324970282052369330e-01
-2.111111111111111174e-02 5.226818159987445429e-03 3.616247054185731669e-01
-2.111111111111111174e-02 5.303086504510043375e-03 5.140512113019866103e-01
-2.111111111111111174e-02 5.372093181506707761e-03 6.879200512376820731e-01
-2.111111111111111174e-02 5.433489893687302660e-03 8.824354958019423600e-01
-2.111111111111111174e-02 5.486929255939001528e-03 1.097988977348131945e+00
-2.111111111111111174e-02 5.532064851825413757e-03 1.336174348557910507e+00
-2.111111111111111174e-02 5.568551295853854145e-03 1.599670809725558529e+00
-2.111111111111111174e-02 5.776932667981010162e-03 1.890531205722974173e+00
-2.111111111111111174e-02 5.801608589912102439e-03 2.163254777037613596e+00
-2.111111111111111174e-02 5.816712779515452979e-03 2.465760053094906645e+00
-2.111111111111111174e-02 5.821903775709239698e-03 2.805131439425392781e+00
-2.111111111111111174e-02 6.024597055762507050e-03 3.115033988714252189e+00
-2.111111111111111174e-02 6.015893712007966930e-03 3.459752103308494142e+00
-2.065217391304348046e-02 3.968767732832998059e-03 3.122668096253327530e+00
-2.065217391304348046e-02 4.027184878673170307e-03 2.575809111526765172e+00
-2.065217391304348046e-02 4.138225556215108410e-03 2.091772915844843261e+00
-2.065217391304348046e-02 4.167777472127399789e-03 1.661205503772664738e+00
-2.065217391304348046e-02 4.256193942657634371e-03 1.286986494279429571e+00
-2.065217391304348046e-02 4.334228690335721612e-03 9.676784149701540549e-01
-2.065217391304348046e-02 4.401192438743339354e-03 6.989563934789694288e-01
-2.065217391304348046e-02 4.456398264453021417e-03 4.800622379008337437e-01
-2.065217391304348046e-02 4.593668965712907615e-03 3.122277279186381760e-01
-2.065217391304348046e-02 4.628014919594355264e-03 1.723974863237212607e-01
-2.065217391304348046e-02 4.648664681299045226e-03 9.092314363503645191e-02
-2.065217391304348046e-02 4.763937083005832449e-03 3.010084672220437324e-02
-2.065217391304348046e-02 4.874271779007234920e-03 1.854167011539290325e-02
-2.065217391304348046e-02 4.860052186535404432e-03 4.558932432817229541e-02
-2.065217391304348046e-02 4.954168214291691276e-03 8.953298161298547941e-02
-2.065217391304348046e-02 5.042198458770703190e-03 1.679120077627198893e-01
-2.065217391304348046e-02 5.123799027774535338e-03 2.768511272622112829e-01
-2.065217391304348046e-02 5.198626768213468995e-03 4.131891552969835235e-01
-2.065217391304348046e-02 5.266339307300640753e-03 5.750626047392624063e-01
-2.065217391304348046e-02 5.326595097566602308e-03 7.616374121910987061e-01
-2.065217391304348046e-02 5.379053466180662608e-03 9.732815468997718655e-01
-2.065217391304348046e-02 5.588168240934957877e-03 1.209260088547419842e+00
-2.065217391304348046e-02 5.630192718719439007e-03 1.441140990129158084e+00
-2.065217391304348046e-02 5.663510022838668528e-03 1.696245248362178604e+00
-2.065217391304348046e-02 5.687782789616642638e-03 1.979475108050027021e+00
-2.065217391304348046e-02 5.892949013388689219e-03 2.286820914297406748e+00
-2.065217391304348046e-02 5.904734198311315310e-03 2.574580048326894133e+00
-2.065217391304348046e-02 5.906573522836776509e-03 2.898286612231222303e+00
-2.065217391304348046e-02 6.108696369482909810e-03 3.235948903655998521e+00
-2.021276595744680993e-02 3.950723762241824949e-03 3.337792339357307458e+00
-2.021276595744680993e-02 4.011810432078492111e-03 2.773600114604591660e+00
-2.021276595744680993e-02 4.124598895773348012e-03 2.273369201806067608e+00
-2.021276595744680993e-02 4.157610608873550488e-03 1.822880225441880331e+00
-2.021276595744680993e-02 4.248444377764800869e-03 1.432260744990742962e+00
-2.021276595744680993e-02 4.329212388180346191e-03 1.096033134934678355e+00
-2.021276595744680993e-02 4.399237890820144499e-03 8.089233959887029979e-01
-2.021276595744680993e-02 4.457846327243795981e-03 5.690591290417051917e-01
-2.021276595744680993e-02 4.504365510800510154e-03 3.788748347508919534e-01
-2.021276595744680993e-02 4.635412182065127944e-03 2.325125926725198355e-01
-2.021276595744680993e-02 4.660469773222924474e-03 1.198858143927603176e-01
-2.021276595744680993e-02 4.778425904652628189e-03 5.434014166922175593e-02
-2.021276595744680993e-02 4.779784039385000065e-03 2.376562384297866912e-02
-2.021276595744680993e-02 4.882848124546405703e-03 2.024627279281701608e-02
-2.021276595744680993e-02 4.980394880940134175e-03 5.559616061614847810e-02
-2.021276595744680993e-02 5.072085918502605185e-03 1.242131056260393496e-01
-2.021276595744680993e-02 5.157583494951992892e-03 2.216931440967014610e-01
-2.021276595744680993e-02 5.236550549702068125e-03 3.444472510583569402e-01
-2.021276595744680993e-02 5.308650740742394333e-03 4.900443771540010096e-01
-2.021276595744680993e-02 5.373548484841706406e-03 6.570651425816901314e-01
-2.021276595744680993e-02 5.430909001486150002e-03 8.451990674776812540e-01
-2.021276595744680993e-02 5.480398361028942893e-03 1.055263682425933158e+00
-2.021276595744680993e-02 5.521683537605663432e-03 1.289087357385439780e+00
-2.021276595744680993e-02 5.554432467462246635e-03 1.549904387515004256e+00
-2.021276595744680993e-02 5.758468191891066498e-03 1.810072107392622698e+00
-2.021276595744680993e-02 5.779531650060080496e-03 2.081443662040617149e+00
-2.021276595744680993e-02 5.791171843185818381e-03 2.384830527354581786e+00
-2.021276595744680993e-02 5.992795171476651868e-03 2.695579717784547746e+00
-2.021276595744680993e-02 5.991298797294146439e-03 3.002489908543117814e+00
-2.021276595744680993e-02 5.979498411525009140e-03 3.355003862159298578e+00
-1.979166666666666574e-02 3.996981912064876893e-03 2.973397910557402213e+00
-1.979166666666666574e-02 4.045534361015640061e-03 2.457640569784907303e+00
-1.979166666666666574e-02 4.147786106189696453e-03 1.988513129903308529e+00
-1.979166666666666574e-02 4.240942763513485224e-03 1.582673753124323790e+00
-1.979166666666666574e-02 4.324337796079583476e-03 1.230883884290765673e+00
-1.979166666666666574e-02 4.397306563767283856e-03 9.269812475917813543e-01
-1.979166666666666574e-02 4.459186469436147472e-03 6.680509674435827216e-01
-1.979166666666666574e-02 4.509317124024805716e-03 4.554141774054045744e-01
-1.979166666666666574e-02 4.547040533951217031e-03 2.936142981799191864e-01
-1.979166666666666574e-02 4.671769256661102189e-03 1.655586791861814455e-01
-1.979166666666666574e-02 4.687453542488836250e-03 8.322358483006904450e-02
-1.979166666666666574e-02 4.798570529477627807e-03 2.881078438804602834e-02
-1.979166666666666574e-02 4.904718773617909068e-03 1.972027745387162218e-02
-1.979166666666666574e-02 4.885766284782638164e-03 4.457921010853606314e-02
-1.979166666666666574e-02 4.975766155086043356e-03 8.791622896992014324e-02
-1.979166666666666574e-02 5.059693253673214902e-03 1.639620132568520294e-01
-1.979166666666666574e-02 5.137216853872287985e-03 2.691049992460021745e-01
-1.979166666666666574e-02 5.208006919145327825e-03 4.009168755554652908e-01
-1.979166666666666574e-02 5.271734141713951480e-03 5.579513706209272561e-01
-1.979166666666666574e-02 5.328069984773853990e-03 7.398861945044613586e-01
-1.979166666666666574e-02 5.376686728756263980e-03 9.474934353768067474e-01
-1.979166666666666574e-02 5.581724353897686043e-03 1.159332384249033288e+00
-1.979166666666666574e-02 5.619977313306765906e-03 1.386714088130647449e+00
-1.979166666666666574e-02 5.649635987666560590e-03 1.639363618839740688e+00
-1.979166666666666574e-02 5.670375748428892713e-03 1.921673146926401232e+00
-1.979166666666666574e-02 5.871290714559523026e-03 2.197996491069921454e+00
-1.979166666666666574e-02 5.879691058011008581e-03 2.486578141881707005e+00
-1.979166666666666574e-02 5.878305169956450291e-03 2.813775252120035653e+00
-1.979166666666666574e-02 6.076077034570422086e-03 3.118459958989358682e+00
-1.979166666666666574e-02 6.060932131515869153e-03 3.452046317762512473e+00
-1.938775510204081634e-02 3.982670960765448756e-03 3.174887410435568214e+00
-1.938775510204081634e-02 4.034082720473996901e-03 2.641478455730608577e+00
-1.938775510204081634e-02 4.138287195143005096e-03 2.157730990433996077e+00
-1.938775510204081634e-02 4.233677693494661796e-03 1.737802369725171214e+00
-1.938775510204081634e-02 4.243165456898991862e-03 1.365810053612525055e+00
-1.938775510204081634e-02 4.314827221830892443e-03 1.044410590924288673e+00
-1.938775510204081634e-02 4.375612412740324635e-03 7.746371608871641667e-01
-1.938775510204081634e-02 4.514033270186655795e-03 5.434282640393877095e-01
-1.938775510204081634e-02 4.555570916999767891e-03 3.570803938578964165e-01
-1.938775510204081634e-02 4.584395923473582983e-03 2.240037278977773105e-01
-1.938775510204081634e-02 4.702718325669150330e-03 1.127059111291048438e-01
-1.938775510204081634e-02 4.816601569846787161e-03 5.485643401998226143e-02
-1.938775510204081634e-02 4.813159364323746532e-03 2.109395690577346716e-02
-1.938775510204081634e-02 4.912169380139707990e-03 2.018912966021533389e-02
-1.938775510204081634e-02 5.005653351399253978e-03 5.532541988536385930e-02
-1.938775510204081634e-02 5.093285634649595377e-03 1.216524202300811597e-01
-1.938775510204081634e-02 5.174741191994182768e-03 2.151791215112225097e-01
-1.938775510204081634e-02 5.249695622928111406e-03 3.329613088061746939e-01
-1.938775510204081634e-02 5.317825198963750839e-03 4.730254252278521254e-01
-1.938775510204081634e-02 5.378806901382677565e-03 6.344357455022576753e-01
-1.938775510204081634e-02 5.432318462501624888e-03 8.173166735001794470e-01
-1.938775510204081634e-02 5.478038410901460604e-03 1.022741646091887002e+00
-1.938775510204081634e-02 5.515646121141234114e-03 1.253092180267626032e+00
-1.938775510204081634e-02 5.718257073495514389e-03 1.504066255124945073e+00
-1.938775510204081634e-02 5.744831293388897968e-03 1.746333724648479802e+00
-1.938775510204081634e-02 5.762436889325936798e-03 2.016471843840133893e+00
-1.938775510204081634e-02 5.770756444002665513e-03 2.320755528763926989e+00
-1.938775510204081634e-02 5.968231632494544643e-03 2.601227817086590122e+00
-1.938775510204081634e-02 5.963583956966935114e-03 2.912526685559363226e+00
-1.938775510204081634e-02 6.160905811388985021e-03 3.244453121797933548e+00
-1.899999999999999953e-02 3.968851122979549957e-03 3.377783456444040322e+00
-1.899999999999999953e-02 4.023014827183973331e-03 2.827580882504217463e+00
-1.899999999999999953e-02 4.129098152312236925e-03 2.330189739492388945e+00
-1.899999999999999953e-02 4.155577921615589108e-03 1.892930766518772456e+00
-1.899999999999999953e-02 4.239970833715278262e-03 1.501646339955238441e+00
-1.899999999999999953e-02 4.314432839551485613e-03 1.163639016467197695e+00
-1.899999999999999953e-02 4.378324746246759110e-03 8.750668205597752491e-01
-1.899999999999999953e-02 4.431009341088294404e-03 6.361832604173335293e-01
-1.899999999999999953e-02 4.563740342563084827e-03 4.337029307488697860e-01
-1.899999999999999953e-02 4.596576465507145638e-03 2.732672324245237760e-01
-1.899999999999999953e-02 4.717373641945568283e-03 1.599750221061521371e-01
-1.899999999999999953e-02 4.728239310234731534e-03 7.501643899414879579e-02
-1.899999999999999953e-02 4.835395580732014705e-03 2.776079407921191317e-02
-1.899999999999999953e-02 4.937554147977027581e-03 2.206084586457030330e-02
-1.899999999999999953e-02 4.913997799515312272e-03 4.322862401437346097e-02
-1.899999999999999953e-02 5.000072674906913713e-03 8.711120943765597591e-02
-1.899999999999999953e-02 5.080086627511265322e-03 1.617643619730590454e-01
-1.899999999999999953e-02 5.153721130125422586e-03 2.642545621972141046e-01
-1.899999999999999953e-02 5.220658301977651634e-03 3.925909025661550866e-01
-1.899999999999999953e-02 5.280580945053645579e-03 5.458355355796398189e-01
-1.899999999999999953e-02 5.333172583804612031e-03 7.240780246945438536e-01
-1.899999999999999953e-02 5.536550815830712340e-03 9.197718756053047118e-01
-1.899999999999999953e-02 5.579372637045791963e-03 1.120804718063374894e+00
-1.899999999999999953e-02 5.614018359761197528e-03 1.344713965786771048e+00
-1.899999999999999953e-02 5.640174232724168464e-03 1.595003969698075563e+00
-1.899999999999999953e-02 5.840019086965548591e-03 1.870096635365044113e+00
-1.899999999999999953e-02 5.854497856211300817e-03 2.126490276692597270e+00
-1.899999999999999953e-02 5.859648603564406207e-03 2.415909757878344166e+00
-1.899999999999999953e-02 6.056792779785895656e-03 2.729326334170742996e+00
-1.899999999999999953e-02 6.048895294490701235e-03 3.022071304415837378e+00
-1.899999999999999953e-02 6.030837327201311014e-03 3.361373239247069211e+00
-1.862745098039215660e-02 4.012311857047186868e-03 3.015668634798164938e+00
-1.862745098039215660e-02 4.120204223373087962e-03 2.505571904691733298e+00
-1.862745098039215660e-02 4.150045845667397863e-03 2.048429513386808676e+00
-1.862745098039215660e-02 4.236851651972845315e-03 1.643071477971603578e+00
-1.862745098039215660e-02 4.314011424971957338e-03 1.289979791606272297e+00
-1.862745098039215660e-02 4.380896779800452084e-03 9.844025860623399904e-01
-1.862745098039215660e-02 4.436881181908205671e-03 7.256355560333481725e-01
-1.862745098039215660e-02 4.481340097402084117e-03 5.158288634264752703e-01
-1.862745098039215660e-02 4.608272649745494449e-03 3.375846563049367255e-01
-1.862745098039215660e-02 4.632304958402324799e-03 2.047054241089150406e-01
-1.862745098039215660e-02 4.746787887779769545e-03 1.062931181354266341e-01
-1.862745098039215660e-02 4.748313757680752006e-03 5.451535733079752172e-02
-1.862745098039215660e-02 4.848673488593231370e-03 1.827899059836234422e-02
-1.862745098039215660e-02 4.943813254754723420e-03 2.071762831597572310e-02
-1.862745098039215660e-02 5.033418697850346527e-03 5.657702094697415751e-02
-1.862745098039215660e-02 5.117175999748135688e-03 1.215142037806871550e-01
-1.862745098039215660e-02 5.194771910114593001e-03 2.121251054076550013e-01
-1.862745098039215660e-02 5.265893776386091490e-03 3.259425004628818678e-01
-1.862745098039215660e-02 5.330229576372269920e-03 4.614721984778457631e-01
-1.862745098039215660e-02 5.387467953808871245e-03 6.182178215817599742e-01
-1.862745098039215660e-02 5.437298257226282072e-03 7.965814769494309333e-01
-1.862745098039215660e-02 5.479410582557832365e-03 9.981809653597354393e-01
-1.862745098039215660e-02 5.513495819981183849e-03 1.226010603863759485e+00
-1.862745098039215660e-02 5.712375270728413217e-03 1.456250104936983369e+00
-1.862745098039215660e-02 5.735514420853225249e-03 1.695721005500930190e+00
-1.862745098039215660e-02 5.749800835218038184e-03 1.964776567850658129e+00
-1.862745098039215660e-02 5.946558923129627652e-03 2.251341382652273460e+00
-1.862745098039215660e-02 5.948549346674112184e-03 2.525453047216121405e+00
-1.862745098039215660e-02 5.940866537259279975e-03 2.839287438028185839e+00
-1.862745098039215660e-02 6.134237815988279399e-03 3.142428177128103517e+00
-1.862745098039215660e-02 6.112916119562496545e-03 3.463626840842112919e+00
-1.826923076923077024e-02 4.001956176128751430e-03 3.205485745528020125e+00
-1.826923076923077024e-02 4.111591552771714196e-03 2.683584308040216193e+00
-1.826923076923077024e-02 4.144674195568021080e-03 2.207854209095816866e+00
-1.826923076923077024e-02 4.233805788631681000e-03 1.789670709419660888e+00
-1.826923076923077024e-02 4.313566312652545795e-03 1.422937328181709260e+00
-1.826923076923077024e-02 4.383337854915598554e-03 1.102047050165934294e+00
-1.826923076923077024e-02 4.442504234053902025e-03 8.254017047096847692e-01
-1.826923076923077024e-02 4.490451137757130694e-03 5.940917719636862326e-01
-1.826923076923077024e-02 4.526566278747382044e-03 4.120775809151382418e-01
-1.826923076923077024e-02 4.647597808932036646e-03 2.555237142173472642e-01
-1.826923076923077024e-02 4.662729798951721627e-03 1.517726213912034272e-01
-1.826923076923077024e-02 4.770814965587673144e-03 6.744765609591030220e-02
-1.826923076923077024e-02 4.874184981365658163e-03 2.769911753854303188e-02
-1.826923076923077024e-02 4.972530212718066431e-03 2.593156683973323051e-02
-1.826923076923077024e-02 4.944485861198254402e-03 4.195052024006476477e-02
-1.826923076923077024e-02 5.026807113948840271e-03 8.696781021179358917e-02
-1.826923076923077024e-02 5.103078276082842826e-03 1.610166495701929323e-01
-1.826923076923077024e-02 5.172992155972900782e-03 2.616204209984004936e-01
-1.826923076923077024e-02 5.236242169244953448e-03 3.872908624345657858e-01
-1.826923076923077024e-02 5.292522373037195776e-03 5.375057031878848202e-01
-1.826923076923077024e-02 5.341527503454567526e-03 7.126333538966778125e-01
-1.826923076923077024e-02 5.541413393210770609e-03 8.946639745807184463e-01
-1.826923076923077024e-02 5.580689639540394389e-03 1.091640243583356318e+00
-1.826923076923077024e-02 5.611875635145143620e-03 1.312221136214768213e+00
-1.826923076923077024e-02 5.634668675577811370e-03 1.560301907557378742e+00
-1.826923076923077024e-02 5.830843246623024570e-03 1.813787816114666995e+00
-1.826923076923077024e-02 5.842067648290707842e-03 2.068928487346617384e+00
-1.826923076923077024e-02 5.844090416270473522e-03 2.359997149843009012e+00
-1.826923076923077024e-02 6.037458492693953231e-03 2.647538925590414483e+00
-1.826923076923077024e-02 6.026589849663878048e-03 2.942897708419752956e+00
-1.826923076923077024e-02 6.219610221047689250e-03 3.274918183863069210e+00
-1.792452830188679194e-02 3.991931250473822884e-03 3.396797378171517501e+00
-1.792452830188679194e-02 4.039585192402665899e-03 2.860641680215957106e+00
-1.792452830188679194e-02 4.139456287208439014e-03 2.370879101867890526e+00
-1.792452830188679194e-02 4.230831140391327037e-03 1.941057066319985758e+00
-1.792452830188679194e-02 4.238190317171671058e-03 1.559397825707093510e+00
-1.792452830188679194e-02 4.306795122765418038e-03 1.223471504274738830e+00
-1.792452830188679194e-02 4.447893188457124544e-03 9.348042672555383348e-01
-1.792452830188679194e-02 4.499206025892509009e-03 6.842349966170422348e-01
-1.792452830188679194e-02 4.538992554219520477e-03 4.784595429938218736e-01
-1.792452830188679194e-02 4.662318147866144173e-03 3.223966037397802964e-01
-1.792452830188679194e-02 4.681685859828465905e-03 1.874098160926019052e-01
-1.792452830188679194e-02 4.792492744239222092e-03 1.018483446189052538e-01
-1.792452830188679194e-02 4.789434910031487198e-03 4.537953147144416916e-02
-1.792452830188679194e-02 4.886108353221589248e-03 1.603456023252132490e-02
-1.792452830188679194e-02 4.977542933181427695e-03 2.225160946851293536e-02
-1.792452830188679194e-02 5.063435324050451214e-03 5.937927436664459241e-02
-1.792452830188679194e-02 5.143482707789658916e-03 1.236000634836877110e-01
-1.792452830188679194e-02 5.217382800246227366e-03 2.120059504633013125e-01
-1.792452830188679194e-02 5.284833879445936279e-03 3.226026366313974325e-01
-1.792452830188679194e-02 5.345534816374928472e-03 4.543360736101231256e-01
-1.792452830188679194e-02 5.399185108551382214e-03 6.070101806963551505e-01
-1.792452830188679194e-02 5.445484916733911440e-03 7.815565700393360959e-01
-1.792452830188679194e-02 5.484135105168383775e-03 9.801784145961700556e-01
-1.792452830188679194e-02 5.514837285840363396e-03 1.205520535423990847e+00
-1.792452830188679194e-02 5.710241152472579282e-03 1.418682286719194607e+00
-1.792452830188679194e-02 5.730078272486866832e-03 1.655580673833184635e+00
-1.792452830188679194e-02 5.741170356696728878e-03 1.923669612582839417e+00
-1.792452830188679194e-02 5.934328407135063509e-03 2.189267224370632814e+00
-1.792452830188679194e-02 5.933252408814124884e-03 2.463432418143957747e+00
-1.792452830188679194e-02 5.922639189130573557e-03 2.779625032117539973e+00
-1.792452830188679194e-02 6.112330215793364101e-03 3.059434937848816372e+00
-1.792452830188679194e-02 6.088252471108290126e-03 3.385118449661339568e+00
-1.759259259259259370e-02 4.032596362528787642e-03 3.037649876418683892e+00
-1.759259259259259370e-02 4.134385778648027969e-03 2.537200925168627386e+00
-1.759259259259259370e-02 4.158093033131451434e-03 2.092336957804248776e+00
-1.759259259259259370e-02 4.238995187059656569e-03 1.691418293009436802e+00
-1.759259259259259370e-02 4.310354315849931027e-03 1.340577234530639927e+00
-1.759259259259259370e-02 4.371574554014634982e-03 1.037370211193644032e+00
-1.759259259259259370e-02 4.422061722541401410e-03 7.818942046792090039e-01
-1.759259259259259370e-02 4.550956511654322308e-03 5.584605727950824328e-01
-1.759259259259259370e-02 4.582466416069745814e-03 3.786262597928831131e-01
-1.759259259259259370e-02 4.699955579329840628e-03 2.413133064784777904e-01
-1.759259259259259370e-02 4.710509057886977206e-03 1.343370813871431202e-01
-1.759259259259259370e-02 4.815000967228985108e-03 6.155577358035940055e-02
-1.759259259259259370e-02 4.914741647918314735e-03 2.936174677871102381e-02
-1.759259259259259370e-02 4.892539397231226647e-03 2.474340224262060878e-02
-1.759259259259259370e-02 4.977004211294976457e-03 4.108504263671283740e-02
-1.759259259259259370e-02 5.055726046897855361e-03 8.767241547366023957e-02
-1.759259259259259370e-02 5.128407730119181017e-03 1.615947396411490100e-01
-1.759259259259259370e-02 5.194752629320116381e-03 2.608703272943360130e-01
-1.759259259259259370e-02 5.254464684844134016e-03 3.844267955152909644e-01
-1.759259259259259370e-02 5.307248441409767765e-03 5.320433405131699267e-01
-1.759259259259259370e-02 5.352809083530351078e-03 7.046276033938112526e-01
-1.759259259259259370e-02 5.549438403534718081e-03 8.766597337214502295e-01
-1.759259259259259370e-02 5.585308009305464151e-03 1.069730025151397701e+00
-1.759259259259259370e-02 5.613167204420978044e-03 1.287149459358373660e+00
-1.759259259259259370e-02 5.632723584403431100e-03 1.533192298634516115e+00
-1.759259259259259370e-02 5.825475290760527732e-03 1.768734253028505288e+00
-1.759259259259259370e-02 5.833563813363448584e-03 2.023483185045370281e+00
-1.759259259259259370e-02 5.832568342487628316e-03 2.314597635849111157e+00
-1.759259259259259370e-02 6.022414586564580133e-03 2.580153447619976781e+00
-1.759259259259259370e-02 6.008673564448363882e-03 2.879318840826662562e+00
-1.759259259259259370e-02 6.198087017454500212e-03 3.186477696292112860e+00
-1.759259259259259370e-02 6.170814456529410789e-03 3.491622348701643119e+00
-1.727272727272727293e-02 4.025814990024330700e-03 3.216715845710432120e+00
-1.727272727272727293e-02 4.129456651313367054e-03 2.706537172901253285e+00
-1.727272727272727293e-02 4.156437549841874093e-03 2.242201382471707749e+00
-1.727272727272727293e-02 4.239741263437473220e-03 1.829336399102246435e+00
-1.727272727272727293e-02 4.313761004306767774e-03 1.465160587763770783e+00
-1.727272727272727293e-02 4.377910325773123369e-03 1.146454171371101838e+00
-1.727272727272727293e-02 4.431604361964781510e-03 8.723936834414325325e-01
-1.727272727272727293e-02 4.474259954200721437e-03 6.445816698213717721e-01
-1.727272727272727293e-02 4.597713280764021207e-03 4.477178100186447463e-01
-1.727272727272727293e-02 4.620836495241717988e-03 2.938415408763046521e-01
-1.727272727272727293e-02 4.732393374583816759e-03 1.734845519867856678e-01
-1.727272727272727293e-02 4.734041689356679843e-03 9.767124893407796993e-02
-1.727272727272727293e-02 4.832139605858615065e-03 3.754892708561497622e-02
-1.727272727272727293e-02 4.925274388449343323e-03 1.504905526633604738e-02
-1.727272727272727293e-02 5.013152542643765745e-03 2.524973488076498462e-02
-1.727272727272727293e-02 5.095481029830265657e-03 6.396062293007903632e-02
-1.727272727272727293e-02 5.171967290037646214e-03 1.278792205559139139e-01
-1.727272727272727293e-02 5.242319266597341917e-03 2.145622725773396744e-01
-1.727272727272727293e-02 5.306245432917526712e-03 3.224532815995778123e-01
-1.727272727272727293e-02 5.363454821617399254e-03 4.508221798679622472e-01
-1.727272727272727293e-02 5.413657056306851213e-03 5.999820895777074892e-01
-1.727272727272727293e-02 5.456562386340828123e-03 7.714206718802553153e-01
-1.727272727272727293e-02 5.491881724929678459e-03 9.670933008633351147e-01
-1.727272727272727293e-02 5.686472221170318746e-03 1.181843416815477443e+00
-1.727272727272727293e-02 5.711485557597556321e-03 1.389431473230719138e+00
-1.727272727272727293e-02 5.728140784966241801e-03 1.623914849757924106e+00
-1.727272727272727293e-02 5.736151324200024562e-03 1.891903237280970096e+00
-1.727272727272727293e-02 5.925947933873699711e-03 2.138552725313346503e+00
-1.727272727272727293e-02 5.921909461452892764e-03 2.412726634760665956e+00
-1.727272727272727293e-02 6.111577116306604954e-03 2.711258034984517895e+00
-1.727272727272727293e-02 6.094714953906041170e-03 2.990248844532274575e+00
-1.727272727272727293e-02 6.067963951238453460e-03 3.320559172895294786e+00
-1.696428571428571300e-02 4.019232041046065171e-03 3.397619859063248704e+00
-1.696428571428571300e-02 4.060728892384378626e-03 2.875102679049555743e+00
-1.696428571428571300e-02 4.154808164650626752e-03 2.396265740990873638e+00
-1.696428571428571300e-02 4.240432786055805224e-03 1.972742748190659645e+00
-1.696428571428571300e-02 4.317024074563323432e-03 1.596723825514229311e+00
-1.696428571428571300e-02 4.384004728499590886e-03 1.264262077088029512e+00
-1.696428571428571300e-02 4.440798929806832364e-03 9.736713786752851929e-01
-1.696428571428571300e-02 4.486832460197149111e-03 7.254702176262026736e-01
-1.696428571428571300e-02 4.521532832441464700e-03 5.250345253698763814e-01
-1.696428571428571300e-02 4.639436886731151434e-03 3.508004062075550933e-01
-1.696428571428571300e-02 4.654069120081442447e-03 2.246566030053286922e-01
-1.696428571428571300e-02 4.759602842534986153e-03 1.199293479861502781e-01
-1.696428571428571300e-02 4.860640870877150181e-03 5.827500494883732646e-02
-1.696428571428571300e-02 4.843888964980262550e-03 3.226210559083456803e-02
-1.696428571428571300e-02 4.930350302271916708e-03 2.096151064746316559e-02
-1.696428571428571300e-02 5.011355686640706422e-03 4.113517980456952994e-02
-1.696428571428571300e-02 5.086617349510262620e-03 8.948338973650735162e-02
-1.696428571428571300e-02 5.155848008396778266e-03 1.635810319832023130e-01
-1.696428571428571300e-02 5.218760892774219375e-03 2.618596626829251539e-01
-1.696428571428571300e-02 5.275069772219870799e-03 3.835721408610852645e-01
-1.696428571428571300e-02 5.324488987115826195e-03 5.290149125901865146e-01
-1.696428571428571300e-02 5.520078000766361244e-03 6.966405261876699173e-01
-1.696428571428571300e-02 5.560319011642008737e-03 8.642888292050124877e-01
-1.696428571428571300e-02 5.592907566873432136e-03 1.053600845573734235e+00
-1.696428571428571300e-02 5.617560151731232354e-03 1.268040103280662301e+00
-1.696428571428571300e-02 5.809792965677223336e-03 1.511626692452087806e+00
-1.696428571428571300e-02 5.823546156998760971e-03 1.733693178700265847e+00
-1.696428571428571300e-02 5.828606020343678196e-03 1.986669190180264888e+00
-1.696428571428571300e-02 6.018323293454035279e-03 2.268613964356304358e+00
-1.696428571428571300e-02 6.011245608788072167e-03 2.526105561283972456e+00
-1.696428571428571300e-02 5.994721700904235423e-03 2.826595828506311747e+00
-1.696428571428571300e-02 6.180763193907857361e-03 3.112951446160646896e+00
-1.696428571428571300e-02 6.150869630805778053e-03 3.423122167016266815e+00
-1.666666666666666644e-02 4.057114991886890884e-03 3.042164426371969377e+00
-1.666666666666666644e-02 4.153204810820666434e-03 2.554214487229265806e+00
-1.666666666666666644e-02 4.171087084446705243e-03 2.120647530435399553e+00
-1.666666666666666644e-02 4.246468255384147628e-03 1.726472681779699148e+00
-1.666666666666666644e-02 4.312398771237090957e-03 1.381026714331236693e+00
-1.666666666666666644e-02 4.368312097564993474e-03 1.082633178480067127e+00
-1.666666666666666644e-02 4.498964737785523041e-03 8.187244142730750740e-01
-1.666666666666666644e-02 4.537210309785701286e-03 5.957255799335785529e-01
-1.666666666666666644e-02 4.563838153805013613e-03 4.218916929203236355e-01
-1.666666666666666644e-02 4.676090605284601888e-03 2.679484445022373706e-01
-1.666666666666666644e-02 4.784300646952387506e-03 1.640631560175780101e-01
-1.666666666666666644e-02 4.781557317236618566e-03 8.205480884264029773e-02
-1.666666666666666644e-02 4.876276429273874828e-03 3.183266859874223087e-02
-1.666666666666666644e-02 4.966006039071753017e-03 1.606051346261039292e-02
-1.666666666666666644e-02 5.050462292254937618e-03 3.021068928900994682e-02
-1.666666666666666644e-02 5.129361765085735901e-03 7.062693638791119055e-02
-1.666666666666666644e-02 5.202421486052943161e-03 1.344620080738966050e-01
-1.666666666666666644e-02 5.269358959261218230e-03 2.197054124820344845e-01
-1.666666666666666644e-02 5.329892189827111632e-03 3.251496229904636270e-01
-1.666666666666666644e-02 5.383739711517761609e-03 4.505485604026976953e-01
-1.666666666666666644e-02 5.430620616903725738e-03 5.967407630096485116e-01
-1.666666666666666644e-02 5.470254590339135997e-03 7.650677567989212502e-01
-1.666666666666666644e-02 5.502361944132030253e-03 9.578532604311100762e-01
-1.666666666666666644e-02 5.693930172234619620e-03 1.162949178923242011e+00
-1.666666666666666644e-02 5.715785995796938100e-03 1.367046964591823954e+00
-1.666666666666666644e-02 5.729368169153634116e-03 1.599957811952272380e+00
-1.666666666666666644e-02 5.918940339171182598e-03 1.860587192790746247e+00
-1.666666666666666644e-02 5.921050285079576883e-03 2.097332090493135848e+00
-1.666666666666666644e-02 5.914143597125402253e-03 2.372790006499490456e+00
-1.666666666666666644e-02 6.100577149937070828e-03 2.652275817693939608e+00
-1.666666666666666644e-02 6.080983030126605945e-03 2.933161200026666471e+00
-1.666666666666666644e-02 6.266818118513784244e-03 3.247601857751450716e+00
-1.666666666666666644e-02 6.233788959950444311e-03 3.534971157933564978e+00
