-1.666666666666666644e-02 1.276935024862167539e-03 1.466639882727456712e+00
-1.666666666666666644e-02 1.409156435912730558e-03 9.591398882971611251e-01
-1.666666666666666644e-02 1.531937463113797670e-03 6.034277733774302543e-01
-1.666666666666666644e-02 1.687239631513386606e-03 3.659379208475328493e-01
-1.666666666666666644e-02 1.839462118650719716e-03 2.109510412906083487e-01
-1.666666666666666644e-02 1.986891124142721888e-03 1.145085961191224661e-01
-1.666666666666666644e-02 2.159847361086869935e-03 6.679007802455674825e-02
-1.666666666666666644e-02 2.331761824040298140e-03 5.148065323923604192e-02
-1.666666666666666644e-02 2.501492262535891589e-03 6.464026396248269413e-02
-1.666666666666666644e-02 2.711270102249410327e-03 8.559676404585525589e-02
-1.666666666666666644e-02 2.924902522908829142e-03 1.231861381152673240e-01
-1.666666666666666644e-02 3.141816734154319335e-03 1.689323189000996039e-01
-1.666666666666666644e-02 3.361440330744624658e-03 2.186998174894687064e-01
-1.666666666666666644e-02 3.583201304039530365e-03 2.714330852233607372e-01
-1.666666666666666644e-02 3.806528054088651521e-03 3.280750885372823999e-01
-1.666666666666666644e-02 4.102073452211089238e-03 3.864565145747703712e-01
-1.666666666666666644e-02 4.332119856820103310e-03 4.366361287677361092e-01
-1.666666666666666644e-02 4.562208046917294590e-03 4.963974219046542458e-01
-1.666666666666666644e-02 4.879486303960560434e-03 5.436284626115652774e-01
-1.666666666666666644e-02 5.113815572834922579e-03 6.023478179081256378e-01
-1.666666666666666644e-02 5.446336316642941440e-03 6.442596594406444499e-01
-1.666666666666666644e-02 5.789330154744125150e-03 6.937893097343317272e-01
-1.666666666666666644e-02 6.030380426515284144e-03 7.413263669209344542e-01
-1.666666666666666644e-02 6.387660144895858198e-03 7.806900570666432948e-01
-1.666666666666666644e-02 6.755221294021197635e-03 8.242080141095673440e-01
-1.666666666666666644e-02 7.133063873891301587e-03 8.721104682136641140e-01
-1.666666666666666644e-02 7.381022846494954097e-03 9.071447292003114171e-01
-1.666666666666666644e-02 7.772003594483067358e-03 9.435268090873718538e-01
-1.666666666666666644e-02 8.173074168225711797e-03 9.820065229351582214e-01
-1.666666666666666644e-02 8.584234567722889148e-03 1.021412039805719818e+00
-1.666666666666666644e-02 8.834524576310757646e-03 1.059395977285655599e+00
-1.666666666666666644e-02 9.257676063317274440e-03 1.088733537246956207e+00
-1.666666666666666644e-02 9.690725830721606815e-03 1.119426250992028304e+00
-1.666666666666666644e-02 1.013367387852374957e-02 1.150765904131103579e+00
-1.666666666666666644e-02 1.058652020672370617e-02 1.182164072066051119e+00
-1.666666666666666644e-02 1.104926481532147314e-02 1.214529045539323393e+00
-1.666666666666666644e-02 1.152190770431705570e-02 1.246153867382107094e+00
-1.666666666666666644e-02 1.177221993235077861e-02 1.277173240003199206e+00
-1.666666666666666644e-02 1.225513302293034651e-02 1.301109625639418788e+00
-1.666666666666666644e-02 1.274775290930045372e-02 1.325827623776499653e+00
-1.666666666666666644e-02 1.325007959146111587e-02 1.350306836685031264e+00
-1.666666666666666644e-02 1.376211306941231040e-02 1.375066377483691316e+00
-1.666666666666666644e-02 1.428385334315405986e-02 1.400371312502633803e+00
-1.666666666666666644e-02 1.481530041268634516e-02 1.424585250434205586e+00
-1.666666666666666644e-02 1.535645427800917673e-02 1.449629603284287693e+00
-1.666666666666666644e-02 1.590731493912255282e-02 1.474947030154954319e+00
-1.666666666666666644e-02 1.646788239602647516e-02 1.500355740767968626e+00
-1.666666666666666644e-02 1.703815664872094029e-02 1.526329279248466619e+00
-1.666666666666666644e-02 1.761813769720594822e-02 1.551411110988675013e+00
-1.666666666666666644e-02 1.820782554148149893e-02 1.576528896564081128e+00
-1.610169491525423671e-02 1.249687948588509368e-03 1.600836791141948989e+00
-1.610169491525423671e-02 1.380048094053578332e-03 1.059179473368943469e+00
-1.610169491525423671e-02 1.501464740310743144e-03 6.785647136317183303e-01
-1.610169491525423671e-02 1.632853684049932232e-03 4.205119860103123663e-01
-1.610169491525423671e-02 1.780209691049620133e-03 2.464586418928241263e-01
-1.610169491525423671e-02 1.950635130695349334e-03 1.379948381449576378e-01
-1.610169491525423671e-02 2.121348484729302600e-03 8.206531586850741855e-02
-1.610169491525423671e-02 2.291242604413374576e-03 5.646955695546913845e-02
-1.610169491525423671e-02 2.459211778768830015e-03 5.488996905216620564e-02
-1.610169491525423671e-02 2.666117701018877462e-03 7.946567145663258058e-02
-1.610169491525423671e-02 2.830945189191214420e-03 1.095308485837438034e-01
-1.610169491525423671e-02 3.040919104448402185e-03 1.500522737005675622e-01
-1.610169491525423671e-02 3.253519727738299165e-03 1.980517894549688740e-01
-1.610169491525423671e-02 3.468193595060213401e-03 2.516147026413562138e-01
-1.610169491525423671e-02 3.748341768997044948e-03 3.064269372556928661e-01
-1.610169491525423671e-02 3.970449829082968972e-03 3.563751169914626260e-01
-1.610169491525423671e-02 4.193155526610670494e-03 4.124760521591939177e-01
-1.610169491525423671e-02 4.495270264215950329e-03 4.666085537091808622e-01
-1.610169491525423671e-02 4.723010508214657566e-03 5.179840566754339015e-01
-1.610169491525423671e-02 5.040437073345675062e-03 5.702121390240132426e-01
-1.610169491525423671e-02 5.271735868256388277e-03 6.205125456573876708e-01
-1.610169491525423671e-02 5.603733896616023245e-03 6.652546969562255219e-01
-1.610169491525423671e-02 5.945869269353051476e-03 7.165958095715304621e-01
-1.610169491525423671e-02 6.182945887849140149e-03 7.571386239816273456e-01
-1.610169491525423671e-02 6.538727291988741600e-03 7.976997139116370761e-01
-1.610169491525423671e-02 6.904460623516863425e-03 8.432013067003822915e-01
-1.610169491525423671e-02 7.144547597233205823e-03 8.868603060622483047e-01
-1.610169491525423671e-02 7.523001995993048967e-03 9.213166942573791651e-01
-1.610169491525423671e-02 7.911222959882177955e-03 9.582364229171496106e-01
-1.610169491525423671e-02 8.309210488900594521e-03 9.963752876196811936e-01
-1.610169491525423671e-02 8.716964583048296064e-03 1.036434039832918597e+00
-1.610169491525423671e-02 8.961171524951044853e-03 1.070573949777555045e+00
-1.610169491525423671e-02 9.380351588933518586e-03 1.100375723528923100e+00
-1.610169491525423671e-02 9.809112911521306391e-03 1.130997576121197001e+00
-1.610169491525423671e-02 1.024745549271441000e-02 1.161842445980433514e+00
-1.610169491525423671e-02 1.069537933251282422e-02 1.193771649628689646e+00
-1.610169491525423671e-02 1.115288443091655250e-02 1.225085355750196392e+00
-1.610169491525423671e-02 1.161997078792559313e-02 1.257603061968749936e+00
-1.610169491525423671e-02 1.186275481127178032e-02 1.286367523606482433e+00
-1.610169491525423671e-02 1.233960226092662045e-02 1.310801226749248594e+00
-1.610169491525423671e-02 1.282584571944166661e-02 1.335060366264379406e+00
-1.610169491525423671e-02 1.332148518681689278e-02 1.359671788172675200e+00
-1.610169491525423671e-02 1.382652066305232672e-02 1.384882671339007221e+00
-1.610169491525423671e-02 1.434095214814794239e-02 1.409038936841219947e+00
-1.610169491525423671e-02 1.486477964210375542e-02 1.434070199751215080e+00
-1.610169491525423671e-02 1.539800314491976581e-02 1.459409085941311135e+00
-1.610169491525423671e-02 1.594062265659596661e-02 1.484874720374530277e+00
-1.610169491525423671e-02 1.649263817713236477e-02 1.510930973338781458e+00
-1.610169491525423671e-02 1.705404970652895508e-02 1.536101014486833005e+00
-1.610169491525423671e-02 1.762485724478574101e-02 1.561331959116552870e+00
-1.557377049180327759e-02 1.237713759976960363e-03 1.736617971917200798e+00
-1.557377049180327759e-02 1.352743959359482481e-03 1.162773476249775451e+00
-1.557377049180327759e-02 1.472877316335072760e-03 7.568280976062600196e-01
-1.557377049180327759e-02 1.602850201737794937e-03 4.758068177756006878e-01
-1.557377049180327759e-02 1.748469018447476511e-03 2.839588127487226998e-01
-1.557377049180327759e-02 1.889785303084980019e-03 1.659012981281753618e-01
-1.557377049180327759e-02 2.055204036556122424e-03 9.187541988279440686e-02
-1.557377049180327759e-02 2.219834989004933895e-03 5.885782322168507663e-02
-1.557377049180327759e-02 2.419528067382943192e-03 5.745851675532629571e-02
-1.557377049180327759e-02 2.583088885636805523e-03 6.605990079482634836e-02
-1.557377049180327759e-02 2.787370704255991150e-03 9.581944070327425012e-02
-1.557377049180327759e-02 2.994915640736352767e-03 1.361981238925007165e-01
-1.557377049180327759e-02 3.205187076565287063e-03 1.813535505537049175e-01
-1.557377049180327759e-02 3.417648733740742337e-03 2.288893346546055918e-01
-1.557377049180327759e-02 3.631764684975323856e-03 2.786777384163807714e-01
-1.557377049180327759e-02 3.846999364440648918e-03 3.327539253236909134e-01
-1.557377049180327759e-02 4.134528649485956497e-03 3.910455034164997956e-01
-1.557377049180327759e-02 4.355541533416123004e-03 4.385733796242795579e-01
-1.557377049180327759e-02 4.576245165195037823e-03 4.969476151530589636e-01
-1.557377049180327759e-02 4.883807848246190728e-03 5.422638133761801260e-01
-1.557377049180327759e-02 5.201372569770551166e-03 5.983484742514344479e-01
-1.557377049180327759e-02 5.429651632268916658e-03 6.401472170251349958e-01
-1.557377049180327759e-02 5.761158431005442004e-03 6.873270649894350770e-01
-1.557377049180327759e-02 5.990927626767833004e-03 7.363701744720925202e-01
-1.557377049180327759e-02 6.335659843709757870e-03 7.737543834907197882e-01
-1.557377049180327759e-02 6.690034919866841637e-03 8.166543631298393002e-01
-1.557377049180327759e-02 7.054052855239082570e-03 8.629541854905349307e-01
-1.557377049180327759e-02 7.289438008143253947e-03 9.010380902130948888e-01
-1.557377049180327759e-02 7.665606012782721218e-03 9.362520633583513163e-01
-1.557377049180327759e-02 8.051237363450855500e-03 9.729909994570556941e-01
-1.557377049180327759e-02 8.446332060147651588e-03 1.011944303352878105e+00
-1.557377049180327759e-02 8.850890102873116422e-03 1.051192347011445261e+00
-1.557377049180327759e-02 9.089213584627072948e-03 1.082588450055546492e+00
-1.557377049180327759e-02 9.504667440581171869e-03 1.112402613348805192e+00
-1.557377049180327759e-02 9.929405181584525716e-03 1.142612965246064149e+00
-1.557377049180327759e-02 1.036342680763712928e-02 1.174029933079479671e+00
-1.557377049180327759e-02 1.080673231873898951e-02 1.204964418216194044e+00
-1.557377049180327759e-02 1.125932171489010293e-02 1.237204784808504598e+00
-1.557377049180327759e-02 1.172119499609047127e-02 1.268369557741434228e+00
-1.557377049180327759e-02 1.195673927001797594e-02 1.296513585030038662e+00
-1.557377049180327759e-02 1.242789596796324905e-02 1.320505041249430356e+00
-1.557377049180327759e-02 1.290815714316348797e-02 1.344924612402304209e+00
-1.557377049180327759e-02 1.339752279561872220e-02 1.370000089180663405e+00
-1.557377049180327759e-02 1.389599292532892570e-02 1.394061920060370108e+00
-1.557377049180327759e-02 1.440356753229411584e-02 1.419044692841024524e+00
-1.557377049180327759e-02 1.492024661651428739e-02 1.444372598223667037e+00
-1.557377049180327759e-02 1.544603017798943691e-02 1.469865971269677551e+00
-1.557377049180327759e-02 1.598091821671956958e-02 1.495976558320076810e+00
-1.557377049180327759e-02 1.652491073270468194e-02 1.521209088455991232e+00
-1.557377049180327759e-02 1.707800772594477920e-02 1.546529352688793990e+00
-1.507936507936508130e-02 1.213280556209811673e-03 1.873181607630408196e+00
-1.507936507936508130e-02 1.327081539999130835e-03 1.269596496928339535e+00
-1.507936507936508130e-02 1.446005710387014611e-03 8.380003155061229725e-01
-1.507936507936508130e-02 1.574644668248028788e-03 5.345529742560839459e-01
-1.507936507936508130e-02 1.718627902798181397e-03 3.259940185706542426e-01
-1.507936507936508130e-02 1.858616659570346908e-03 1.905492963346719359e-01
-1.507936507936508130e-02 2.022148814460803575e-03 1.085423566487045410e-01
-1.507936507936508130e-02 2.185093981929409675e-03 6.604793998941566047e-02
-1.507936507936508130e-02 2.346413339085251081e-03 5.156177376036052973e-02
-1.507936507936508130e-02 2.544470130661764026e-03 6.489846897839507411e-02
-1.507936507936508130e-02 2.703201940588219419e-03 8.361833291335959983e-02
-1.507936507936508130e-02 2.904502529671747213e-03 1.172018061890373608e-01
-1.507936507936508130e-02 3.108450878950958906e-03 1.592304316858315083e-01
-1.507936507936508130e-02 3.314527046009570557e-03 2.064380485960216893e-01
-1.507936507936508130e-02 3.522211417641118222e-03 2.580337878889504832e-01
-1.507936507936508130e-02 3.730984719939275853e-03 3.154147944092179356e-01
-1.507936507936508130e-02 4.009842933162580635e-03 3.621329103344853029e-01
-1.507936507936508130e-02 4.224226673041554109e-03 4.156373384504289947e-01
-1.507936507936508130e-02 4.518000052597077182e-03 4.689009090656086065e-01
-1.507936507936508130e-02 4.736607382991787039e-03 5.184510350175888238e-01
-1.507936507936508130e-02 5.044600541463445040e-03 5.686030588335793112e-01
-1.507936507936508130e-02 5.266045611806753277e-03 6.183985097983035750e-01
-1.507936507936508130e-02 5.587563462490867036e-03 6.611496429907499639e-01
-1.507936507936508130e-02 5.918607768010065474e-03 7.104497686251378674e-01
-1.507936507936508130e-02 6.144809216799198594e-03 7.523279075832394192e-01
-1.507936507936508130e-02 6.488509366095553989e-03 7.924309593793494866e-01
-1.507936507936508130e-02 6.841561900406774657e-03 8.364534233306433197e-01
-1.507936507936508130e-02 7.069921165806775272e-03 8.826619809627371804e-01
-1.507936507936508130e-02 7.434761107504459128e-03 9.160278403886628062e-01
-1.507936507936508130e-02 7.808779412515292825e-03 9.512365366873414274e-01
-1.507936507936508130e-02 8.191976080839274629e-03 9.889648625600526710e-01
-1.507936507936508130e-02 8.584351112476407142e-03 1.027223081454280429e+00
-1.507936507936508130e-02 8.815579799297942540e-03 1.066049100264606420e+00
-1.507936507936508130e-02 9.218526279319478461e-03 1.094967366233460915e+00
-1.507936507936508130e-02 9.630477149956018224e-03 1.124463426980164105e+00
-1.507936507936508130e-02 1.005143241120756530e-02 1.155293010156311251e+00
-1.507936507936508130e-02 1.048139206307411794e-02 1.185781278733776034e+00
-1.507936507936508130e-02 1.092035610555567790e-02 1.217680788755550303e+00
-1.507936507936508130e-02 1.136832453865224517e-02 1.248592201367229482e+00
-1.507936507936508130e-02 1.182529736236381454e-02 1.280217611657797239e+00
-1.507936507936508130e-02 1.205386455228278642e-02 1.306634672958943533e+00
-1.507936507936508130e-02 1.251967173078724280e-02 1.330819255530916623e+00
-1.507936507936508130e-02 1.299430937713065559e-02 1.355718519757697749e+00
-1.507936507936508130e-02 1.347777749131300572e-02 1.379649613463607594e+00
-1.507936507936508130e-02 1.397007607333430705e-02 1.404548931354890895e+00
-1.507936507936508130e-02 1.447120512319455786e-02 1.429833798572709869e+00
-1.507936507936508130e-02 1.498116464089375294e-02 1.455326054695875504e+00
-1.507936507936508130e-02 1.549995462643189922e-02 1.481462911573608654e+00
-1.507936507936508130e-02 1.602757507980898805e-02 1.506732482034342624e+00
-1.507936507936508130e-02 1.656402600102502634e-02 1.532118470605132732e+00
-1.461538461538461516e-02 1.177503880305513697e-03 2.029404287597749601e+00
-1.461538461538461516e-02 1.302917260588279695e-03 1.379351661084257330e+00
-1.461538461538461516e-02 1.420700134204342302e-03 9.218796238943181010e-01
-1.461538461538461516e-02 1.548080374899996970e-03 5.965669840974513471e-01
-1.461538461538461516e-02 1.690520995761982028e-03 3.723506157470373168e-01
-1.461538461538461516e-02 1.829256858358941458e-03 2.211234631221646318e-01
-1.461538461538461516e-02 1.962777563231678062e-03 1.302061934722039682e-01
-1.461538461538461516e-02 2.120966885371079139e-03 7.689141051466787113e-02
-1.461538461538461516e-02 2.312313208980710209e-03 5.741630413489388907e-02
-1.461538461538461516e-02 2.469847519127723288e-03 5.494043832618566991e-02
-1.461538461538461516e-02 2.665862847686071690e-03 7.672496028768428789e-02
-1.461538461538461516e-02 2.819382401537357235e-03 1.080293352233834547e-01
-1.461538461538461516e-02 3.017376350499176556e-03 1.458591930788114277e-01
-1.461538461538461516e-02 3.217439145042183882e-03 1.917641501266222903e-01
-1.461538461538461516e-02 3.477332278608967573e-03 2.411189021469689608e-01
-1.461538461538461516e-02 3.684528740109258883e-03 2.877390491925502225e-01
-1.461538461538461516e-02 3.892448761713435124e-03 3.388440886178015754e-01
-1.461538461538461516e-02 4.172897728803760461e-03 3.974554709919212447e-01
-1.461538461538461516e-02 4.385763876516938012e-03 4.423085826225655603e-01
-1.461538461538461516e-02 4.598010244270324919e-03 4.986828036574719736e-01
-1.461538461538461516e-02 4.896991262393759342e-03 5.425808927482650423e-01
-1.461538461538461516e-02 5.205389005497458761e-03 5.966917775265410118e-01
-1.461538461538461516e-02 5.424111534363083853e-03 6.380052586322010333e-01
-1.461538461538461516e-02 5.745471863960384395e-03 6.834493489778695752e-01
-1.461538461538461516e-02 5.965106566223007251e-03 7.333770345092055498e-01
-1.461538461538461516e-02 6.298755333018643543e-03 7.704931392560263603e-01
-1.461538461538461516e-02 6.641482977822324614e-03 8.120647984549795861e-01
-1.461538461538461516e-02 6.993289500634049596e-03 8.564547303452214599e-01
-1.461538461538461516e-02 7.217396258537382529e-03 8.975385685658676671e-01
-1.461538461538461516e-02 7.580479655054983557e-03 9.310896147869250905e-01
-1.461538461538461516e-02 7.952473073573015569e-03 9.674759766955933760e-01
-1.461538461538461516e-02 8.333376514091482903e-03 1.004637805047735366e+00
-1.461538461538461516e-02 8.723189976610378621e-03 1.043307754631876527e+00
-1.461538461538461516e-02 8.949089028669933096e-03 1.078678366400712019e+00
-1.461538461538461516e-02 9.348999481280439311e-03 1.107381784115702761e+00
-1.461538461538461516e-02 9.757651145969862064e-03 1.137550128565564478e+00
-1.461538461538461516e-02 1.017504402273820482e-02 1.167526276796479356e+00
-1.461538461538461516e-02 1.060117811158546412e-02 1.199022421764091684e+00
-1.461538461538461516e-02 1.103605341251164343e-02 1.229624306492297814e+00
-1.461538461538461516e-02 1.147966992551673754e-02 1.261025706512843403e+00
-1.461538461538461516e-02 1.193202765060075686e-02 1.292033378150523326e+00
-1.461538461538461516e-02 1.215385761153119776e-02 1.317350178209192757e+00
-1.461538461538461516e-02 1.261462675107216137e-02 1.342032964856270327e+00
-1.461538461538461516e-02 1.308396833972085352e-02 1.365797472752419806e+00
-1.461538461538461516e-02 1.356188237747728634e-02 1.390578801074099813e+00
-1.461538461538461516e-02 1.404836886434145983e-02 1.415788951034171017e+00
-1.461538461538461516e-02 1.454342780031337400e-02 1.441251560636865436e+00
-1.461538461538461516e-02 1.504705918539302537e-02 1.467386935684806382e+00
-1.461538461538461516e-02 1.555926301958041047e-02 1.492668366690933723e+00
-1.461538461538461516e-02 1.608003930287554145e-02 1.518096726008352437e+00
-1.417910447761194098e-02 1.143775109936993190e-03 2.221750600367657036e+00
-1.417910447761194098e-02 1.280123791345522512e-03 1.491767817440489807e+00
-1.417910447761194098e-02 1.396827717109544497e-03 1.008278786043251607e+00
-1.417910447761194098e-02 1.523018283346962978e-03 6.616758251738776853e-01
-1.417910447761194098e-02 1.642240903296936271e-03 4.225624098987845745e-01
-1.417910447761194098e-02 1.801553066612434110e-03 2.573541601506205700e-01
-1.417910447761194098e-02 1.934205149696359947e-03 1.480216277666176194e-01
-1.417910447761194098e-02 2.090982396497679651e-03 8.610458717261594563e-02
-1.417910447761194098e-02 2.246397753852118553e-03 5.705815866139039849e-02
-1.417910447761194098e-02 2.399472810980688136e-03 5.719615476575003882e-02
-1.417910447761194098e-02 2.589920339901450198e-03 6.579174106571038239e-02
-1.417910447761194098e-02 2.783523974599068970e-03 9.284507207006420515e-02
-1.417910447761194098e-02 2.979793195179695868e-03 1.297018481383394040e-01
-1.417910447761194098e-02 3.178237759587119755e-03 1.717213553761982592e-01
-1.417910447761194098e-02 3.378367711793299824e-03 2.169921624091156187e-01
-1.417910447761194098e-02 3.579693390415345997e-03 2.661419250322553665e-01
-1.417910447761194098e-02 3.781725437790031761e-03 3.210344546381212472e-01
-1.417910447761194098e-02 4.054196845321306371e-03 3.693756555312009415e-01
-1.417910447761194098e-02 4.261039899661902587e-03 4.201866179403062618e-01
-1.417910447761194098e-02 4.547418102057046961e-03 4.728692073075226876e-01
-1.417910447761194098e-02 4.757765199757376176e-03 5.202047325730383420e-01
-1.417910447761194098e-02 5.057394905264600907e-03 5.688812803851297506e-01
-1.417910447761194098e-02 5.269939971370489647e-03 6.178368763749186865e-01
-1.417910447761194098e-02 5.582166155406079015e-03 6.591949665603662467e-01
-1.417910447761194098e-02 5.903377265600967018e-03 7.067791090105214336e-01
-1.417910447761194098e-02 6.119771945574893970e-03 7.508036524594383643e-01
-1.417910447761194098e-02 6.452760752847290678e-03 7.897555188088862810e-01
-1.417910447761194098e-02 6.794570455676570905e-03 8.319820299609430592e-01
-1.417910447761194098e-02 7.145201054062736389e-03 8.772012437641718563e-01
-1.417910447761194098e-02 7.365134661488375971e-03 9.125282967405301537e-01
-1.417910447761194098e-02 7.726560553416693053e-03 9.474581997101347852e-01
-1.417910447761194098e-02 8.096643352936109747e-03 9.834192204554530470e-01
-1.417910447761194098e-02 8.475383060046623451e-03 1.021113367179161013e+00
-1.417910447761194098e-02 8.862779674748235900e-03 1.059749060968812717e+00
-1.417910447761194098e-02 9.083489383756620378e-03 1.091356143029299730e+00
-1.417910447761194098e-02 9.480535406199275608e-03 1.120790667504972582e+00
-1.417910447761194098e-02 9.886074391688832314e-03 1.150189865808393774e+00
-1.417910447761194098e-02 1.030010634022529223e-02 1.181221129849680640e+00
-1.417910447761194098e-02 1.072263125180865362e-02 1.211458163085397333e+00
-1.417910447761194098e-02 1.115364912643891301e-02 1.242583583491391419e+00
-1.417910447761194098e-02 1.159315996411608429e-02 1.273386760250915462e+00
-1.417910447761194098e-02 1.204116376484014490e-02 1.304398526252109836e+00
-1.417910447761194098e-02 1.225647610354673248e-02 1.328938473773388251e+00
-1.417910447761194098e-02 1.271249228850316985e-02 1.352500995492138536e+00
-1.417910447761194098e-02 1.317683753619854244e-02 1.377130224367721034e+00
-1.417910447761194098e-02 1.364951184663284675e-02 1.402234351795561995e+00
-1.417910447761194098e-02 1.413051521980607933e-02 1.427639107531635032e+00
-1.417910447761194098e-02 1.461984765571824364e-02 1.453745558201504640e+00
-1.417910447761194098e-02 1.511750915436933448e-02 1.479013936017807840e+00
-1.417910447761194098e-02 1.562349971575936226e-02 1.504461551680709830e+00
-1.376811594202898524e-02 1.111923432384938955e-03 2.447624515933775946e+00
-1.376811594202898524e-02 1.258587816669882141e-03 1.606597045468483920e+00
-1.376811594202898524e-02 1.374270186675552322e-03 1.097023847750469017e+00
-1.376811594202898524e-02 1.499334607129134246e-03 7.297162142647759531e-01
-1.376811594202898524e-02 1.617787420406334182e-03 4.698844242585693554e-01
-1.376811594202898524e-02 1.751547116819746151e-03 2.906042382533421398e-01
-1.376811594202898524e-02 1.907198021085504793e-03 1.732646800857107761e-01
-1.376811594202898524e-02 2.033000727491616946e-03 1.045917448363231916e-01
-1.376811594202898524e-02 2.216916978530851165e-03 6.602934044633883282e-02
-1.376811594202898524e-02 2.369081038343660590e-03 5.167984217365736987e-02
-1.376811594202898524e-02 2.557736055747654447e-03 6.542515784507638155e-02
-1.376811594202898524e-02 2.706438906099553707e-03 8.317080879955932038e-02
-1.376811594202898524e-02 2.897291664498764796e-03 1.146291102887676550e-01
-1.376811594202898524e-02 3.090262364731037777e-03 1.543104553927281963e-01
-1.376811594202898524e-02 3.284874724014048494e-03 1.996307674775891772e-01
-1.376811594202898524e-02 3.480652737665726124e-03 2.505588602300046208e-01
-1.376811594202898524e-02 3.740800842290518870e-03 2.985515819425923478e-01
-1.376811594202898524e-02 3.942055375796837957e-03 3.462226968325144982e-01
-1.376811594202898524e-02 4.143206366013833797e-03 4.024324273888938985e-01
-1.376811594202898524e-02 4.421665150533854449e-03 4.473608432821217784e-01
-1.376811594202898524e-02 4.626228702746862029e-03 5.013991534207640210e-01
-1.376811594202898524e-02 4.917574636313277320e-03 5.443653027354864449e-01
-1.376811594202898524e-02 5.217816628919886776e-03 5.970263348884481402e-01
-1.376811594202898524e-02 5.427877498486398215e-03 6.376377306405799361e-01
-1.376811594202898524e-02 5.740210472595770608e-03 6.816540654017994028e-01
-1.376811594202898524e-02 6.061280033393518472e-03 7.322597389480964836e-01
-1.376811594202898524e-02 6.274456086381832547e-03 7.694933724569932298e-01
-1.376811594202898524e-02 6.606820798548669257e-03 8.094054438448787803e-01
-1.376811594202898524e-02 6.947762664577875925e-03 8.527218612891156457e-01
-1.376811594202898524e-02 7.161673461307976538e-03 8.955309865881990739e-01
-1.376811594202898524e-02 7.513114994615870124e-03 9.288923750227251475e-01
-1.376811594202898524e-02 7.872974289200602299e-03 9.635502775143697241e-01
-1.376811594202898524e-02 8.241251345062169595e-03 1.000174188515552398e+00
-1.376811594202898524e-02 8.617946162200573745e-03 1.037937777225258262e+00
-1.376811594202898524e-02 9.003058740615813016e-03 1.076015579034555802e+00
-1.376811594202898524e-02 9.218707872715425564e-03 1.105004135746803895e+00
-1.376811594202898524e-02 9.613046934598046614e-03 1.133762611481811788e+00
-1.376811594202898524e-02 1.001564440615360270e-02 1.164268455763363797e+00
-1.376811594202898524e-02 1.042650028738209729e-02 1.194086145292322820e+00
-1.376811594202898524e-02 1.084561457828351998e-02 1.224884376016321497e+00
-1.376811594202898524e-02 1.127298727885788637e-02 1.255436031045100043e+00
-1.376811594202898524e-02 1.170861838910517566e-02 1.286276480450648796e+00
-1.376811594202898524e-02 1.191807848177335247e-02 1.316430142777964551e+00
-1.376811594202898524e-02 1.236150419690993860e-02 1.339755720651147008e+00
-1.376811594202898524e-02 1.281302901186637602e-02 1.364199159803847206e+00
-1.376811594202898524e-02 1.327265292664265954e-02 1.389166328855482080e+00
-1.376811594202898524e-02 1.374037594123878915e-02 1.414485341990172840e+00
-1.376811594202898524e-02 1.421619805565476485e-02 1.440535731393183694e+00
-1.376811594202898524e-02 1.470011926989058838e-02 1.465766405522571425e+00
-1.376811594202898524e-02 1.519213958394625801e-02 1.491210399864979053e+00
-1.338028169014084633e-02 1.081796503159537575e-03 2.704628828067132673e+00
-1.338028169014084633e-02 1.238208161173821658e-03 1.723612435086732564e+00
-1.338028169014084633e-02 1.352921920202853788e-03 1.187953033245650492e+00
-1.338028169014084633e-02 1.476918779206894778e-03 8.005339542545927278e-01
-1.338028169014084633e-02 1.594640937233858047e-03 5.211880520369641667e-01
-1.338028169014084633e-02 1.727409730128880811e-03 3.273573285986836612e-01
-1.338028169014084633e-02 1.855706546843956337e-03 1.991237870788387931e-01
-1.338028169014084633e-02 2.006972434982719211e-03 1.156713735052454645e-01
-1.338028169014084633e-02 2.157111007251932746e-03 7.068904834591401010e-02
-1.338028169014084633e-02 2.305196597220009365e-03 5.653809891881214633e-02
-1.338028169014084633e-02 2.488778974128899590e-03 5.559132405924663289e-02
-1.338028169014084633e-02 2.675506176409889539e-03 7.654105610261388581e-02
-1.338028169014084633e-02 2.819231320352123035e-03 1.077963598286741514e-01
-1.338028169014084633e-02 3.007021699930470700e-03 1.442672628470110519e-01
-1.338028169014084633e-02 3.249918070947303231e-03 1.873206675627517859e-01
-1.338028169014084633e-02 3.444587155049159966e-03 2.299469074453278639e-01
-1.338028169014084633e-02 3.640083625533892600e-03 2.760109308621320756e-01
-1.338028169014084633e-02 3.835944784180571592e-03 3.278781649404670095e-01
-1.338028169014084633e-02 4.102715142463857385e-03 3.782585318503203786e-01
-1.338028169014084633e-02 4.302673373545469644e-03 4.257935638348456231e-01
-1.338028169014084633e-02 4.582450406986890434e-03 4.781497582278677050e-01
-1.338028169014084633e-02 4.785269934614143870e-03 5.230794826370743777e-01
-1.338028169014084633e-02 5.077434077832147438e-03 5.707845564834406193e-01
-1.338028169014084633e-02 5.281879924065026495e-03 6.187297400515986423e-01
-1.338028169014084633e-02 5.585811850684935242e-03 6.589791599753833662e-01
-1.338028169014084633e-02 5.898245369657846744e-03 7.064600912560470292e-01
-1.338028169014084633e-02 6.105730491315750422e-03 7.512467153696489319e-01
-1.338028169014084633e-02 6.429157626572768076e-03 7.886970078300492570e-01
-1.338028169014084633e-02 6.760931268546096357e-03 8.299751689513470421e-01
-1.338028169014084633e-02 7.101051417235734395e-03 8.735564505790378576e-01
-1.338028169014084633e-02 7.311133248031624794e-03 9.117596303885234788e-01
-1.338028169014084633e-02 7.661318125427628647e-03 9.450141690237925385e-01
-1.338028169014084633e-02 8.019694461944008174e-03 9.804752419696729504e-01
-1.338028169014084633e-02 8.386262257580760771e-03 1.017281171310578269e+00
-1.338028169014084633e-02 8.761021512337888173e-03 1.054598324597894710e+00
-1.338028169014084633e-02 8.970938748630608375e-03 1.090180169753810935e+00
-1.338028169014084633e-02 9.354679248837982630e-03 1.118235190261380740e+00
-1.338028169014084633e-02 9.746456199311477608e-03 1.148156037687086073e+00
-1.338028169014084633e-02 1.014626960005109851e-02 1.177500710339042689e+00
-1.338028169014084633e-02 1.055411945105683667e-02 1.207921289588958613e+00
-1.338028169014084633e-02 1.097000575232870770e-02 1.238175053723164609e+00
-1.338028169014084633e-02 1.139392850386669077e-02 1.268801490449565250e+00
-1.338028169014084633e-02 1.182588770567080672e-02 1.300162549569012782e+00
-1.338028169014084633e-02 1.202935649087885639e-02 1.327557228146679869e+00
-1.338028169014084633e-02 1.246874904999369614e-02 1.351781601766393281e+00
-1.338028169014084633e-02 1.291602308998951974e-02 1.376581241697669933e+00
-1.338028169014084633e-02 1.337117861086632720e-02 1.401786938513384984e+00
-1.338028169014084633e-02 1.383421561262411850e-02 1.427754432013876418e+00
-1.338028169014084633e-02 1.430513409526289192e-02 1.452923012424242710e+00
-1.338028169014084633e-02 1.478393405878265440e-02 1.478340742088396942e+00
-1.301369863013698662e-02 1.053258017579169516e-03 2.990547467242982371e+00
-1.301369863013698662e-02 1.232237305864176610e-03 1.840697363224667038e+00
-1.301369863013698662e-02 1.332688299743678721e-03 1.280915747782929603e+00
-1.301369863013698662e-02 1.455671735585999625e-03 8.739833334100539641e-01
-1.301369863013698662e-02 1.572699488567062777e-03 5.762895909243996861e-01
-1.301369863013698662e-02 1.704527357523855091e-03 3.693965588101562059e-01
-1.301369863013698662e-02 1.832154023372342374e-03 2.251588970340195617e-01
-1.301369863013698662e-02 1.982294144876984004e-03 1.359160784527232990e-01
-1.301369863013698662e-02 2.131489250984484364e-03 8.262081175333668703e-02
-1.301369863013698662e-02 2.278837835679282855e-03 5.576369791706545231e-02
-1.301369863013698662e-02 2.423439372140058241e-03 5.596789580143713555e-02
-1.301369863013698662e-02 2.605278981638951049e-03 6.631761253168214076e-02
-1.301369863013698662e-02 2.789731370419251850e-03 9.225679051111765339e-02
-1.301369863013698662e-02 2.976345062074056431e-03 1.268844350690319089e-01
-1.301369863013698662e-02 3.164668817196195950e-03 1.664636835502866230e-01
-1.301369863013698662e-02 3.354251640400132597e-03 2.101582825725644144e-01
-1.301369863013698662e-02 3.544642787710456083e-03 2.587449058861238105e-01
-1.301369863013698662e-02 3.800032510060963147e-03 3.109678113584024017e-01
-1.301369863013698662e-02 3.995169184612928914e-03 3.550640201067721824e-01
-1.301369863013698662e-02 4.189912299912123411e-03 4.080825080568502572e-01
-1.301369863013698662e-02 4.462357157301609367e-03 4.534975265701083336e-01
-1.301369863013698662e-02 4.659891296418123760e-03 5.049608855509047922e-01
-1.301369863013698662e-02 4.944400460312721804e-03 5.474719393793616717e-01
-1.301369863013698662e-02 5.237339525359753674e-03 5.992223842244628340e-01
-1.301369863013698662e-02 5.439493830004580796e-03 6.387131311803704303e-01
-1.301369863013698662e-02 5.743743282755372007e-03 6.828911971422467753e-01
-1.301369863013698662e-02 6.056271632179654335e-03 7.324481997233657227e-01
-1.301369863013698662e-02 6.260790209313374377e-03 7.698292277221794322e-01
-1.301369863013698662e-02 6.583875330261348968e-03 8.089368170424260374e-01
-1.301369863013698662e-02 6.915088378780341084e-03 8.507064095471548182e-01
-1.301369863013698662e-02 7.254429354870350725e-03 8.956644898029059165e-01
-1.301369863013698662e-02 7.460733373302506737e-03 9.277943266181507553e-01
-1.301369863013698662e-02 7.809726882027272742e-03 9.620017550435062681e-01
-1.301369863013698662e-02 8.166697385237176032e-03 9.977660548283900921e-01
-1.301369863013698662e-02 8.531644882932218343e-03 1.034246321149709935e+00
-1.301369863013698662e-02 8.904569375112393603e-03 1.072413567422533243e+00
-1.301369863013698662e-02 9.109822730367159171e-03 1.103598387773631728e+00
-1.301369863013698662e-02 9.491345011753846150e-03 1.132875607949112018e+00
-1.301369863013698662e-02 9.880693391220263938e-03 1.161694397451044525e+00
-1.301369863013698662e-02 1.027786786876640213e-02 1.191687600885690479e+00
-1.301369863013698662e-02 1.068286844439227806e-02 1.221597753528326447e+00
-1.301369863013698662e-02 1.109569511809786919e-02 1.251968055265636703e+00
-1.301369863013698662e-02 1.151634788988319807e-02 1.283137958084265895e+00
-1.301369863013698662e-02 1.194482675974824389e-02 1.313028546253530937e+00
-1.301369863013698662e-02 1.214246801846486680e-02 1.339873580076312187e+00
-1.301369863013698662e-02 1.257803783419883872e-02 1.364475480968673660e+00
-1.301369863013698662e-02 1.302128288897657846e-02 1.389540599215952632e+00
-1.301369863013698662e-02 1.347220318279808947e-02 1.415398661067342800e+00
-1.301369863013698662e-02 1.393079871566336829e-02 1.440481015450933988e+00
-1.301369863013698662e-02 1.439706948757242186e-02 1.465850068988130861e+00
-1.266666666666666635e-02 1.026185655425421606e-03 3.303329630799710870e+00
-1.266666666666666635e-02 1.200564558971266077e-03 1.963387432733079141e+00
-1.266666666666666635e-02 1.313484316979540234e-03 1.375771675168692809e+00
-1.266666666666666635e-02 1.418311598872491752e-03 9.482327754293553568e-01
-1.266666666666666635e-02 1.551871434106554329e-03 6.350142428912763926e-01
-1.266666666666666635e-02 1.660830720663008728e-03 4.111032066654720651e-01
-1.266666666666666635e-02 1.809793502781886733e-03 2.581440390460530976e-01
-1.266666666666666635e-02 1.931522060155755781e-03 1.538801771793646411e-01
-1.266666666666666635e-02 2.076916298343010718e-03 9.182725656613310861e-02
-1.266666666666666635e-02 2.220514772794957188e-03 6.295007707490209159e-02
-1.266666666666666635e-02 2.397927480078590814e-03 5.258793635577244108e-02
-1.266666666666666635e-02 2.538641224746077986e-03 6.500085436868582867e-02
-1.266666666666666635e-02 2.718390425132873999e-03 8.353189281436561309e-02
-1.266666666666666635e-02 2.900247866672931232e-03 1.140208134093007725e-01
-1.266666666666666635e-02 3.083773934720044144e-03 1.520573014395842637e-01
-1.266666666666666635e-02 3.268529246009756022e-03 1.961338707527077174e-01
-1.266666666666666635e-02 3.512822989840802285e-03 2.452776614256012011e-01
-1.266666666666666635e-02 3.702938989852925990e-03 2.875555810582000049e-01
-1.266666666666666635e-02 3.893112665998811443e-03 3.361114819228592232e-01
-1.266666666666666635e-02 4.154763022077142751e-03 3.884280984909341816e-01
-1.266666666666666635e-02 4.348392329039764588e-03 4.323383132052550648e-01
-1.266666666666666635e-02 4.622240965590072859e-03 4.847541739399538474e-01
-1.266666666666666635e-02 4.818153965284034494e-03 5.270345021848117373e-01
-1.266666666666666635e-02 5.103613350941014863e-03 5.742685261049171874e-01
-1.266666666666666635e-02 5.300638826196029003e-03 6.208155074034038545e-01
-1.266666666666666635e-02 5.597121644726660121e-03 6.615173830820132439e-01
-1.266666666666666635e-02 5.901672022945199728e-03 7.081899741367845280e-01
-1.266666666666666635e-02 6.101008279586872529e-03 7.527750698960736786e-01
-1.266666666666666635e-02 6.415847929537561202e-03 7.895828461894078831e-01
-1.266666666666666635e-02 6.738608073826630671e-03 8.294216467528536807e-01
-1.266666666666666635e-02 7.069288712454080935e-03 8.727957484544874855e-01
-1.266666666666666635e-02 7.270374321130371013e-03 9.118744167224335229e-01
-1.266666666666666635e-02 7.610463333445601462e-03 9.447391560947111522e-01
-1.266666666666666635e-02 7.958325808899465240e-03 9.793794116188871968e-01
-1.266666666666666635e-02 8.313961747491964080e-03 1.014947897294121937e+00
-1.266666666666666635e-02 8.677371149223095381e-03 1.052350169711832706e+00
-1.266666666666666635e-02 9.048554014092859143e-03 1.089462328680798509e+00
-1.266666666666666635e-02 9.249235839769916548e-03 1.118418991759735803e+00
-1.266666666666666635e-02 9.628652559008075637e-03 1.146659826789009573e+00
-1.266666666666666635e-02 1.001569574496458635e-02 1.176176656867508274e+00
-1.266666666666666635e-02 1.041036539763946084e-02 1.205698117007085512e+00
-1.266666666666666635e-02 1.081266151703267828e-02 1.235770727569466487e+00
-1.266666666666666635e-02 1.122258410314426295e-02 1.266710081156307233e+00
-1.266666666666666635e-02 1.164013315597419405e-02 1.296428953444215271e+00
-1.266666666666666635e-02 1.206530867552248198e-02 1.327317663004359716e+00
-1.266666666666666635e-02 1.225727375131864701e-02 1.352845468158647035e+00
-1.266666666666666635e-02 1.268921520728701069e-02 1.377743053551670371e+00
-1.266666666666666635e-02 1.312863616898642637e-02 1.403465443574176685e+00
-1.266666666666666635e-02 1.357553663641689577e-02 1.428437694639034916e+00
-1.266666666666666635e-02 1.402991660957842064e-02 1.453735890137847875e+00
-1.233766233766233657e-02 1.170478283162807191e-03 2.113328900650839781e+00
-1.233766233766233657e-02 1.295233384829508772e-03 1.472389959935360260e+00
-1.233766233766233657e-02 1.399577143678631648e-03 1.022840452304013548e+00
-1.233766233766233657e-02 1.513055852734311677e-03 6.927729194362222120e-01
-1.233766233766233657e-02 1.640734668320268730e-03 4.532699245045899161e-01
-1.233766233766233657e-02 1.764571687316937457e-03 2.872885296193750659e-01
-1.233766233766233657e-02 1.909933982969779518e-03 1.756445392378635784e-01
-1.233766233766233657e-02 2.054546522540526016e-03 1.065752979466305095e-01
-1.233766233766233657e-02 2.197552787083270273e-03 6.671744217704503321e-02
-1.233766233766233657e-02 2.338097122642962111e-03 5.355438341185430468e-02
-1.233766233766233657e-02 2.514151734283822607e-03 5.706086101384853088e-02
-1.233766233766233657e-02 2.692835119134795972e-03 7.830685968326475677e-02
-1.233766233766233657e-02 2.827941859418936672e-03 1.081478590422671610e-01
-1.233766233766233657e-02 3.006908388476471888e-03 1.439218728352666676e-01
-1.233766233766233657e-02 3.240369937731424517e-03 1.823297558577303135e-01
-1.233766233766233657e-02 3.425281511634437580e-03 2.233743924472772757e-01
-1.233766233766233657e-02 3.610679500746562590e-03 2.687952477525186734e-01
-1.233766233766233657e-02 3.796136113218800956e-03 3.213056902362877443e-01
-1.233766233766233657e-02 4.051268818321409997e-03 3.651161570840594228e-01
-1.233766233766233657e-02 4.240098896804689842e-03 4.146013602362436101e-01
-1.233766233766233657e-02 4.507127539545590159e-03 4.607415589954568791e-01
-1.233766233766233657e-02 4.698188570681389141e-03 5.094193932412398595e-01
-1.233766233766233657e-02 4.976540410981762294e-03 5.519304295434857011e-01
-1.233766233766233657e-02 5.262902376182865966e-03 6.029838417401804929e-01
-1.233766233766233657e-02 5.457793067984093895e-03 6.423036249853676383e-01
-1.233766233766233657e-02 5.754762304780849935e-03 6.859365957004190939e-01
-1.233766233766233657e-02 6.059598276327188802e-03 7.341355624266868718e-01
-1.233766233766233657e-02 6.256176276924749202e-03 7.718896799024179689e-01
-1.233766233766233657e-02 6.570903867106837187e-03 8.096812159823758570e-01
-1.233766233766233657e-02 6.893354833735107837e-03 8.513638014696089940e-01
-1.233766233766233657e-02 7.223529176809568957e-03 8.945869822684066053e-01
-1.233766233766233657e-02 7.421106381879249807e-03 9.286730710834529834e-01
-1.233766233766233657e-02 7.760313644761918789e-03 9.621083950775970450e-01
-1.233766233766233657e-02 8.107100958211795397e-03 9.966915279527053251e-01
-1.233766233766233657e-02 8.461468322228883968e-03 1.033259221104407599e+00
-1.233766233766233657e-02 8.823415736813182766e-03 1.069712976849037211e+00
-1.233766233766233657e-02 9.019160312371272969e-03 1.104778105968289292e+00
-1.233766233766233657e-02 9.389139008480295798e-03 1.132389698402235023e+00
-1.233766233766233657e-02 9.766554462300050879e-03 1.161381873904347994e+00
-1.233766233766233657e-02 1.015140667383054689e-02 1.190470191271820966e+00
-1.233766233766233657e-02 1.054369564307176821e-02 1.220204113061490681e+00
-1.233766233766233657e-02 1.094342137002373393e-02 1.250874041301448969e+00
-1.233766233766233657e-02 1.135058385468642149e-02 1.280386451014495997e+00
-1.233766233766233657e-02 1.176518309705984998e-02 1.311122724653658089e+00
-1.233766233766233657e-02 1.195244858454192968e-02 1.341687655287811420e+00
-1.233766233766233657e-02 1.237364812277029144e-02 1.366391058043808115e+00
-1.233766233766233657e-02 1.280214115949611375e-02 1.391951828343306108e+00
-1.233766233766233657e-02 1.323792769471939489e-02 1.416790351136345549e+00
-1.233766233766233657e-02 1.368100772844014178e-02 1.441995733877849517e+00
-1.202531645569620243e-02 1.141862259907928511e-03 2.288832134788931327e+00
-1.202531645569620243e-02 1.277866320956166707e-03 1.570648465111072367e+00
-1.202531645569620243e-02 1.381748515649931742e-03 1.099785778057836616e+00
-1.202531645569620243e-02 1.494681905150141996e-03 7.516181737756174597e-01
-1.202531645569620243e-02 1.621607663153679059e-03 5.003909525457239660e-01
-1.202531645569620243e-02 1.744926857646567856e-03 3.207656699171094750e-01
-1.202531645569620243e-02 1.863387603094313841e-03 1.999509092395230225e-01
-1.202531645569620243e-02 2.004493340590229617e-03 1.199016470864446154e-01
-1.202531645569620243e-02 2.144034924298699601e-03 7.598306883933184097e-02
-1.202531645569620243e-02 2.315872966110121226e-03 5.638053280492966862e-02
-1.202531645569620243e-02 2.452957901874599708e-03 5.488672061168571592e-02
-1.202531645569620243e-02 2.627304793698695753e-03 6.772671241443843637e-02
-1.202531645569620243e-02 2.803799916869989702e-03 9.339824288252537854e-02
-1.202531645569620243e-02 2.982025084313646036e-03 1.263198402516164109e-01
-1.202531645569620243e-02 3.161562313786283555e-03 1.641550882850555115e-01
-1.202531645569620243e-02 3.341993833974031894e-03 2.065536256483373467e-01
-1.202531645569620243e-02 3.522902090909756350e-03 2.545774721390182682e-01
-1.202531645569620243e-02 3.767901929506154053e-03 3.009874064215621869e-01
-1.202531645569620243e-02 3.952801374065977556e-03 3.455651257907792484e-01
-1.202531645569620243e-02 4.209828330613244775e-03 3.996861027424444823e-01
-1.202531645569620243e-02 4.397603960810307980e-03 4.398385091802743396e-01
-1.202531645569620243e-02 4.666099199527878535e-03 4.925592230759803236e-01
-1.202531645569620243e-02 4.855636647036382786e-03 5.321625412047968906e-01
-1.202531645569620243e-02 5.135041522254410636e-03 5.790968408834975545e-01
-1.202531645569620243e-02 5.325227073663447823e-03 6.252155341289473700e-01
-1.202531645569620243e-02 5.614983134425819908e-03 6.656576420964043228e-01
-1.202531645569620243e-02 5.912414852426931509e-03 7.111824543856231085e-01
-1.202531645569620243e-02 6.104252748610228610e-03 7.558341172882958592e-01
-1.202531645569620243e-02 6.411337567258727430e-03 7.914644907049255274e-01
-1.202531645569620243e-02 6.725958209677741079e-03 8.313502935675761707e-01
-1.202531645569620243e-02 7.048114675867271292e-03 8.730742994900992926e-01
-1.202531645569620243e-02 7.240935810829182001e-03 9.137893203798651554e-01
-1.202531645569620243e-02 7.571907756346350250e-03 9.459403255220757423e-01
-1.202531645569620243e-02 7.910275722992394717e-03 9.794658321765414843e-01
-1.202531645569620243e-02 8.256039710767312800e-03 1.015130528641792873e+00
-1.202531645569620243e-02 8.609199719671108836e-03 1.050864469270272883e+00
-1.202531645569620243e-02 8.969755749703779354e-03 1.088650490060089515e+00
-1.202531645569620243e-02 9.161242234598333811e-03 1.118876791196884657e+00
-1.202531645569620243e-02 9.529496916140562865e-03 1.147296736911134651e+00
-1.202531645569620243e-02 9.905007847565405407e-03 1.175908083272784399e+00
-1.202531645569620243e-02 1.028777502887284236e-02 1.205262869855558305e+00
-1.202531645569620243e-02 1.067779846006289626e-02 1.235625006726046582e+00
-1.202531645569620243e-02 1.107507814113554631e-02 1.264896637033013693e+00
-1.202531645569620243e-02 1.147961407209080638e-02 1.295447357025658608e+00
-1.202531645569620243e-02 1.189140625292867126e-02 1.326361639047270113e+00
-1.202531645569620243e-02 1.207338266120351090e-02 1.355481396017502949e+00
-1.202531645569620243e-02 1.249147766024682679e-02 1.380854887745026405e+00
-1.202531645569620243e-02 1.291668916991215756e-02 1.405536307006379104e+00
-1.202531645569620243e-02 1.334901719019950320e-02 1.430627147146156020e+00
-1.172839506172839406e-02 1.114611345309215410e-03 2.488319757851509273e+00
-1.172839506172839406e-02 1.261320474877579987e-03 1.670433097620663609e+00
-1.172839506172839406e-02 1.364761608385566677e-03 1.178949398661469639e+00
-1.172839506172839406e-02 1.477174183823250827e-03 8.138298259882168484e-01
-1.172839506172839406e-02 1.582989612168769810e-03 5.490581655162571906e-01
-1.172839506172839406e-02 1.703391696977150536e-03 3.585938187684974965e-01
-1.172839506172839406e-02 1.844425376276717481e-03 2.231195715661972445e-01
-1.172839506172839406e-02 1.984885474705206602e-03 1.373321431272590265e-01
-1.172839506172839406e-02 2.123956191800612046e-03 8.410258503729745039e-02
-1.172839506172839406e-02 2.260822495456178260e-03 5.781908552807042689e-02
-1.172839506172839406e-02 2.431636442842661453e-03 5.501531052090325585e-02
-1.172839506172839406e-02 2.564885895341424520e-03 6.472198157498394722e-02
-1.172839506172839406e-02 2.737200578457965518e-03 8.463915877047570313e-02
-1.172839506172839406e-02 2.911206031326681650e-03 1.145733686336389279e-01
-1.172839506172839406e-02 3.086494265845566437e-03 1.515113234901611095e-01
-1.172839506172839406e-02 3.262657494704256696e-03 1.946901615919632844e-01
-1.172839506172839406e-02 3.497730319132788448e-03 2.390745020246159425e-01
-1.172839506172839406e-02 3.678473052893394338e-03 2.808564818652395934e-01
-1.172839506172839406e-02 3.859003426963558431e-03 3.296957277056091762e-01
-1.172839506172839406e-02 4.109931265798437774e-03 3.762549300348944081e-01
-1.172839506172839406e-02 4.293273038677489391e-03 4.219856617754735861e-01
-1.172839506172839406e-02 4.555398364121079208e-03 4.690464516780140647e-01
-1.172839506172839406e-02 4.740463806545414972e-03 5.149202089407723948e-01
-1.172839506172839406e-02 5.013241362739165839e-03 5.575550439075085407e-01
-1.172839506172839406e-02 5.293649060364909349e-03 6.093394035974796230e-01
-1.172839506172839406e-02 5.481828085327837032e-03 6.473232165262591264e-01
-1.172839506172839406e-02 5.772206436637440825e-03 6.900376073898690787e-01
-1.172839506172839406e-02 6.070078422819550658e-03 7.376736752909952566e-01
-1.172839506172839406e-02 6.259331343605012421e-03 7.747511582602981672e-01
-1.172839506172839406e-02 6.566492653983571452e-03 8.127371370981930632e-01
-1.172839506172839406e-02 6.881011121496947297e-03 8.528672769453655711e-01
-1.172839506172839406e-02 7.202886746145139955e-03 8.956801194652457276e-01
-1.172839506172839406e-02 7.392426220876820858e-03 9.308626876058549993e-01
-1.172839506172839406e-02 7.722773645783376911e-03 9.632595709955977803e-01
-1.172839506172839406e-02 8.060341779431058271e-03 9.979540215386826230e-01
-1.172839506172839406e-02 8.405130621819866671e-03 1.032907726539633142e+00
-1.172839506172839406e-02 8.757140172949802112e-03 1.070041678868877799e+00
-1.172839506172839406e-02 8.944137803276781470e-03 1.106113961919176436e+00
-1.172839506172839406e-02 9.303665532603318244e-03 1.133914798495602172e+00
-1.172839506172839406e-02 9.670277552162896695e-03 1.162005959079269291e+00
-1.172839506172839406e-02 1.004397386195550121e-02 1.190941707869616284e+00
-1.172839506172839406e-02 1.042475446198115087e-02 1.220958190814238620e+00
-1.172839506172839406e-02 1.081261935223982659e-02 1.249955149470940441e+00
-1.172839506172839406e-02 1.120756853273154226e-02 1.280287601083245352e+00
-1.172839506172839406e-02 1.160960200345629266e-02 1.311040135615344493e+00
-1.172839506172839406e-02 1.201871976441407953e-02 1.341918585029265643e+00
-1.172839506172839406e-02 1.219552241045485270e-02 1.370171717485857199e+00
-1.172839506172839406e-02 1.261065956526960345e-02 1.394672905033993437e+00
-1.172839506172839406e-02 1.303274462225698614e-02 1.419627695310395010e+00
-1.144578313253012160e-02 1.088630182390280332e-03 2.710317957745461026e+00
-1.144578313253012160e-02 1.245538975586560132e-03 1.771637194297121631e+00
-1.144578313253012160e-02 1.348558219903000675e-03 1.260218103386023580e+00
-1.144578313253012160e-02 1.460472874961670376e-03 8.792555634169492151e-01
-1.144578313253012160e-02 1.566078850654404817e-03 5.959891514768436149e-01
-1.144578313253012160e-02 1.686064185752127577e-03 3.924303979166909873e-01
-1.144578313253012160e-02 1.801554994777937674e-03 2.531811767304225080e-01
-1.144578313253012160e-02 1.938765454901939965e-03 1.543911586136185454e-01
-1.144578313253012160e-02 2.074621402717300930e-03 9.522152950689363737e-02
-1.144578313253012160e-02 2.241397749487983836e-03 6.659391303170980603e-02
-1.144578313253012160e-02 2.375184523338828239e-03 5.196120735322017764e-02
-1.144578313253012160e-02 2.544625321159770231e-03 5.996914855428688018e-02
-1.144578313253012160e-02 2.716250285395281107e-03 8.193443399075055200e-02
-1.144578313253012160e-02 2.843670431536698268e-03 1.088174134395507031e-01
-1.144578313253012160e-02 3.014905975663697852e-03 1.442554201977677975e-01
-1.144578313253012160e-02 3.240243616130776463e-03 1.803718934473145241e-01
-1.144578313253012160e-02 3.416619618656744836e-03 2.198696834417463997e-01
-1.144578313253012160e-02 3.593187926660064077e-03 2.647570335991580315e-01
-1.144578313253012160e-02 3.834680783693976500e-03 3.160369022408295314e-01
-1.144578313253012160e-02 4.014662028715402023e-03 3.561740503673377356e-01
-1.144578313253012160e-02 4.193774312455742642e-03 4.071249385810327137e-01
-1.144578313253012160e-02 4.449824753829036313e-03 4.483137131672316755e-01
-1.144578313253012160e-02 4.630624154440405628e-03 5.001596605917241201e-01
-1.144578313253012160e-02 4.897081275947364094e-03 5.383197941536403963e-01
-1.144578313253012160e-02 5.170991743510460446e-03 5.863405123391343121e-01
-1.144578313253012160e-02 5.354837539856744690e-03 6.309039369096227645e-01
-1.144578313253012160e-02 5.638489064886534514e-03 6.706749398352834790e-01
-1.144578313253012160e-02 5.929460629271932418e-03 7.158397437030826760e-01
-1.144578313253012160e-02 6.114360760988445109e-03 7.595212141726418453e-01
-1.144578313253012160e-02 6.414407996128225486e-03 7.955065073943387022e-01
-1.144578313253012160e-02 6.721641991391117191e-03 8.339499854343357388e-01
-1.144578313253012160e-02 7.036062746777115885e-03 8.753466463533177144e-01
-1.144578313253012160e-02 7.221250113954327116e-03 9.168631277812484548e-01
-1.144578313253012160e-02 7.543948144137446743e-03 9.480616453079993011e-01
-1.144578313253012160e-02 7.873699683177024997e-03 9.817197494379170664e-01
-1.144578313253012160e-02 8.210504731073065346e-03 1.015833774003091605e+00
-1.144578313253012160e-02 8.554363287825569526e-03 1.052259052327200184e+00
-1.144578313253012160e-02 8.905275353434534066e-03 1.088128294362712634e+00
-1.144578313253012160e-02 9.088281942961545790e-03 1.121229678120132078e+00
-1.144578313253012160e-02 9.446406747186280803e-03 1.148758043172736665e+00
-1.144578313253012160e-02 9.811451837482982816e-03 1.177235388226774315e+00
-1.144578313253012160e-02 1.018341721385167091e-02 1.206868851624778083e+00
-1.144578313253012160e-02 1.056230287629232427e-02 1.235557665770881997e+00
-1.144578313253012160e-02 1.094810882480495677e-02 1.265639532390681055e+00
-1.144578313253012160e-02 1.134083505938956668e-02 1.296200546495778871e+00
-1.144578313253012160e-02 1.174048158004615053e-02 1.326947899476847104e+00
-1.144578313253012160e-02 1.214704838677471005e-02 1.358651001338046171e+00
-1.144578313253012160e-02 1.231878463111668251e-02 1.384197508534187993e+00
-1.144578313253012160e-02 1.273110048867579641e-02 1.408994962002667828e+00
-1.117647058823529466e-02 1.063832088875052515e-03 2.953448576783661572e+00
-1.117647058823529466e-02 1.230470080724472897e-03 1.874160962286407717e+00
-1.117647058823529466e-02 1.333085388818034756e-03 1.343484454693104180e+00
-1.117647058823529466e-02 1.427247968581371769e-03 9.449589108950000593e-01
-1.117647058823529466e-02 1.549928306409026737e-03 6.475751927167243682e-01
-1.117647058823529466e-02 1.669514584347467964e-03 4.326599048841973105e-01
-1.117647058823529466e-02 1.784839866093078853e-03 2.776519596998294204e-01
-1.117647058823529466e-02 1.921519867878057402e-03 1.743796566077011057e-01
-1.117647058823529466e-02 2.057007273909459803e-03 1.075133586111394479e-01
-1.117647058823529466e-02 2.190523998986633209e-03 6.839824080247428051e-02
-1.117647058823529466e-02 2.321292681789086532e-03 5.702492879020638200e-02
-1.117647058823529466e-02 2.486899087006447934e-03 5.495751745145976974e-02
-1.117647058823529466e-02 2.654641635318511026e-03 7.037620390057856834e-02
-1.117647058823529466e-02 2.824130685161930446e-03 9.585327301341295403e-02
-1.117647058823529466e-02 2.994976768905839495e-03 1.275320449754056562e-01
-1.117647058823529466e-02 3.166790597944168194e-03 1.639080357757185524e-01
-1.117647058823529466e-02 3.339183068050071996e-03 2.050648464072470090e-01
-1.117647058823529466e-02 3.511765265011313700e-03 2.526004913052084522e-01
-1.117647058823529466e-02 3.747785825135016308e-03 2.947021846173970561e-01
-1.117647058823529466e-02 3.923706540717318905e-03 3.393769826183129501e-01
-1.117647058823529466e-02 4.170809746935198736e-03 3.886021981838228001e-01
-1.117647058823529466e-02 4.349030473033684528e-03 4.303109066944217909e-01
-1.117647058823529466e-02 4.606695872682757716e-03 4.785748494590613689e-01
-1.117647058823529466e-02 4.786178653130096321e-03 5.213531590673694538e-01
-1.117647058823529466e-02 5.053885958532284076e-03 5.654520075654393407e-01
-1.117647058823529466e-02 5.233593407669359134e-03 6.163709253416637113e-01
-1.117647058823529466e-02 5.510822500134222521e-03 6.530687985439657117e-01
-1.117647058823529466e-02 5.795205891759470408e-03 6.956421138450292752e-01
-1.117647058823529466e-02 6.086743582545101929e-03 7.422171018714498469e-01
-1.117647058823529466e-02 6.269203762487115215e-03 7.796408382171847729e-01
-1.117647058823529466e-02 6.569482840498474391e-03 8.163067176389915414e-01
-1.117647058823529466e-02 6.876785990510096529e-03 8.562027429616467789e-01
-1.117647058823529466e-02 7.191113212521985966e-03 8.983104780583257565e-01
-1.117647058823529466e-02 7.373211027013731704e-03 9.338610938047409160e-01
-1.117647058823529466e-02 7.695499520699999353e-03 9.664178806930083798e-01
-1.117647058823529466e-02 8.024681885908969969e-03 9.996337403148325418e-01
-1.117647058823529466e-02 8.360758122640638348e-03 1.035294629720912685e+00
-1.117647058823529466e-02 8.703728230895012297e-03 1.070537549846877878e+00
-1.117647058823529466e-02 9.053592210672079671e-03 1.107201858450116649e+00
-1.117647058823529466e-02 9.232659436471694556e-03 1.136158617749077449e+00
-1.117647058823529466e-02 9.589444517599965412e-03 1.164138722663559999e+00
-1.117647058823529466e-02 9.952993296948686383e-03 1.193352291393336539e+00
-1.117647058823529466e-02 1.032330577451784186e-02 1.221699902420084971e+00
-1.117647058823529466e-02 1.070038195030744051e-02 1.251499260752303000e+00
-1.117647058823529466e-02 1.108422182431748233e-02 1.281839329168901198e+00
-1.117647058823529466e-02 1.147482539654796387e-02 1.312428972010137418e+00
-1.117647058823529466e-02 1.187219266699889031e-02 1.344009863519804115e+00
-1.117647058823529466e-02 1.204010527639473409e-02 1.374107501163217782e+00
-1.117647058823529466e-02 1.244309359714181919e-02 1.398726548956331195e+00
-1.091954022988505732e-02 1.040138093191729854e-03 3.216421900290271196e+00
-1.091954022988505732e-02 1.203064672402965338e-03 1.985387933242501735e+00
-1.091954022988505732e-02 1.318294818024742798e-03 1.428646444431502127e+00
-1.091954022988505732e-02 1.412387378421714294e-03 1.009983809227939400e+00
-1.091954022988505732e-02 1.515466084729204807e-03 7.019532936473169560e-01
-1.091954022988505732e-02 1.632409315125807857e-03 4.722151514406420780e-01
-1.091954022988505732e-02 1.768857600601700083e-03 3.103087559127564177e-01
-1.091954022988505732e-02 1.878845909109274487e-03 1.948195700762082316e-01
-1.091954022988505732e-02 2.011338798129778081e-03 1.202803359444266085e-01
-1.091954022988505732e-02 2.141907090004190484e-03 7.909194240583035385e-02
-1.091954022988505732e-02 2.304274882125494864e-03 5.586499997556426678e-02
-1.091954022988505732e-02 2.431732333608105801e-03 5.711100356266465838e-02
-1.091954022988505732e-02 2.595764111157748341e-03 6.532343067811646753e-02
-1.091954022988505732e-02 2.761505127349284799e-03 8.650044674332070527e-02
-1.091954022988505732e-02 2.928574606468897432e-03 1.161082520979599686e-01
-1.091954022988505732e-02 3.096591943800705224e-03 1.522275291663897634e-01
-1.091954022988505732e-02 3.265176710742361942e-03 1.945588190514001004e-01
-1.091954022988505732e-02 3.492253066109936386e-03 2.361097089321019526e-01
-1.091954022988505732e-02 3.664739281159411048e-03 2.769611203717724512e-01
-1.091954022988505732e-02 3.836778495464928090e-03 3.257987392474686605e-01
-1.091954022988505732e-02 4.078407235519447734e-03 3.680101016170689299e-01
-1.091954022988505732e-02 4.252698381847042769e-03 4.149889556312080785e-01
-1.091954022988505732e-02 4.504656429724602368e-03 4.579597929320886052e-01
-1.091954022988505732e-02 4.680184702432907407e-03 5.066179140665183489e-01
-1.091954022988505732e-02 4.941963404457216588e-03 5.466409109485939055e-01
-1.091954022988505732e-02 5.210865336468580716e-03 5.949536294897466160e-01
-1.091954022988505732e-02 5.388805406746590386e-03 6.371939503867846133e-01
-1.091954022988505732e-02 5.666892163912465828e-03 6.770583282568600758e-01
-1.091954022988505732e-02 5.951974814340376882e-03 7.213369108178229183e-01
-1.091954022988505732e-02 6.130423693240400276e-03 7.651228172954771534e-01
-1.091954022988505732e-02 6.424055555302404449e-03 7.999219844400955459e-01
-1.091954022988505732e-02 6.724555998933109090e-03 8.382345448373146324e-01
-1.091954022988505732e-02 7.031925024132515932e-03 8.790039779402507580e-01
-1.091954022988505732e-02 7.210026054032980802e-03 9.206470909314231621e-01
-1.091954022988505732e-02 7.525181612158131188e-03 9.520387006805141050e-01
-1.091954022988505732e-02 7.847078465644249240e-03 9.842988560191832104e-01
-1.091954022988505732e-02 8.175716614491332357e-03 1.019140518521004068e+00
-1.091954022988505732e-02 8.511096058699383141e-03 1.053707397297559911e+00
-1.091954022988505732e-02 8.853216798268396387e-03 1.089808216894914361e+00
-1.091954022988505732e-02 9.028364613197703212e-03 1.124202022031064008e+00
-1.091954022988505732e-02 9.377254965228964262e-03 1.151646572946695368e+00
-1.091954022988505732e-02 9.732759352369831779e-03 1.180403856041868371e+00
-1.091954022988505732e-02 1.009487777462029015e-02 1.208377614529602795e+00
-1.091954022988505732e-02 1.046361023198034805e-02 1.237862929856214489e+00
-1.091954022988505732e-02 1.083895672445000374e-02 1.267952970981004901e+00
-1.091954022988505732e-02 1.122091725202925723e-02 1.298358587399250474e+00
-1.091954022988505732e-02 1.160949181471810851e-02 1.329791611991587796e+00
-1.091954022988505732e-02 1.200468041251655758e-02 1.360287175555921380e+00
-1.091954022988505732e-02 1.216782025699876361e-02 1.388820075843876012e+00
-1.067415730337078691e-02 1.017476096168327872e-03 3.498030074184574456e+00
-1.067415730337078691e-02 1.176852914364861754e-03 2.116820770900706083e+00
-1.067415730337078691e-02 1.289586313290986804e-03 1.513384479832181828e+00
-1.067415730337078691e-02 1.398166864924527998e-03 1.078014130558505368e+00
-1.067415730337078691e-02 1.501105793197489002e-03 7.530935734054313713e-01
-1.067415730337078691e-02 1.617731260799033918e-03 5.125769658113338290e-01
-1.067415730337078691e-02 1.730409378390981552e-03 3.386194260075919282e-01
-1.067415730337078691e-02 1.863633741331349345e-03 2.172500266655406909e-01
-1.067415730337078691e-02 1.995844856362669669e-03 1.365737362391944709e-01
-1.067415730337078691e-02 2.126298386828102960e-03 8.495077848605225856e-02
-1.067415730337078691e-02 2.254250644785915376e-03 5.980130167473691333e-02
-1.067415730337078691e-02 2.415643807785660714e-03 5.289570668451785973e-02
-1.067415730337078691e-02 2.579206819114908400e-03 6.491559614565840797e-02
-1.067415730337078691e-02 2.701595201160541995e-03 8.287730122317882309e-02
-1.067415730337078691e-02 2.865051315493899204e-03 1.098623959354686208e-01
-1.067415730337078691e-02 3.029436194226004138e-03 1.452151450127532606e-01
-1.067415730337078691e-02 3.247705541762062765e-03 1.805777377604734779e-01
-1.067415730337078691e-02 3.416530352498547366e-03 2.187423109402796273e-01
-1.067415730337078691e-02 3.585291191573762928e-03 2.627395231247503515e-01
-1.067415730337078691e-02 3.818421166014655810e-03 3.101532073921818844e-01
-1.067415730337078691e-02 3.990007797178052144e-03 3.503582653297006577e-01
-1.067415730337078691e-02 4.233617295790312665e-03 4.020908359496578321e-01
-1.067415730337078691e-02 4.407036674969003025e-03 4.397973650376978405e-01
-1.067415730337078691e-02 4.660628041407538849e-03 4.892121108116341821e-01
-1.067415730337078691e-02 4.834887631731302204e-03 5.298748300694533508e-01
-1.067415730337078691e-02 5.097963360713392809e-03 5.746232826318038445e-01
-1.067415730337078691e-02 5.272071149627534023e-03 6.230255740964433242e-01
-1.067415730337078691e-02 5.544133890603891550e-03 6.600662805749506479e-01
-1.067415730337078691e-02 5.823040977265187858e-03 7.019418840658154801e-01
-1.067415730337078691e-02 6.108792409611422947e-03 7.488802064293271776e-01
-1.067415730337078691e-02 6.284923351791259737e-03 7.847805113044762360e-01
-1.067415730337078691e-02 6.578915556425819766e-03 8.214283719645310011e-01
-1.067415730337078691e-02 6.879627582880598960e-03 8.607838685535509349e-01
-1.067415730337078691e-02 7.187059431155597318e-03 9.017363617184985802e-01
-1.067415730337078691e-02 7.362234646765254686e-03 9.385726101396416610e-01
-1.067415730337078691e-02 7.677161287683966114e-03 9.698204521542661549e-01
-1.067415730337078691e-02 7.998683250925581883e-03 1.003788913220666768e+00
-1.067415730337078691e-02 8.326800536490104598e-03 1.037630771636524063e+00
-1.067415730337078691e-02 8.661513144377529921e-03 1.073121881310846737e+00
-1.067415730337078691e-02 9.002821074587864791e-03 1.108787938244070626e+00
-1.067415730337078691e-02 9.174246460174541318e-03 1.139753850297055227e+00
-1.067415730337078691e-02 9.522054520998021049e-03 1.168018934693568101e+00
-1.067415730337078691e-02 9.876333429464718289e-03 1.195586595417959419e+00
-1.067415730337078691e-02 1.023708318557464865e-02 1.224726716921434200e+00
-1.067415730337078691e-02 1.060430378932780519e-02 1.254537988843007046e+00
-1.067415730337078691e-02 1.097799524072419139e-02 1.284733556674805932e+00
-1.067415730337078691e-02 1.135815753976380377e-02 1.315993340456696803e+00
-1.067415730337078691e-02 1.174479068644664059e-02 1.346350515676329351e+00
-1.067415730337078691e-02 1.213789468077270881e-02 1.376998212984113401e+00
-1.043956043956044064e-02 1.151758516887973084e-03 2.267371039057092919e+00
-1.043956043956044064e-02 1.276343502788158859e-03 1.598490547350211788e+00
-1.043956043956044064e-02 1.384545957832159120e-03 1.148915903632195867e+00
-1.043956043956044064e-02 1.487350075792214215e-03 8.086174716135381413e-01
-1.043956043956044064e-02 1.603670344067411463e-03 5.589445923048442788e-01
-1.043956043956044064e-02 1.716250070770859552e-03 3.723104887634521853e-01
-1.043956043956044064e-02 1.823997831368964501e-03 2.407509022238752960e-01
-1.043956043956044064e-02 1.953409704536342162e-03 1.508020649167393645e-01
-1.043956043956044064e-02 2.081103406996219658e-03 9.562894623533882421e-02
-1.043956043956044064e-02 2.239359342610870891e-03 6.625886873116113018e-02
-1.043956043956044064e-02 2.364323179861929376e-03 5.291540655253906822e-02
-1.043956043956044064e-02 2.524420243406273311e-03 5.701468460801240035e-02
-1.043956043956044064e-02 2.686277562818035602e-03 7.441496511011735926e-02
-1.043956043956044064e-02 2.849530546805373408e-03 9.973212256805807918e-02
-1.043956043956044064e-02 3.013814757556503715e-03 1.302909289013048921e-01
-1.043956043956044064e-02 3.178765915253346265e-03 1.651686576851649213e-01
-1.043956043956044064e-02 3.344019902818059619e-03 2.052119699360076543e-01
-1.043956043956044064e-02 3.509212770909217374e-03 2.519649371147984485e-01
-1.043956043956044064e-02 3.737395822124818870e-03 2.910257639547015884e-01
-1.043956043956044064e-02 3.905356971709390487e-03 3.355918118347355761e-01
-1.043956043956044064e-02 4.143798123241196514e-03 3.810401035854916740e-01
-1.043956043956044064e-02 4.313555722245314070e-03 4.240458669670596481e-01
-1.043956043956044064e-02 4.561767972446442374e-03 4.686798716183978031e-01
-1.043956043956044064e-02 4.732350674237882290e-03 5.151219460329586886e-01
-1.043956043956044064e-02 4.989847166039122935e-03 5.561706319228739703e-01
-1.043956043956044064e-02 5.254164756960927503e-03 6.043411799292620623e-01
-1.043956043956044064e-02 5.426578150233764275e-03 6.446442089947512777e-01
-1.043956043956044064e-02 5.699571395398103646e-03 6.840125993226516821e-01
-1.043956043956044064e-02 5.979263861302671831e-03 7.288411670828824906e-01
-1.043956043956044064e-02 6.151686407279374248e-03 7.708672347423820570e-01
-1.043956043956044064e-02 6.439446137647616107e-03 8.057707258400159667e-01
-1.043956043956044064e-02 6.733783233281418618e-03 8.436380420502247457e-01
-1.043956043956044064e-02 7.034697694180781780e-03 8.833550693120003627e-01
-1.043956043956044064e-02 7.342189520345702124e-03 9.258220464184219178e-01
-1.043956043956044064e-02 7.514442277910708852e-03 9.561899588778099979e-01
-1.043956043956044064e-02 7.829149517126276353e-03 9.892320941902884579e-01
-1.043956043956044064e-02 8.150312289453958900e-03 1.022300682883977352e+00
-1.043956043956044064e-02 8.477930594893753891e-03 1.057136530804629659e+00
-1.043956043956044064e-02 8.812004433445669999e-03 1.092255812888438982e+00
-1.043956043956044064e-02 9.152533805109689877e-03 1.128184180502657785e+00
-1.043956043956044064e-02 9.320273840977501625e-03 1.156192959193955927e+00
-1.043956043956044064e-02 9.667045268898935215e-03 1.183322676199986656e+00
-1.043956043956044064e-02 1.002015042153126673e-02 1.212086832349402954e+00
-1.043956043956044064e-02 1.037958929887449269e-02 1.241590928932852833e+00
-1.043956043956044064e-02 1.074536190092861311e-02 1.271550716871285847e+00
-1.043956043956044064e-02 1.111746822769362798e-02 1.302612165523989951e+00
-1.043956043956044064e-02 1.149590827916953384e-02 1.332808017987687776e+00
-1.043956043956044064e-02 1.188068205535633415e-02 1.363340344706639229e+00
-1.021505376344086086e-02 1.127711553113677897e-03 2.436013171890028417e+00
-1.021505376344086086e-02 1.263648268580940719e-03 1.685312507639600277e+00
-1.021505376344086086e-02 1.355662418658118906e-03 1.220434469205138317e+00
-1.021505376344086086e-02 1.456337372620695406e-03 8.676586483570900565e-01
-1.021505376344086086e-02 1.570245300383509793e-03 5.997001275549405097e-01
-1.021505376344086086e-02 1.680493050020759587e-03 4.054591259427562933e-01
-1.021505376344086086e-02 1.810546210903988618e-03 2.655148477746731572e-01
-1.021505376344086086e-02 1.939750251767245141e-03 1.709347749520451765e-01
-1.021505376344086086e-02 2.067391783792637151e-03 1.071565949518848981e-01
-1.021505376344086086e-02 2.192758001989182637e-03 6.906350632571171821e-02
-1.021505376344086086e-02 2.350285092638153793e-03 5.816727056704252413e-02
-1.021505376344086086e-02 2.471911586882658170e-03 5.530943243414963850e-02
-1.021505376344086086e-02 2.630411307298105832e-03 6.721520751634933732e-02
-1.021505376344086086e-02 2.790278916015941253e-03 8.938313108044058930e-02
-1.021505376344086086e-02 2.951157597153687435e-03 1.187240213604438405e-01
-1.021505376344086086e-02 3.112690686185224081e-03 1.539282132472290232e-01
-1.021505376344086086e-02 3.274521674488888208e-03 1.954361510960843373e-01
-1.021505376344086086e-02 3.494597443063239203e-03 2.353577745105258079e-01
-1.021505376344086086e-02 3.659735809114702219e-03 2.750526868859192176e-01
-1.021505376344086086e-02 3.824221405113303190e-03 3.236570228956225370e-01
-1.021505376344086086e-02 4.057708833318535852e-03 3.626319541092424270e-01
-1.021505376344086086e-02 4.223955978703610066e-03 4.106644035906093504e-01
-1.021505376344086086e-02 4.467012446669855856e-03 4.503587972040695719e-01
-1.021505376344086086e-02 4.716867696956836449e-03 5.020474199082320954e-01
-1.021505376344086086e-02 4.886218952291397979e-03 5.395678735362221534e-01
-1.021505376344086086e-02 5.145047244864396803e-03 5.844818655488913661e-01
-1.021505376344086086e-02 5.313901275924131848e-03 6.307706898789515737e-01
-1.021505376344086086e-02 5.581226119248272610e-03 6.675299236893141863e-01
-1.021505376344086086e-02 5.855111081426993269e-03 7.101539071514014756e-01
-1.021505376344086086e-02 6.135556162460295559e-03 7.559159950076644874e-01
-1.021505376344086086e-02 6.305763902539240212e-03 7.912482866056704811e-01
-1.021505376344086086e-02 6.593990590541927953e-03 8.275545446280412332e-01
-1.021505376344086086e-02 6.888658098388252167e-03 8.659693807957598022e-01
-1.021505376344086086e-02 7.189766426078208518e-03 9.073089402994464203e-01
-1.021505376344086086e-02 7.358473802392160451e-03 9.433989041178372226e-01
-1.021505376344086086e-02 7.666649032109246892e-03 9.754624265528968330e-01
-1.021505376344086086e-02 7.981145805000018287e-03 1.007710215207869631e+00
-1.021505376344086086e-02 8.301964121064471167e-03 1.041845909141767335e+00
-1.021505376344086086e-02 8.629103980302614205e-03 1.076376886324780013e+00
-1.021505376344086086e-02 8.962565382714431789e-03 1.111828070380916023e+00
-1.021505376344086086e-02 9.126862464252986223e-03 1.144921403640339008e+00
-1.021505376344086086e-02 9.466437801112359898e-03 1.171581725382890848e+00
-1.021505376344086086e-02 9.812215427229443662e-03 1.199939519381632902e+00
-1.021505376344086086e-02 1.016419534260423231e-02 1.229108366403169894e+00
-1.021505376344086086e-02 1.052237754723672584e-02 1.258806930774911681e+00
-1.021505376344086086e-02 1.088676204112692600e-02 1.289645226493516983e+00
-1.021505376344086086e-02 1.125734882427483277e-02 1.319657061608733528e+00
-1.021505376344086086e-02 1.163413789668044269e-02 1.350052878651283761e+00
-1.000000000000000021e-02 1.104647809513348983e-03 2.621780235256370162e+00
-1.000000000000000021e-02 1.251467344311931211e-03 1.773764270018927780e+00
-1.000000000000000021e-02 1.343457274042770622e-03 1.290550900724017902e+00
-1.000000000000000021e-02 1.444047383017426972e-03 9.225307423387543171e-01
-1.000000000000000021e-02 1.557716338707501071e-03 6.460069392922319631e-01
-1.000000000000000021e-02 1.667917508797870903e-03 4.401088548319660454e-01
-1.000000000000000021e-02 1.773603856818508186e-03 2.917853677866234507e-01
-1.000000000000000021e-02 1.900182733905293351e-03 1.864545619438002788e-01
-1.000000000000000021e-02 2.025232777354036250e-03 1.177476287160509894e-01
-1.000000000000000021e-02 2.148055767594869454e-03 7.930261983938655113e-02
-1.000000000000000021e-02 2.302378739513756111e-03 5.610378021714890889e-02
-1.000000000000000021e-02 2.458858489683963915e-03 5.717358755322002328e-02
-1.000000000000000021e-02 2.576820258619439297e-03 6.550210688365679101e-02
-1.000000000000000021e-02 2.733439961092265936e-03 8.401530236735298141e-02
-1.000000000000000021e-02 2.891051349200111920e-03 1.116673295996151172e-01
-1.000000000000000021e-02 3.049305061957588783e-03 1.467625912644038022e-01
-1.000000000000000021e-02 3.261368647243850262e-03 1.827355832343461606e-01
-1.000000000000000021e-02 3.423446878489543824e-03 2.192407953341978799e-01
-1.000000000000000021e-02 3.585235841769070664e-03 2.621727988500646700e-01
-1.000000000000000021e-02 3.811023184006555407e-03 3.069719486522393126e-01
-1.000000000000000021e-02 3.975121946116943333e-03 3.468197951853427830e-01
-1.000000000000000021e-02 4.210634525587455060e-03 3.954885073732797851e-01
-1.000000000000000021e-02 4.376111182311278290e-03 4.342132789210679245e-01
-1.000000000000000021e-02 4.620882014672660423e-03 4.815735481879300228e-01
-1.000000000000000021e-02 4.786805110470400935e-03 5.247876713360209999e-01
-1.000000000000000021e-02 5.040367344524964571e-03 5.663249986041003492e-01
-1.000000000000000021e-02 5.300473120103518267e-03 6.149908347352194271e-01
-1.000000000000000021e-02 5.467692808653518838e-03 6.524750085222890128e-01
-1.000000000000000021e-02 5.736006402495982814e-03 6.928015702545352594e-01
-1.000000000000000021e-02 6.010746669244853950e-03 7.366142500576122742e-01
-1.000000000000000021e-02 6.177516178386087235e-03 7.778479102299463710e-01
-1.000000000000000021e-02 6.459880861824718670e-03 8.125215741915174927e-01
-1.000000000000000021e-02 6.748555370591587631e-03 8.495686626577758638e-01
-1.000000000000000021e-02 7.043539704686692382e-03 8.897184464469920506e-01
-1.000000000000000021e-02 7.344833864110036394e-03 9.305172731572316502e-01
-1.000000000000000021e-02 7.510753276285122605e-03 9.624723590726445011e-01
-1.000000000000000021e-02 7.818854985060044033e-03 9.938525259830823799e-01
-1.000000000000000021e-02 8.133149693006318237e-03 1.027243823954860247e+00
-1.000000000000000021e-02 8.453637400123953025e-03 1.061145541750963206e+00
-1.000000000000000021e-02 8.780318106412936252e-03 1.096081595421968480e+00
-1.000000000000000021e-02 9.113191811873283532e-03 1.132373372343751683e+00
-1.000000000000000021e-02 9.273982243161822334e-03 1.160359648464415638e+00
-1.000000000000000021e-02 9.612730105036082148e-03 1.188281053758551309e+00
-1.000000000000000021e-02 9.957554161742165205e-03 1.217086905089485693e+00
-1.000000000000000021e-02 1.030845441328007671e-02 1.246499086671592593e+00
-1.000000000000000021e-02 1.066543085964981319e-02 1.277089685141794106e+00
-1.000000000000000021e-02 1.102848350085137118e-02 1.306895045653223786e+00
-1.000000000000000021e-02 1.139761233688475761e-02 1.337133428133583379e+00
