-1.000000000000000000e+00 -inf 3.052201304595296261e+00
-1.000000000000000000e+00 -inf 1.162732585148607667e+00
-1.000000000000000000e+00 -inf 7.625050457676004756e-01
-1.000000000000000000e+00 -inf 4.826428187922464086e-01
-1.000000000000000000e+00 -inf 2.865133831408708254e-01
-1.000000000000000000e+00 -inf 1.620461483331987473e-01
-1.000000000000000000e+00 -inf 8.535439937671654431e-02
-1.000000000000000000e+00 -inf 4.231136854629920230e-02
-1.000000000000000000e+00 -inf 3.271234422294488214e-02
-1.000000000000000000e+00 -inf 4.450750292728197777e-02
-1.000000000000000000e+00 -inf 7.535005813804857011e-02
-1.000000000000000000e+00 -inf 1.141094016246712306e-01
-1.000000000000000000e+00 -inf 1.583377150449951920e-01
-1.000000000000000000e+00 -inf 2.104314827417099187e-01
-1.000000000000000000e+00 -inf 2.687900422107205589e-01
-1.000000000000000000e+00 -inf 3.234785810836198205e-01
-1.000000000000000000e+00 -inf 3.756857989334073666e-01
-1.000000000000000000e+00 -inf 4.379423744752626302e-01
-1.000000000000000000e+00 -inf 4.883530331855012729e-01
-1.000000000000000000e+00 -inf 5.470341326901247969e-01
-1.000000000000000000e+00 -inf 5.937882655666774090e-01
-1.000000000000000000e+00 -inf 6.528313385776274291e-01
-1.000000000000000000e+00 -inf 6.937695538483727997e-01
-1.000000000000000000e+00 -inf 7.392351027847905431e-01
-1.000000000000000000e+00 -inf 7.907793746442628446e-01
-1.000000000000000000e+00 -inf 8.286383395320814360e-01
-1.000000000000000000e+00 -inf 8.646867797454294013e-01
-1.000000000000000000e+00 -inf 9.040185335782401355e-01
-1.000000000000000000e+00 -inf 9.456017836300499857e-01
-1.000000000000000000e+00 -inf 9.813791825232887067e-01
-1.000000000000000000e+00 -inf 1.008345885468771241e+00
-1.000000000000000000e+00 -inf 1.036739393514776397e+00
-1.000000000000000000e+00 -inf 1.066082900064749817e+00
-1.000000000000000000e+00 -inf 1.095947162109377482e+00
-1.000000000000000000e+00 -inf 1.126087485598186611e+00
-1.000000000000000000e+00 -inf 1.156261211475832829e+00
-1.000000000000000000e+00 -inf 1.177043386739631270e+00
-1.000000000000000000e+00 -inf 1.195898087444908775e+00
-1.000000000000000000e+00 -inf 1.214932500959407635e+00
-1.000000000000000000e+00 -inf 1.233992897141812595e+00
-1.000000000000000000e+00 -inf 1.252982217897780082e+00
-1.000000000000000000e+00 -inf 1.271762441274927991e+00
-1.000000000000000000e+00 -inf 1.290304983895422808e+00
-1.000000000000000000e+00 -inf 1.308603088533801806e+00
-1.000000000000000000e+00 -inf 1.326494231037791405e+00
-1.000000000000000000e+00 -inf 1.344042095069102549e+00
-1.000000000000000000e+00 -inf 1.361204540724869849e+00
-1.000000000000000000e+00 -inf 1.377917281705880015e+00
-9.500000000000000666e-01 3.524549968818257691e-04 1.501380634520146806e+00
-9.500000000000000666e-01 4.160761294014255884e-04 9.110172887213940918e-01
-9.500000000000000666e-01 4.400669388720885515e-04 5.931848339422078897e-01
-9.500000000000000666e-01 4.859640340543724111e-04 3.694589501664856668e-01
-9.500000000000000666e-01 5.233109622358698976e-04 2.142720764493311336e-01
-9.500000000000000666e-01 5.678969051866578598e-04 1.190212817512176502e-01
-9.500000000000000666e-01 6.055622449855095537e-04 5.859950609696341906e-02
-9.500000000000000666e-01 6.567455479268747990e-04 3.667441484768235727e-02
-9.500000000000000666e-01 7.037246926779362494e-04 3.624112100112157620e-02
-9.500000000000000666e-01 7.458517310093694223e-04 5.872237354213830779e-02
-9.500000000000000666e-01 8.112334100608848417e-04 8.694500176821250148e-02
-9.500000000000000666e-01 8.758621288673818644e-04 1.292841149258551203e-01
-9.500000000000000666e-01 9.393407441217631109e-04 1.773104212933142576e-01
-9.500000000000000666e-01 1.001292606456400053e-03 2.280618574063663362e-01
-9.500000000000000666e-01 1.061361598506544487e-03 2.822618881005954927e-01
-9.500000000000000666e-01 1.119212174247490423e-03 3.432618304406407361e-01
-9.500000000000000666e-01 1.222024935050918578e-03 3.947296267357385813e-01
-9.500000000000000666e-01 1.277687735182847333e-03 4.492816089421581838e-01
-9.500000000000000666e-01 1.385187592579929100e-03 5.049772405246759632e-01
-9.500000000000000666e-01 1.437661905894295359e-03 5.562740194629760548e-01
-9.500000000000000666e-01 1.549237389265598020e-03 6.055346197203521630e-01
-9.500000000000000666e-01 1.597584191369896042e-03 6.623958654673749447e-01
-9.500000000000000666e-01 1.712644284527753283e-03 7.006587634158292222e-01
-9.500000000000000666e-01 1.831704955376661868e-03 7.464190528185056239e-01
-9.500000000000000666e-01 1.954766203916622445e-03 7.976607453764070765e-01
-9.500000000000000666e-01 1.995769915761664952e-03 8.317639327959432949e-01
-9.500000000000000666e-01 2.121414493050073711e-03 8.674753059107622732e-01
-9.500000000000000666e-01 2.250894273095791886e-03 9.061729301440767381e-01
-9.500000000000000666e-01 2.384209255898821211e-03 9.469678796286373768e-01
-9.500000000000000666e-01 2.414874985840604477e-03 9.812961312673915693e-01
-9.500000000000000666e-01 2.549906144833264093e-03 1.007713588110163538e+00
-9.500000000000000666e-01 2.688610534644175418e-03 1.035482282299996726e+00
-9.500000000000000666e-01 2.830988155273337151e-03 1.064113969239773416e+00
-9.500000000000000666e-01 2.977039006720750593e-03 1.093310236064708674e+00
-9.500000000000000666e-01 3.126763088986413575e-03 1.122786392401812439e+00
-9.500000000000000666e-01 3.280160402070329134e-03 1.152252503158280428e+00
-9.500000000000000666e-01 3.288853356971428981e-03 1.173919584577598707e+00
-9.500000000000000666e-01 3.442658181672241403e-03 1.192338008583823106e+00
-9.500000000000000666e-01 3.599977672014500769e-03 1.210930572474631761e+00
-9.500000000000000666e-01 3.760811827998210548e-03 1.229580386719856255e+00
-9.500000000000000666e-01 3.925160649623367706e-03 1.248129008544395679e+00
-9.500000000000000666e-01 4.093024136889976579e-03 1.266533542547855662e+00
-9.500000000000000666e-01 4.264402289798034131e-03 1.284774711820127369e+00
-9.500000000000000666e-01 4.439295108347539494e-03 1.302676097607358141e+00
-9.500000000000000666e-01 4.617702592538494404e-03 1.320291821277464139e+00
-9.500000000000000666e-01 4.799624742370898860e-03 1.337571718789629882e+00
-9.500000000000000666e-01 4.985061557844754597e-03 1.354442491632885215e+00
-9.047619047619048782e-01 2.090191073169306367e-04 1.987697371870224883e+00
-9.047619047619048782e-01 2.587929518486320707e-04 1.067821707961749578e+00
-9.047619047619048782e-01 2.759565737325768539e-04 7.103565636477382483e-01
-9.047619047619048782e-01 2.984542721046911273e-04 4.531853965849773624e-01
-9.047619047619048782e-01 3.227257423537067699e-04 2.736545678738142584e-01
-9.047619047619048782e-01 3.513922096235272082e-04 1.568334900746679583e-01
-9.047619047619048782e-01 3.760334033598681396e-04 8.148080553719014296e-02
-9.047619047619048782e-01 4.088408034619632979e-04 4.738620818911130905e-02
-9.047619047619048782e-01 4.392399133230341320e-04 3.606144150257085956e-02
-9.047619047619048782e-01 4.668213102328377050e-04 4.369094663471018158e-02
-9.047619047619048782e-01 5.084716302056847608e-04 7.257907800463889170e-02
-9.047619047619048782e-01 5.307997226416251262e-04 1.096134151559631786e-01
-9.047619047619048782e-01 5.697541031943305833e-04 1.512962018058722213e-01
-9.047619047619048782e-01 6.078574588725840864e-04 2.013915954569234501e-01
-9.047619047619048782e-01 6.693413187895853877e-04 2.551291082479635319e-01
-9.047619047619048782e-01 7.069848515861631511e-04 3.027547557940261647e-01
-9.047619047619048782e-01 7.431834720459410890e-04 3.566761745548442386e-01
-9.047619047619048782e-01 8.084569083417322746e-04 4.173804924607631417e-01
-9.047619047619048782e-01 8.431871246101674700e-04 4.634368725601286099e-01
-9.047619047619048782e-01 9.112668645127338469e-04 5.237027836302475814e-01
-9.047619047619048782e-01 9.439326967031889297e-04 5.671799460041802021e-01
-9.047619047619048782e-01 1.014454706615633113e-03 6.186718383575769975e-01
-9.047619047619048782e-01 1.044495457971342375e-03 6.691780633987973737e-01
-9.047619047619048782e-01 1.117107343024283670e-03 7.085387820966727590e-01
-9.047619047619048782e-01 1.192159072279150040e-03 7.546241016134966895e-01
-9.047619047619048782e-01 1.218358780989291365e-03 8.040082889940751709e-01
-9.047619047619048782e-01 1.295061096629017200e-03 8.356660448884208892e-01
-9.047619047619048782e-01 1.374104690649251455e-03 8.710858615665877380e-01
-9.047619047619048782e-01 1.455489563049995865e-03 9.092563406319613684e-01
-9.047619047619048782e-01 1.539215713831248479e-03 9.493394343115267864e-01
-9.047619047619048782e-01 1.558201699456428701e-03 9.818996519723103278e-01
-9.047619047619048782e-01 1.642961452815727696e-03 1.007841068212591784e+00
-9.047619047619048782e-01 1.729965851341709344e-03 1.035010852347729049e+00
-9.047619047619048782e-01 1.819214895034373643e-03 1.063054198998977462e+00
-9.047619047619048782e-01 1.910708583893720378e-03 1.091642471326901953e+00
-9.047619047619048782e-01 2.004446917919750198e-03 1.120446058374799270e+00
-9.047619047619048782e-01 2.100429897112462019e-03 1.149258768943820952e+00
-9.047619047619048782e-01 2.105901108099501439e-03 1.171508222880386585e+00
-9.047619047619048782e-01 2.202134678658774266e-03 1.189507116491584693e+00
-9.047619047619048782e-01 2.300518197856088378e-03 1.207702172892997527e+00
-9.047619047619048782e-01 2.401051665691443342e-03 1.225913565451013376e+00
-9.047619047619048782e-01 2.503735082164840024e-03 1.244083127673219158e+00
-9.047619047619048782e-01 2.608568447276277125e-03 1.262178132713137169e+00
-9.047619047619048782e-01 2.715551761025755510e-03 1.280007891771870465e+00
-9.047619047619048782e-01 2.824685023413274747e-03 1.297615949497106902e+00
-9.047619047619048782e-01 2.935968234438834836e-03 1.314943702911318679e+00
-9.047619047619048782e-01 3.049401394102437511e-03 1.331908355356329787e+00
-8.636363636363636465e-01 1.627307248106748129e-04 2.604778876489404205e+00
-8.636363636363636465e-01 2.106414416316598358e-04 1.233302567922040849e+00
-8.636363636363636465e-01 2.262838316573231423e-04 8.376458804483181142e-01
-8.636363636363636465e-01 2.461923854952495494e-04 5.521262447469886814e-01
-8.636363636363636465e-01 2.605981911044009816e-04 3.435540134737351536e-01
-8.636363636363636465e-01 2.846149255525227896e-04 2.021392908267002908e-01
-8.636363636363636465e-01 3.055676343986784703e-04 1.105634953770359419e-01
-8.636363636363636465e-01 3.329912901052194531e-04 6.447160544726213138e-02
-8.636363636363636465e-01 3.474977592195787495e-04 4.319540372881985196e-02
-8.636363636363636465e-01 3.820956998039649324e-04 3.859551532286502329e-02
-8.636363636363636465e-01 4.031382660373675794e-04 5.669724622108583689e-02
-8.636363636363636465e-01 4.362211321690055948e-04 8.411396335184796735e-02
-8.636363636363636465e-01 4.688998118703700292e-04 1.234417974133215634e-01
-8.636363636363636465e-01 5.009889257119540945e-04 1.682965654316432857e-01
-8.636363636363636465e-01 5.323118526756251412e-04 2.167956577431369991e-01
-8.636363636363636465e-01 5.627007746545021824e-04 2.703143265756622338e-01
-8.636363636363636465e-01 6.143914383906742870e-04 3.293160539848626334e-01
-8.636363636363636465e-01 6.439915015305475686e-04 3.747454453918790396e-01
-8.636363636363636465e-01 6.722182756897228210e-04 4.328090177146932116e-01
-8.636363636363636465e-01 7.264938261944418928e-04 4.801653034816465437e-01
-8.636363636363636465e-01 7.531786542843677511e-04 5.374967297825915535e-01
-8.636363636363636465e-01 8.094492683957309415e-04 5.796441699849714801e-01
-8.636363636363636465e-01 8.677468584265329507e-04 6.330670736645376273e-01
-8.636363636363636465e-01 8.921345490277318539e-04 6.769707602085681675e-01
-8.636363636363636465e-01 9.520717082010615685e-04 7.173652289482951305e-01
-8.636363636363636465e-01 1.013957354527728581e-03 7.637093286669141001e-01
-8.636363636363636465e-01 1.035171678818375953e-03 8.084846490135073616e-01
-8.636363636363636465e-01 1.098353014536627157e-03 8.402479854908722068e-01
-8.636363636363636465e-01 1.163405787114530406e-03 8.754502095971810061e-01
-8.636363636363636465e-01 1.230329996552085485e-03 9.131478445989169579e-01
-8.636363636363636465e-01 1.299125642849292828e-03 9.525742859032115817e-01
-8.636363636363636465e-01 1.314451988172787205e-03 9.831063892415806693e-01
-8.636363636363636465e-01 1.384059893109483488e-03 1.008591174945144830e+00
-8.636363636363636465e-01 1.455463627337872995e-03 1.035278157620620698e+00
-8.636363636363636465e-01 1.528663190857954641e-03 1.062792950988613372e+00
-8.636363636363636465e-01 1.603658583669729512e-03 1.090764708643048087e+00
-8.636363636363636465e-01 1.680449805773196739e-03 1.118949573740153358e+00
-8.636363636363636465e-01 1.759036857168357190e-03 1.147181181755878576e+00
-8.636363636363636465e-01 1.763459147062449882e-03 1.169700500230289375e+00
-8.636363636363636465e-01 1.842244208907244194e-03 1.187327886367634866e+00
-8.636363636363636465e-01 1.922750939561948189e-03 1.205098480195073041e+00
-8.636363636363636465e-01 2.004979339026562949e-03 1.222937924216915162e+00
-8.636363636363636465e-01 2.088929407301087175e-03 1.240799145754258870e+00
-8.636363636363636465e-01 2.174601144385520865e-03 1.258476828009003290e+00
-8.636363636363636465e-01 2.261994550279865322e-03 1.276002957108385516e+00
-8.636363636363636465e-01 2.351109624984119243e-03 1.293310092376936948e+00
-8.636363636363636465e-01 2.441946368498283931e-03 1.310305469119742661e+00
-8.260869565217391353e-01 1.406199601916357589e-04 3.337630607340367206e+00
-8.260869565217391353e-01 1.820208886269873651e-04 1.447982478893852010e+00
-8.260869565217391353e-01 2.052396610187265900e-04 9.740750127314469209e-01
-8.260869565217391353e-01 2.191941146014633583e-04 6.505202447914085750e-01
-8.260869565217391353e-01 2.390819377799923155e-04 4.215204549278339652e-01
-8.260869565217391353e-01 2.552202859545756779e-04 2.544215345526091854e-01
-8.260869565217391353e-01 2.748318555699406441e-04 1.454806578905805670e-01
-8.260869565217391353e-01 2.914460635069646079e-04 8.239837270719493900e-02
-8.260869565217391353e-01 3.142596346303295173e-04 4.633300515943137438e-02
-8.260869565217391353e-01 3.352668774841550243e-04 4.121232062608215507e-02
-8.260869565217391353e-01 3.658992879396400009e-04 4.456849413497931955e-02
-8.260869565217391353e-01 3.964290288533111879e-04 7.363451841528016739e-02
-8.260869565217391353e-01 4.125440415514198427e-04 1.065763075266215609e-01
-8.260869565217391353e-01 4.410877246842799786e-04 1.469837202429893352e-01
-8.260869565217391353e-01 4.690028070209612812e-04 1.957540856525740725e-01
-8.260869565217391353e-01 5.141592409018983997e-04 2.425405425935385217e-01
-8.260869565217391353e-01 5.417176983072016045e-04 2.893535660412283606e-01
-8.260869565217391353e-01 5.682414590032920090e-04 3.441924653305877824e-01
-8.260869565217391353e-01 6.160511656537372019e-04 3.968923247950258970e-01
-8.260869565217391353e-01 6.415288992652537752e-04 4.462652126876801573e-01
-8.260869565217391353e-01 6.913173069143073316e-04 4.991863651663023260e-01
-8.260869565217391353e-01 7.153396995276187220e-04 5.483085281003290401e-01
-8.260869565217391353e-01 7.668593958990411411e-04 5.935233873944056882e-01
-8.260869565217391353e-01 8.201704044647834457e-04 6.485966254012419663e-01
-8.260869565217391353e-01 8.420500772745685833e-04 6.857426897428298140e-01
-8.260869565217391353e-01 8.967842037302534500e-04 7.270211482491856225e-01
-8.260869565217391353e-01 9.532416497047349613e-04 7.736006628881155756e-01
-8.260869565217391353e-01 9.722170996441226436e-04 8.135689285981035912e-01
-8.260869565217391353e-01 1.029799149351684094e-03 8.454703639002132398e-01
-8.260869565217391353e-01 1.089037718312871154e-03 8.804799334799131572e-01
-8.260869565217391353e-01 1.149932806527684042e-03 9.177412497689226845e-01
-8.260869565217391353e-01 1.212484413996123191e-03 9.565719673103627585e-01
-8.260869565217391353e-01 1.226131513107950538e-03 9.848091995571212065e-01
-8.260869565217391353e-01 1.289387712588103887e-03 1.009941656966140133e+00
-8.260869565217391353e-01 1.354234827965515977e-03 1.036201981367009139e+00
-8.260869565217391353e-01 1.420672859240187675e-03 1.063176620198550637e+00
-8.260869565217391353e-01 1.488701806412118115e-03 1.090582369301230203e+00
-8.260869565217391353e-01 1.558321669481308597e-03 1.118224501982050256e+00
-8.260869565217391353e-01 1.629532448447757170e-03 1.145897887422685280e+00
-8.260869565217391353e-01 1.633421991697809293e-03 1.168438125232327041e+00
-8.260869565217391353e-01 1.704803116792558441e-03 1.185666369548694643e+00
-8.260869565217391353e-01 1.777710755952561453e-03 1.203082332040322555e+00
-8.260869565217391353e-01 1.852144909177816379e-03 1.220623731635899434e+00
-8.260869565217391353e-01 1.928105576468323867e-03 1.238070282502730324e+00
-8.260869565217391353e-01 2.005592757824083919e-03 1.255441462201575265e+00
-8.260869565217391353e-01 2.084606453245096969e-03 1.272660609167279855e+00
-8.260869565217391353e-01 2.165146662731363015e-03 1.289624536406062338e+00
-7.916666666666667407e-01 1.658062969300946659e-04 1.772056831655084874e+00
-7.916666666666667407e-01 1.914679880980102206e-04 1.115811505015609439e+00
-7.916666666666667407e-01 2.101986564702433005e-04 7.630740879899212681e-01
-7.916666666666667407e-01 2.247216872278139544e-04 4.996328101808443778e-01
-7.916666666666667407e-01 2.407154037444674260e-04 3.132007652081323368e-01
-7.916666666666667407e-01 2.599312521287145826e-04 1.858884273022167188e-01
-7.916666666666667407e-01 2.764618468598212904e-04 1.052949453027472865e-01
-7.916666666666667407e-01 2.987266708097281037e-04 5.685857614028422963e-02
-7.916666666666667407e-01 3.193962430824638828e-04 3.802364451875666490e-02
-7.916666666666667407e-01 3.489762827478969012e-04 4.416578779117306952e-02
-7.916666666666667407e-01 3.666572811725993600e-04 5.579228617368547916e-02
-7.916666666666667407e-01 3.948849865578105654e-04 8.368748890670310581e-02
-7.916666666666667407e-01 4.227428465660234311e-04 1.211111040712552628e-01
-7.916666666666667407e-01 4.500838820336430031e-04 1.634615971759180719e-01
-7.916666666666667407e-01 4.767675311088703273e-04 2.100213663075424786e-01
-7.916666666666667407e-01 5.026596992281891566e-04 2.627067612921479833e-01
-7.916666666666667407e-01 5.468080516743324291e-04 3.150392506037941742e-01
-7.916666666666667407e-01 5.720258582319167262e-04 3.612275798516803027e-01
-7.916666666666667407e-01 5.960998229950313903e-04 4.216990025562295519e-01
-7.916666666666667407e-01 6.423625260794856929e-04 4.626035432827209082e-01
-7.916666666666667407e-01 6.903539735521487235e-04 5.202584721562183434e-01
-7.916666666666667407e-01 7.130643222305753544e-04 5.608293219176724298e-01
-7.916666666666667407e-01 7.626355713978268461e-04 6.086821411341543087e-01
-7.916666666666667407e-01 7.835516944527203247e-04 6.596189224177939625e-01
-7.916666666666667407e-01 8.344833654853411149e-04 6.953833347162350353e-01
-7.916666666666667407e-01 8.870186346476683454e-04 7.374498582745048214e-01
-7.916666666666667407e-01 9.411575019397012574e-04 7.841906926063249017e-01
-7.916666666666667407e-01 9.589719205218475264e-04 8.192394842882748662e-01
-7.916666666666667407e-01 1.014136196275463231e-03 8.512677997075277503e-01
-7.916666666666667407e-01 1.070843059679332581e-03 8.860967626175511036e-01
-7.916666666666667407e-01 1.129092510733454820e-03 9.229619152641339586e-01
-7.916666666666667407e-01 1.188884549437830163e-03 9.611838543606726626e-01
-7.916666666666667407e-01 1.201621468840545536e-03 9.870049872322856910e-01
-7.916666666666667407e-01 1.262054560663230336e-03 1.011834346097160386e+00
-7.916666666666667407e-01 1.323970277671965116e-03 1.037650499637591039e+00
-7.916666666666667407e-01 1.387368619866749444e-03 1.064129298649889588e+00
-7.916666666666667407e-01 1.452249587247584619e-03 1.091046479885544152e+00
-7.916666666666667407e-01 1.518613179814468691e-03 1.118167517367333552e+00
-7.916666666666667407e-01 1.586459397567402960e-03 1.145324712656235588e+00
-7.916666666666667407e-01 1.589998293368662498e-03 1.167600094700959490e+00
-7.916666666666667407e-01 1.657996187492672769e-03 1.184500962456424888e+00
-7.916666666666667407e-01 1.727417797196884649e-03 1.201638054306681358e+00
-7.916666666666667407e-01 1.798263122481298789e-03 1.218775790715186380e+00
-7.916666666666667407e-01 1.870532163345914973e-03 1.235920221535966146e+00
-7.916666666666667407e-01 1.944224919790733851e-03 1.252985096237253515e+00
-7.916666666666667407e-01 2.019341391815755206e-03 1.269856366483945065e+00
-7.599999999999998979e-01 1.557035062604195011e-04 2.194711746945634090e+00
-7.599999999999998979e-01 1.878062264557344514e-04 1.261656326333129297e+00
-7.599999999999998979e-01 2.025863685584559047e-04 8.740148133723287804e-01
-7.599999999999998979e-01 2.173741628564685412e-04 5.865883283872425080e-01
-7.599999999999998979e-01 2.335871473190338690e-04 3.780320777578954905e-01
-7.599999999999998979e-01 2.528822742438646058e-04 2.314643365100327033e-01
-7.599999999999998979e-01 2.697032491577241726e-04 1.338538597603183278e-01
-7.599999999999998979e-01 2.919888176065385944e-04 7.435950429910542780e-02
-7.599999999999998979e-01 3.128275058917493953e-04 4.397185245451081664e-02
-7.599999999999998979e-01 3.319662522027192115e-04 3.713117587392757851e-02
-7.599999999999998979e-01 3.602852294238554666e-04 4.815345216696943764e-02
-7.599999999999998979e-01 3.762729931033977808e-04 7.512911326006729840e-02
-7.599999999999998979e-01 4.030532946544473851e-04 1.046638168605906888e-01
-7.599999999999998979e-01 4.293764513778922879e-04 1.443258142156264301e-01
-7.599999999999998979e-01 4.551084937322189211e-04 1.921010571365606989e-01
-7.599999999999998979e-01 4.969155449619461293e-04 2.351419302686023061e-01
-7.599999999999998979e-01 5.222901385128184181e-04 2.807703873999858324e-01
-7.599999999999998979e-01 5.467220561545749419e-04 3.358822616503369107e-01
-7.599999999999998979e-01 5.908649211197012112e-04 3.827764686511795356e-01
-7.599999999999998979e-01 6.143427106675599910e-04 4.343138361285225901e-01
-7.599999999999998979e-01 6.602407740386592120e-04 4.815021690477946370e-01
-7.599999999999998979e-01 6.824087711831113099e-04 5.348015127643422906e-01
-7.599999999999998979e-01 7.298488886810913442e-04 5.748891274557288433e-01
-7.599999999999998979e-01 7.788830495719912227e-04 6.250324330029011222e-01
-7.599999999999998979e-01 7.991439302190581290e-04 6.686791826200670918e-01
-7.599999999999998979e-01 8.494543896121948580e-04 7.058390998864808585e-01
-7.599999999999998979e-01 9.013005365515052185e-04 7.485579131814847909e-01
-7.599999999999998979e-01 9.546823710369898609e-04 7.954389646827662030e-01
-7.599999999999998979e-01 9.718547077712063036e-04 8.254450155429180480e-01
-7.599999999999998979e-01 1.026197341792543880e-03 8.575823128675899021e-01
-7.599999999999998979e-01 1.082018249713929785e-03 8.922449827464065120e-01
-7.599999999999998979e-01 1.139317431535363800e-03 9.286855497641892665e-01
-7.599999999999998979e-01 1.198094887256846144e-03 9.664114927248319553e-01
-7.599999999999998979e-01 1.210284624960621287e-03 9.896554492147966453e-01
-7.599999999999998979e-01 1.269660536806861044e-03 1.014155583054832999e+00
-7.599999999999998979e-01 1.330458256016414740e-03 1.039562957843336077e+00
-7.599999999999998979e-01 1.392677782589283675e-03 1.065622662205446547e+00
-7.599999999999998979e-01 1.456319116525466115e-03 1.092069629281886556e+00
-7.599999999999998979e-01 1.521382257824963578e-03 1.118712280509629453e+00
-7.599999999999998979e-01 1.587867206487774546e-03 1.145323911734015931e+00
-7.599999999999998979e-01 1.591124367148532030e-03 1.167178634830681627e+00
-7.599999999999998979e-01 1.657746000925681279e-03 1.183828458129242200e+00
-7.599999999999998979e-01 1.725733927682656082e-03 1.200581045001106517e+00
-7.599999999999998979e-01 1.795088147419456439e-03 1.217428128533528220e+00
-7.599999999999998979e-01 1.865808660136082566e-03 1.234273515824285017e+00
-7.599999999999998979e-01 1.937895465832534681e-03 1.250991872977126107e+00
-7.307692307692307265e-01 1.490182841311021660e-04 2.706206286862476773e+00
-7.307692307692307265e-01 1.872800701591128495e-04 1.414822736824452809e+00
-7.307692307692307265e-01 1.987340294780010931e-04 9.979848371812851671e-01
-7.307692307692307265e-01 2.139651314187233043e-04 6.816807427558853050e-01
-7.307692307692307265e-01 2.306056123871925696e-04 4.485022744546483531e-01
-7.307692307692307265e-01 2.502511236344946233e-04 2.819057986031557883e-01
-7.307692307692307265e-01 2.675783375697503969e-04 1.677642140086030853e-01
-7.307692307692307265e-01 2.902101489021559062e-04 9.844839255600518202e-02
-7.307692307692307265e-01 3.115094949514152635e-04 5.853577258003832967e-02
-7.307692307692307265e-01 3.312242601735011500e-04 3.835999729878731418e-02
-7.307692307692307265e-01 3.491237766986613985e-04 4.278481556133380964e-02
-7.307692307692307265e-01 3.766268854505714476e-04 5.692675253100450139e-02
-7.307692307692307265e-01 4.038837095362537077e-04 8.562875125388201558e-02
-7.307692307692307265e-01 4.307561914232762852e-04 1.214931379035542880e-01
-7.307692307692307265e-01 4.571116175076376425e-04 1.616217123964129865e-01
-7.307692307692307265e-01 4.828226705279157907e-04 2.062501871913241247e-01
-7.307692307692307265e-01 5.077674840609011772e-04 2.578618641239643350e-01
-7.307692307692307265e-01 5.504891371098838112e-04 3.058907026407817198e-01
-7.307692307692307265e-01 5.747701409706965428e-04 3.521233942842613707e-01
-7.307692307692307265e-01 6.193774690519849180e-04 4.081879491619827549e-01
-7.307692307692307265e-01 6.426380046670197637e-04 4.501412123018271316e-01
-7.307692307692307265e-01 6.889216303333223212e-04 5.026324542471561907e-01
-7.307692307692307265e-01 7.108213172139474277e-04 5.470628131432595520e-01
-7.307692307692307265e-01 7.585771299218842028e-04 5.903680875460133315e-01
-7.307692307692307265e-01 8.078854284139659180e-04 6.424121682266317190e-01
-7.307692307692307265e-01 8.278212457183329025e-04 6.786689185406085123e-01
-7.307692307692307265e-01 8.783470214042879811e-04 7.170190151918798271e-01
-7.307692307692307265e-01 9.303693751208639597e-04 7.603108974921866103e-01
-7.307692307692307265e-01 9.477039285825783867e-04 8.029465890114572124e-01
-7.307692307692307265e-01 1.000696137541112534e-03 8.321405993190771344e-01
-7.307692307692307265e-01 1.055129885004728275e-03 8.643705574096618438e-01
-7.307692307692307265e-01 1.111005170973425066e-03 8.988192634523992641e-01
-7.307692307692307265e-01 1.168321995447203559e-03 9.349285991151577990e-01
-7.307692307692307265e-01 1.180972462996130552e-03 9.696313022258576941e-01
-7.307692307692307265e-01 1.238910335963802319e-03 9.926616254361946279e-01
-7.307692307692307265e-01 1.298235581214926678e-03 1.016856387244523097e+00
-7.307692307692307265e-01 1.358948198749504498e-03 1.041928977010002200e+00
-7.307692307692307265e-01 1.421048188567534476e-03 1.067582694604245264e+00
-7.307692307692307265e-01 1.484535550669017481e-03 1.093601203449687587e+00
-7.307692307692307265e-01 1.549410285053953078e-03 1.119733275023740093e+00
-7.307692307692307265e-01 1.615672391722341918e-03 1.145872013750638185e+00
-7.307692307692307265e-01 1.618667019304584473e-03 1.167181465089853321e+00
-7.307692307692307265e-01 1.685052228311850579e-03 1.183473892264266691e+00
-7.307692307692307265e-01 1.752771521903797279e-03 1.199954211306750507e+00
-7.307692307692307265e-01 1.821824900080424572e-03 1.216515947784625462e+00
-7.307692307692307265e-01 1.892212362841733542e-03 1.233022072456540386e+00
-7.037037037037037202e-01 1.444070216962719914e-04 3.297754128060186307e+00
-7.037037037037037202e-01 1.814848245800045501e-04 1.607664821039415104e+00
-7.037037037037037202e-01 2.013495127205790463e-04 1.119820725734135269e+00
-7.037037037037037202e-01 2.177682723002132676e-04 7.784840493563572883e-01
-7.037037037037037202e-01 2.301495522317179227e-04 5.242272878394127478e-01
-7.037037037037037202e-01 2.503129210078463619e-04 3.369287108387987728e-01
-7.037037037037037202e-01 2.682812671270287099e-04 2.067332800805822268e-01
-7.037037037037037202e-01 2.837077914363085379e-04 1.239645457330686984e-01
-7.037037037037037202e-01 3.047972572342617665e-04 6.995253494209187350e-02
-7.037037037037037202e-01 3.243812737298629916e-04 4.815242276877808314e-02
-7.037037037037037202e-01 3.525803735422389858e-04 3.776810003521886144e-02
-7.037037037037037202e-01 3.807408382249598917e-04 5.547442561441490866e-02
-7.037037037037037202e-01 3.962959778608743724e-04 7.360125344048523699e-02
-7.037037037037037202e-01 4.228747601830493792e-04 1.040570352104425444e-01
-7.037037037037037202e-01 4.489763666617499179e-04 1.430634657729227821e-01
-7.037037037037037202e-01 4.744758322236575817e-04 1.898039628398255352e-01
-7.037037037037037202e-01 5.161488095885645010e-04 2.314569178902081692e-01
-7.037037037037037202e-01 5.412586074786847334e-04 2.755200932547350323e-01
-7.037037037037037202e-01 5.654373030032008862e-04 3.303577816052233884e-01
-7.037037037037037202e-01 6.093203189891487894e-04 3.731790920881260520e-01
-7.037037037037037202e-01 6.325511061775564072e-04 4.259700780202719805e-01
-7.037037037037037202e-01 6.781082602837738837e-04 4.687543314280647744e-01
-7.037037037037037202e-01 7.000572743390163707e-04 5.250527966209885822e-01
-7.037037037037037202e-01 7.470899156914145552e-04 5.610615562830871816e-01
-7.037037037037037202e-01 7.956515333704627891e-04 6.070751768835618289e-01
-7.037037037037037202e-01 8.157531910572270130e-04 6.558422880464391813e-01
-7.037037037037037202e-01 8.655423973135780488e-04 6.894888438297097633e-01
-7.037037037037037202e-01 9.168063643476448725e-04 7.288849459008300835e-01
-7.037037037037037202e-01 9.695450921594267251e-04 7.726438748084123453e-01
-7.037037037037037202e-01 9.866858802659640194e-04 8.097155015803573219e-01
-7.037037037037037202e-01 1.040357527449778732e-03 8.392890259785092955e-01
-7.037037037037037202e-01 1.095450530862986148e-03 8.715410483828891497e-01
-7.037037037037037202e-01 1.151964890505586918e-03 9.058458819362100733e-01
-7.037037037037037202e-01 1.209900606377580174e-03 9.416409914885017773e-01
-7.037037037037037202e-01 1.222296798480069276e-03 9.731388902998197032e-01
-7.037037037037037202e-01 1.280826504169450862e-03 9.959830629899341092e-01
-7.037037037037037202e-01 1.340724977760059285e-03 1.019941726648891489e+00
-7.037037037037037202e-01 1.401992219251892808e-03 1.044685506959364796e+00
-7.037037037037037202e-01 1.464628228644952517e-03 1.069972473629429821e+00
-7.037037037037037202e-01 1.528633005939237979e-03 1.095526090344816739e+00
-7.037037037037037202e-01 1.594006551134750276e-03 1.121219972966629008e+00
-7.037037037037037202e-01 1.660748864231487891e-03 1.146973997362426001e+00
-7.037037037037037202e-01 1.663474542690406574e-03 1.167442331654759080e+00
-7.037037037037037202e-01 1.730326666942980790e-03 1.183487630719655126e+00
-7.037037037037037202e-01 1.798495792358560707e-03 1.199702587956665401e+00
-7.037037037037037202e-01 1.867981918937146974e-03 1.215938083054609598e+00
-6.785714285714286031e-01 1.773622952346596096e-04 1.877622581960026515e+00
-6.785714285714286031e-01 2.011358328609030648e-04 1.253185171256016694e+00
-6.785714285714286031e-01 2.181711667746492347e-04 8.791232637468183730e-01
-6.785714285714286031e-01 2.313144927518029988e-04 6.048498423040109540e-01
-6.785714285714286031e-01 2.521043780631033494e-04 3.962661699954298511e-01
-6.785714285714286031e-01 2.708023363061057938e-04 2.504852797187655522e-01
-6.785714285714286031e-01 2.870558419645026027e-04 1.498800839981183630e-01
-6.785714285714286031e-01 3.089136709447259000e-04 8.555531293421063388e-02
-6.785714285714286031e-01 3.293442891479628123e-04 5.076210183900719403e-02
-6.785714285714286031e-01 3.481160753959740631e-04 4.371449258204370553e-02
-6.785714285714286031e-01 3.760852109609491372e-04 4.214080602928361313e-02
-6.785714285714286031e-01 4.039030099157024266e-04 6.104278350654439300e-02
-6.785714285714286031e-01 4.314339863877558723e-04 9.017850030910264103e-02
-6.785714285714286031e-01 4.585473491558668836e-04 1.244056217437012057e-01
-6.785714285714286031e-01 4.851170552920341592e-04 1.622110472279471305e-01
-6.785714285714286031e-01 5.110218659735831642e-04 2.047138830023234601e-01
-6.785714285714286031e-01 5.361454046079598993e-04 2.549238397766365183e-01
-6.785714285714286031e-01 5.794343005485157443e-04 3.004825206117084369e-01
-6.785714285714286031e-01 6.038664476896134573e-04 3.461106753801899694e-01
-6.785714285714286031e-01 6.489818205954321802e-04 3.983506533239422054e-01
-6.785714285714286031e-01 6.723821287000121419e-04 4.413199671506847777e-01
-6.785714285714286031e-01 7.191252078280372610e-04 4.897758665091216934e-01
-6.785714285714286031e-01 7.411677159998333571e-04 5.369850843017947017e-01
-6.785714285714286031e-01 7.893443845700780226e-04 5.765638599472228121e-01
-6.785714285714286031e-01 8.390379092349375002e-04 6.248858069800293791e-01
-6.785714285714286031e-01 8.591386517622865695e-04 6.658842329828772444e-01
-6.785714285714286031e-01 9.100233405520352864e-04 7.010879119844670715e-01
-6.785714285714286031e-01 9.623718790505569063e-04 7.413690448913902165e-01
-6.785714285714286031e-01 1.016184267257851971e-03 7.854862692128250501e-01
-6.785714285714286031e-01 1.033222429980443268e-03 8.169517509427900448e-01
-6.785714285714286031e-01 1.087937588336677745e-03 8.468077863003764527e-01
-6.785714285714286031e-01 1.144064354816516854e-03 8.791250543725787070e-01
-6.785714285714286031e-01 1.201602729419960162e-03 9.132871912133100345e-01
-6.785714285714286031e-01 1.260552712147008318e-03 9.487075955005911387e-01
-6.785714285714286031e-01 1.272749826936918349e-03 9.769168886490205983e-01
-6.785714285714286031e-01 1.332270590793743119e-03 9.996375808579569533e-01
-6.785714285714286031e-01 1.393151491330852330e-03 1.023357176442768468e+00
-6.785714285714286031e-01 1.455392528548246850e-03 1.047807356421473379e+00
-6.785714285714286031e-01 1.518993702445925811e-03 1.072685528207310668e+00
-6.785714285714286031e-01 1.583955013023891165e-03 1.097845064693944828e+00
-6.785714285714286031e-01 1.650276460282140960e-03 1.123187868589429650e+00
-6.785714285714286031e-01 1.717958044220675414e-03 1.148420017795693360e+00
-6.785714285714286031e-01 1.720393672760520435e-03 1.168017678481533705e+00
-6.785714285714286031e-01 1.788171471186166981e-03 1.183823746550999978e+00
-6.785714285714286031e-01 1.857258710488580164e-03 1.199731123101399843e+00
-6.551724137931035363e-01 1.743563481839815067e-04 2.218068065451457294e+00
-6.551724137931035363e-01 2.059324315920285067e-04 1.384638899303224147e+00
-6.551724137931035363e-01 2.196245722504630495e-04 9.866469014290202288e-01
-6.551724137931035363e-01 2.388247669137573284e-04 6.863315675491412637e-01
-6.551724137931035363e-01 2.550445508935593464e-04 4.596672891300905839e-01
-6.551724137931035363e-01 2.745316762914022787e-04 2.987602551391490557e-01
-6.551724137931035363e-01 2.916581816001818104e-04 1.818523831506623223e-01
-6.551724137931035363e-01 3.143614282233890751e-04 1.091106047487447467e-01
-6.551724137931035363e-01 3.357076458030657309e-04 6.388070028278938772e-02
-6.551724137931035363e-01 3.554610019583727041e-04 4.112438302560799536e-02
-6.551724137931035363e-01 3.843685330215739306e-04 4.456275753486004659e-02
-6.551724137931035363e-01 4.011903714569173079e-04 5.303056067007518026e-02
-6.551724137931035363e-01 4.287181714783553027e-04 7.425509074804105547e-02
-6.551724137931035363e-01 4.558576516628994740e-04 1.051874606841080306e-01
-6.551724137931035363e-01 4.824837096928245492e-04 1.432413988761745416e-01
-6.551724137931035363e-01 5.084758194189040268e-04 1.886722725725807626e-01
-6.551724137931035363e-01 5.512570691501414346e-04 2.306465935955022695e-01
-6.551724137931035363e-01 5.768110023889312741e-04 2.727469618271398111e-01
-6.551724137931035363e-01 6.014128517475402901e-04 3.267533499697153898e-01
-6.551724137931035363e-01 6.463449144258900199e-04 3.669085726947218240e-01
-6.551724137931035363e-01 6.699687590006289011e-04 4.201609423075538530e-01
-6.551724137931035363e-01 7.165440639924770642e-04 4.596457960423568911e-01
-6.551724137931035363e-01 7.646843536663011729e-04 5.129125845111193183e-01
-6.551724137931035363e-01 7.868931887821503830e-04 5.507692150115470753e-01
-6.551724137931035363e-01 8.364323973326152862e-04 5.934079529335931635e-01
-6.551724137931035363e-01 8.874837515986216648e-04 6.436406917418290297e-01
-6.551724137931035363e-01 9.076473309544380412e-04 6.768482251464684740e-01
-6.551724137931035363e-01 9.598591909477497720e-04 7.133878581271515529e-01
-6.551724137931035363e-01 1.013531078636923603e-03 7.543999733689411569e-01
-6.551724137931035363e-01 1.031046927540231776e-03 7.973110478849514404e-01
-6.551724137931035363e-01 1.085646880344334547e-03 8.245771692541209452e-01
-6.551724137931035363e-01 1.141655469059255730e-03 8.547285200485071899e-01
-6.551724137931035363e-01 1.199072693684994891e-03 8.870936849713019212e-01
-6.551724137931035363e-01 1.257898554221552464e-03 9.210368384821786547e-01
-6.551724137931035363e-01 1.318133050668927799e-03 9.561022504327461036e-01
-6.551724137931035363e-01 1.330153984802128018e-03 9.809935700123713076e-01
-6.551724137931035363e-01 1.390938162586560518e-03 1.003577124022611233e+00
-6.551724137931035363e-01 1.453080316173850813e-03 1.027087385760369287e+00
-6.551724137931035363e-01 1.516580445563998469e-03 1.051194991673347845e+00
-6.551724137931035363e-01 1.581438550757004570e-03 1.075732349828094847e+00
-6.551724137931035363e-01 1.647654631752867816e-03 1.100582663193402588e+00
-6.551724137931035363e-01 1.715228688551588424e-03 1.125435253610749697e+00
-6.551724137931035363e-01 1.784160721153166826e-03 1.150290987474491100e+00
-6.551724137931035363e-01 1.786276156374601472e-03 1.168869846566699566e+00
-6.551724137931035363e-01 1.855290168880787283e-03 1.184392509782310032e+00
-6.333333333333333037e-01 1.721168688441057550e-04 2.622949338015229337e+00
-6.333333333333333037e-01 2.073281717362964122e-04 1.525996102301039770e+00
-6.333333333333333037e-01 2.263539056990201959e-04 1.099881507070230802e+00
-6.333333333333333037e-01 2.417196988137991661e-04 7.720162603006139879e-01
-6.333333333333333037e-01 2.587622006192263099e-04 5.268961067575443913e-01
-6.333333333333333037e-01 2.724736768507670217e-04 3.511621572008214454e-01
-6.333333333333333037e-01 2.971099904731964525e-04 2.195505096497705200e-01
-6.333333333333333037e-01 3.125281436727334462e-04 1.342702600543022318e-01
-6.333333333333333037e-01 3.339862742840137792e-04 7.953226271892471777e-02
-6.333333333333333037e-01 3.637987695777264983e-04 5.148087868780821391e-02
-6.333333333333333037e-01 3.828212317981252765e-04 3.840188600113456086e-02
-6.333333333333333037e-01 4.116775938933354929e-04 4.660984972419469907e-02
-6.333333333333333037e-01 4.403309477945345409e-04 6.885608754835113865e-02
-6.333333333333333037e-01 4.686501605829854200e-04 9.771075777334319035e-02
-6.333333333333333037e-01 4.965083859079503408e-04 1.298604055273863689e-01
-6.333333333333333037e-01 5.237831200848440828e-04 1.650050418796256690e-01
-6.333333333333333037e-01 5.503562605459741191e-04 2.050496274812620978e-01
-6.333333333333333037e-01 5.761141668017431740e-04 2.534850596178057636e-01
-6.333333333333333037e-01 6.208258033655388941e-04 2.979307100926583129e-01
-6.333333333333333037e-01 6.458450366819624066e-04 3.423895805953901528e-01
-6.333333333333333037e-01 6.923596369688156133e-04 3.919649322463986674e-01
-6.333333333333333037e-01 7.163078423117834846e-04 4.351654574242429518e-01
-6.333333333333333037e-01 7.644322616704278409e-04 4.805699703685093471e-01
-6.333333333333333037e-01 7.869903439361448623e-04 5.295849953216471562e-01
-6.333333333333333037e-01 8.365356689322776384e-04 5.661954686781728308e-01
-6.333333333333333037e-01 8.875933263436867719e-04 6.114047446538198871e-01
-6.333333333333333037e-01 9.081795899925853384e-04 6.560958994362373620e-01
-6.333333333333333037e-01 9.604220678629428595e-04 6.886384905587616956e-01
-6.333333333333333037e-01 1.014125429612957891e-03 7.263104706573757507e-01
-6.333333333333333037e-01 1.069289675242630216e-03 7.679261055526807045e-01
-6.333333333333333037e-01 1.086797242421328044e-03 8.048076815965166109e-01
-6.333333333333333037e-01 1.142865178385903124e-03 8.326193582965771833e-01
-6.333333333333333037e-01 1.200343242865715802e-03 8.630275866120531436e-01
-6.333333333333333037e-01 1.259231435860766945e-03 8.953463056418844435e-01
-6.333333333333333037e-01 1.319529757371055902e-03 9.290723796209120477e-01
-6.333333333333333037e-01 1.381238207396583541e-03 9.638231489008484143e-01
-6.333333333333333037e-01 1.393085084335735947e-03 9.853250760575794631e-01
-6.333333333333333037e-01 1.455323154725559742e-03 1.007794359577810717e+00
-6.333333333333333037e-01 1.518921296962381668e-03 1.031038112544760299e+00
-6.333333333333333037e-01 1.583879511046203028e-03 1.054867087854041596e+00
-6.333333333333333037e-01 1.650197796977022520e-03 1.079145090280736907e+00
-6.333333333333333037e-01 1.717876154754840144e-03 1.103544435483546859e+00
-6.333333333333333037e-01 1.786914584379656334e-03 1.128049293397225039e+00
-6.333333333333333037e-01 1.857313085851471091e-03 1.152517829051767917e+00
-6.333333333333333037e-01 1.859072354739645019e-03 1.169913657816730623e+00
-6.129032258064516236e-01 1.704138751897490511e-04 3.086734500116370405e+00
-6.129032258064516236e-01 2.092038879536304739e-04 1.676964682029248976e+00
-6.129032258064516236e-01 2.289461471218569603e-04 1.211482526805042870e+00
-6.129032258064516236e-01 2.451269869914837925e-04 8.619036659357945940e-01
-6.129032258064516236e-01 2.630092707998436786e-04 5.977305803507384496e-01
-6.129032258064516236e-01 2.776344414234908778e-04 4.024392112171988334e-01
-6.129032258064516236e-01 3.031394994143948884e-04 2.626629376194776211e-01
-6.129032258064516236e-01 3.195446597431510628e-04 1.583364327295922469e-01
-6.129032258064516236e-01 3.419960080754103049e-04 9.356748121848554312e-02
-6.129032258064516236e-01 3.629557571642259405e-04 5.700371866412214106e-02
-6.129032258064516236e-01 3.929419486653051700e-04 4.448159438090441842e-02
-6.129032258064516236e-01 4.111565476969562339e-04 4.224537888942674069e-02
-6.129032258064516236e-01 4.399335599386525100e-04 5.427561952319503308e-02
-6.129032258064516236e-01 4.684005721881309161e-04 7.781437947933353416e-02
-6.129032258064516236e-01 4.964310820535566349e-04 1.084626250142087106e-01
-6.129032258064516236e-01 5.239027576088662935e-04 1.450387134082684326e-01
-6.129032258064516236e-01 5.506974965667313674e-04 1.887249802663622245e-01
-6.129032258064516236e-01 5.951613424165965718e-04 2.322381078508444219e-01
-6.129032258064516236e-01 6.214587059983143601e-04 2.719290870332056187e-01
-6.129032258064516236e-01 6.467666580957036988e-04 3.246058495314367298e-01
-6.129032258064516236e-01 6.933476347565183714e-04 3.631647591455993695e-01
-6.129032258064516236e-01 7.176280014057219957e-04 4.161957204561214096e-01
-6.129032258064516236e-01 7.658411143205499493e-04 4.533278596531816196e-01
-6.129032258064516236e-01 8.156215793160009756e-04 5.036856655406058980e-01
-6.129032258064516236e-01 8.384327817674646320e-04 5.431572058190504704e-01
-6.129032258064516236e-01 8.896062287869050365e-04 5.830361732188498181e-01
-6.129032258064516236e-01 9.422954379202505212e-04 6.304337425635977432e-01
-6.129032258064516236e-01 9.630169596123884903e-04 6.670604229777790106e-01
-6.129032258064516236e-01 1.016865418413986878e-03 7.011641611215428949e-01
-6.129032258064516236e-01 1.072178708146912006e-03 7.397935640112083266e-01
-6.129032258064516236e-01 1.128956828811163984e-03 7.818314181877661362e-01
-6.129032258064516236e-01 1.146459967683032292e-03 8.127613097933598096e-01
-6.129032258064516236e-01 1.204118824731311788e-03 8.410565757587717961e-01
-6.129032258064516236e-01 1.263192245739176191e-03 8.716071389715178697e-01
-6.129032258064516236e-01 1.323680230706624850e-03 9.038612848069655925e-01
-6.129032258064516236e-01 1.385582779633658633e-03 9.374003652835323219e-01
-6.129032258064516236e-01 1.398098842089376707e-03 9.685810589277630278e-01
-6.129032258064516236e-01 1.460560909284203557e-03 9.899103353285714224e-01
-6.129032258064516236e-01 1.524387943268085696e-03 1.012198747623792139e+00
-6.129032258064516236e-01 1.589579944041024425e-03 1.035234733713296995e+00
-6.129032258064516236e-01 1.656136911603017792e-03 1.058862029019157269e+00
-6.129032258064516236e-01 1.724058845954067097e-03 1.082735706318309843e+00
-6.129032258064516236e-01 1.793345747094171692e-03 1.106822465335781214e+00
-6.129032258064516236e-01 1.863997615023332008e-03 1.130968693734415664e+00
-6.129032258064516236e-01 1.936014449741548698e-03 1.155003087303682952e+00
-5.937500000000000000e-01 2.075801597563946786e-04 1.884282295311025202e+00
-5.937500000000000000e-01 2.318808388381309645e-04 1.328934444961265005e+00
-5.937500000000000000e-01 2.488820073025008010e-04 9.557085930564430676e-01
-5.937500000000000000e-01 2.676141380695267347e-04 6.719616568490552888e-01
-5.937500000000000000e-01 2.831580071882785522e-04 4.577845953688509661e-01
-5.937500000000000000e-01 3.023014736370881455e-04 3.014953543817912585e-01
-5.937500000000000000e-01 3.269602203721861029e-04 1.897616543883212381e-01
-5.937500000000000000e-01 3.504261822137280831e-04 1.172876532571047320e-01
-5.937500000000000000e-01 3.724544344641466070e-04 6.924670164311508280e-02
-5.937500000000000000e-01 3.928158738864169779e-04 4.486366693165815683e-02
-5.937500000000000000e-01 4.229205775581620723e-04 4.164407809299789515e-02
-5.937500000000000000e-01 4.402345798695084353e-04 5.385436025891727346e-02
-5.937500000000000000e-01 4.688837619603530111e-04 7.060241086069990457e-02
-5.937500000000000000e-01 4.971188583767429010e-04 9.839615462598570728e-02
-5.937500000000000000e-01 5.248175396136966217e-04 1.351707736058517517e-01
-5.937500000000000000e-01 5.689737204350504450e-04 1.699560281716138710e-01
-5.937500000000000000e-01 5.964193854240155621e-04 2.071239011376868056e-01
-5.937500000000000000e-01 6.230053926740276686e-04 2.533233346116126605e-01
-5.937500000000000000e-01 6.695506523425558262e-04 2.976949224470889499e-01
-5.937500000000000000e-01 6.953385357663716864e-04 3.404381495469546715e-01
-5.937500000000000000e-01 7.436775126825677200e-04 3.882681184011586573e-01
-5.937500000000000000e-01 7.683392835756393605e-04 4.310673763926808899e-01
-5.937500000000000000e-01 8.182821321580123269e-04 4.741592876693936365e-01
-5.937500000000000000e-01 8.415021310976082951e-04 5.242041965358406053e-01
-5.937500000000000000e-01 8.928629147631649736e-04 5.584564728087348939e-01
-5.937500000000000000e-01 9.457450094709728399e-04 6.011324279169125706e-01
-5.937500000000000000e-01 9.669347590625412521e-04 6.485944084265820031e-01
-5.937500000000000000e-01 1.021002287175618375e-03 6.789085242240927576e-01
-5.937500000000000000e-01 1.076540605527135123e-03 7.143474393210093032e-01
-5.937500000000000000e-01 1.133549714117091387e-03 7.537167259045518541e-01
-5.937500000000000000e-01 1.151601481116211034e-03 7.951187625517027735e-01
-5.937500000000000000e-01 1.209518920056935291e-03 8.211488862895733876e-01
-5.937500000000000000e-01 1.268857266833005532e-03 8.497909561770589093e-01
-5.937500000000000000e-01 1.329616521444421324e-03 8.804435696250436649e-01
-5.937500000000000000e-01 1.391796683891183533e-03 9.126513064975376732e-01
-5.937500000000000000e-01 1.455397754173290859e-03 9.459800850812685180e-01
-5.937500000000000000e-01 1.467733009336231369e-03 9.734176256051847442e-01
-5.937500000000000000e-01 1.531873466656891950e-03 9.946609750454116217e-01
-5.937500000000000000e-01 1.597385593450705889e-03 1.016820934728847714e+00
-5.937500000000000000e-01 1.664269389717671667e-03 1.039720526054700223e+00
-5.937500000000000000e-01 1.732524855457789502e-03 1.062997355199665872e+00
-5.937500000000000000e-01 1.802151990671059609e-03 1.086599903905909326e+00
-5.937500000000000000e-01 1.873150795357481774e-03 1.110362506221737267e+00
-5.937500000000000000e-01 1.945521269517057079e-03 1.134100486945936570e+00
-5.757575757575756903e-01 2.062897484483642554e-04 2.144627845937536303e+00
-5.757575757575756903e-01 2.350454907201376172e-04 1.451779171247277844e+00
-5.757575757575756903e-01 2.528680488653977363e-04 1.053164931844642549e+00
-5.757575757575756903e-01 2.724547724790906127e-04 7.493924135640845918e-01
-5.757575757575756903e-01 2.889189067475548493e-04 5.169793737239590792e-01
-5.757575757575756903e-01 3.090057203826782604e-04 3.453635512643435934e-01
-5.757575757575756903e-01 3.266435307589402666e-04 2.265547403608277055e-01
-5.757575757575756903e-01 3.502846277560445979e-04 1.378112097740474828e-01
-5.757575757575756903e-01 3.725212273431270237e-04 8.430730957765072975e-02
-5.757575757575756903e-01 4.037293863005568333e-04 5.439965184438085022e-02
-5.757575757575756903e-01 4.233824082759568043e-04 4.059306210485597727e-02
-5.757575757575756903e-01 4.535370224090106870e-04 4.351860754636815293e-02
-5.757575757575756903e-01 4.834549834767906977e-04 6.032888523669795167e-02
-5.757575757575756903e-01 5.130079572139017866e-04 8.478176285541999535e-02
-5.757575757575756903e-01 5.420714488926334403e-04 1.142215124281348304e-01
-5.757575757575756903e-01 5.705248616215079617e-04 1.486659544872144523e-01
-5.757575757575756903e-01 5.982515571960741671e-04 1.900990665034221760e-01
-5.757575757575756903e-01 6.446812541909767826e-04 2.359548916161569032e-01
-5.757575757575756903e-01 6.718435769525986367e-04 2.727947353624061710e-01
-5.757575757575756903e-01 6.979699373942175851e-04 3.236300342714473199e-01
-5.757575757575756903e-01 7.464918457258361024e-04 3.614228653014063819e-01
-5.757575757575756903e-01 7.715290954712190029e-04 4.136727378467017768e-01
-5.757575757575756903e-01 8.216792851279228638e-04 4.491476027415568506e-01
-5.757575757575756903e-01 8.734084677512309741e-04 4.972823053781128544e-01
-5.757575757575756903e-01 8.969045004077870562e-04 5.375889264294564374e-01
-5.757575757575756903e-01 9.500259683847662139e-04 5.752783616975345460e-01
-5.757575757575756903e-01 1.004675633689412805e-03 6.203177657574657777e-01
-5.757575757575756903e-01 1.026015017726483172e-03 6.594920931732568548e-01
-5.757575757575756903e-01 1.081826007969768650e-03 6.915420007363859423e-01
-5.757575757575756903e-01 1.139115009468777114e-03 7.280595453776540493e-01
-5.757575757575756903e-01 1.197882022223508997e-03 7.681043159018178246e-01
-5.757575757575756903e-01 1.215930740125961435e-03 8.032732950927141680e-01
-5.757575757575756903e-01 1.275583647341238178e-03 8.298698413937775076e-01
-5.757575757575756903e-01 1.336664994812580614e-03 8.587942392093712574e-01
-5.757575757575756903e-01 1.399174782539989829e-03 8.895535603200003250e-01
-5.757575757575756903e-01 1.463113010523463871e-03 9.216767606583624595e-01
-5.757575757575756903e-01 1.528479678763004692e-03 9.547971423577044092e-01
-5.757575757575756903e-01 1.540607396218852043e-03 9.784090906795579468e-01
-5.757575757575756903e-01 1.606493038393228337e-03 9.996115275867453187e-01
-5.757575757575756903e-01 1.673758170572165350e-03 1.021707792974628326e+00
-5.757575757575756903e-01 1.742402792755663515e-03 1.044317815252702175e+00
-5.757575757575756903e-01 1.812426904943722833e-03 1.067371135695598605e+00
-5.757575757575756903e-01 1.883830507136343953e-03 1.090689770487742072e+00
-5.757575757575756903e-01 1.956613599333526660e-03 1.114075333692363223e+00
-5.588235294117647189e-01 2.052376341107456695e-04 2.454017789263041038e+00
-5.588235294117647189e-01 2.427605084709924565e-04 1.575832399545171958e+00
-5.588235294117647189e-01 2.570005995109686048e-04 1.154024212901359814e+00
-5.588235294117647189e-01 2.774425356238592079e-04 8.298372635015545118e-01
-5.588235294117647189e-01 2.948256492672057241e-04 5.798167430706417935e-01
-5.588235294117647189e-01 3.158588881280014501e-04 3.942377495583189728e-01
-5.588235294117647189e-01 3.344959718131147643e-04 2.580578745070168933e-01
-5.588235294117647189e-01 3.591679248347047211e-04 1.620542519198642506e-01
-5.588235294117647189e-01 3.824864927975653111e-04 9.829251942521545493e-02
-5.588235294117647189e-01 4.042165431707243754e-04 6.075284901791828951e-02
-5.588235294117647189e-01 4.356533828283462107e-04 4.551182311889864773e-02
-5.588235294117647189e-01 4.544809578272762597e-04 4.376940094043650642e-02
-5.588235294117647189e-01 4.846072089060036786e-04 5.201987346711549332e-02
-5.588235294117647189e-01 5.143884209101167197e-04 7.206685568717868806e-02
-5.588235294117647189e-01 5.436999941317148012e-04 1.003626878080632889e-01
-5.588235294117647189e-01 5.724210990274058910e-04 1.361848341836113530e-01
-5.588235294117647189e-01 6.186389294461806321e-04 1.770824466315513157e-01
-5.588235294117647189e-01 6.470338687407046823e-04 2.108813564693300391e-01
-5.588235294117647189e-01 6.745184101130513024e-04 2.543892903468756295e-01
-5.588235294117647189e-01 7.230981040806965703e-04 2.994147170584262607e-01
-5.588235294117647189e-01 7.497167861422626050e-04 3.399359128185256429e-01
-5.588235294117647189e-01 8.000857516698255253e-04 3.867814803736172591e-01
-5.588235294117647189e-01 8.255131818989144919e-04 4.285511538586013747e-01
-5.588235294117647189e-01 8.774837291882367843e-04 4.699806818293454924e-01
-5.588235294117647189e-01 9.014060888064601195e-04 5.203585567338711027e-01
-5.588235294117647189e-01 9.547941748947953895e-04 5.528051546844161557e-01
-5.588235294117647189e-01 1.009718128375289943e-03 5.934194451139387372e-01
-5.588235294117647189e-01 1.066177949247944755e-03 6.404300180775609475e-01
-5.588235294117647189e-01 1.087645947795082366e-03 6.713323940399600342e-01
-5.588235294117647189e-01 1.145243149077531351e-03 7.048199237898050695e-01
-5.588235294117647189e-01 1.204326312928119969e-03 7.423094886615337895e-01
-5.588235294117647189e-01 1.264895439346847570e-03 7.829067021591440412e-01
-5.588235294117647189e-01 1.282916200137437270e-03 8.118163361130801281e-01
-5.588235294117647189e-01 1.344348667040367153e-03 8.388886926751375483e-01
-5.588235294117647189e-01 1.407217785431622405e-03 8.680850546034066806e-01
-5.588235294117647189e-01 1.471523555311201725e-03 8.988966338408361789e-01
-5.588235294117647189e-01 1.537265976679105979e-03 9.309267045434876930e-01
-5.588235294117647189e-01 1.550044142175911657e-03 9.634276046017702377e-01
-5.588235294117647189e-01 1.616333356388786066e-03 9.835925353730474718e-01
-5.588235294117647189e-01 1.684010510453180917e-03 1.004811203815289877e+00
-5.588235294117647189e-01 1.753075604369097075e-03 1.026685661539623595e+00
-5.588235294117647189e-01 1.823528638136534324e-03 1.049125811486708804e+00
-5.588235294117647189e-01 1.895369611755492881e-03 1.071941099373107331e+00
-5.588235294117647189e-01 1.968598525225973613e-03 1.094919100946338375e+00
-5.428571428571428159e-01 2.043551385985071600e-04 2.808771496822435765e+00
-5.428571428571428159e-01 2.461280352687169009e-04 1.701179364542795058e+00
-5.428571428571428159e-01 2.612174580842054452e-04 1.258054289643551149e+00
-5.428571428571428159e-01 2.825119783474159857e-04 9.131212196815261528e-01
-5.428571428571428159e-01 3.008104017626575272e-04 6.461012633599449995e-01
-5.428571428571428159e-01 3.227896035793108016e-04 4.478494871129917176e-01
-5.428571428571428159e-01 3.424253420346665827e-04 2.963870156459345595e-01
-5.428571428571428159e-01 3.593882757861770259e-04 1.951754395487178551e-01
-5.428571428571428159e-01 3.829161577247875673e-04 1.220425141045467649e-01
-5.428571428571428159e-01 4.153960319996619858e-04 7.355731573031931703e-02
-5.428571428571428159e-01 4.364900514679561890e-04 4.746985712208571379e-02
-5.428571428571428159e-01 4.680642461063341201e-04 4.142481398054941033e-02
-5.428571428571428159e-01 4.994724760183430609e-04 5.215563001360805362e-02
-5.428571428571428159e-01 5.159574544859680048e-04 6.999759124198472182e-02
-5.428571428571428159e-01 5.612737421908251196e-04 9.547276618406422277e-02
-5.428571428571428159e-01 5.914170766817512326e-04 1.227233743758243678e-01
-5.428571428571428159e-01 6.208951591324215384e-04 1.543230203384465538e-01
-5.428571428571428159e-01 6.495923526669385639e-04 1.929086688868058841e-01
-5.428571428571428159e-01 6.981239465971258084e-04 2.416484020700392921e-01
-5.428571428571428159e-01 7.261838207680838516e-04 2.751703817604074231e-01
-5.428571428571428159e-01 7.531556460448093730e-04 3.236782868303057503e-01
-5.428571428571428159e-01 8.037556479038073919e-04 3.613788927047900112e-01
-5.428571428571428159e-01 8.295689300972424254e-04 4.122729319915117152e-01
-5.428571428571428159e-01 8.817948088072573689e-04 4.466945186575966287e-01
-5.428571428571428159e-01 9.356148417446512799e-04 4.931304921458765644e-01
-5.428571428571428159e-01 9.598030278720547743e-04 5.336478523930952012e-01
-5.428571428571428159e-01 1.015015112569881122e-03 5.696069182495797634e-01
-5.428571428571428159e-01 1.071771121824607485e-03 6.126888729359584174e-01
-5.428571428571428159e-01 1.093721727346886686e-03 6.536746216931694775e-01
-5.428571428571428159e-01 1.151640676619573086e-03 6.839586407023758863e-01
-5.428571428571428159e-01 1.211053889305912894e-03 7.187322904712123428e-01
-5.428571428571428159e-01 1.271961365405905675e-03 7.570405536836666283e-01
-5.428571428571428159e-01 1.290528805347445187e-03 7.956034303156152010e-01
-5.428571428571428159e-01 1.352325801997180830e-03 8.207027157640196524e-01
-5.428571428571428159e-01 1.415567974979345910e-03 8.482240511602152644e-01
-5.428571428571428159e-01 1.480255324293939124e-03 8.776201631041145035e-01
-5.428571428571428159e-01 1.546387849940961991e-03 9.084637123556829064e-01
-5.428571428571428159e-01 1.613965551920412992e-03 9.403085695789215048e-01
-5.428571428571428159e-01 1.626498963972379877e-03 9.687501646650844567e-01
-5.428571428571428159e-01 1.694601760054167830e-03 9.890182926141135589e-01
-5.428571428571428159e-01 1.764101225159478859e-03 1.010089608992423393e+00
-5.428571428571428159e-01 1.834997359288312964e-03 1.031853704506113134e+00
-5.428571428571428159e-01 1.907290162440670143e-03 1.054107213102374097e+00
-5.428571428571428159e-01 1.980979634616551049e-03 1.076623356481306359e+00
-5.277777777777777901e-01 2.035920090627371855e-04 3.205485384983417507e+00
-5.277777777777777901e-01 2.452089119494662065e-04 1.848588489352268383e+00
-5.277777777777777901e-01 2.654722861436108628e-04 1.365038132354762901e+00
-5.277777777777777901e-01 2.876141804429326780e-04 9.990792135442387867e-01
-5.277777777777777901e-01 3.068222450083174513e-04 7.156481443031157408e-01
-5.277777777777777901e-01 3.226444233556194645e-04 5.006945813340287765e-01
-5.277777777777777901e-01 3.503753799049020169e-04 3.411727600091725154e-01
-5.277777777777777901e-01 3.683787111986582766e-04 2.198027201637988426e-01
-5.277777777777777901e-01 3.929847220252125984e-04 1.376402862948904182e-01
-5.277777777777777901e-01 4.160758433788687123e-04 8.536175278301544322e-02
-5.277777777777777901e-01 4.488627187757685184e-04 5.762697302604793265e-02
-5.277777777777777901e-01 4.691887712403852435e-04 4.223670884872959830e-02
-5.277777777777777901e-01 5.008044879072240472e-04 4.275782030236724429e-02
-5.277777777777777901e-01 5.321422963998915980e-04 5.629358385811763371e-02
-5.277777777777777901e-01 5.630754371749189992e-04 7.779034090864313244e-02
-5.277777777777777901e-01 5.934806537024608312e-04 1.053209098608164224e-01
-5.277777777777777901e-01 6.232382518469202970e-04 1.392954631873845606e-01
-5.277777777777777901e-01 6.522321619395707879e-04 1.818406833947671941e-01
-5.277777777777777901e-01 7.009609782526055868e-04 2.163384612002149932e-01
-5.277777777777777901e-01 7.293496966639205752e-04 2.566610805904874226e-01
-5.277777777777777901e-01 7.800530826225516570e-04 3.028574311447838063e-01
-5.277777777777777901e-01 8.075022774044500863e-04 3.407277867286758188e-01
-5.277777777777777901e-01 8.599907611152554946e-04 3.871104843680016616e-01
-5.277777777777777901e-01 8.861768258927151323e-04 4.273400751836922140e-01
-5.277777777777777901e-01 9.402643136864043344e-04 4.675968066947234769e-01
-5.277777777777777901e-01 9.648745739935531054e-04 5.177428985050439580e-01
-5.277777777777777901e-01 1.020378396293656047e-03 5.488237275856790998e-01
-5.277777777777777901e-01 1.077434301162637307e-03 5.877700927760618477e-01
-5.277777777777777901e-01 1.136042288600496884e-03 6.329306581463758352e-01
-5.277777777777777901e-01 1.158095883546363504e-03 6.654371921827173519e-01
-5.277777777777777901e-01 1.217842120751428617e-03 6.973383278860068035e-01
-5.277777777777777901e-01 1.279090997055144481e-03 7.332125050620266205e-01
-5.277777777777777901e-01 1.341842512457512180e-03 7.721184497951760761e-01
-5.277777777777777901e-01 1.360349922266237402e-03 8.042124736501217175e-01
-5.277777777777777901e-01 1.423967347130261109e-03 8.299491397759970468e-01
-5.277777777777777901e-01 1.489038523382135411e-03 8.578280909585180858e-01
-5.277777777777777901e-01 1.555563451021861826e-03 8.873908210390617501e-01
-5.277777777777777901e-01 1.623542130049438837e-03 9.181609656990229462e-01
-5.277777777777777901e-01 1.692974560464868610e-03 9.498534853233076003e-01
-5.277777777777777901e-01 1.705225711555690121e-03 9.743167510047152646e-01
-5.277777777777777901e-01 1.775160889029573719e-03 9.945185103807943072e-01
-5.277777777777777901e-01 1.846501491651469061e-03 1.015544708705602428e+00
-5.277777777777777901e-01 1.919247519421375930e-03 1.037178937824797753e+00
-5.277777777777777901e-01 1.993398972339294976e-03 1.059179761199492642e+00
-5.135135135135135975e-01 2.443888645527144722e-04 2.037444415145619914e+00
-5.135135135135135975e-01 2.746824305365579534e-04 1.474710777637704195e+00
-5.135135135135135975e-01 2.927122652312246637e-04 1.087555462982205512e+00
-5.135135135135135975e-01 3.128226250099215111e-04 7.882825834458603298e-01
-5.135135135135135975e-01 3.295991632837371984e-04 5.543739523695855320e-01
-5.135135135135135975e-01 3.504380986303448392e-04 3.810849487734985774e-01
-5.135135135135135975e-01 3.773426641962997598e-04 2.531788984057213310e-01
-5.135135135135135975e-01 4.030238288895731562e-04 1.644875824332563685e-01
-5.135135135135135975e-01 4.272365513207618303e-04 1.012593902064793799e-01
-5.135135135135135975e-01 4.497491974051412173e-04 6.231658749049734380e-02
-5.135135135135135975e-01 4.827378543709324641e-04 4.747253133057613428e-02
-5.135135135135135975e-01 5.021627693316163240e-04 4.483760352915427266e-02
-5.135135135135135975e-01 5.337210422099142966e-04 5.139458435489708404e-02
-5.135135135135135975e-01 5.648919341443139680e-04 6.944001941769809005e-02
-5.135135135135135975e-01 5.955519811718439039e-04 9.629887283401628029e-02
-5.135135135135135975e-01 6.255811781706373687e-04 1.317768433630988612e-01
-5.135135135135135975e-01 6.741318993493828488e-04 1.621440552871892260e-01
-5.135135135135135975e-01 7.037884123821530613e-04 1.972964617093100892e-01
-5.135135135135135975e-01 7.324957222951819979e-04 2.437437056843980987e-01
-5.135135135135135975e-01 7.834178156208651284e-04 2.789593781157604369e-01
-5.135135135135135975e-01 8.112159277289568123e-04 3.247201640852693805e-01
-5.135135135135135975e-01 8.639458025540906446e-04 3.627688796419801243e-01
-5.135135135135135975e-01 8.905104875895205815e-04 4.118355633607628796e-01
-5.135135135135135975e-01 9.448624788855349401e-04 4.456504709530825226e-01
-5.135135135135135975e-01 1.000824381063466356e-03 4.908602539638100559e-01
-5.135135135135135975e-01 1.025671893417588309e-03 5.310145751160870731e-01
-5.135135135135135975e-01 1.083023791684141002e-03 5.656244469652147444e-01
-5.135135135135135975e-01 1.141935824380179961e-03 6.071054146633846349e-01
-5.135135135135135975e-01 1.164455754828658566e-03 6.492177753331385137e-01
-5.135135135135135975e-01 1.224530098180739946e-03 6.780938089647849942e-01
-5.135135135135135975e-01 1.286115332617673856e-03 7.113923104726587177e-01
-5.135135135135135975e-01 1.349211458139460730e-03 7.481165680665237128e-01
-5.135135135135135975e-01 1.413818474746100133e-03 7.875080888544677693e-01
-5.135135135135135975e-01 1.432229518588345367e-03 8.132392323481580920e-01
-5.135135135135135975e-01 1.497678252103913817e-03 8.395014390556980732e-01
-5.135135135135135975e-01 1.564589171992341503e-03 8.676909282073070884e-01
-5.135135135135135975e-01 1.632962278253627343e-03 8.973005830852914810e-01
-5.135135135135135975e-01 1.702797570887772853e-03 9.280200531928033403e-01
-5.135135135135135975e-01 1.774095049894776517e-03 9.596206778829425854e-01
-5.135135135135135975e-01 1.786024428063907226e-03 9.799613543146462602e-01
-5.135135135135135975e-01 1.857801617265703682e-03 1.000188837070183911e+00
-5.135135135135135975e-01 1.930992832464623575e-03 1.021147204178456391e+00
-5.135135135135135975e-01 2.005598073660666905e-03 1.042580067909787189e+00
-5.000000000000000000e-01 2.436346929661745739e-04 2.265003545400432916e+00
-5.000000000000000000e-01 2.788899880386094712e-04 1.584074928499339618e+00
-5.000000000000000000e-01 2.977782959923122108e-04 1.178402885947226419e+00
-5.000000000000000000e-01 3.124857812687080807e-04 8.607526402634676499e-01
-5.000000000000000000e-01 3.365052389659508865e-04 6.124535049833002009e-01
-5.000000000000000000e-01 3.583225344925570956e-04 4.254822060748730261e-01
-5.000000000000000000e-01 3.775909251658504727e-04 2.892689395290312104e-01
-5.000000000000000000e-01 4.034575199076965621e-04 1.864044389245619049e-01
-5.000000000000000000e-01 4.278807352901646413e-04 1.180417835478922706e-01
-5.000000000000000000e-01 4.619990332356384635e-04 7.744674898711376154e-02
-5.000000000000000000e-01 4.837915222999953713e-04 4.874512450300871880e-02
-5.000000000000000000e-01 5.168750222734297102e-04 4.227916711970149816e-02
-5.000000000000000000e-01 5.497465649731950090e-04 5.047123623785045032e-02
-5.000000000000000000e-01 5.822774558149839243e-04 6.674568758851873174e-02
-5.000000000000000000e-01 6.143422648237503118e-04 8.794961726265984603e-02
-5.000000000000000000e-01 6.458188839104008622e-04 1.134861988022181217e-01
-5.000000000000000000e-01 6.765885867395707689e-04 1.446983133930567766e-01
-5.000000000000000000e-01 7.065360913689382530e-04 1.843596011540882262e-01
-5.000000000000000000e-01 7.574217404204542075e-04 2.234972690522087357e-01
-5.000000000000000000e-01 7.866840223507823087e-04 2.601510750512063819e-01
-5.000000000000000000e-01 8.395365943290123215e-04 3.079102934621400500e-01
-5.000000000000000000e-01 8.677813578084976522e-04 3.426603843825030138e-01
-5.000000000000000000e-01 9.224129167970992332e-04 3.890187514226719490e-01
-5.000000000000000000e-01 9.493180283656147550e-04 4.272205562121640376e-01
-5.000000000000000000e-01 1.005543821881942079e-03 4.667355355840510089e-01
-5.000000000000000000e-01 1.063387117900927575e-03 5.161249940578911399e-01
-5.000000000000000000e-01 1.088436022653723433e-03 5.462036706813713227e-01
-5.000000000000000000e-01 1.147642458418547196e-03 5.838236140447981004e-01
-5.000000000000000000e-01 1.208416825124753380e-03 6.273788473933856746e-01
-5.000000000000000000e-01 1.231001943372673612e-03 6.609655308285196096e-01
-5.000000000000000000e-01 1.292912666014410950e-03 6.915502309099273992e-01
-5.000000000000000000e-01 1.356342265051625794e-03 7.259646200568958818e-01
-5.000000000000000000e-01 1.421290740484317710e-03 7.633960627440630198e-01
-5.000000000000000000e-01 1.440220379616563313e-03 7.980735571469929068e-01
-5.000000000000000000e-01 1.506034272296363470e-03 8.226215033935984078e-01
-5.000000000000000000e-01 1.573318509348806604e-03 8.493471698268422188e-01
-5.000000000000000000e-01 1.642073090773891629e-03 8.777121958848992378e-01
-5.000000000000000000e-01 1.712298016571620063e-03 9.073804150352063891e-01
-5.000000000000000000e-01 1.783993286741990389e-03 9.380997988606478710e-01
-5.000000000000000000e-01 1.796526365959526684e-03 9.664072632804248109e-01
-5.000000000000000000e-01 1.868725609625682517e-03 9.857762199540334169e-01
-5.000000000000000000e-01 1.942347193852285219e-03 1.006003045877079671e+00
-5.000000000000000000e-01 2.017391118639335224e-03 1.026816120124407483e+00
