-1.000000000000000000e+03 0.000000000000000000e+00 2.171912415050417167e+01
-1.000000000000000000e+03 0.000000000000000000e+00 1.996635390225555540e+01
-1.000000000000000000e+03 0.000000000000000000e+00 1.850096931895899033e+01
-1.000000000000000000e+03 0.000000000000000000e+00 1.681614673692797624e+01
-1.000000000000000000e+03 0.000000000000000000e+00 1.523686005118637610e+01
-1.000000000000000000e+03 0.000000000000000000e+00 1.391074544381124056e+01
-1.000000000000000000e+03 0.000000000000000000e+00 1.280032077460568374e+01
-1.000000000000000000e+03 0.000000000000000000e+00 1.192253444305715071e+01
-1.000000000000000000e+03 0.000000000000000000e+00 1.125796339068954310e+01
-1.000000000000000000e+03 0.000000000000000000e+00 1.077298130457202241e+01
-1.000000000000000000e+03 0.000000000000000000e+00 1.048371874224671529e+01
-1.000000000000000000e+03 0.000000000000000000e+00 1.015405032515614181e+01
-1.000000000000000000e+03 0.000000000000000000e+00 9.559498187974462269e+00
-1.000000000000000000e+03 0.000000000000000000e+00 9.131506566704064909e+00
-1.000000000000000000e+03 0.000000000000000000e+00 8.861517091469417906e+00
-1.000000000000000000e+03 0.000000000000000000e+00 8.740994086251831163e+00
-1.000000000000000000e+03 0.000000000000000000e+00 8.761440759810785295e+00
-1.000000000000000000e+03 0.000000000000000000e+00 8.914549942134565086e+00
-1.000000000000000000e+03 0.000000000000000000e+00 9.189699456855880300e+00
-1.000000000000000000e+03 0.000000000000000000e+00 9.578027288305806408e+00
-1.000000000000000000e+03 0.000000000000000000e+00 1.007669902844654253e+01
-1.000000000000000000e+03 0.000000000000000000e+00 1.067952361463464328e+01
-1.000000000000000000e+03 0.000000000000000000e+00 1.076638538198904094e+01
-1.000000000000000000e+03 0.000000000000000000e+00 1.080018059456324409e+01
-1.000000000000000000e+03 0.000000000000000000e+00 1.098327064764902694e+01
-1.000000000000000000e+03 0.000000000000000000e+00 1.123498329586728950e+01
-1.000000000000000000e+03 0.000000000000000000e+00 1.159293580110635524e+01
-1.000000000000000000e+03 0.000000000000000000e+00 1.205971484556797435e+01
-1.000000000000000000e+03 0.000000000000000000e+00 1.257202390935657732e+01
-1.000000000000000000e+03 0.000000000000000000e+00 1.322872425418225539e+01
-1.000000000000000000e+03 0.000000000000000000e+00 1.345757996673667556e+01
-1.000000000000000000e+03 0.000000000000000000e+00 1.371121086941481693e+01
-1.000000000000000000e+03 0.000000000000000000e+00 1.400508471236020824e+01
-1.000000000000000000e+03 0.000000000000000000e+00 1.438051539628707864e+01
-1.000000000000000000e+03 0.000000000000000000e+00 1.487115851477620865e+01
-1.000000000000000000e+03 0.000000000000000000e+00 1.535288615815135316e+01
-1.000000000000000000e+03 0.000000000000000000e+00 1.597133920040128707e+01
-1.000000000000000000e+03 0.000000000000000000e+00 1.660999250490770507e+01
-1.000000000000000000e+03 0.000000000000000000e+00 1.731552657031405573e+01
-1.000000000000000000e+03 0.000000000000000000e+00 1.813664859346307878e+01
-1.000000000000000000e+03 0.000000000000000000e+00 1.891122143079248730e+01
-1.000000000000000000e+03 0.000000000000000000e+00 1.981902740645902128e+01
-1.000000000000000000e+03 0.000000000000000000e+00 2.074702518884917524e+01
-1.000000000000000000e+03 0.000000000000000000e+00 2.170182938365780956e+01
-1.866404715127701408e+01 4.922634481157011265e-45 2.172384669076835451e+01
-1.866404715127701408e+01 2.402256235640862079e-45 1.997081225177993247e+01
-1.866404715127701408e+01 1.698857193199766579e-45 1.850430395600417555e+01
-1.866404715127701408e+01 7.885209412184474949e-46 1.681960631413254958e+01
-1.866404715127701408e+01 5.424344019534217897e-46 1.523968816121760206e+01
-1.866404715127701408e+01 2.380030248693453399e-46 1.391376421577333033e+01
-1.866404715127701408e+01 1.587412031523201515e-46 1.280258576032475659e+01
-1.866404715127701408e+01 1.046670468763184058e-46 1.192397752266790434e+01
-1.866404715127701408e+01 4.208833364281988611e-47 1.125957603031539378e+01
-1.866404715127701408e+01 2.675563785312941644e-47 1.077372722889963974e+01
-1.866404715127701408e+01 1.677852886296851450e-47 1.048357031963256247e+01
-1.866404715127701408e+01 1.037285739776027586e-47 1.015320953503391621e+01
-1.866404715127701408e+01 6.317496273368052438e-48 9.558381817124130819e+00
-1.866404715127701408e+01 3.787583880548828023e-48 9.130083211160137324e+00
-1.866404715127701408e+01 2.233512201147393046e-48 8.859755709543732038e+00
-1.866404715127701408e+01 1.294277391041668371e-48 8.738887903821584757e+00
-1.866404715127701408e+01 7.362843117996508109e-49 8.758978792866901841e+00
-1.866404715127701408e+01 4.107394478959719360e-49 8.911739204932446867e+00
-1.866404715127701408e+01 2.244220041825219456e-49 9.186551951779573955e+00
-1.866404715127701408e+01 1.199398918579962079e-49 9.574563611615978687e+00
-1.866404715127701408e+01 6.260661315125001737e-50 1.007295827715809722e+01
-1.866404715127701408e+01 3.186570514228705098e-50 1.067554547970277490e+01
-1.866404715127701408e+01 3.292834359529101160e-50 1.076112185686692513e+01
-1.866404715127701408e+01 1.630411737523014437e-50 1.079546276597971399e+01
-1.866404715127701408e+01 7.841505851827887860e-51 1.097909396715187214e+01
-1.866404715127701408e+01 8.090543361133379879e-51 1.122950359968525014e+01
-1.866404715127701408e+01 3.769206846015157789e-51 1.158799636038419045e+01
-1.866404715127701408e+01 3.885228175452206655e-51 1.205339027377259953e+01
-1.866404715127701408e+01 1.748859553574884383e-51 1.256625071120399006e+01
-1.866404715127701408e+01 7.587340048748981624e-52 1.322354177364081096e+01
-1.866404715127701408e+01 7.810581766964532384e-52 1.345137412988632342e+01
-1.866404715127701408e+01 8.037060252096641097e-52 1.370404633142117490e+01
-1.866404715127701408e+01 3.346754583418391062e-52 1.399906395285122862e+01
-1.866404715127701408e+01 3.441063814000194025e-52 1.437347344704092045e+01
-1.866404715127701408e+01 1.370726650375392934e-52 1.486525903612736599e+01
-1.866404715127701408e+01 1.408294201894141857e-52 1.534591464363914426e+01
-1.866404715127701408e+01 1.446369624884714694e-52 1.596323814994884138e+01
-1.866404715127701408e+01 5.485495410079359119e-53 1.660306407490182323e+01
-1.866404715127701408e+01 5.629900265285880433e-53 1.730742618353000140e+01
-1.866404715127701408e+01 2.023330460741629262e-53 1.812977161851396701e+01
-1.866404715127701408e+01 2.075228191906342155e-53 1.890313930704549961e+01
-1.866404715127701408e+01 2.127783101044834912e-53 1.980968910345715983e+01
-1.866404715127701408e+01 7.201141625149485927e-54 2.073901948501536197e+01
-1.866404715127701408e+01 7.379005477960264853e-54 2.169255748977427345e+01
-9.419930589985126446e+00 4.227053302013905790e-23 2.172857741629716699e+01
-9.419930589985126446e+00 2.959029902124604801e-23 1.997527918691265114e+01
-9.419930589985126446e+00 2.519918388052441518e-23 1.850764816476130292e+01
-9.419930589985126446e+00 1.715844035358243132e-23 1.682307544780062258e+01
-9.419930589985126446e+00 1.438435346212031047e-23 1.524252628709683322e+01
-9.419930589985126446e+00 9.497261991294659491e-24 1.391679294775737041e+01
-9.419930589985126446e+00 7.824803922384027090e-24 1.280486129591009359e+01
-9.419930589985126446e+00 6.404842152002657728e-24 1.192543181188244539e+01
-9.419930589985126446e+00 4.032263882999292256e-24 1.126119986388912331e+01
-9.419930589985126446e+00 3.234489964734608909e-24 1.077448505287806313e+01
-9.419930589985126446e+00 2.574865126172859166e-24 1.048343451739189369e+01
-9.419930589985126446e+00 2.033546350194251467e-24 1.015238188517423090e+01
-9.419930589985126446e+00 1.592759091497989613e-24 9.557278687218168756e+00
-9.419930589985126446e+00 1.236724912473671636e-24 9.128673240461129268e+00
-9.419930589985126446e+00 9.515622189589964741e-25 8.858007911644568466e+00
-9.419930589985126446e+00 7.251670786494174035e-25 8.736795520471741128e+00
-9.419930589985126446e+00 5.470803230549625378e-25 8.756530876684303522e+00
-9.419930589985126446e+00 4.083463509752892293e-25 8.908942769138040063e+00
-9.419930589985126446e+00 3.013682831089568848e-25 9.183418998299547553e+00
-9.419930589985126446e+00 2.197633766409185338e-25 9.571114730195581899e+00
-9.419930589985126446e+00 1.582219060606224918e-25 1.006923254202112084e+01
-9.419930589985126446e+00 1.123720604204251704e-25 1.067158255980444892e+01
-9.419930589985126446e+00 1.161193765997732584e-25 1.075587427712346411e+01
-9.419930589985126446e+00 8.123265782261821868e-26 1.079076030881418014e+01
-9.419930589985126446e+00 5.594508115473839751e-26 1.097493212249107231e+01
-9.419930589985126446e+00 5.772183474415539693e-26 1.122403952024187390e+01
-9.419930589985126446e+00 3.906999195896209307e-26 1.158307205559663267e+01
-9.419930589985126446e+00 4.027261961866877342e-26 1.204708171429026287e+01
-9.419930589985126446e+00 2.675543099470408815e-26 1.256049308486445781e+01
-9.419930589985126446e+00 1.742785534952321250e-26 1.321837440134704877e+01
-9.419930589985126446e+00 1.794063378676765439e-26 1.344518392575637478e+01
-9.419930589985126446e+00 1.846084696468002681e-26 1.369689788261149310e+01
-9.419930589985126446e+00 1.175961936641511480e-26 1.399305832161337193e+01
-9.419930589985126446e+00 1.209099731085007830e-26 1.436644717810155036e+01
-9.419930589985126446e+00 7.520309760080032892e-27 1.485937434787812350e+01
-9.419930589985126446e+00 7.726419143210056922e-27 1.533895853636277806e+01
-9.419930589985126446e+00 7.935314895734284614e-27 1.595515318174687813e+01
-9.419930589985126446e+00 4.806384866230886970e-27 1.659615087355087226e+01
-9.419930589985126446e+00 4.932912236830736360e-27 1.729934175314784639e+01
-9.419930589985126446e+00 2.902925914289053092e-27 1.812290972911840825e+01
-9.419930589985126446e+00 2.977384966635662945e-27 1.889507304291953460e+01
-9.419930589985126446e+00 3.052786889663756636e-27 1.980036747476126635e+01
-9.419930589985126446e+00 1.739437632385154618e-27 2.073102953892709976e+01
-9.419930589985126446e+00 1.782400692289376336e-27 2.168330219521378055e+01
-6.299734748010610730e+00 1.115285806290333265e-15 2.173331631550889043e+01
-6.299734748010610730e+00 8.818319664095541335e-16 1.997975469549767880e+01
-6.299734748010610730e+00 7.995796692668378303e-16 1.851100193195456001e+01
-6.299734748010610730e+00 6.196270934795318436e-16 1.682655412464469435e+01
-6.299734748010610730e+00 5.553027087676211569e-16 1.524537441510813096e+01
-6.299734748010610730e+00 4.208630766597170856e-16 1.391983162606474878e+01
-6.299734748010610730e+00 3.723836154379911431e-16 1.280714736705439805e+01
-6.299734748010610730e+00 3.278874879785287424e-16 1.192689729569329593e+01
-6.299734748010610730e+00 2.401481631621045684e-16 1.126283487635479830e+01
-6.299734748010610730e+00 2.083665921535610531e-16 1.077525476069377852e+01
-6.299734748010610730e+00 1.797829955840903022e-16 1.048331131894178192e+01
-6.299734748010610730e+00 1.542220823420851477e-16 1.015156735848302105e+01
-6.299734748010610730e+00 1.314976176758963116e-16 9.556188781177368696e+00
-6.299734748010610730e+00 1.114160650474590431e-16 9.127276637471107179e+00
-6.299734748010610730e+00 9.377990899326104626e-17 8.856273680479128885e+00
-6.299734748010610730e+00 7.839065011734267419e-17 8.734716918729031221e+00
-6.299734748010610730e+00 6.505146808456641552e-17 8.754096993538988514e+00
-6.299734748010610730e+00 5.356955283028230646e-17 8.906160616772517358e+00
-6.299734748010610730e+00 4.375810816070872864e-17 9.180300578171703307e+00
-6.299734748010610730e+00 3.543803549301358523e-17 9.567680625532315020e+00
-6.299734748010610730e+00 2.843930868158703725e-17 1.006552180427711818e+01
-6.299734748010610730e+00 2.260205370393811586e-17 1.066763483594959894e+01
-6.299734748010610730e+00 2.335577345611120278e-17 1.075064262322043263e+01
-6.299734748010610730e+00 1.836045594653552239e-17 1.078607320425710725e+01
-6.299734748010610730e+00 1.427400805155523913e-17 1.097078509550397563e+01
-6.299734748010610730e+00 1.472733468041150865e-17 1.121859103871442009e+01
-6.299734748010610730e+00 1.130799644552901083e-17 1.157816286845311282e+01
-6.299734748010610730e+00 1.165607200478539100e-17 1.204078914803925215e+01
-6.299734748010610730e+00 8.831183031606105315e-18 1.255475101169560581e+01
-6.299734748010610730e+00 6.598186687477751963e-18 1.321322211911521904e+01
-6.299734748010610730e+00 6.792324623006604129e-18 1.343900933580107981e+01
-6.299734748010610730e+00 6.989277351630544497e-18 1.368976550416434002e+01
-6.299734748010610730e+00 5.139106300777838147e-18 1.398706780086691204e+01
-6.299734748010610730e+00 5.283922763719501517e-18 1.435943657125966055e+01
-6.299734748010610730e+00 3.819864474235991178e-18 1.485350443271602927e+01
-6.299734748010610730e+00 3.924555628662148273e-18 1.533201781848970491e+01
-6.299734748010610730e+00 4.030662090941381717e-18 1.594708427736255274e+01
-6.299734748010610730e+00 2.859283858819414210e-18 1.658925288323016289e+01
-6.299734748010610730e+00 2.934554083431849766e-18 1.729127326087104422e+01
-6.299734748010610730e+00 2.039684321447008543e-18 1.811606290778965800e+01
-6.299734748010610730e+00 2.092001523520136873e-18 1.888702262018990297e+01
-6.299734748010610730e+00 2.144981215302944218e-18 1.979106250136484846e+01
-6.299734748010610730e+00 1.457131747134436026e-18 2.072305533241510744e+01
-6.299734748010610730e+00 1.493122022022669777e-18 2.167406348098800706e+01
-4.732254047322540735e+00 6.171947318298122336e-12 2.173806337683897283e+01
-4.732254047322540735e+00 5.187893230860614893e-12 1.998423876539706612e+01
-4.732254047322540735e+00 4.854570097708369259e-12 1.851436524432772046e+01
-4.732254047322540735e+00 4.014588320810499030e-12 1.683004233139689276e+01
-4.732254047322540735e+00 3.720509553362246458e-12 1.524823253155565439e+01
-4.732254047322540735e+00 3.435104635478833878e-12 1.392223235038696671e+01
-4.732254047322540735e+00 2.771513840461274650e-12 1.280944395947114245e+01
-4.732254047322540735e+00 2.531488700462947106e-12 1.192837395911475618e+01
-4.732254047322540735e+00 2.000519827931599118e-12 1.126448105267835409e+01
-4.732254047322540735e+00 1.805586606492860756e-12 1.077603633655619753e+01
-4.732254047322540735e+00 1.622211661953066969e-12 1.048320070772325963e+01
-4.732254047322540735e+00 1.450572999970537207e-12 1.015076593789077819e+01
-4.732254047322540735e+00 1.290731222723851990e-12 9.555112081946937508e+00
-4.732254047322540735e+00 1.142638615561008790e-12 9.125893385078487796e+00
-4.732254047322540735e+00 1.006148575495990394e-12 8.854552998779110951e+00
-4.732254047322540735e+00 8.810252783293160687e-13 8.732652081144884448e+00
-4.732254047322540735e+00 7.669534858991090265e-13 8.751677125731976759e+00
-4.732254047322540735e+00 6.635483997623430130e-13 8.903392729882435574e+00
-4.732254047322540735e+00 5.703654724658073239e-13 9.177196673177654418e+00
-4.732254047322540735e+00 4.869100924969182526e-13 9.564261279139975258e+00
-4.732254047322540735e+00 4.126470640102048936e-13 1.006182604519406176e+01
-4.732254047322540735e+00 3.470098075109788764e-13 1.066370228917496199e+01
-4.732254047322540735e+00 3.585816827726163891e-13 1.074542687564693111e+01
-4.732254047322540735e+00 2.989019887421170108e-13 1.078140143352520219e+01
-4.732254047322540735e+00 2.469627357882855375e-13 1.096665286805316519e+01
-4.732254047322540735e+00 2.548059977553282929e-13 1.121315813630616987e+01
-4.732254047322540735e+00 2.084394289374100228e-13 1.157326878068827369e+01
-4.732254047322540735e+00 2.148554789554621428e-13 1.203451255596409908e+01
-4.732254047322540735e+00 1.738923256753961846e-13 1.254902447308067259e+01
-4.732254047322540735e+00 1.391918948942332699e-13 1.320808490878468255e+01
-4.732254047322540735e+00 1.432873272299687020e-13 1.343285034150007995e+01
-4.732254047322540735e+00 1.474421389684397585e-13 1.368264917728385477e+01
-4.732254047322540735e+00 1.165148372586928925e-13 1.398109237285628481e+01
-4.732254047322540735e+00 1.197981448270678854e-13 1.435244160833055460e+01
-4.732254047322540735e+00 9.340176467630945873e-14 1.484764927335204909e+01
-4.732254047322540735e+00 9.596162998968785770e-14 1.532509247221142523e+01
-4.732254047322540735e+00 9.855610183215366747e-14 1.593903141838777948e+01
-4.732254047322540735e+00 7.569026580195888673e-14 1.658237008633882326e+01
-4.732254047322540735e+00 7.768280085241057185e-14 1.728322068842770065e+01
-4.732254047322540735e+00 5.870308115256837406e-14 1.810923113706464704e+01
-4.732254047322540735e+00 6.020879501558193303e-14 1.887898802065655701e+01
-4.732254047322540735e+00 6.173357564632081977e-14 1.978177416428702173e+01
-4.732254047322540735e+00 4.580985538026409811e-14 2.071509684733470991e+01
-4.732254047322540735e+00 4.694133116546214870e-14 2.166484132813430108e+01
-3.789389708815317448e+00 1.135065346703117251e-09 2.174281858874001117e+01
-3.789389708815317448e+00 9.898547016281961562e-10 1.998873138449091869e+01
-3.789389708815317448e+00 9.439788060806403668e-10 1.851773808864418669e+01
-3.789389708815317448e+00 8.117610545139575045e-10 1.683354005480891047e+01
-3.789389708815317448e+00 7.676246279489866768e-10 1.525110062276361944e+01
-3.789389708815317448e+00 7.234977790246604512e-10 1.392437519000926116e+01
-3.789389708815317448e+00 6.091511115031932369e-10 1.281175105889465726e+01
-3.789389708815317448e+00 5.688043604610211781e-10 1.192986178718286538e+01
-3.789389708815317448e+00 4.705299673773841615e-10 1.126613837784759653e+01
-3.789389708815317448e+00 4.348752577997931250e-10 1.077682976469759346e+01
-3.789389708815317448e+00 4.003333089834611628e-10 1.048310266720123707e+01
-3.789389708815317448e+00 3.670300340028844095e-10 1.014997760635254664e+01
-3.789389708815317448e+00 3.350740939264064234e-10 9.554048572496441238e+00
-3.789389708815317448e+00 3.045570715331540958e-10 9.124523466195986643e+00
-3.789389708815317448e+00 2.755537593116737962e-10 8.852845849300665648e+00
-3.789389708815317448e+00 2.481225550282110207e-10 8.730600990295387831e+00
-3.789389708815317448e+00 2.223059580778159164e-10 8.749271255589260221e+00
-3.789389708815317448e+00 1.981311597525142970e-10 8.900639090539669951e+00
-3.789389708815317448e+00 1.756107204772159311e-10 9.174107265124710864e+00
-3.789389708815317448e+00 1.547433269753970263e-10 9.560856672558422531e+00
-3.789389708815317448e+00 1.355146222323539209e-10 1.005814524606634031e+01
-3.789389708815317448e+00 1.178981010233876114e-10 1.065978490054403238e+01
-3.789389708815317448e+00 1.218296962956146665e-10 1.074022701491927911e+01
-3.789389708815317448e+00 1.051969966533420478e-10 1.077674497786123808e+01
-3.789389708815317448e+00 9.015921652900221769e-11 1.096253542202636133e+01
-3.789389708815317448e+00 9.302257302577554044e-11 1.120774079424626457e+01
-3.789389708815317448e+00 7.905066095838175297e-11 1.156838977406198943e+01
-3.789389708815317448e+00 8.148394815963077875e-11 1.202825191903540336e+01
-3.789389708815317448e+00 6.861986993838603733e-11 1.254331345042852064e+01
-3.789389708815317448e+00 7.066901130962124259e-11 1.320230297092656002e+01
-3.789389708815317448e+00 5.893581729362673297e-11 1.342670692435835100e+01
-3.789389708815317448e+00 6.064474180385187050e-11 1.367554888319967255e+01
-3.789389708815317448e+00 5.004754533637215183e-11 1.397513201984998332e+01
-3.789389708815317448e+00 5.145785056656926536e-11 1.434546227115405870e+01
-3.789389708815317448e+00 4.198502968368737017e-11 1.484180885252056648e+01
-3.789389708815317448e+00 4.313571480768796577e-11 1.531818247974341496e+01
-3.789389708815317448e+00 4.430195591348420038e-11 1.593099458643920485e+01
-3.789389708815317448e+00 3.568757583944317500e-11 1.657550246529973137e+01
-3.789389708815317448e+00 3.662704599418931594e-11 1.727518401757048139e+01
-3.789389708815317448e+00 2.910596941183264083e-11 1.810241439950389974e+01
-3.789389708815317448e+00 2.985252752734184203e-11 1.887096922614399475e+01
-3.789389708815317448e+00 3.060853926517035019e-11 1.977250244457249195e+01
-3.789389708815317448e+00 2.395275856712006322e-11 2.070715406556585947e+01
-3.789389708815317448e+00 2.454437725009603221e-11 2.165563571771565776e+01
-3.159820389156827058e+00 3.795912427854989072e-08 2.174758193968179398e+01
-3.159820389156827058e+00 3.392642622131975548e-08 1.999323254067736499e+01
-3.159820389156827058e+00 3.276611425632846231e-08 1.852112045168694010e+01
-3.159820389156827058e+00 2.892184143768522531e-08 1.683704728165201914e+01
-3.159820389156827058e+00 2.772013722327060577e-08 1.525397867507625094e+01
-3.159820389156827058e+00 2.648867753668795619e-08 1.392652855532768896e+01
-3.159820389156827058e+00 2.294605958609658442e-08 1.281406865108004034e+01
-3.159820389156827058e+00 2.174413014024751111e-08 1.193136076495536280e+01
-3.159820389156827058e+00 1.854494977175649917e-08 1.126780683687211848e+01
-3.159820389156827058e+00 1.741333229077111633e-08 1.077763502937307294e+01
-3.159820389156827058e+00 1.629278276613096339e-08 1.048301718086448275e+01
-3.159820389156827058e+00 1.518862438023419560e-08 1.014920234684780276e+01
-3.159820389156827058e+00 1.410581253233877875e-08 9.552998235819698536e+00
-3.159820389156827058e+00 1.304891829589409581e-08 9.123166863760589607e+00
-3.159820389156827058e+00 1.202211464466563237e-08 8.851152214824352882e+00
-3.159820389156827058e+00 1.102916542050845649e-08 8.728563628781218497e+00
-3.159820389156827058e+00 1.007341701451731507e-08 8.746879365461765587e+00
-3.159820389156827058e+00 9.157792732060883722e-09 8.897899680841350190e+00
-3.159820389156827058e+00 8.284789810882092242e-09 9.171032335845815453e+00
-3.159820389156827058e+00 7.456479060003128636e-09 9.557466787353545712e+00
-3.159820389156827058e+00 6.674507085596645048e-09 1.005447938821469478e+01
-3.159820389156827058e+00 5.940101068256331601e-09 1.065588265114701017e+01
-3.159820389156827058e+00 6.138188001580854296e-09 1.073504302158100820e+01
-3.159820389156827058e+00 5.426412539338548563e-09 1.077210381853407384e+01
-3.159820389156827058e+00 4.765836334295493235e-09 1.095843273933639672e+01
-3.159820389156827058e+00 4.917193998611194448e-09 1.120233899378970577e+01
-3.159820389156827058e+00 4.286306422710863636e-09 1.156352583035918435e+01
-3.159820389156827058e+00 4.418244782650761515e-09 1.202200721824984520e+01
-3.159820389156827058e+00 3.820688739605009820e-09 1.253761792517349960e+01
-3.159820389156827058e+00 3.934782971639650778e-09 1.319514790114232028e+01
-3.159820389156827058e+00 3.373583071993085145e-09 1.342057906590609839e+01
-3.159820389156827058e+00 3.471404720419314563e-09 1.366846460316682510e+01
-3.159820389156827058e+00 2.948954418575907741e-09 1.396918672414050988e+01
-3.159820389156827058e+00 3.032053915507838702e-09 1.433849854159443815e+01
-3.159820389156827058e+00 2.550111021086573690e-09 1.483598315297924763e+01
-3.159820389156827058e+00 2.620001999814507918e-09 1.531128782332504024e+01
-3.159820389156827058e+00 2.690837826763813676e-09 1.592297376315807789e+01
-3.159820389156827058e+00 2.237837796308603863e-09 1.656865000255940501e+01
-3.159820389156827058e+00 2.296748545255333270e-09 1.726716323007655873e+01
-3.159820389156827058e+00 1.887467150014337334e-09 1.809561267769150206e+01
-3.159820389156827058e+00 1.935880033937295827e-09 1.886296621850121369e+01
-3.159820389156827058e+00 1.984905967414585744e-09 1.976324732329143075e+01
-3.159820389156827058e+00 1.609388169555338182e-09 2.069922696901296177e+01
-3.159820389156827058e+00 1.649139086202427284e-09 2.164644663082063047e+01
-2.709640616086708587e+00 4.797630196375511599e-07 2.175235341815115220e+01
-2.709640616086708587e+00 4.363945805965483603e-07 1.999774222187249961e+01
-2.709640616086708587e+00 4.253007705200881465e-07 1.852451232025848071e+01
-2.709640616086708587e+00 3.824744207820341824e-07 1.684056399871697707e+01
-2.709640616086708587e+00 3.701297849202656195e-07 1.525686667485775416e+01
-2.709640616086708587e+00 3.571844643890758689e-07 1.392869243213032426e+01
-2.709640616086708587e+00 3.157755813921436407e-07 1.281639672180311784e+01
-2.709640616086708587e+00 3.024029481307834832e-07 1.193287087751166275e+01
-2.709640616086708587e+00 2.636032755598201946e-07 1.126948641478329804e+01
-2.709640616086708587e+00 2.503374324042140807e-07 1.077845211486049770e+01
-2.709640616086708587e+00 2.369653725323320741e-07 1.048294423222558613e+01
-2.709640616086708587e+00 2.235565784364848119e-07 1.014844014238050640e+01
-2.709640616086708587e+00 2.101781011933084698e-07 9.551961054934844597e+00
-2.709640616086708587e+00 1.968942587314233515e-07 9.121823560733496095e+00
-2.709640616086708587e+00 1.837663537871184581e-07 8.849472078155129040e+00
-2.709640616086708587e+00 1.708524118693162488e-07 8.726539979227650790e+00
-2.709640616086708587e+00 1.582069395748298559e-07 8.744501437725347159e+00
-2.709640616086708587e+00 1.458807036166952172e-07 8.895174482909860458e+00
-2.709640616086708587e+00 1.339205309524066130e-07 9.167971867199526059e+00
-2.709640616086708587e+00 1.223691304255448500e-07 9.554091605117200459e+00
-2.709640616086708587e+00 1.112649363639510953e-07 1.005082845298621308e+01
-2.709640616086708587e+00 1.006419746107407523e-07 1.065199552210072831e+01
-2.709640616086708587e+00 1.039981229128129917e-07 1.072987487620280511e+01
-2.709640616086708587e+00 9.349917543334490978e-08 1.076747793683863641e+01
-2.709640616086708587e+00 8.356563082960315639e-08 1.095434480192122884e+01
-2.709640616086708587e+00 8.621958237393510184e-08 1.119695271621732324e+01
-2.709640616086708587e+00 7.653714881742235616e-08 1.155867693138994845e+01
-2.709640616086708587e+00 7.889306668552941835e-08 1.201577843463020301e+01
-2.709640616086708587e+00 6.952867682602571229e-08 1.253193787877550314e+01
-2.709640616086708587e+00 7.160495718475240561e-08 1.318800925908637645e+01
-2.709640616086708587e+00 6.261940997551185870e-08 1.341446674769881753e+01
-2.709640616086708587e+00 6.443514528617772190e-08 1.366139631846585978e+01
-2.709640616086708587e+00 5.588254787882657647e-08 1.396325646804439735e+01
-2.709640616086708587e+00 5.745727944698949287e-08 1.433155040154048443e+01
-2.709640616086708587e+00 4.938456682372583230e-08 1.483017215750911255e+01
-2.709640616086708587e+00 5.073805131158731700e-08 1.530440848521965158e+01
-2.709640616086708587e+00 5.210983340286322738e-08 1.591496893021036563e+01
-2.709640616086708587e+00 4.433657607116787274e-08 1.656181268058809053e+01
-2.709640616086708587e+00 4.550372987757626513e-08 1.725915830774767912e+01
-2.709640616086708587e+00 3.830386981596208932e-08 1.808882595423513706e+01
-2.709640616086708587e+00 3.928635091672519450e-08 1.885497897960172509e+01
-2.709640616086708587e+00 4.028127311895047743e-08 1.975400878153955375e+01
-2.709640616086708587e+00 3.349975658514694048e-08 2.069131553960498593e+01
-2.709640616086708587e+00 3.432718035829539138e-08 2.163727404856336989e+01
-2.371738859068780680e+00 3.308714691123966457e-06 2.175713301265199462e+01
-2.371738859068780680e+00 3.049575649324113412e-06 2.000226041601040095e+01
-2.371738859068780680e+00 2.992306371908758412e-06 1.852791368118078452e+01
-2.371738859068780680e+00 2.728952706443244093e-06 1.684409019281404341e+01
-2.371738859068780680e+00 2.660031511600808522e-06 1.525976460849227934e+01
-2.371738859068780680e+00 2.586027036235845019e-06 1.393086680622589135e+01
-2.371738859068780680e+00 2.321415553928859618e-06 1.281873525686043891e+01
-2.371738859068780680e+00 2.240749178923873109e-06 1.193439210995281918e+01
-2.371738859068780680e+00 1.985521155062068948e-06 1.127117709663425593e+01
-2.371738859068780680e+00 1.901697781573373370e-06 1.077928100546052370e+01
-2.371738859068780680e+00 1.815883037330937292e-06 1.048288380482090787e+01
-2.371738859068780680e+00 1.728534502513194029e-06 1.014769097597897662e+01
-2.371738859068780680e+00 1.640104332161603318e-06 9.550937012884197941e+00
-2.371738859068780680e+00 1.551037133347293646e-06 9.120493540100099494e+00
-2.371738859068780680e+00 1.461767902869443274e-06 8.847805422122261731e+00
-2.371738859068780680e+00 1.372720027518098837e-06 8.724530024284447904e+00
-2.371738859068780680e+00 1.284303349088406633e-06 8.742137454780674943e+00
-2.371738859068780680e+00 1.196912296505331021e-06 8.892463478892771889e+00
-2.371738859068780680e+00 1.110924087610428111e-06 9.164925841069935686e+00
-2.371738859068780680e+00 1.026697003378459704e-06 9.550731107467182568e+00
-2.371738859068780680e+00 9.445687375754496384e-07 1.004719242175423410e+01
-2.371738859068780680e+00 8.648548251459295871e-07 1.064812349454866158e+01
-2.371738859068780680e+00 8.936954859554873061e-07 1.072472255938244423e+01
-2.371738859068780680e+00 8.136889579914765269e-07 1.076286731409578223e+01
-2.371738859068780680e+00 7.368482208551685785e-07 1.095027159174379605e+01
-2.371738859068780680e+00 7.602497012755623921e-07 1.119158194283570040e+01
-2.371738859068780680e+00 6.841521199424102391e-07 1.155384305898938280e+01
-2.371738859068780680e+00 7.052112556533653219e-07 1.200956554922518649e+01
-2.371738859068780680e+00 6.304115692500489622e-07 1.252627329271983747e+01
-2.371738859068780680e+00 6.492370556378181582e-07 1.318088702535903067e+01
-2.371738859068780680e+00 5.762629789281770653e-07 1.340836995131715348e+01
-2.371738859068780680e+00 5.929725109962462659e-07 1.365434401040256596e+01
-2.371738859068780680e+00 5.223194652297589040e-07 1.395734123390206349e+01
-2.371738859068780680e+00 5.370380666855618081e-07 1.432461783290528778e+01
-2.371738859068780680e+00 4.691641991424102586e-07 1.482437584891441240e+01
-2.371738859068780680e+00 4.820225981654453591e-07 1.529754444771436539e+01
-2.371738859068780680e+00 4.950548284277580636e-07 1.590698006928655950e+01
-2.371738859068780680e+00 4.284771609811196432e-07 1.655499048187959588e+01
-2.371738859068780680e+00 4.397567588597522659e-07 1.725116923240993927e+01
-2.371738859068780680e+00 3.769091159454009189e-07 1.808205421176592509e+01
-2.371738859068780680e+00 3.865767052751706932e-07 1.884700749134345088e+01
-2.371738859068780680e+00 3.963667147305315987e-07 1.974478680043793588e+01
-2.371738859068780680e+00 3.359737678103199088e-07 2.068341975929532595e+01
-2.371738859068780680e+00 3.442721171411257491e-07 2.162811795208346055e+01
-2.108768035516093153e+00 1.528642574726582371e-05 2.176192071170530440e+01
-2.108768035516093153e+00 1.423454068594089090e-05 2.000678711104306373e+01
-2.108768035516093153e+00 1.404125075420808086e-05 1.853132452129533192e+01
-2.108768035516093153e+00 1.294584445972074311e-05 1.684762585077289287e+01
-2.108768035516093153e+00 1.269007462042178228e-05 1.526267246238389497e+01
-2.108768035516093153e+00 1.240814551011543192e-05 1.393305166344374868e+01
-2.108768035516093153e+00 1.127170136685313591e-05 1.282108424206920105e+01
-2.108768035516093153e+00 1.094715974231166223e-05 1.193592444740144387e+01
-2.108768035516093153e+00 1.060363019731468180e-05 1.127227233761677105e+01
-2.108768035516093153e+00 9.472429262762136306e-06 1.078012168549648564e+01
-2.108768035516093153e+00 9.106577290881680590e-06 1.048283588221053186e+01
-2.108768035516093153e+00 8.729128383824893343e-06 1.014695483069592008e+01
-2.108768035516093153e+00 8.342037987007584938e-06 9.549926092734285277e+00
-2.108768035516093153e+00 7.947264845312575036e-06 9.119176784869916119e+00
-2.108768035516093153e+00 7.546762195198057985e-06 8.846152229579343995e+00
-2.108768035516093153e+00 7.142469026916592874e-06 8.722533746625920514e+00
-2.108768035516093153e+00 6.736301420203829854e-06 8.739787399053270178e+00
-2.108768035516093153e+00 6.330143957098427628e-06 8.889766650962817707e+00
-2.108768035516093153e+00 5.925841215895839181e-06 9.161894239366674242e+00
-2.108768035516093153e+00 5.525189350625932536e-06 9.547385276047180014e+00
-2.108768035516093153e+00 5.129927760885333777e-06 1.004357127591837440e+01
-2.108768035516093153e+00 4.741730857360384012e-06 1.064426654966086261e+01
-2.108768035516093153e+00 4.899855258509755009e-06 1.071958605174480184e+01
-2.108768035516093153e+00 4.505282403493121083e-06 1.075827193165240026e+01
-2.108768035516093153e+00 4.121709771547370310e-06 1.094621309079209759e+01
-2.108768035516093153e+00 4.252610692235581022e-06 1.118622665497720448e+01
-2.108768035516093153e+00 3.867827427996198960e-06 1.154902419501761024e+01
-2.108768035516093153e+00 3.986884433504830436e-06 1.200336854310951118e+01
-2.108768035516093153e+00 3.603694803377914553e-06 1.252062414851728711e+01
-2.108768035516093153e+00 3.711309115639618372e-06 1.317378118058717185e+01
-2.108768035516093153e+00 3.332463761409066523e-06 1.340228865836695604e+01
-2.108768035516093153e+00 3.429093099268862208e-06 1.364730766030817044e+01
-2.108768035516093153e+00 3.057262561126340437e-06 1.395144100407792820e+01
-2.108768035516093153e+00 3.143414106642975484e-06 1.431770081762638291e+01
-2.108768035516093153e+00 2.781162714919738658e-06 1.481859421002266508e+01
-2.108768035516093153e+00 2.857386135210105835e-06 1.529069569312020604e+01
-2.108768035516093153e+00 2.934640011281734394e-06 1.589900716210173393e+01
-2.108768035516093153e+00 2.574026828242462502e-06 1.654818338895137231e+01
-2.108768035516093153e+00 2.641787703722745500e-06 1.724319598591397806e+01
-2.108768035516093153e+00 2.710428926840143631e-06 1.807427283257409556e+01
-2.108768035516093153e+00 2.355122731232588989e-06 1.883905173564873436e+01
-2.108768035516093153e+00 2.414765936559434178e-06 1.973558136113314987e+01
-2.108768035516093153e+00 2.077395186538460024e-06 2.067553961006179364e+01
-2.108768035516093153e+00 2.128705594099098421e-06 2.161897832254605234e+01
-1.898291537616145552e+00 5.356772742719530640e-05 2.176671650384903245e+01
-1.898291537616145552e+00 5.029309399035892690e-05 2.001132229494035641e+01
-1.898291537616145552e+00 4.982050384549710373e-05 1.853474482746301533e+01
-1.898291537616145552e+00 4.633639182199193718e-05 1.685117095944265486e+01
-1.898291537616145552e+00 4.562588970239212692e-05 1.526559022295655765e+01
-1.898291537616145552e+00 4.481796508371577739e-05 1.393524698963389064e+01
-1.898291537616145552e+00 4.110237375165140040e-05 1.282344366326726615e+01
-1.898291537616145552e+00 4.011596096548705314e-05 1.193746787500174911e+01
-1.898291537616145552e+00 3.905349035760663842e-05 1.127294849086872830e+01
-1.898291537616145552e+00 3.525410049315728483e-05 1.078097413931439519e+01
-1.898291537616145552e+00 3.407709088608424123e-05 1.048280044797825816e+01
-1.898291537616145552e+00 3.284730792882080088e-05 1.014623168960834576e+01
-1.898291537616145552e+00 3.157101403661829623e-05 9.548928277575775780e+00
-1.898291537616145552e+00 3.025457873339746663e-05 9.117873278076579879e+00
-1.898291537616145552e+00 2.890445194771984868e-05 8.844512483404194825e+00
-1.898291537616145552e+00 2.752713712313859104e-05 8.720551128950768671e+00
-1.898291537616145552e+00 2.612916413219404209e-05 8.737451252993400530e+00
-1.898291537616145552e+00 2.471706198225873596e-05 8.887083981317839942e+00
-1.898291537616145552e+00 2.329733130022875072e-05 9.158877044024833936e+00
-1.898291537616145552e+00 2.187641658167796877e-05 9.544054092526723210e+00
-1.898291537616145552e+00 2.046067818850602225e-05 1.003996499690441802e+01
-1.898291537616145552e+00 1.905636407728175557e-05 1.064042466863388370e+01
-1.898291537616145552e+00 1.969184429504383600e-05 1.071446533394174949e+01
-1.898291537616145552e+00 1.824915288770717807e-05 1.075369177088120232e+01
-1.898291537616145552e+00 1.683249136647006899e-05 1.094216928107903897e+01
-1.898291537616145552e+00 1.736707258142060489e-05 1.118088683399983374e+01
-1.898291537616145552e+00 1.593059027538966477e-05 1.154422032135971676e+01
-1.898291537616145552e+00 1.642095557980952368e-05 1.199718739738378126e+01
-1.898291537616145552e+00 1.497483832537285816e-05 1.251499042770394432e+01
-1.898291537616145552e+00 1.542202018053569142e-05 1.316669170542412282e+01
-1.898291537616145552e+00 1.397649230441743305e-05 1.339622285047915362e+01
-1.898291537616145552e+00 1.438175978627816363e-05 1.364028724953909233e+01
-1.898291537616145552e+00 1.294699366518040370e-05 1.394555576096021987e+01
-1.898291537616145552e+00 1.331183099653425456e-05 1.431079933766560863e+01
-1.898291537616145552e+00 1.189785553452654183e-05 1.481282722368455751e+01
-1.898291537616145552e+00 1.222394046227894870e-05 1.528386220377193716e+01
-1.898291537616145552e+00 1.255443369521767007e-05 1.589105019039543976e+01
-1.898291537616145552e+00 1.112973038785649318e-05 1.654139138434436518e+01
-1.898291537616145552e+00 1.142271889390699245e-05 1.723523855013471362e+01
-1.898291537616145552e+00 1.171951389946292712e-05 1.806509640832510399e+01
-1.898291537616145552e+00 1.029820209029525842e-05 1.883111169446427269e+01
-1.898291537616145552e+00 1.055900284331901831e-05 1.972639244479704246e+01
-1.898291537616145552e+00 9.192171959192800245e-06 2.066767507390658665e+01
-1.898291537616145552e+00 9.419213059822076394e-06 2.160985514114162953e+01
-1.726017441860465240e+00 1.542957378912134761e-04 2.177152037763816494e+01
-1.726017441860465240e+00 1.458408365534099584e-04 2.001586595569003180e+01
-1.726017441860465240e+00 1.449715666009315426e-04 1.853817458656412143e+01
-1.726017441860465240e+00 1.357996419300540401e-04 1.685472550569181749e+01
-1.726017441860465240e+00 1.342110264535631013e-04 1.526851787665406235e+01
-1.726017441860465240e+00 1.323318579239443876e-04 1.393745277066684451e+01
-1.726017441860465240e+00 1.223098254622233662e-04 1.282581350631306094e+01
-1.726017441860465240e+00 1.198565695921266239e-04 1.193902237791944643e+01
-1.726017441860465240e+00 1.171646566565601871e-04 1.127363641525119853e+01
-1.726017441860465240e+00 1.066755331817805099e-04 1.078183835128291435e+01
-1.726017441860465240e+00 1.035734834258229380e-04 1.048277748573152657e+01
-1.726017441860465240e+00 1.002923698540632909e-04 1.014552153581754368e+01
-1.726017441860465240e+00 9.684843878227896222e-05 9.547943550523417144e+00
-1.726017441860465240e+00 9.325843905033526639e-05 9.116583002777785438e+00
-1.726017441860465240e+00 8.953955809329360895e-05 8.842886166498864497e+00
-1.726017441860465240e+00 8.570935687050462595e-05 8.718582153982133320e+00
-1.726017441860465240e+00 8.178570357764485216e-05 8.735128999076090750e+00
-1.726017441860465240e+00 7.778670605870065876e-05 8.884415452180729034e+00
-1.726017441860465240e+00 7.373064282579036045e-05 9.155874237004939076e+00
-1.726017441860465240e+00 6.963589258423237625e-05 9.540737538601153034e+00
-1.726017441860465240e+00 6.552086214814861797e-05 1.003637356616430054e+01
-1.726017441860465240e+00 6.140391261781681545e-05 1.063659783269078929e+01
-1.726017441860465240e+00 6.345157352540480673e-05 1.070936038665215229e+01
-1.726017441860465240e+00 5.918286181314739297e-05 1.074912681318083507e+01
-1.726017441860465240e+00 5.495504390416055835e-05 1.093814014464246753e+01
-1.726017441860465240e+00 5.670035501101586034e-05 1.117556246128725661e+01
-1.726017441860465240e+00 5.237383492572048819e-05 1.153943141992573729e+01
-1.726017441860465240e+00 5.398597302374574938e-05 1.199102209317449308e+01
-1.726017441860465240e+00 4.959013988264846494e-05 1.250937211184128373e+01
-1.726017441860465240e+00 5.107101134641133840e-05 1.315961858054965283e+01
-1.726017441860465240e+00 4.663592552706690217e-05 1.339017250930978342e+01
-1.726017441860465240e+00 4.798819787773570374e-05 1.363328275947710999e+01
-1.726017441860465240e+00 4.354435337977654007e-05 1.393968548696104826e+01
-1.726017441860465240e+00 4.477140315623021727e-05 1.430391337500909543e+01
-1.726017441860465240e+00 4.601550225528277301e-05 1.480650692383832201e+01
-1.726017441860465240e+00 4.145534236019022124e-05 1.527704396202809534e+01
-1.726017441860465240e+00 4.257615198467087485e-05 1.588310913593176465e+01
-1.726017441860465240e+00 3.807526819580991793e-05 1.653461445062307433e+01
-1.726017441860465240e+00 3.907759399862848794e-05 1.722729690697148897e+01
-1.726017441860465240e+00 4.009294199376491443e-05 1.805593654235806156e+01
-1.726017441860465240e+00 3.555584140012851309e-05 1.882318734976111685e+01
-1.726017441860465240e+00 3.645628888894653536e-05 1.971722003262684098e+01
-1.726017441860465240e+00 3.204674221325320342e-05 2.065982613285624225e+01
-1.726017441860465240e+00 3.283827740819733805e-05 2.160074838908611383e+01
-1.582410260681269332e+00 3.861019960790835494e-04 2.177633232164460608e+01
-1.582410260681269332e+00 3.669960910325269698e-04 2.002041808129766665e+01
-1.582410260681269332e+00 3.658632518968338667e-04 1.854161378549832051e+01
-1.582410260681269332e+00 3.447626000147336754e-04 1.685828947640820985e+01
-1.582410260681269332e+00 3.417777937036402779e-04 1.527145540994001927e+01
-1.582410260681269332e+00 3.380518671854230452e-04 1.393966899243369717e+01
-1.582410260681269332e+00 3.144847854393793005e-04 1.282819375708562504e+01
-1.582410260681269332e+00 3.092139646476594088e-04 1.194058794134172885e+01
-1.582410260681269332e+00 3.033107415675443991e-04 1.127433609521839308e+01
-1.582410260681269332e+00 2.781350032395115703e-04 1.078271430579328438e+01
-1.582410260681269332e+00 2.710497368279435348e-04 1.048276697910139177e+01
-1.582410260681269332e+00 2.634635410438234261e-04 1.014482435244902092e+01
-1.582410260681269332e+00 2.554126735492271349e-04 9.546971894716040907e+00
-1.582410260681269332e+00 2.469349877816383624e-04 9.115305942055243804e+00
-1.582410260681269332e+00 2.380698039246191360e-04 8.841273261789572402e+00
-1.582410260681269332e+00 2.288577764841411260e-04 8.716626804467514589e+00
-1.582410260681269332e+00 2.193407582257108658e-04 8.732820619801028528e+00
-1.582410260681269332e+00 2.095616602000073287e-04 8.881761045799423826e+00
-1.582410260681269332e+00 1.995643075531828474e-04 9.152885800292901664e+00
-1.582410260681269332e+00 1.893932907814778021e-04 9.537435595991567538e+00
-1.582410260681269332e+00 1.790938120473740199e-04 1.003279696517606290e+01
-1.582410260681269332e+00 1.687115261249608634e-04 1.063278602308105825e+01
-1.582410260681269332e+00 1.743376170689661772e-04 1.070427119058177823e+01
-1.582410260681269332e+00 1.634844494726285047e-04 1.074457703997572011e+01
-1.582410260681269332e+00 1.526547778987863532e-04 1.093412566354510673e+01
-1.582410260681269332e+00 1.575029239551506541e-04 1.117025351824876189e+01
-1.582410260681269332e+00 1.463313811986597475e-04 1.153465747265058106e+01
-1.582410260681269332e+00 1.508356607669134497e-04 1.198487261163394813e+01
-1.582410260681269332e+00 1.393942408791383459e-04 1.250376918251605396e+01
-1.582410260681269332e+00 1.435568617957014845e-04 1.315256178666988873e+01
-1.582410260681269332e+00 1.319204066713765841e-04 1.338413761653988487e+01
-1.582410260681269332e+00 1.357456190246116219e-04 1.362629417152907685e+01
-1.582410260681269332e+00 1.239913012381357806e-04 1.393383016451627121e+01
-1.582410260681269332e+00 1.274852903930445615e-04 1.429704291166719088e+01
-1.582410260681269332e+00 1.310278270065830925e-04 1.479856600147315682e+01
-1.582410260681269332e+00 1.188628495170567043e-04 1.527024095027088890e+01
-1.582410260681269332e+00 1.220764914301879537e-04 1.587518398049915191e+01
-1.582410260681269332e+00 1.099682062142134042e-04 1.652785257037542621e+01
-1.582410260681269332e+00 1.128631029753164318e-04 1.721937103834785887e+01
-1.582410260681269332e+00 1.157956101643436232e-04 1.804679321588086438e+01
-1.582410260681269332e+00 1.034813776758225761e-04 1.881527868353454735e+01
-1.582410260681269332e+00 1.061020313574223095e-04 1.970806410584497570e+01
-1.582410260681269332e+00 9.402638462951752347e-05 2.065199276896156988e+01
-1.582410260681269332e+00 9.634877959223665204e-05 2.159165804762075069e+01
-1.460864216515454395e+00 8.744178477347836842e-04 2.178115232445720650e+01
-1.460864216515454395e+00 8.351002973073729180e-04 2.002497865978665459e+01
-1.460864216515454395e+00 8.345590412345430323e-04 1.854506241118461318e+01
-1.460864216515454395e+00 7.903997419598398190e-04 1.686186285849899846e+01
-1.460864216515454395e+00 7.855967107488468805e-04 1.527440280929779881e+01
-1.460864216515454395e+00 7.790996491863973498e-04 1.394189564084601685e+01
-1.460864216515454395e+00 7.287785110597354591e-04 1.283058440148448476e+01
-1.460864216515454395e+00 7.186043683386208547e-04 1.194216455047725667e+01
-1.460864216515454395e+00 7.069406566543822139e-04 1.127504751524694626e+01
-1.460864216515454395e+00 6.521902493860792533e-04 1.078360198725930985e+01
-1.460864216515454395e+00 6.375730603241868376e-04 1.048276891174249315e+01
-1.460864216515454395e+00 6.217272460770851194e-04 1.014414012265250165e+01
-1.460864216515454395e+00 6.047254995738305132e-04 9.546013293316484294e+00
-1.460864216515454395e+00 5.866446535556397177e-04 9.114042079014645026e+00
-1.460864216515454395e+00 5.675654513366968756e-04 8.839673752226662629e+00
-1.460864216515454395e+00 5.475723099807540319e-04 8.714685063178734481e+00
-1.460864216515454395e+00 5.267530753057736914e-04 8.730526097692580478e+00
-1.460864216515454395e+00 5.051987680601019524e-04 8.879120744446840519e+00
-1.460864216515454395e+00 4.830033205341678084e-04 9.149911715899968101e+00
-1.460864216515454395e+00 4.602633027793672600e-04 9.534148246444782870e+00
-1.460864216515454395e+00 4.370776374979914243e-04 1.002923517544381937e+01
-1.460864216515454395e+00 4.135473025415529027e-04 1.062898922108057853e+01
-1.460864216515454395e+00 4.273380303429454756e-04 1.069919772646329648e+01
-1.460864216515454395e+00 4.025598474737889865e-04 1.074004243271606640e+01
-1.460864216515454395e+00 3.776718685889333591e-04 1.093012581987449749e+01
-1.460864216515454395e+00 3.896663073186085418e-04 1.116495998631917708e+01
-1.460864216515454395e+00 3.638101374863076591e-04 1.152989846149398723e+01
-1.460864216515454395e+00 3.750087099017381681e-04 1.197873893394023170e+01
-1.460864216515454395e+00 3.483413937965432303e-04 1.249818162134022970e+01
-1.460864216515454395e+00 3.587436397055365528e-04 1.314552130451732559e+01
-1.460864216515454395e+00 3.314308320464378959e-04 1.337811815387548009e+01
-1.460864216515454395e+00 3.410411216519359102e-04 1.361932146712711678e+01
-1.460864216515454395e+00 3.132561090988890320e-04 1.392798977608554445e+01
-1.460864216515454395e+00 3.220834497023910203e-04 1.429018792967447560e+01
-1.460864216515454395e+00 3.310334423616834707e-04 1.479064116050526501e+01
-1.460864216515454395e+00 3.020639537173700363e-04 1.526345315090626009e+01
-1.460864216515454395e+00 3.102307222750511182e-04 1.586727470591050881e+01
-1.460864216515454395e+00 2.811856968168685144e-04 1.652110572621282003e+01
-1.460864216515454395e+00 2.885878686900552530e-04 1.721146092621169998e+01
-1.460864216515454395e+00 2.960862093991947991e-04 1.803766641012666838e+01
-1.460864216515454395e+00 2.663202861822374246e-04 1.880738567780410264e+01
-1.460864216515454395e+00 2.730648160111174010e-04 1.969892464569915447e+01
-1.460864216515454395e+00 2.436500328501759350e-04 2.064417496429766175e+01
-1.460864216515454395e+00 2.496680416376791806e-04 2.158258409801205957e+01
-1.356658336308461221e+00 1.852991317524092319e-03 2.178598037468166737e+01
-1.356658336308461221e+00 1.776885006472093444e-03 2.002954767919810308e+01
-1.356658336308461221e+00 1.779456806508317602e-03 1.854852045056125220e+01
-1.356658336308461221e+00 1.692596118652556518e-03 1.686544563889061266e+01
-1.356658336308461221e+00 1.686064901225879870e-03 1.527736006123056178e+01
-1.356658336308461221e+00 1.675933887770725099e-03 1.394413270183586562e+01
-1.356658336308461221e+00 1.575089553859116559e-03 1.283298542542968157e+01
-1.356658336308461221e+00 1.556891023918285889e-03 1.194375219055607928e+01
-1.356658336308461221e+00 1.535448836339147914e-03 1.127577065983588334e+01
-1.356658336308461221e+00 1.423888237339967231e-03 1.078450138011730530e+01
-1.356658336308461221e+00 1.395723920581115650e-03 1.048278326733299792e+01
-1.356658336308461221e+00 1.364797973334684611e-03 1.014346882960186669e+01
-1.356658336308461221e+00 1.331245901594188845e-03 9.545067729511576005e+00
-1.356658336308461221e+00 1.295212730978755403e-03 9.112791396785640430e+00
-1.356658336308461221e+00 1.256852637400743657e-03 8.838087620784602194e+00
-1.356658336308461221e+00 1.216328563450959094e-03 8.712756912911919116e+00
-1.356658336308461221e+00 1.173811819329782053e-03 8.728245415299717536e+00
-1.356658336308461221e+00 1.129481667010480373e-03 8.876494530420853124e+00
-1.356658336308461221e+00 1.083524886156087301e-03 9.146951965862717415e+00
-1.356658336308461221e+00 1.036135320119029035e-03 9.530875471733320836e+00
-1.356658336308461221e+00 9.875134001273988549e-04 1.002568817849772032e+01
-1.356658336308461221e+00 9.378656454963642253e-04 1.062520740799161523e+01
-1.356658336308461221e+00 9.691410274220343393e-04 1.069413997505627201e+01
-1.356658336308461221e+00 9.165114644160495157e-04 1.073552297287787383e+01
-1.356658336308461221e+00 8.633359406324140955e-04 1.092614059574301955e+01
-1.356658336308461221e+00 8.907545304303024405e-04 1.115968184695890386e+01
-1.356658336308461221e+00 8.351582122933022025e-04 1.152515436844055685e+01
-1.356658336308461221e+00 8.608655215599660517e-04 1.197262104129723781e+01
-1.356658336308461221e+00 8.031651277956761668e-04 1.249260940995107561e+01
-1.356658336308461221e+00 8.271494182464931080e-04 1.313849711485080185e+01
-1.356658336308461221e+00 7.676835993452176769e-04 1.337211410304763426e+01
-1.356658336308461221e+00 7.899436337226620024e-04 1.361236462772843936e+01
-1.356658336308461221e+00 7.290713105641134610e-04 1.392216430415225759e+01
-1.356658336308461221e+00 7.496160360958964951e-04 1.428334841108973308e+01
-1.356658336308461221e+00 7.704462216473285724e-04 1.478273238250109145e+01
-1.356658336308461221e+00 7.065628485038770662e-04 1.525668054636373938e+01
-1.356658336308461221e+00 7.256658734897255495e-04 1.585938129400305208e+01
-1.356658336308461221e+00 6.612064111094497713e-04 1.651437390077003187e+01
-1.356658336308461221e+00 6.786125720703066943e-04 1.720356655253511491e+01
-1.356658336308461221e+00 6.962448734486910299e-04 1.802855610635374362e+01
-1.356658336308461221e+00 6.297414894418158120e-04 1.879950831461360039e+01
-1.356658336308461221e+00 6.456896183692430354e-04 1.968980163346231294e+01
-1.356658336308461221e+00 5.795285595068860787e-04 2.063637270096381826e+01
-1.356658336308461221e+00 5.938425652261717725e-04 2.157352652155191208e+01
-1.266328978938949579e+00 3.792001253221822122e-03 2.179081646094061853e+01
-1.266328978938949579e+00 3.649097890226927349e-03 2.003412512759094710e+01
-1.266328978938949579e+00 3.661020846152171406e-03 1.855198789058583131e+01
-1.266328978938949579e+00 3.495380182768053050e-03 1.686903780452874813e+01
-1.266328978938949579e+00 3.488626965505214721e-03 1.528032715226111904e+01
-1.266328978938949579e+00 3.474518581700068980e-03 1.394638016135571590e+01
-1.266328978938949579e+00 3.278811093659168060e-03 1.283539681486172057e+01
-1.266328978938949579e+00 3.247783352013046496e-03 1.194535084682963877e+01
-1.266328978938949579e+00 3.209991340444063278e-03 1.127650551350654062e+01
-1.266328978938949579e+00 2.990157805151893305e-03 1.078541246882609173e+01
-1.266328978938949579e+00 2.937853664019959930e-03 1.048281002957456209e+01
-1.266328978938949579e+00 2.879640418683212817e-03 1.014281045649506829e+01
-1.266328978938949579e+00 2.815760497740827772e-03 9.544135186512086477e+00
-1.266328978938949579e+00 2.746476795657288184e-03 9.111553878521752026e+00
-1.266328978938949579e+00 2.672072121582840312e-03 8.836514850461878012e+00
-1.266328978938949579e+00 2.592848624269651191e-03 8.710842336487406357e+00
-1.266328978938949579e+00 2.509127191029497661e-03 8.725978555195961661e+00
-1.266328978938949579e+00 2.421246818422158331e-03 8.873882386044204651e+00
-1.266328978938949579e+00 2.329563952064863351e-03 9.144006532242967111e+00
-1.266328978938949579e+00 2.234451792603697664e-03 9.527617253655288110e+00
-1.266328978938949579e+00 2.136299564476867516e-03 1.002215595589384911e+01
-1.266328978938949579e+00 2.035511743613909862e-03 1.062144056514268620e+01
-1.266328978938949579e+00 2.103390770318229464e-03 1.068909791714695778e+01
-1.266328978938949579e+00 1.995894503496895445e-03 1.073101864196274491e+01
-1.266328978938949579e+00 1.886701393193084605e-03 1.092216997328774220e+01
-1.266328978938949579e+00 1.946620932200312419e-03 1.115441908165375118e+01
-1.266328978938949579e+00 1.831797039723963945e-03 1.152042517549959300e+01
-1.266328978938949579e+00 1.888182251915836900e-03 1.196651891493448971e+01
-1.266328978938949579e+00 1.768338713765321745e-03 1.248705253001091720e+01
-1.266328978938949579e+00 1.821145226222821217e-03 1.313148919845533058e+01
-1.266328978938949579e+00 1.696944063254409015e-03 1.336612544581220341e+01
-1.266328978938949579e+00 1.746149273860525845e-03 1.360542363481532391e+01
-1.266328978938949579e+00 1.618300796926354368e-03 1.391635373122343644e+01
-1.266328978938949579e+00 1.663903394668120881e-03 1.427652433799579512e+01
-1.266328978938949579e+00 1.710139620658036527e-03 1.477483964905171199e+01
-1.266328978938949579e+00 1.575182882879354969e-03 1.524992311909644016e+01
-1.266328978938949579e+00 1.617770400794627667e-03 1.585150372663830431e+01
-1.266328978938949579e+00 1.480825798093862115e-03 1.650765707670518978e+01
-1.266328978938949579e+00 1.519808318171612200e-03 1.719568789931437180e+01
-1.266328978938949579e+00 1.559297298196876116e-03 1.801946228584538900e+01
-1.266328978938949579e+00 1.417170036290479017e-03 1.879164657603091015e+01
-1.266328978938949579e+00 1.453059700271297798e-03 1.968069505043246892e+01
-1.266328978938949579e+00 1.310826453806680997e-03 2.062858596108355158e+01
-1.266328978938949579e+00 1.343203076233615619e-03 2.156448529955728333e+01
-1.187277385490220549e+00 7.783293751092362073e-03 2.179566057187349770e+01
-1.187277385490220549e+00 7.513121389737792595e-03 2.003871099304177505e+01
-1.187277385490220549e+00 7.549656649625599916e-03 1.855546471823513244e+01
-1.187277385490220549e+00 7.231738221683502860e-03 1.687263934237830654e+01
-1.187277385490220549e+00 7.229981831444865122e-03 1.528330406893203275e+01
-1.187277385490220549e+00 7.213196447205382812e-03 1.394863800537843268e+01
-1.187277385490220549e+00 6.831270703085832140e-03 1.283781855574153852e+01
-1.187277385490220549e+00 6.779150376192604258e-03 1.194696050457072189e+01
-1.187277385490220549e+00 6.712965757862898730e-03 1.127725206080260278e+01
-1.187277385490220549e+00 6.277850257941820430e-03 1.078633523786691129e+01
-1.187277385490220549e+00 6.180634063294809452e-03 1.048284918219231976e+01
-1.187277385490220549e+00 6.070865813895296587e-03 1.014216498655417986e+01
-1.187277385490220549e+00 5.948977654630617333e-03 9.543215647552687031e+00
-1.187277385490220549e+00 5.815444949188261319e-03 9.110329507400384941e+00
-1.187277385490220549e+00 5.670785506168312361e-03 8.834955424281016434e+00
-1.187277385490220549e+00 5.515558768526047755e-03 8.708941316749776007e+00
-1.187277385490220549e+00 5.350364963069346308e-03 8.723725499979378739e+00
-1.187277385490220549e+00 5.175844206315886875e-03 8.871284293664531972e+00
-1.187277385490220549e+00 4.992675562524960878e-03 9.141075397127753632e+00
-1.187277385490220549e+00 4.801576049144000609e-03 9.524373574034404655e+00
-1.187277385490220549e+00 4.603299584231934465e-03 1.001863848921426481e+01
-1.187277385490220549e+00 4.398635869617748169e-03 1.061768867388860826e+01
-1.187277385490220549e+00 4.545318944570812640e-03 1.068407153354844752e+01
-1.187277385490220549e+00 4.325791249000675819e-03 1.072652942149801980e+01
-1.187277385490220549e+00 4.101706510718782471e-03 1.091821393467050783e+01
-1.187277385490220549e+00 4.231972150078525639e-03 1.114917167191503822e+01
-1.187277385490220549e+00 3.995085624523867299e-03 1.151571086470516292e+01
-1.187277385490220549e+00 4.118059810953072358e-03 1.196043253610719681e+01
-1.187277385490220549e+00 3.869545444890715256e-03 1.248151096320727937e+01
-1.187277385490220549e+00 3.985098646406835463e-03 1.312449753614217940e+01
-1.187277385490220549e+00 3.726244524331473722e-03 1.336015216394999072e+01
-1.187277385490220549e+00 3.834292073192919169e-03 1.359849846989511413e+01
-1.187277385490220549e+00 3.566496628516466899e-03 1.391055803982977501e+01
-1.187277385490220549e+00 3.666998038023592827e-03 1.426971569249965377e+01
-1.187277385490220549e+00 3.768895870874913387e-03 1.476696294177291513e+01
-1.187277385490220549e+00 3.484724207395377589e-03 1.524318085158108893e+01
-1.187277385490220549e+00 3.578939143467407390e-03 1.584364198570212068e+01
-1.187277385490220549e+00 3.289122770162822632e-03 1.650095523669975606e+01
-1.187277385490220549e+00 3.375708440530735856e-03 1.718782494856989373e+01
-1.187277385490220549e+00 3.463419029810574281e-03 1.801038492991000695e+01
-1.187277385490220549e+00 3.161036644418158473e-03 1.878380044414809191e+01
-1.187277385490220549e+00 3.241089524520098311e-03 1.967160487793277923e+01
-1.187277385490220549e+00 2.936888487793471759e-03 2.062081472680444705e+01
-1.187277385490220549e+00 3.009427861257568150e-03 2.155546041337040819e+01
-1.117515586401599759e+00 1.708415953031247256e-02 2.180051269613655052e+01
-1.117515586401599759e+00 1.653609965330375686e-02 2.004330526364485365e+01
-1.117515586401599759e+00 1.663982998423442494e-02 1.855895092050513639e+01
-1.117515586401599759e+00 1.598528565964454570e-02 1.687625023942336355e+01
-1.117515586401599759e+00 1.600526993180761970e-02 1.528629079780543520e+01
-1.117515586401599759e+00 1.599248001370106101e-02 1.395090621989726465e+01
-1.117515586401599759e+00 1.519354612249788211e-02 1.284025063405045586e+01
-1.117515586401599759e+00 1.510225011742379921e-02 1.194858114907339619e+01
-1.117515586401599759e+00 1.497981804559117558e-02 1.127801028628997848e+01
-1.117515586401599759e+00 1.405752348760633957e-02 1.078726967174341844e+01
-1.117515586401599759e+00 1.386477423162762145e-02 1.048290070893480674e+01
-1.117515586401599759e+00 1.364372714265854603e-02 1.014153240302528936e+01
-1.117515586401599759e+00 1.339519971223165386e-02 9.542309095891898352e+00
-1.117515586401599759e+00 1.312010566318389145e-02 9.109118266622763471e+00
-1.117515586401599759e+00 1.281945391536084243e-02 8.833409325288510416e+00
-1.117515586401599759e+00 1.249434749871782512e-02 8.707053836567759220e+00
-1.117515586401599759e+00 1.214598240896324483e-02 8.721486232272532391e+00
-1.117515586401599759e+00 1.177564640025372845e-02 8.868700235654301878e+00
-1.117515586401599759e+00 1.138471770870617093e-02 9.138158542629316372e+00
-1.117515586401599759e+00 1.097466369961685832e-02 9.521144414719968196e+00
-1.117515586401599759e+00 1.054703943024299512e-02 1.001513576006690265e+01
-1.117515586401599759e+00 1.010348611877187781e-02 1.061395171561043327e+01
-1.117515586401599759e+00 1.044041112360885419e-02 1.067906080510053179e+01
-1.117515586401599759e+00 9.962114559586857099e-03 1.072205529303660754e+01
-1.117515586401599759e+00 9.471686014019042865e-03 1.091427246207779866e+01
-1.117515586401599759e+00 9.772496233181869954e-03 1.114393959927945410e+01
-1.117515586401599759e+00 9.251520103160047401e-03 1.151101141811604833e+01
-1.117515586401599759e+00 9.536294514736051373e-03 1.195436188609621198e+01
-1.117515586401599759e+00 8.987167069303232322e-03 1.247598469125277809e+01
-1.117515586401599759e+00 9.255543792669913838e-03 1.311752210874881008e+01
-1.117515586401599759e+00 8.680928367000833451e-03 1.335419423926662752e+01
-1.117515586401599759e+00 8.932643740420805056e-03 1.359158911450014706e+01
-1.117515586401599759e+00 8.335465494379183660e-03 1.390477721252561238e+01
-1.117515586401599759e+00 8.570353149784475794e-03 1.426292245673234760e+01
-1.117515586401599759e+00 8.808504466932223775e-03 1.475910224230507417e+01
-1.117515586401599759e+00 8.171783263505422515e-03 1.523645372631790451e+01
-1.117515586401599759e+00 8.392720127355864784e-03 1.583579605310455385e+01
-1.117515586401599759e+00 7.740390531966597279e-03 1.649426836345846681e+01
-1.117515586401599759e+00 7.944155167692432476e-03 1.717997768234618761e+01
-1.117515586401599759e+00 8.150567108582454715e-03 1.800132401988098962e+01
-1.117515586401599759e+00 7.466697398545150445e-03 1.877596990108131436e+01
-1.117515586401599759e+00 7.655790629292312695e-03 1.966253109731150062e+01
-1.117515586401599759e+00 6.964562045272755693e-03 2.061305898029826622e+01
-1.117515586401599759e+00 7.136582525218005194e-03 2.154645184435863570e+01
-1.055496916837953547e+00 4.793038846423346849e-02 2.180537282240280916e+01
-1.055496916837953547e+00 4.650521346437122561e-02 2.004790792751213502e+01
-1.055496916837953547e+00 4.685531462698053207e-02 1.856244648441102285e+01
-1.055496916837953547e+00 4.512809341667617380e-02 1.687987048266716172e+01
-1.055496916837953547e+00 4.524449501102682097e-02 1.528928732546313540e+01
-1.055496916837953547e+00 4.526966822904847365e-02 1.395318479092577135e+01
-1.055496916837953547e+00 4.312888428275710173e-02 1.284269303579015187e+01
-1.055496916837953547e+00 4.293196887029635672e-02 1.195021276565302770e+01
-1.055496916837953547e+00 4.264723219590616649e-02 1.127878017455684834e+01
-1.055496916837953547e+00 4.014502746877788436e-02 1.078821575498164087e+01
-1.055496916837953547e+00 3.965800495425315930e-02 1.048296459357393218e+01
-1.055496916837953547e+00 3.908990553728750733e-02 1.014091268917844957e+01
-1.055496916837953547e+00 3.844268752930336125e-02 9.541415514812078058e+00
-1.055496916837953547e+00 3.771858042043187836e-02 9.107920139413900884e+00
-1.055496916837953547e+00 3.692008355189407842e-02 8.831876536554782220e+00
-1.055496916837953547e+00 3.604996471682446468e-02 8.705179878834201190e+00
-1.055496916837953547e+00 3.511125868274531103e-02 8.719260734722407591e+00
-1.055496916837953547e+00 3.410726562799326622e-02 8.866130194410704490e+00
-1.055496916837953547e+00 3.304154948333612452e-02 9.135255950884992870e+00
-1.055496916837953547e+00 3.191793616876453105e-02 9.517929757586736983e+00
-1.055496916837953547e+00 3.074051171395800197e-02 1.001164775008553143e+01
-1.055496916837953547e+00 2.951362024915490934e-02 1.061022967171535747e+01
-1.055496916837953547e+00 3.049782278363732252e-02 1.067406571266963589e+01
-1.055496916837953547e+00 2.916820991966043164e-02 1.071759623815697715e+01
-1.055496916837953547e+00 2.779915943552646942e-02 1.091034553772072613e+01
-1.055496916837953547e+00 2.868202983789899102e-02 1.113872284530901702e+01
-1.055496916837953547e+00 2.722111270705306063e-02 1.150632681781558375e+01
-1.055496916837953547e+00 2.805901569674092155e-02 1.194830694620794276e+01
-1.055496916837953547e+00 2.651244851791832377e-02 1.247047369588501908e+01
-1.055496916837953547e+00 2.730416897963868286e-02 1.311056289713877909e+01
-1.055496916837953547e+00 2.567895311841972630e-02 1.334825165359249155e+01
-1.055496916837953547e+00 2.642354943346456389e-02 1.358469555018772645e+01
-1.055496916837953547e+00 2.472746408599825821e-02 1.389901123188879062e+01
-1.055496916837953547e+00 2.542426693008600913e-02 1.425614461284889423e+01
-1.055496916837953547e+00 2.613075154642508988e-02 1.475125753231310277e+01
-1.055496916837953547e+00 2.431447262725579608e-02 1.522974172583055008e+01
-1.055496916837953547e+00 2.497185219242782986e-02 1.582796591077983273e+01
-1.055496916837953547e+00 2.310334932061389179e-02 1.648759643970929645e+01
-1.055496916837953547e+00 2.371154157382382444e-02 1.717214608271184417e+01
-1.055496916837953547e+00 2.432763544591382693e-02 1.799227953711665151e+01
-1.055496916837953547e+00 2.236029160135743349e-02 1.876815492897072346e+01
-1.055496916837953547e+00 2.292656334824423950e-02 1.965347368994187960e+01
-1.055496916837953547e+00 2.092958196795414658e-02 2.060531870376076213e+01
-1.055496916837953547e+00 2.144653001318330698e-02 2.153745957391436860e+01
-1.000000000000000000e+00 inf 2.181024093936204622e+01
-1.000000000000000000e+00 inf 2.005251897277313944e+01
-1.000000000000000000e+00 inf 1.856595139698704600e+01
-1.000000000000000000e+00 inf 1.688350005913207141e+01
-1.000000000000000000e+00 inf 1.529229363850647871e+01
-1.000000000000000000e+00 inf 1.395547370449780900e+01
-1.000000000000000000e+00 inf 1.284514574698264155e+01
-1.000000000000000000e+00 inf 1.195185533964618152e+01
-1.000000000000000000e+00 inf 1.127956171021353704e+01
-1.000000000000000000e+00 inf 1.078917347212992439e+01
-1.000000000000000000e+00 inf 1.048304081990494474e+01
-1.000000000000000000e+00 inf 1.014030582830770122e+01
-1.000000000000000000e+00 inf 9.540534887619369186e+00
-1.000000000000000000e+00 inf 9.106735109022540797e+00
-1.000000000000000000e+00 inf 8.830357041174147881e+00
-1.000000000000000000e+00 inf 8.703319426466046949e+00
-1.000000000000000000e+00 inf 8.717048990000421327e+00
-1.000000000000000000e+00 inf 8.863574152355726099e+00
-1.000000000000000000e+00 inf 9.132367604057250787e+00
-1.000000000000000000e+00 inf 9.514729584534961759e+00
-1.000000000000000000e+00 inf 1.000817444092974107e+01
-1.000000000000000000e+00 inf 1.060652252363672154e+01
-1.000000000000000000e+00 inf 1.066908623714884286e+01
-1.000000000000000000e+00 inf 1.071315223846316300e+01
-1.000000000000000000e+00 inf 1.090643314383503082e+01
-1.000000000000000000e+00 inf 1.113352139159110799e+01
-1.000000000000000000e+00 inf 1.150165704591180393e+01
-1.000000000000000000e+00 inf 1.194226769777435315e+01
-1.000000000000000000e+00 inf 1.246497795886665649e+01
-1.000000000000000000e+00 inf 1.310361988220176599e+01
-1.000000000000000000e+00 inf 1.334232438878277804e+01
-1.000000000000000000e+00 inf 1.357781775854007122e+01
-1.000000000000000000e+00 inf 1.389326008052074357e+01
-1.000000000000000000e+00 inf 1.424938214302832584e+01
-1.000000000000000000e+00 inf 1.474342879348642832e+01
-1.000000000000000000e+00 inf 1.522304483266619535e+01
-1.000000000000000000e+00 inf 1.582015154068640150e+01
-1.000000000000000000e+00 inf 1.648093944820344348e+01
-1.000000000000000000e+00 inf 1.716433013175947764e+01
-1.000000000000000000e+00 inf 1.798325146300030752e+01
-1.000000000000000000e+00 inf 1.876035550998054191e+01
-1.000000000000000000e+00 inf 1.964443263722215960e+01
-1.000000000000000000e+00 inf 2.059759387941175746e+01
-1.000000000000000000e+00 inf 2.152848358345513802e+01
