-5.000000000000000000e-01 -5.594975757792824446e-03 1.048290445878912180e+01
-5.000000000000000000e-01 -5.634068488255325816e-03 1.008790060547358891e+01
-5.000000000000000000e-01 -5.535265102004274101e-03 9.539697100799006790e+00
-5.000000000000000000e-01 -5.562812908351067419e-03 9.071629716033875468e+00
-5.000000000000000000e-01 -5.585926327623572975e-03 8.692782974602502932e+00
-5.000000000000000000e-01 -5.604541385626190912e-03 8.400476103805260664e+00
-5.000000000000000000e-01 -5.474904486669063611e-03 8.190586972891875206e+00
-5.000000000000000000e-01 -5.481609472639950749e-03 8.049324861603384562e+00
-5.000000000000000000e-01 -5.483676193129755939e-03 7.985313227466595443e+00
-5.000000000000000000e-01 -5.481060450141155525e-03 7.995724900322958462e+00
-5.000000000000000000e-01 -5.473722617968926341e-03 8.077221517392496608e+00
-5.000000000000000000e-01 -5.306031750436263593e-03 8.221608887766707952e+00
-5.000000000000000000e-01 -5.286627680970793983e-03 8.423593294696864575e+00
-5.000000000000000000e-01 -5.262454107985297530e-03 8.687417166504056709e+00
-5.000000000000000000e-01 -5.233494017022222167e-03 9.009774652986141774e+00
-5.000000000000000000e-01 -5.199735659424397499e-03 9.159867640533313704e+00
-5.000000000000000000e-01 -5.161172697086899817e-03 9.108993606123711118e+00
-5.000000000000000000e-01 -5.117804355902745746e-03 9.117977277002424330e+00
-5.000000000000000000e-01 -5.241867837893710892e-03 9.171427798080479477e+00
-5.000000000000000000e-01 -5.191059683686835916e-03 9.276210402572715452e+00
-5.000000000000000000e-01 -5.135411062720506188e-03 9.436769757781249268e+00
-5.000000000000000000e-01 -5.074941094364866095e-03 9.652640977164990588e+00
-5.000000000000000000e-01 -5.192276897180805352e-03 9.911949598969950870e+00
-5.000000000000000000e-01 -5.124178389269757120e-03 1.020897168333921812e+01
-4.871794871794871140e-01 -5.718394335388068787e-03 1.049184723095512517e+01
-4.871794871794871140e-01 -5.759487059471409334e-03 1.009107028811862250e+01
-4.871794871794871140e-01 -5.796211826090848403e-03 9.539534471408069649e+00
-4.871794871794871140e-01 -5.690124220082458731e-03 9.073578764264624397e+00
-4.871794871794871140e-01 -5.714969617532148979e-03 8.690830900926922453e+00
-4.871794871794871140e-01 -5.735242133452898676e-03 8.394455094191631161e+00
-4.871794871794871140e-01 -5.750878467662313455e-03 8.181651577165709455e+00
-4.871794871794871140e-01 -5.613171672862011900e-03 8.041720473987261641e+00
-4.871794871794871140e-01 -5.616576029053898036e-03 7.973471255547950776e+00
-4.871794871794871140e-01 -5.615208065754730658e-03 7.979579978697270093e+00
-4.871794871794871140e-01 -5.609024669454619125e-03 8.056723848910303687e+00
-4.871794871794871140e-01 -5.597987403100042510e-03 8.202042924312918259e+00
-4.871794871794871140e-01 -5.421322241692234922e-03 8.402361140306883414e+00
-4.871794871794871140e-01 -5.397919489799679268e-03 8.662086017697953721e+00
-4.871794871794871140e-01 -5.369621574205033984e-03 8.980400916899117902e+00
-4.871794871794871140e-01 -5.336413293914497695e-03 9.128707874359225372e+00
-4.871794871794871140e-01 -5.298284872990414660e-03 9.078531573217473394e+00
-4.871794871794871140e-01 -5.428299299528697129e-03 9.084395038068930006e+00
-4.871794871794871140e-01 -5.382627060760917202e-03 9.133180968593572757e+00
-4.871794871794871140e-01 -5.331976872096731192e-03 9.238463206757346668e+00
-4.871794871794871140e-01 -5.276358350489977408e-03 9.399536447249802862e+00
-4.871794871794871140e-01 -5.215787271214325678e-03 9.615964149405646921e+00
-4.871794871794871140e-01 -5.336379525470172185e-03 9.866116129219268061e+00
-4.871794871794871140e-01 -5.268002788959943311e-03 1.016366105183985269e+01
-4.871794871794871140e-01 -5.194678552348541353e-03 1.051249551292021778e+01
-4.750000000000000333e-01 -5.969943373063963526e-03 1.050045342223177869e+01
-4.750000000000000333e-01 -5.880857869051158045e-03 1.009520872183538209e+01
-4.750000000000000333e-01 -5.919484726866677121e-03 9.540041956777139731e+00
-4.750000000000000333e-01 -5.813409988329082921e-03 9.076496797618160528e+00
-4.750000000000000333e-01 -5.839961554194465776e-03 8.689869409453693905e+00
-4.750000000000000333e-01 -5.861869252091363863e-03 8.389448098866822079e+00
-4.750000000000000333e-01 -5.879066408757438120e-03 8.172453470284544608e+00
-4.750000000000000333e-01 -5.740726044012716897e-03 8.035139065302661976e+00
-4.750000000000000333e-01 -5.745459478424411702e-03 7.962678503053025381e+00
-4.750000000000000333e-01 -5.745334612702414356e-03 7.964511418510672236e+00
-4.750000000000000333e-01 -5.740304918548809823e-03 8.037330320997570610e+00
-4.750000000000000333e-01 -5.730328538591666736e-03 8.178306140359724807e+00
-4.750000000000000333e-01 -5.552117776713335652e-03 8.382240649279227185e+00
-4.750000000000000333e-01 -5.529499916133897262e-03 8.637893474101931091e+00
-4.750000000000000333e-01 -5.501882433598118821e-03 8.952192526218571089e+00
-4.750000000000000333e-01 -5.469246723423915914e-03 9.098720181834661247e+00
-4.750000000000000333e-01 -5.431579614155763319e-03 9.049226863017032940e+00
-4.750000000000000333e-01 -5.564864955669102109e-03 9.046837934762329780e+00
-4.750000000000000333e-01 -5.519508146243584309e-03 9.096121690387755976e+00
-4.750000000000000333e-01 -5.469053299949937046e-03 9.201893333549435283e+00
-4.750000000000000333e-01 -5.413506680892785951e-03 9.363471055593143078e+00
-4.750000000000000333e-01 -5.540134135705448992e-03 9.575258377729113590e+00
-4.750000000000000333e-01 -5.476642676851769392e-03 9.821492712789270385e+00
-4.750000000000000333e-01 -5.408040558507906832e-03 1.011955330797518648e+01
-4.750000000000000333e-01 -5.334355509469999868e-03 1.046899957149215155e+01
-4.634146341463414309e-01 -6.086725253150141769e-03 1.050547865734090891e+01
-4.634146341463414309e-01 -5.998021934188048181e-03 1.010030477063155807e+01
-4.634146341463414309e-01 -6.038513086623458967e-03 9.541525027904995682e+00
-4.634146341463414309e-01 -6.074436205598630900e-03 9.074691233765681986e+00
-4.634146341463414309e-01 -5.960737467753781695e-03 8.689887287844891617e+00
-4.634146341463414309e-01 -5.984255578009425001e-03 8.385443724459522130e+00
-4.634146341463414309e-01 -6.002992457360177905e-03 8.164282785030650302e+00
-4.634146341463414309e-01 -6.016882328879506400e-03 8.023660362865324913e+00
-4.634146341463414309e-01 -5.870154587846956699e-03 7.952923286964474592e+00
-4.634146341463414309e-01 -5.871265909535754515e-03 7.950507301152062389e+00
-4.634146341463414309e-01 -5.867387017799672276e-03 8.019028770499158298e+00
-4.634146341463414309e-01 -5.858472707812182115e-03 8.155689322373627093e+00
-4.634146341463414309e-01 -5.844482554273985019e-03 8.357073945922746105e+00
-4.634146341463414309e-01 -5.657015651032512235e-03 8.614827035680342249e+00
-4.634146341463414309e-01 -5.630095050093252354e-03 8.925136737317863833e+00
-4.634146341463414309e-01 -5.598052678850839320e-03 9.069891797087652918e+00
-4.634146341463414309e-01 -5.737129433408483248e-03 9.018545491678288784e+00
-4.634146341463414309e-01 -5.697330060791154678e-03 9.010466838805028189e+00
-4.634146341463414309e-01 -5.652320132875916607e-03 9.060237288112476861e+00
-4.634146341463414309e-01 -5.602096587262839905e-03 9.166488242544934550e+00
-4.634146341463414309e-01 -5.546662363738850618e-03 9.328561160664401442e+00
-4.634146341463414309e-01 -5.676404466081579059e-03 9.531399146460078242e+00
-4.634146341463414309e-01 -5.612866959398885199e-03 9.778066633462838553e+00
-4.634146341463414309e-01 -5.544091257771694738e-03 1.007663581230227479e+01
-4.634146341463414309e-01 -5.470101828514925719e-03 1.042668680644377410e+01
-4.523809523809524391e-01 -6.064025753840756976e-03 1.021955865612623704e+01
-4.523809523809524391e-01 -5.973547821327017740e-03 9.635100086700120414e+00
-4.523809523809524391e-01 -6.012739052047855193e-03 9.138204141009012460e+00
-4.523809523809524391e-01 -6.047313591721011940e-03 8.733184798505661206e+00
-4.523809523809524391e-01 -6.077190243282901312e-03 8.417384077666275388e+00
-4.523809523809524391e-01 -5.953655447748889586e-03 8.173599167551808264e+00
-4.523809523809524391e-01 -5.970871833880517579e-03 8.012445277621594641e+00
-4.523809523809524391e-01 -5.983189525600602840e-03 7.931265048064227052e+00
-4.523809523809524391e-01 -5.834140034581531027e-03 7.925670195648158334e+00
-4.523809523809524391e-01 -5.833553292156231501e-03 7.980516591458107989e+00
-4.523809523809524391e-01 -5.827923244728777652e-03 8.105365256894467407e+00
-4.523809523809524391e-01 -5.817204365394329675e-03 8.297348463814270048e+00
-4.523809523809524391e-01 -5.801355990251168618e-03 8.552911923109853376e+00
-4.523809523809524391e-01 -5.780342450094169346e-03 8.869061453353101143e+00
-4.523809523809524391e-01 -5.754133209643577489e-03 9.012946088965732017e+00
-4.523809523809524391e-01 -5.722703014933959442e-03 8.947319200138220907e+00
-4.523809523809524391e-01 -5.686032049555741173e-03 8.941363465113475684e+00
-4.523809523809524391e-01 -5.644106100518043838e-03 8.993514477692013287e+00
-4.523809523809524391e-01 -5.596916734588599542e-03 9.103493008928998265e+00
-4.523809523809524391e-01 -5.730969870663639096e-03 9.263999632747719204e+00
-4.523809523809524391e-01 -5.675686802898107473e-03 9.464233201024262243e+00
-4.523809523809524391e-01 -5.615084608949384194e-03 9.717697785439751712e+00
-4.523809523809524391e-01 -5.549175580813596811e-03 1.002316776572409118e+01
-4.523809523809524391e-01 -5.477978671426984858e-03 1.038064312134906864e+01
-4.418604651162790775e-01 -6.170686661521766932e-03 1.022337400543647945e+01
-4.418604651162790775e-01 -6.080603810844172584e-03 9.641178329491435051e+00
-4.418604651162790775e-01 -6.121521219464893734e-03 9.140354739249945126e+00
-4.418604651162790775e-01 -6.157767784326344945e-03 8.731203034883645131e+00
-4.418604651162790775e-01 -6.189259260435416195e-03 8.411087400342236009e+00
-4.418604651162790775e-01 -6.065594777577835994e-03 8.169587938595496368e+00
-4.418604651162790775e-01 -6.084240301969399446e-03 8.004015970508177702e+00
-4.418604651162790775e-01 -6.097919264197181749e-03 7.918313753559514723e+00
-4.418604651162790775e-01 -6.106566433526194014e-03 7.909234337901124512e+00
-4.418604651162790775e-01 -5.948833496992962135e-03 7.965832767860106856e+00
-4.418604651162790775e-01 -5.944274276131884978e-03 8.086207024789985098e+00
-4.418604651162790775e-01 -5.934544289001490204e-03 8.273715697838076366e+00
-4.418604651162790775e-01 -5.919599664346324695e-03 8.524820394656847711e+00
-4.418604651162790775e-01 -5.899401514276475869e-03 8.836558396433339624e+00
-4.418604651162790775e-01 -5.873916075351604156e-03 8.978300321945772211e+00
-4.418604651162790775e-01 -5.843114857979301267e-03 8.913089435804812055e+00
-4.418604651162790775e-01 -5.806974804835727047e-03 8.907510167914379551e+00
-4.418604651162790775e-01 -5.765478459094701587e-03 8.960006991217914774e+00
-4.418604651162790775e-01 -5.718614143340643510e-03 9.070336635968928363e+00
-4.418604651162790775e-01 -5.855582084132107332e-03 9.221800788184129516e+00
-4.418604651162790775e-01 -5.800486921308117133e-03 9.422280351116981478e+00
-4.418604651162790775e-01 -5.739959690585933264e-03 9.676050402893750402e+00
-4.418604651162790775e-01 -5.674009448234992349e-03 9.981892994657732388e+00
-4.418604651162790775e-01 -5.803696905923215466e-03 1.033257212110005518e+01
-4.318181818181818232e-01 -6.273013649612456735e-03 1.022817581064085957e+01
-4.318181818181818232e-01 -6.323483796032828598e-03 9.642341419175581407e+00
-4.318181818181818232e-01 -6.225968105369223890e-03 9.143494547916873216e+00
-4.318181818181818232e-01 -6.263849266809517341e-03 8.730233647652424267e+00
-4.318181818181818232e-01 -6.296921541829564317e-03 8.405828224714412045e+00
-4.318181818181818232e-01 -6.173193062114028760e-03 8.166599542499071163e+00
-4.318181818181818232e-01 -6.193243442781119247e-03 7.996636610391815836e+00
-4.318181818181818232e-01 -6.208263100675781403e-03 7.906440745983646323e+00
-4.318181818181818232e-01 -6.218183752640742655e-03 7.892781321124830107e+00
-4.318181818181818232e-01 -6.059804863410979230e-03 7.952240016561832547e+00
-4.318181818181818232e-01 -6.056310219557571421e-03 8.068169013366611964e+00
-4.318181818181818232e-01 -6.047566928941310038e-03 8.251232601086265106e+00
-4.318181818181818232e-01 -6.033527987763941287e-03 8.497908056943323629e+00
-4.318181818181818232e-01 -6.014151360722133285e-03 8.805263954101242518e+00
-4.318181818181818232e-01 -5.989400123725498355e-03 8.944872290146019367e+00
-4.318181818181818232e-01 -5.959242615069038247e-03 8.880064100615065570e+00
-4.318181818181818232e-01 -5.923652595782264406e-03 8.874849548776081676e+00
-4.318181818181818232e-01 -5.882609419957241306e-03 8.927681766595464197e+00
-4.318181818181818232e-01 -6.025212957935593104e-03 9.033939595013448454e+00
-4.318181818181818232e-01 -5.975880046801646146e-03 9.180824072655850543e+00
-4.318181818181818232e-01 -5.921007356067197261e-03 9.381542589479922256e+00
-4.318181818181818232e-01 -5.860594296070811317e-03 9.635611535517567106e+00
-4.318181818181818232e-01 -5.794646719647064681e-03 9.941820418693291472e+00
-4.318181818181818232e-01 -5.927091511663792715e-03 1.028284798717711901e+01
-4.222222222222222765e-01 -6.371020438984614960e-03 1.023395259793892720e+01
-4.222222222222222765e-01 -6.423228780544333605e-03 9.644303492646621123e+00
-4.222222222222222765e-01 -6.326089752895750103e-03 9.147612157500390140e+00
-4.222222222222222765e-01 -6.365566850511392670e-03 8.730265057060083933e+00
-4.222222222222222765e-01 -6.400184595268023843e-03 8.401594774952119593e+00
-4.222222222222222765e-01 -6.429856853024275634e-03 8.158874706069765281e+00
-4.222222222222222765e-01 -6.297884339872544292e-03 7.990295326472634407e+00
-4.222222222222222765e-01 -6.314222575799262847e-03 7.895633910976056491e+00
-4.222222222222222765e-01 -6.325398320777240145e-03 7.877423507763213095e+00
-4.222222222222222765e-01 -6.331344694023850576e-03 7.932826503542987240e+00
-4.222222222222222765e-01 -6.164025911819547877e-03 8.051238718616133383e+00
-4.222222222222222765e-01 -6.156265297572930013e-03 8.229886402891734676e+00
-4.222222222222222765e-01 -6.143132088396302364e-03 8.472161870157554731e+00
-4.222222222222222765e-01 -6.124581175062444177e-03 8.775164816775761878e+00
-4.222222222222222765e-01 -6.100572542827138560e-03 8.912648641081194256e+00
-4.222222222222222765e-01 -6.071071424153201210e-03 8.848230044476697032e+00
-4.222222222222222765e-01 -6.036048460750923113e-03 8.843368631879910069e+00
-4.222222222222222765e-01 -5.995479875751975017e-03 8.896525977611666747e+00
-4.222222222222222765e-01 -6.140819567906218197e-03 8.993972034086997525e+00
-4.222222222222222765e-01 -6.091841953131686173e-03 9.141056417064703510e+00
-4.222222222222222765e-01 -6.037224028445072575e-03 9.342006938586235876e+00
-4.222222222222222765e-01 -5.976962039769275273e-03 9.596368285298860101e+00
-4.222222222222222765e-01 -6.115153129339840829e-03 9.901069874987003416e+00
-4.222222222222222765e-01 -6.046164224431887710e-03 1.023436871942381465e+01
-4.130434782608695676e-01 -6.464744693831478949e-03 1.024069303843824130e+01
-4.130434782608695676e-01 -6.518642952111625491e-03 9.647248333592635561e+00
-4.130434782608695676e-01 -6.567824043835168886e-03 9.148123014149494026e+00
-4.130434782608695676e-01 -6.462953735659957011e-03 8.731285827919840870e+00
-4.130434782608695676e-01 -6.499080576232809693e-03 8.398375421722754197e+00
-4.130434782608695676e-01 -6.530211931292031514e-03 8.151259723328019291e+00
-4.130434782608695676e-01 -6.398190726062347178e-03 7.984980395339892567e+00
-4.130434782608695676e-01 -6.415824083884268982e-03 7.885881284265213509e+00
-4.130434782608695676e-01 -6.428235110182653825e-03 7.863148680281237368e+00
-4.130434782608695676e-01 -6.435354026287198013e-03 7.913974948285353861e+00
-4.130434782608695676e-01 -6.437115504490209354e-03 8.034918998280621949e+00
-4.130434782608695676e-01 -6.260657389172820907e-03 8.209664490397170056e+00
-4.130434782608695676e-01 -6.248428186719531645e-03 8.447568955439400895e+00
-4.130434782608695676e-01 -6.230705328347280365e-03 8.746247838987333267e+00
-4.130434782608695676e-01 -6.207445780670809050e-03 8.881616186448214378e+00
-4.130434782608695676e-01 -6.178611738894455689e-03 8.817574278281801625e+00
-4.130434782608695676e-01 -6.144170790320078492e-03 8.813054599701819924e+00
-4.130434782608695676e-01 -6.294942381694678020e-03 8.862558018582014085e+00
-4.130434782608695676e-01 -6.252068805026693259e-03 8.955208100757612755e+00
-4.130434782608695676e-01 -6.203471970685781219e-03 9.102484910157247811e+00
-4.130434782608695676e-01 -6.149138800916100107e-03 9.303660577503380935e+00
-4.130434782608695676e-01 -6.089062423840986733e-03 9.558307909792038259e+00
-4.130434782608695676e-01 -6.229845344196669778e-03 9.853545275682686011e+00
-4.130434782608695676e-01 -6.160912068716046033e-03 1.018712119401108396e+01
-4.042553191489361430e-01 -6.554243233108920583e-03 1.024838594602969621e+01
-4.042553191489361430e-01 -6.609782656877059501e-03 9.651164643259249942e+00
-4.042553191489361430e-01 -6.660567351451757503e-03 9.148037965078469114e+00
-4.042553191489361430e-01 -6.556062740383768704e-03 8.733284667511295396e+00
-4.042553191489361430e-01 -6.593661494249728611e-03 8.396158680069772728e+00
-4.042553191489361430e-01 -6.626218012118707638e-03 8.144673561302166576e+00
-4.042553191489361430e-01 -6.653644638140836405e-03 7.975988156210301661e+00
-4.042553191489361430e-01 -6.513114156275446980e-03 7.877171049498993938e+00
-4.042553191489361430e-01 -6.526739413810736697e-03 7.849944771912789498e+00
-4.042553191489361430e-01 -6.535013460432679937e-03 7.896223615799575768e+00
-4.042553191489361430e-01 -6.537868131772472773e-03 8.012581174969978903e+00
-4.042553191489361430e-01 -6.360781596531038355e-03 8.190554406273795607e+00
-4.042553191489361430e-01 -6.349453025182553653e-03 8.424116592554213412e+00
-4.042553191489361430e-01 -6.332558823254210746e-03 8.718500037006561953e+00
-4.042553191489361430e-01 -6.310053012308886045e-03 8.851761899759505781e+00
-4.042553191489361430e-01 -6.281894820712293805e-03 8.788083971596341470e+00
-4.042553191489361430e-01 -6.248048848397574385e-03 8.783894790747972081e+00
-4.042553191489361430e-01 -6.401369499793407684e-03 8.824810192504438433e+00
-4.042553191489361430e-01 -6.358988513244946857e-03 8.917634936478627594e+00
-4.042553191489361430e-01 -6.310795726159331570e-03 9.065096796283143021e+00
-4.042553191489361430e-01 -6.256775006888664996e-03 9.266490839670439073e+00
-4.042553191489361430e-01 -6.196916415871454691e-03 9.521417819910539038e+00
-4.042553191489361430e-01 -6.340192987780226240e-03 9.807244495403937279e+00
-4.042553191489361430e-01 -6.271354001205350741e-03 1.014109244446655111e+01
-4.042553191489361430e-01 -6.196615774838724368e-03 1.052430268859847118e+01
-3.958333333333333703e-01 -6.639588094172524900e-03 1.025702027529879423e+01
-3.958333333333333703e-01 -6.696719699360356368e-03 9.656041264171784988e+00
-3.958333333333333703e-01 -6.749061836320042508e-03 9.148934557700332704e+00
-3.958333333333333703e-01 -6.796510579955400942e-03 8.733329458620142205e+00
-3.958333333333333703e-01 -6.683995254863324756e-03 8.394933207326175761e+00
-3.958333333333333703e-01 -6.717942303343124241e-03 8.139104665426803109e+00
-3.958333333333333703e-01 -6.746713238420781050e-03 7.965943043314037908e+00
-3.958333333333333703e-01 -6.606155552012158046e-03 7.869491536111283381e+00
-3.958333333333333703e-01 -6.620972927729938153e-03 7.837799864487672963e+00
-3.958333333333333703e-01 -6.630383525896058582e-03 7.879560330017818970e+00
-3.958333333333333703e-01 -6.634316431800866241e-03 7.991360960128320201e+00
-3.958333333333333703e-01 -6.632705244569559941e-03 8.170390858512917021e+00
-3.958333333333333703e-01 -6.446260055757560559e-03 8.401792217605638768e+00
-3.958333333333333703e-01 -6.430193491372747892e-03 8.691908586512658630e+00
-3.958333333333333703e-01 -6.408444350178458399e-03 8.823072914015860135e+00
-3.958333333333333703e-01 -6.380968965551362705e-03 8.759746450387979166e+00
-3.958333333333333703e-01 -6.539496315251848609e-03 8.751401026377953585e+00
-3.958333333333333703e-01 -6.503495718397163568e-03 8.788248513885069002e+00
-3.958333333333333703e-01 -6.461624146390789261e-03 8.881239837565585660e+00
-3.958333333333333703e-01 -6.413856513135162730e-03 9.028879473190508875e+00
-3.958333333333333703e-01 -6.360173690339699683e-03 9.230485210712158661e+00
-3.958333333333333703e-01 -6.508944654161869653e-03 9.477982260740242637e+00
-3.958333333333333703e-01 -6.446235663084010255e-03 9.762154669198499946e+00
-3.958333333333333703e-01 -6.377527140489554908e-03 1.009626965944954335e+01
-3.958333333333333703e-01 -6.302821392586281310e-03 1.047985957208163477e+01
-3.877551020408163129e-01 -6.863898085789656850e-03 1.026172918653330868e+01
-3.877551020408163129e-01 -6.779538063070239887e-03 9.661867178083342722e+00
-3.877551020408163129e-01 -6.833391355125089349e-03 9.150801630040351853e+00
-3.877551020408163129e-01 -6.882316826840366442e-03 8.731036403611945218e+00
-3.877551020408163129e-01 -6.770162377689505247e-03 8.394687801062973520e+00
-3.877551020408163129e-01 -6.805464814306147470e-03 8.134541623567077551e+00
-3.877551020408163129e-01 -6.835548046908033332e-03 7.956930952298551851e+00
-3.877551020408163129e-01 -6.860323248212030559e-03 7.859107778913823950e+00
-3.877551020408163129e-01 -6.711010486901256185e-03 7.826702186294956398e+00
-3.877551020408163129e-01 -6.721538050018275104e-03 7.863973064253351630e+00
-3.877551020408163129e-01 -6.726533114147667698e-03 7.971246064758440220e+00
-3.877551020408163129e-01 -6.725926583665733059e-03 8.145740828494529850e+00
-3.877551020408163129e-01 -6.538916246400412746e-03 8.380583420786804183e+00
-3.877551020408163129e-01 -6.523674804233298152e-03 8.666460820300951440e+00
-3.877551020408163129e-01 -6.502683662436468080e-03 8.795536519418241994e+00
-3.877551020408163129e-01 -6.475896332293838362e-03 8.732549194791857872e+00
-3.877551020408163129e-01 -6.636782036022524298e-03 8.715858813369960600e+00
-3.877551020408163129e-01 -6.601382863324726201e-03 8.752860315362369192e+00
-3.877551020408163129e-01 -6.560035548989960781e-03 8.846010253004862989e+00
-3.877551020408163129e-01 -6.512712092828596734e-03 8.993820489857572653e+00
-3.877551020408163129e-01 -6.459390429414325896e-03 9.195631326289053220e+00
-3.877551020408163129e-01 -6.610482174180236196e-03 9.433920644942084266e+00
-3.877551020408163129e-01 -6.548027900283491520e-03 9.718263085663799927e+00
-3.877551020408163129e-01 -6.479483573877379936e-03 1.005264018056277031e+01
-3.877551020408163129e-01 -6.404848489023012501e-03 1.043660466566932676e+01
-3.799999999999999489e-01 -6.942024976244879839e-03 1.026645345527832376e+01
-3.799999999999999489e-01 -6.858331192569475619e-03 9.668631503957442419e+00
-3.799999999999999489e-01 -6.913649406342240247e-03 9.153628158433885886e+00
-3.799999999999999489e-01 -6.964008082331745418e-03 8.729725922530167992e+00
-3.799999999999999489e-01 -7.009302181129761604e-03 8.394389217315442409e+00
-3.799999999999999489e-01 -6.888875607418109767e-03 8.130973163973267859e+00
-3.799999999999999489e-01 -6.920238672521400979e-03 7.948940386070261432e+00
-3.799999999999999489e-01 -6.946251170820315866e-03 7.846589993125661522e+00
-3.799999999999999489e-01 -6.796937336731135454e-03 7.816640109981900508e+00
-3.799999999999999489e-01 -6.808561420435201711e-03 7.849449939058644965e+00
-3.799999999999999489e-01 -6.814601594054533855e-03 7.952224350093835881e+00
-3.799999999999999489e-01 -6.814986151050892588e-03 8.122213356260951755e+00
-3.799999999999999489e-01 -6.809647962706227506e-03 8.355909436520843059e+00
-3.799999999999999489e-01 -6.613079190549663727e-03 8.642144226028566578e+00
-3.799999999999999489e-01 -6.592845893287782241e-03 8.769140161117549681e+00
-3.799999999999999489e-01 -6.758697172790800907e-03 8.700703980736260945e+00
-3.799999999999999489e-01 -6.729893126830511184e-03 8.681486417415356982e+00
-3.799999999999999489e-01 -6.695104332149859165e-03 8.718633081801508311e+00
-3.799999999999999489e-01 -6.654294235312322413e-03 8.811933782298250861e+00
-3.799999999999999489e-01 -6.607431986638797120e-03 8.959907544360039111e+00
-3.799999999999999489e-01 -6.763815498018067168e-03 9.156705018923974038e+00
-3.799999999999999489e-01 -6.707808927724413783e-03 9.391049598804450227e+00
-3.799999999999999489e-01 -6.645636421857451653e-03 9.675557184787184184e+00
-3.799999999999999489e-01 -6.577287644626984842e-03 1.001019150019999415e+01
-3.799999999999999489e-01 -6.502758927258035088e-03 1.039452551080291443e+01
-3.799999999999999489e-01 -6.648067490941210120e-03 1.050066487882383015e+01
-3.725490196078431460e-01 -7.016208146667676608e-03 1.027212161917382716e+01
-3.725490196078431460e-01 -7.081392170604539765e-03 9.673296247799445524e+00
-3.725490196078431460e-01 -6.989936849731617947e-03 9.157403255534516617e+00
-3.725490196078431460e-01 -7.041685308647713942e-03 8.729386959257666945e+00
-3.725490196078431460e-01 -7.088337821538618494e-03 8.389759347017729851e+00
-3.725490196078431460e-01 -6.968272504870438172e-03 8.128388153269352046e+00
-3.725490196078431460e-01 -7.000882633572584959e-03 7.941959988314565067e+00
-3.725490196078431460e-01 -7.028102654720275004e-03 7.835110284221515897e+00
-3.725490196078431460e-01 -7.049842901279279248e-03 7.804695703771641568e+00
-3.725490196078431460e-01 -6.891546289374527075e-03 7.835979220119260624e+00
-3.725490196078431460e-01 -6.898613688393504147e-03 7.934283825450588523e+00
-3.725490196078431460e-01 -6.899974810261347291e-03 8.099796189649165257e+00
-3.725490196078431460e-01 -6.895559965084336121e-03 8.329023637717144268e+00
-3.725490196078431460e-01 -6.698491774268225049e-03 8.618946443997783646e+00
-3.725490196078431460e-01 -6.679014801051310832e-03 8.743871437001965674e+00
-3.725490196078431460e-01 -6.847033767140256466e-03 8.667325580987139233e+00
-3.725490196078431460e-01 -6.818913907860037378e-03 8.648271341459718542e+00
-3.725490196078431460e-01 -6.784742782640408067e-03 8.685554448146696416e+00
-3.725490196078431460e-01 -6.744481084409151631e-03 8.778998173343087075e+00
-3.725490196078431460e-01 -6.698095179800747472e-03 8.927128481773481283e+00
-3.725490196078431460e-01 -6.856624491322674785e-03 9.114915191819337181e+00
-3.725490196078431460e-01 -6.801003693181080154e-03 9.349356654496919106e+00
-3.725490196078431460e-01 -6.739137817090404096e-03 9.634024555821563141e+00
-3.725490196078431460e-01 -6.671013642235698593e-03 9.968911259429102500e+00
-3.725490196078431460e-01 -6.821766254527098991e-03 1.034988354761951257e+01
-3.725490196078431460e-01 -6.744030644431724814e-03 1.045293630704906462e+01
-3.653846153846153633e-01 -7.086555811642882702e-03 1.027872288463595396e+01
-3.653846153846153633e-01 -7.153171038925976860e-03 9.676069998484543078e+00
-3.653846153846153633e-01 -7.062360008257006355e-03 9.162116168355334267e+00
-3.653846153846153633e-01 -7.115455067992039646e-03 8.730008593547205820e+00
-3.653846153846153633e-01 -7.163425395931404156e-03 8.386114691048144110e+00
-3.653846153846153633e-01 -7.043759172657522091e-03 8.126775594474949571e+00
-3.653846153846153633e-01 -7.077583426469071133e-03 7.935978541485874338e+00
-3.653846153846153633e-01 -7.105980910893123538e-03 7.824657199049264378e+00
-3.653846153846153633e-01 -7.128859637662374703e-03 7.789683240187021518e+00
-3.653846153846153633e-01 -6.970591645909381476e-03 7.823549316182381475e+00
-3.653846153846153633e-01 -6.978667678865985158e-03 7.917412646114787123e+00
-3.653846153846153633e-01 -6.980990016038887518e-03 8.078477225450891197e+00
-3.653846153846153633e-01 -6.977486487291934859e-03 8.303265013011191797e+00
-3.653846153846153633e-01 -6.968089566224002808e-03 8.588938742206295274e+00
-3.653846153846153633e-01 -6.952736512457624238e-03 8.711946659532003423e+00
-3.653846153846153633e-01 -6.931369522450952017e-03 8.635101960171761348e+00
-3.653846153846153633e-01 -6.903935889560914446e-03 8.616201238408677909e+00
-3.653846153846153633e-01 -6.870388174165516920e-03 8.653612197308399701e+00
-3.653846153846153633e-01 -6.830684384744662406e-03 8.747191320346830778e+00
-3.653846153846153633e-01 -6.994287794753428072e-03 8.891430792417276407e+00
-3.653846153846153633e-01 -6.945369316559490275e-03 9.074296162868265014e+00
-3.653846153846153633e-01 -6.890153040154957040e-03 9.308829492060031185e+00
-3.653846153846153633e-01 -6.828616561841375533e-03 9.593652935195489562e+00
-3.653846153846153633e-01 -6.760743833089311559e-03 9.928787245909482806e+00
-3.653846153846153633e-01 -6.913524182303169840e-03 1.030020061257830122e+01
-3.653846153846153633e-01 -6.835940367617522780e-03 1.040638927199445618e+01
-3.653846153846153633e-01 -6.751942395469097066e-03 1.053130458114510049e+01
-3.584905660377358250e-01 -7.153179828451293638e-03 1.028624659200447944e+01
-3.584905660377358250e-01 -7.221176746273373116e-03 9.679785316724847988e+00
-3.584905660377358250e-01 -7.284258305418272322e-03 9.166951137869805422e+00
-3.584905660377358250e-01 -7.185427924182649119e-03 8.731580039079386069e+00
-3.584905660377358250e-01 -7.234675716042327301e-03 8.383444273782172829e+00
-3.584905660377358250e-01 -7.278664520730759521e-03 8.120743407867504260e+00
-3.584905660377358250e-01 -7.150448909817918274e-03 7.930984964831040429e+00
-3.584905660377358250e-01 -7.179993632757170410e-03 7.815219423811978317e+00
-3.584905660377358250e-01 -7.203983464088486999e-03 7.775714429973490383e+00
-3.584905660377358250e-01 -7.222328209777800247e-03 7.809744005352343699e+00
-3.584905660377358250e-01 -7.054866682954050866e-03 7.901599111265124264e+00
-3.584905660377358250e-01 -7.058134177062283000e-03 8.058244507293476744e+00
-3.584905660377358250e-01 -7.055529108314260826e-03 8.278621347765152905e+00
-3.584905660377358250e-01 -7.046981513915392785e-03 8.559921794874545853e+00
-3.584905660377358250e-01 -7.032426180979512234e-03 8.680689745191452644e+00
-3.584905660377358250e-01 -7.011802797501855491e-03 8.604020768826696752e+00
-3.584905660377358250e-01 -6.985056112624540674e-03 8.585263909016994432e+00
-3.584905660377358250e-01 -6.952136107007900190e-03 8.622794258085672681e+00
-3.584905660377358250e-01 -6.912998174213219431e-03 8.716501261776151921e+00
-3.584905660377358250e-01 -7.078573102138678054e-03 8.851940948847921931e+00
-3.584905660377358250e-01 -7.030144513651764675e-03 9.034835693752793162e+00
-3.584905660377358250e-01 -6.975349636429744454e-03 9.269455937340719487e+00
-3.584905660377358250e-01 -6.914163331065462451e-03 9.554430204457917242e+00
-3.584905660377358250e-01 -6.846566780058463246e-03 9.889807391843920215e+00
-3.584905660377358250e-01 -7.001286569684831221e-03 1.025171622682442951e+01
-3.584905660377358250e-01 -6.923884922931600010e-03 1.036101158032116487e+01
-3.584905660377358250e-01 -7.076894334946631435e-03 1.048225443171156179e+01
-3.518518518518518601e-01 -7.216194395865284557e-03 1.029468221361386426e+01
-3.518518518518518601e-01 -7.285524234607881552e-03 9.684431560601851174e+00
-3.518518518518518601e-01 -7.349919720141377850e-03 9.167590140058237580e+00
-3.518518518518518601e-01 -7.251717111221378000e-03 8.734090641552709755e+00
-3.518518518518518601e-01 -7.302202367800429694e-03 8.381737253451312597e+00
-3.518518518518518601e-01 -7.347402668310090701e-03 8.114666897246543442e+00
-3.518518518518518601e-01 -7.219589952868900318e-03 7.926968312445263010e+00
-3.518518518518518601e-01 -7.250251631946748494e-03 7.806785782089203707e+00
-3.518518518518518601e-01 -7.275325018608818500e-03 7.762777854580333425e+00
-3.518518518518518601e-01 -7.294717729881849445e-03 7.792246709578050989e+00
-3.518518518518518601e-01 -7.127317283947875830e-03 7.886831661929416093e+00
-3.518518518518518601e-01 -7.131513277506830797e-03 8.039086223555344191e+00
-3.518518518518518601e-01 -7.129793092615084593e-03 8.255080575039544399e+00
-3.518518518518518601e-01 -7.122084407874748613e-03 8.532036155756914653e+00
-3.518518518518518601e-01 -7.108319614296012591e-03 8.650573929436109921e+00
-3.518518518518518601e-01 -7.088435966315210709e-03 8.574069805579627612e+00
-3.518518518518518601e-01 -7.062375742138441923e-03 8.555447299811460127e+00
-3.518518518518518601e-01 -7.030086414228677028e-03 8.593088703121585681e+00
-3.518518518518518601e-01 -7.200506566816308913e-03 8.682930406422880054e+00
-3.518518518518518601e-01 -7.158976474329803788e-03 8.813602876835746613e+00
-3.518518518518518601e-01 -7.111049173963418686e-03 8.996521690766863699e+00
-3.518518518518518601e-01 -7.056690806943680290e-03 9.231223959960495051e+00
-3.518518518518518601e-01 -6.995873560647706754e-03 9.516344388255582487e+00
-3.518518518518518601e-01 -7.155774079789577885e-03 9.843819521613305312e+00
-3.518518518518518601e-01 -7.085148953231904315e-03 1.020441802776002760e+01
-3.518518518518518601e-01 -7.007957645049695504e-03 1.031679118183922839e+01
-3.518518518518518601e-01 -7.162824961683444611e-03 1.043146486372469539e+01
-3.454545454545455141e-01 -7.275714976148552580e-03 1.030401935189631857e+01
-3.454545454545455141e-01 -7.346329792094689719e-03 9.689998218938402630e+00
-3.454545454545455141e-01 -7.411993318986716782e-03 9.169170754225355324e+00
-3.454545454545455141e-01 -7.314437425707524809e-03 8.737529876805124829e+00
-3.454545454545455141e-01 -7.366120589562592628e-03 8.380982920242864509e+00
-3.454545454545455141e-01 -7.412495171132215017e-03 8.109568699350720777e+00
-3.454545454545455141e-01 -7.453452862983328195e-03 7.920571306217793150e+00
-3.454545454545455141e-01 -7.316867697295484710e-03 7.799345232891134572e+00
-3.454545454545455141e-01 -7.342997013917900231e-03 7.750862233552402003e+00
-3.454545454545455141e-01 -7.363412765739663253e-03 7.775798994160761701e+00
-3.454545454545455141e-01 -7.378024525935767547e-03 7.870807281412089296e+00
-3.454545454545455141e-01 -7.201235717511291108e-03 8.020990705316242142e+00
-3.454545454545455141e-01 -7.200386222900434681e-03 8.232630773502428667e+00
-3.454545454545455141e-01 -7.193505292822257105e-03 8.505269650102388113e+00
-3.454545454545455141e-01 -7.180522997726835124e-03 8.621586987002839209e+00
-3.454545454545455141e-01 -7.161374232701944384e-03 8.545237015067527864e+00
-3.454545454545455141e-01 -7.135998877779482080e-03 8.526739501048476555e+00
-3.454545454545455141e-01 -7.104341968414516241e-03 8.564483746892864957e+00
-3.454545454545455141e-01 -7.276562190322663319e-03 8.645745219727629660e+00
-3.454545454545455141e-01 -7.235601865320692196e-03 8.776404552094403400e+00
-3.454545454545455141e-01 -7.188185714647034839e-03 8.959342202806450217e+00
-3.454545454545455141e-01 -7.134277307897633237e-03 9.194121671317528666e+00
-3.454545454545455141e-01 -7.073846222307672224e-03 9.479383652344058220e+00
-3.454545454545455141e-01 -7.235528916180150594e-03 9.797524649590256374e+00
-3.454545454545455141e-01 -7.165210590959801909e-03 1.015829379797015442e+01
-3.454545454545455141e-01 -7.088255693347110531e-03 1.027371616752541250e+01
-3.454545454545455141e-01 -7.244897498911959631e-03 1.038184898154193547e+01
-3.454545454545455141e-01 -7.157758186328827543e-03 1.052796502486569707e+01
-3.392857142857143016e-01 -7.480117291791214991e-03 1.031147077265371692e+01
-3.392857142857143016e-01 -7.403710147876582486e-03 9.696474909433259626e+00
-3.392857142857143016e-01 -7.470596626683716560e-03 9.171682455462919492e+00
-3.392857142857143016e-01 -7.532394220737873708e-03 8.737658718954097736e+00
-3.392857142857143016e-01 -7.426546339992607867e-03 8.381170694430812418e+00
-3.392857142857143016e-01 -7.474058400666306126e-03 8.105438030836966234e+00
-3.392857142857143016e-01 -7.516130290245805895e-03 7.911991342545360517e+00
-3.392857142857143016e-01 -7.379955642330473208e-03 7.792886868744484552e+00
-3.392857142857143016e-01 -7.407113274372410100e-03 7.739956422579800766e+00
-3.392857142857143016e-01 -7.428527038742601882e-03 7.760389468185385553e+00
-3.392857142857143016e-01 -7.444104441902608255e-03 7.850851137294957205e+00
-3.392857142857143016e-01 -7.267411339347329413e-03 8.003946424340757204e+00
-3.392857142857143016e-01 -7.267417818595342527e-03 8.211260165372433306e+00
-3.392857142857143016e-01 -7.261352846326170167e-03 8.479610249597618221e+00
-3.392857142857143016e-01 -7.249144246962812080e-03 8.593716839259890605e+00
-3.392857142857143016e-01 -7.230724629600669348e-03 8.517510485888191596e+00
-3.392857142857143016e-01 -7.206031548169819327e-03 8.499128744704245619e+00
-3.392857142857143016e-01 -7.382860103411938504e-03 8.532085158068731801e+00
-3.392857142857143016e-01 -7.348940939491660669e-03 8.609693607704967278e+00
-3.392857142857143016e-01 -7.308555411156512048e-03 8.740334091968692931e+00
-3.392857142857143016e-01 -7.261658838551348846e-03 8.923285419391312701e+00
-3.392857142857143016e-01 -7.208212285037852995e-03 9.158137322620314436e+00
-3.392857142857143016e-01 -7.374870648082062358e-03 9.439129724519526476e+00
-3.392857142857143016e-01 -7.311564541483128732e-03 9.752395342781776222e+00
-3.392857142857143016e-01 -7.241573396430865846e-03 1.011333146321081422e+01
-3.392857142857143016e-01 -7.164878987321730841e-03 1.023177476757224724e+01
-3.392857142857143016e-01 -7.323214074229093123e-03 1.033339485920298095e+01
-3.392857142857143016e-01 -7.236251544270393479e-03 1.048286719353631824e+01
-3.333333333333333148e-01 -7.306840721478388527e-03 1.045870942568195971e+01
-3.333333333333333148e-01 -7.384737154276409948e-03 9.817067916595837218e+00
-3.333333333333333148e-01 -7.306126044480495269e-03 9.269667578886380710e+00
-3.333333333333333148e-01 -7.370436932772203402e-03 8.802726341785584552e+00
-3.333333333333333148e-01 -7.429633079361736524e-03 8.426526407289198772e+00
-3.333333333333333148e-01 -7.321528040098965705e-03 8.135819409320621531e+00
-3.333333333333333148e-01 -7.366395334256070279e-03 7.916734586346452218e+00
-3.333333333333333148e-01 -7.405797864398106466e-03 7.779517962874634485e+00
-3.333333333333333148e-01 -7.439629512365626175e-03 7.721419375622012637e+00
-3.333333333333333148e-01 -7.291768254774653318e-03 7.725339145858399981e+00
-3.333333333333333148e-01 -7.310450231472412873e-03 7.799481759522281621e+00
-3.333333333333333148e-01 -7.323273587004432844e-03 7.942770486959070730e+00
-3.333333333333333148e-01 -7.330150611502321556e-03 8.152445589697457251e+00
-3.333333333333333148e-01 -7.141448671683797884e-03 8.413415306560441564e+00
-3.333333333333333148e-01 -7.132577724961183287e-03 8.535342885138488711e+00
-3.333333333333333148e-01 -7.117544448620696969e-03 8.457397537740087401e+00
-3.333333333333333148e-01 -7.296595176156308628e-03 8.428212329416837179e+00
-3.333333333333333148e-01 -7.272580862590917808e-03 8.452307111550890539e+00
-3.333333333333333148e-01 -7.242189603173651222e-03 8.531174735926342123e+00
-3.333333333333333148e-01 -7.205367025665136531e-03 8.664661641822355875e+00
-3.333333333333333148e-01 -7.162064206217910040e-03 8.851156315386903728e+00
-3.333333333333333148e-01 -7.331574653174762098e-03 9.089155111953402866e+00
-3.333333333333333148e-01 -7.278600389968692408e-03 9.360330465047850268e+00
-3.333333333333333148e-01 -7.218986309895463610e-03 9.679856178213961826e+00
-3.333333333333333148e-01 -7.152703125156413717e-03 1.004770836535620937e+01
-3.333333333333333148e-01 -7.314341031910988854e-03 1.013885561700559457e+01
-3.333333333333333148e-01 -7.237929299543429708e-03 1.023892730214254776e+01
-3.333333333333333148e-01 -7.154737132352349989e-03 1.039927904608276776e+01
