1.000000000000000056e-01 4.199412961650611162e-03 1.155499361866147101e+00
1.000000000000000056e-01 4.288147459344339441e-03 1.070950137079416109e+00
1.000000000000000056e-01 4.373366389175297082e-03 1.005286574107453035e+00
1.000000000000000056e-01 4.485433450873394651e-03 9.565705927417587073e-01
1.000000000000000056e-01 4.564189532913064985e-03 9.217301809758371434e-01
1.000000000000000056e-01 4.638763192194461475e-03 9.029477400577448076e-01
1.000000000000000056e-01 4.743360009872651592e-03 8.942062423951466776e-01
1.000000000000000056e-01 4.845974157567932948e-03 8.980239394432852906e-01
1.000000000000000056e-01 4.946454573071399664e-03 9.124004803393519492e-01
1.000000000000000056e-01 5.044649370668019724e-03 9.358207741414813485e-01
1.000000000000000056e-01 5.140405810051227285e-03 9.672668666644872459e-01
1.000000000000000056e-01 5.233570263358112984e-03 1.006131759860896091e+00
1.000000000000000056e-01 5.323988180171905157e-03 1.052210484466356011e+00
1.000000000000000056e-01 5.455759933890785146e-03 1.105691331674456990e+00
1.000000000000000056e-01 5.541739910420996791e-03 1.161325472838760975e+00
1.000000000000000056e-01 5.624533918084598932e-03 1.224232029169208813e+00
1.000000000000000056e-01 5.752851773138941555e-03 1.289745360271616681e+00
1.000000000000000056e-01 5.830409635046465873e-03 1.361583271755167912e+00
1.000000000000000056e-01 5.956406101560215126e-03 1.433269490211809938e+00
1.000000000000000056e-01 6.081898558974136587e-03 1.509760920577286836e+00
1.000000000000000056e-01 6.206812271102177085e-03 1.589834363706644993e+00
1.000000000000000056e-01 6.274064041344942430e-03 1.670732879515167912e+00
1.000000000000000056e-01 6.395895476332727134e-03 1.752841337348026496e+00
1.000000000000000056e-01 6.577330321227702579e-03 1.843317192172473584e+00
1.000000000000000056e-01 6.761302716400931917e-03 1.956448445315158491e+00
1.000000000000000056e-01 6.947812661852412544e-03 2.090351875181601926e+00
1.000000000000000056e-01 7.136860157582144461e-03 2.243604135364650087e+00
1.000000000000000056e-01 7.328445203590125932e-03 2.414565915842802113e+00
1.000000000000000056e-01 7.522567799876361296e-03 2.601973849624096502e+00
1.000000000000000056e-01 7.719227946440845346e-03 2.804372313511068526e+00
1.000000000000000056e-01 7.918425643283584156e-03 3.020739184294060742e+00
1.000000000000000056e-01 8.120160890404572521e-03 3.249629081808889985e+00
1.000000000000000056e-01 8.324433687803813042e-03 3.490200763352096391e+00
1.000000000000000056e-01 8.531244035481303986e-03 3.741281912121735331e+00
9.499999999999998723e-02 3.992478613866093200e-03 1.269829190815290998e+00
9.499999999999998723e-02 4.078642954208121750e-03 1.165379439303670939e+00
9.499999999999998723e-02 4.161628494496857206e-03 1.080434590435303877e+00
9.499999999999998723e-02 4.241223223849341535e-03 1.013135557207598181e+00
9.499999999999998723e-02 4.317213535539555710e-03 9.625319531863376632e-01
9.499999999999998723e-02 4.420166579145568854e-03 9.264022162009727390e-01
9.499999999999998723e-02 4.489522263078646672e-03 9.034266417355860668e-01
9.499999999999998723e-02 4.587879459407133431e-03 8.925389444893216950e-01
9.499999999999998723e-02 4.684316385486893275e-03 8.935238763832342723e-01
9.499999999999998723e-02 4.778692994667077185e-03 9.045451396500047148e-01
9.499999999999998723e-02 4.870868516100306141e-03 9.242490719422625789e-01
9.499999999999998723e-02 4.960701427704215447e-03 9.516981324460196401e-01
9.499999999999998723e-02 5.048049427504517662e-03 9.863466896335387757e-01
9.499999999999998723e-02 5.132769403228841509e-03 1.028069017765760540e+00
9.499999999999998723e-02 5.214717400007375971e-03 1.076982746142619796e+00
9.499999999999998723e-02 5.337682179375523826e-03 1.129662483311635546e+00
9.499999999999998723e-02 5.415113889823307963e-03 1.187833492845038030e+00
9.499999999999998723e-02 5.536210223092911074e-03 1.250365290414834130e+00
9.499999999999998723e-02 5.608649545632455290e-03 1.317096108989113556e+00
9.499999999999998723e-02 5.727503728075259044e-03 1.385847503366943734e+00
9.499999999999998723e-02 5.845857879804974844e-03 1.459246350316163010e+00
9.499999999999998723e-02 5.910705297748512083e-03 1.535484636825822591e+00
9.499999999999998723e-02 6.026276864131738069e-03 1.611890566410286274e+00
9.499999999999998723e-02 6.141114955896500444e-03 1.690873784523261314e+00
9.499999999999998723e-02 6.255149613588459334e-03 1.772032435331902578e+00
9.499999999999998723e-02 6.427697369864966356e-03 1.864924308498967731e+00
9.499999999999998723e-02 6.602592714662243456e-03 1.978983611965159373e+00
9.499999999999998723e-02 6.779835647980286296e-03 2.112474433148239683e+00
9.499999999999998723e-02 6.959426169819100082e-03 2.264128392258516254e+00
9.499999999999998723e-02 7.141364280178679608e-03 2.432412344809082860e+00
9.499999999999998723e-02 7.325649979059031813e-03 2.616261385865488176e+00
9.499999999999998723e-02 7.512283266460151494e-03 2.814180250140794204e+00
9.499999999999998723e-02 7.701264142382041253e-03 3.025280763629151437e+00
9.499999999999998723e-02 7.892592606824695017e-03 3.248340113655332040e+00
9.499999999999998723e-02 8.086268659788122329e-03 3.482401147659655472e+00
9.499999999999998723e-02 8.282292301272314514e-03 3.726506992835794119e+00
9.047619047619047394e-02 3.789154735594992343e-03 1.403845233226280964e+00
9.047619047619047394e-02 3.896539918048578643e-03 1.277853040462085366e+00
9.047619047619047394e-02 3.952116779650043620e-03 1.173762868334563558e+00
9.047619047619047394e-02 4.029035812971815123e-03 1.088828989330555386e+00
9.047619047619047394e-02 4.130281354571923441e-03 1.021003656310161878e+00
9.047619047619047394e-02 4.201502408870648464e-03 9.679841369478563440e-01
9.047619047619047394e-02 4.269044204218868863e-03 9.304908809888761123e-01
9.047619047619047394e-02 4.363722801659141413e-03 9.049289210997826238e-01
9.047619047619047394e-02 4.456667080051669380e-03 8.926113155742764205e-01
9.047619047619047394e-02 4.514377861621070472e-03 8.904213076165133911e-01
9.047619047619047394e-02 4.602251729378241743e-03 8.974877098831822719e-01
9.047619047619047394e-02 4.687975591525666598e-03 9.138664557273529221e-01
9.047619047619047394e-02 4.771417462616418283e-03 9.387429927050329193e-01
9.047619047619047394e-02 4.890807120638085946e-03 9.707144482222774817e-01
9.047619047619047394e-02 4.970596354817623935e-03 1.008170079224542270e+00
9.047619047619047394e-02 5.047728554764012963e-03 1.052457603276171882e+00
9.047619047619047394e-02 5.164402973814600367e-03 1.103434074518312658e+00
9.047619047619047394e-02 5.237201010358086273e-03 1.156674960045236400e+00
9.047619047619047394e-02 5.352052781320401111e-03 1.216981003735616129e+00
9.047619047619047394e-02 5.420073717115512016e-03 1.278504633621957653e+00
9.047619047619047394e-02 5.532754937338494987e-03 1.344873724940783388e+00
9.047619047619047394e-02 5.644940759385957962e-03 1.415789952516785410e+00
9.047619047619047394e-02 5.705711905429064652e-03 1.486289245500228340e+00
9.047619047619047394e-02 5.815224239690435816e-03 1.560024810587741673e+00
9.047619047619047394e-02 5.924023888863638558e-03 1.636503906276805420e+00
9.047619047619047394e-02 6.032045738459878952e-03 1.714887944269884112e+00
9.047619047619047394e-02 6.139224494823942654e-03 1.794908176814795642e+00
9.047619047619047394e-02 6.304028565707215162e-03 1.890700427687092455e+00
9.047619047619047394e-02 6.471015471966426978e-03 2.006291026178232961e+00
9.047619047619047394e-02 6.640185213601573766e-03 2.140076362210824978e+00
9.047619047619047394e-02 6.811537790612660730e-03 2.290954960199110602e+00
9.047619047619047394e-02 6.985073202999685267e-03 2.457387118835375972e+00
9.047619047619047394e-02 7.160791450762646511e-03 2.638443171391637421e+00
9.047619047619047394e-02 7.338692533901543594e-03 2.832854588930952211e+00
9.047619047619047394e-02 7.518776452416379985e-03 3.039618949001796189e+00
9.047619047619047394e-02 7.701043206307151348e-03 3.257743244976015085e+00
9.047619047619047394e-02 7.885492795573862887e-03 3.486229594812705557e+00
9.047619047619047394e-02 8.072125220216511132e-03 3.724418687203529199e+00
8.636363636363636465e-02 3.544903740571949975e-03 1.626612630070118470e+00
8.636363636363636465e-02 3.691070117213608032e-03 1.408439563573664177e+00
8.636363636363636465e-02 3.792425973703435465e-03 1.281408063190552227e+00
8.636363636363636465e-02 3.868013149482678846e-03 1.178922753024488124e+00
8.636363636363636465e-02 3.940581794901078412e-03 1.094149254698491003e+00
8.636363636363636465e-02 4.009946770311210128e-03 1.025936883130672772e+00
8.636363636363636465e-02 4.075921651009430970e-03 9.736187191789492656e-01
8.636363636363636465e-02 4.167393015262116363e-03 9.335245087944891162e-01
8.636363636363636465e-02 4.257293360658316247e-03 9.080881718671980352e-01
8.636363636363636465e-02 4.314229581547331278e-03 8.918760072339592115e-01
8.636363636363636465e-02 4.399492253682495656e-03 8.869188506999490240e-01
8.636363636363636465e-02 4.482796950137203119e-03 8.917941678889700352e-01
8.636363636363636465e-02 4.564020864018684953e-03 9.053983445626458959e-01
8.636363636363636465e-02 4.643040587732811392e-03 9.270267781183720857e-01
8.636363636363636465e-02 4.719732090333159276e-03 9.562360556068929540e-01
8.636363636363636465e-02 4.832376764794881277e-03 9.924313305162074661e-01
8.636363636363636465e-02 4.905307019552416353e-03 1.032314062697788248e+00
8.636363636363636465e-02 4.975556680240269397e-03 1.079325814047013887e+00
8.636363636363636465e-02 5.085252864466689379e-03 1.130521465819638527e+00
8.636363636363636465e-02 5.151101045313276512e-03 1.186417777316832511e+00
8.636363636363636465e-02 5.258832698415792824e-03 1.245491216316011451e+00
8.636363636363636465e-02 5.366134132039036657e-03 1.310089052474879390e+00
8.636363636363636465e-02 5.425303783085593141e-03 1.375000132223178628e+00
8.636363636363636465e-02 5.530171930400027379e-03 1.443368348252171085e+00
8.636363636363636465e-02 5.634407263618036385e-03 1.515092252726238486e+00
8.636363636363636465e-02 5.737949068937627309e-03 1.589224045080944947e+00
8.636363636363636465e-02 5.840736477127897973e-03 1.665386680040950473e+00
8.636363636363636465e-02 5.887841273497734437e-03 1.742142752723810473e+00
8.636363636363636465e-02 6.043803828006937690e-03 1.821524431741544658e+00
8.636363636363636465e-02 6.201805108718872785e-03 1.920591399522536769e+00
8.636363636363636465e-02 6.361845115633544927e-03 2.038211331421402317e+00
8.636363636363636465e-02 6.523923848750952381e-03 2.172805080045237869e+00
8.636363636363636465e-02 6.688041308071094281e-03 2.323406548612038769e+00
8.636363636363636465e-02 6.854197493593968890e-03 2.488705938937566309e+00
8.636363636363636465e-02 7.022392405319579679e-03 2.667660214141057473e+00
8.636363636363636465e-02 7.192626043247922311e-03 2.859244435449639798e+00
8.636363636363636465e-02 7.364898407379004593e-03 3.062420156131735460e+00
8.636363636363636465e-02 7.539209497712819584e-03 3.276480936406982458e+00
8.636363636363636465e-02 7.715559314249369888e-03 3.500305487398783555e+00
8.636363636363636465e-02 7.893947856988652034e-03 3.733291571224504946e+00
8.260869565217392185e-02 3.329122227810357281e-03 1.957233793883742079e+00
8.260869565217392185e-02 3.466391324250683685e-03 1.627518418649495313e+00
8.260869565217392185e-02 3.606433533750412392e-03 1.410052111659640062e+00
8.260869565217392185e-02 3.702426125053916422e-03 1.283400200758645138e+00
8.260869565217392185e-02 3.773130745558911890e-03 1.182218198451983282e+00
8.260869565217392185e-02 3.840874936297793401e-03 1.098543252415081772e+00
8.260869565217392185e-02 3.905484555963643477e-03 1.031252942402821837e+00
8.260869565217392185e-02 3.994137422991987825e-03 9.768546623797710327e-01
8.260869565217392185e-02 4.052989612313095090e-03 9.372749075920100426e-01
8.260869565217392185e-02 4.137634630811417268e-03 9.085768799375018023e-01
8.260869565217392185e-02 4.220605559602875860e-03 8.920679244356343185e-01
8.260869565217392185e-02 4.301788125650603603e-03 8.860179709261762904e-01
8.260869565217392185e-02 4.381067554572393857e-03 8.890577799620271726e-01
8.260869565217392185e-02 4.458328552696130299e-03 9.002060707406910334e-01
8.260869565217392185e-02 4.533455288081658825e-03 9.187493599022134028e-01
8.260869565217392185e-02 4.606331370428717181e-03 9.442538301498620834e-01
8.260869565217392185e-02 4.676839829782663063e-03 9.768968160560576042e-01
8.260869565217392185e-02 4.783370263032926499e-03 1.016725859516471653e+00
8.260869565217392185e-02 4.850024180513562086e-03 1.058758027599142837e+00
8.260869565217392185e-02 4.913978220294401913e-03 1.108410096503540387e+00
8.260869565217392185e-02 5.017357394945362072e-03 1.159997000410564638e+00
8.260869565217392185e-02 5.120364231083551244e-03 1.218099737676482164e+00
8.260869565217392185e-02 5.178144798447237122e-03 1.277080713944598989e+00
8.260869565217392185e-02 5.278930982443484458e-03 1.340009820268045715e+00
8.260869565217392185e-02 5.379155141187146223e-03 1.406942902271849816e+00
8.260869565217392185e-02 5.429943050140266514e-03 1.476324695962770051e+00
8.260869565217392185e-02 5.527503547093800401e-03 1.546091210026851570e+00
8.260869565217392185e-02 5.624310607803075651e-03 1.618131075544194442e+00
8.260869565217392185e-02 5.720306880466072968e-03 1.692240824698713730e+00
8.260869565217392185e-02 5.815434866526110816e-03 1.767833125529498339e+00
8.260869565217392185e-02 5.965504438196821656e-03 1.852045163451451870e+00
8.260869565217392185e-02 6.117485724156331017e-03 1.954588093248176506e+00
8.260869565217392185e-02 6.271378724404639768e-03 2.074464082469444914e+00
8.260869565217392185e-02 6.427183438941744438e-03 2.210326186869652432e+00
8.260869565217392185e-02 6.584899867767650232e-03 2.361095092642190973e+00
8.260869565217392185e-02 6.744528010882353680e-03 2.525717829821722660e+00
8.260869565217392185e-02 6.906067868285857385e-03 2.703119240217374486e+00
8.260869565217392185e-02 7.069519439978160479e-03 2.892549374295941167e+00
8.260869565217392185e-02 7.234882725959262094e-03 3.092862859514396323e+00
8.260869565217392185e-02 7.402157726229159629e-03 3.303405652843874662e+00
8.260869565217392185e-02 7.571344440787859155e-03 3.523276068956876728e+00
8.260869565217392185e-02 7.742442869635354601e-03 3.751671177763737930e+00
7.916666666666666297e-02 3.137223804687218950e-03 2.381679973669201811e+00
7.916666666666666297e-02 3.266580388054162419e-03 1.945377807642922008e+00
7.916666666666666297e-02 3.398550235731551648e-03 1.623269240910203415e+00
7.916666666666666297e-02 3.533133347719382734e-03 1.408670722539684839e+00
7.916666666666666297e-02 3.624321681942292359e-03 1.283563930509367790e+00
7.916666666666666297e-02 3.690639843442640282e-03 1.184306058486327196e+00
7.916666666666666297e-02 3.754050727079428010e-03 1.102024814255810004e+00
7.916666666666666297e-02 3.840209097770110828e-03 1.033617088480700108e+00
7.916666666666666297e-02 3.898288790244677608e-03 9.800459879923092421e-01
7.916666666666666297e-02 3.980764123903102539e-03 9.393411567827192332e-01
7.916666666666666297e-02 4.032929939040833141e-03 9.111039106210003791e-01
7.916666666666666297e-02 4.111216897834248790e-03 8.922207293153728846e-01
7.916666666666666297e-02 4.187738964910466509e-03 8.838393420652513877e-01
7.916666666666666297e-02 4.262387848182707523e-03 8.847607566144080060e-01
7.916666666666666297e-02 4.335054781504061629e-03 8.940650573117033817e-01
7.916666666666666297e-02 4.405630507348781699e-03 9.110894298386311707e-01
7.916666666666666297e-02 4.474005258477333803e-03 9.357920784533817482e-01
7.916666666666666297e-02 4.576409713463832317e-03 9.651406567134455106e-01
7.916666666666666297e-02 4.641212485672608495e-03 1.000517659127708514e+00
7.916666666666666297e-02 4.742159837009015180e-03 1.043164084905238376e+00
7.916666666666666297e-02 4.803027283733647332e-03 1.087396986924591635e+00
7.916666666666666297e-02 4.902231393673699492e-03 1.138885487143622033e+00
7.916666666666666297e-02 4.958797438294899537e-03 1.191672003852035644e+00
7.916666666666666297e-02 5.055970337776992049e-03 1.249130442715927991e+00
7.916666666666666297e-02 5.152644347593217725e-03 1.311270527039759770e+00
7.916666666666666297e-02 5.202717783322791112e-03 1.373578413794066311e+00
7.916666666666666297e-02 5.296944636907533269e-03 1.438955188770007387e+00
7.916666666666666297e-02 5.390492820573804418e-03 1.506965365527779266e+00
7.916666666666666297e-02 5.483308465083081527e-03 1.577318005198258710e+00
7.916666666666666297e-02 5.575337572501056632e-03 1.649332898075682063e+00
7.916666666666666297e-02 5.666526013449373414e-03 1.722886578353728382e+00
7.916666666666666297e-02 5.756819524262085826e-03 1.797423518916617891e+00
7.916666666666666297e-02 5.901639515419304649e-03 1.886421896009441657e+00
7.916666666666666297e-02 6.048258512677852361e-03 1.992640400072476670e+00
7.916666666666666297e-02 6.196676516037735033e-03 2.114967467622538511e+00
7.916666666666666297e-02 6.346893525498947461e-03 2.252325707212907702e+00
7.916666666666666297e-02 6.498909541061493982e-03 2.403606861266962103e+00
7.916666666666666297e-02 6.652724562725371993e-03 2.568020918045528678e+00
7.916666666666666297e-02 6.808338590490582362e-03 2.744401609612590498e+00
7.916666666666666297e-02 6.965751624357123355e-03 2.932046219946629950e+00
7.916666666666666297e-02 7.124963664324996705e-03 3.130055803831618633e+00
7.916666666666666297e-02 7.285974710394199812e-03 3.337568208055375685e+00
7.916666666666666297e-02 7.448784762564738746e-03 3.554022327030780914e+00
7.599999999999999811e-02 2.965540569907467588e-03 2.887831834292033495e+00
7.599999999999999811e-02 3.087818169416354196e-03 2.349676612821711252e+00
7.599999999999999811e-02 3.212566023460775889e-03 1.927375452123763822e+00
7.599999999999999811e-02 3.339784132040729634e-03 1.614389635121585176e+00
7.599999999999999811e-02 3.469472495156215863e-03 1.404481519156159486e+00
7.599999999999999811e-02 3.556329940635398999e-03 1.281913869262232941e+00
7.599999999999999811e-02 3.618681012001813066e-03 1.184725808618522169e+00
7.599999999999999811e-02 3.702617516362040426e-03 1.102653915702142218e+00
7.599999999999999811e-02 3.760018725450015118e-03 1.035364553130379006e+00
7.599999999999999811e-02 3.840562893853895036e-03 9.831015741270422437e-01
7.599999999999999811e-02 3.892466002988149033e-03 9.409967046165641502e-01
7.599999999999999811e-02 3.969142129625594269e-03 9.115715803034287745e-01
7.599999999999999811e-02 4.044195805021649597e-03 8.931516315505165782e-01
7.599999999999999811e-02 4.087320781614272626e-03 8.842265902477434159e-01
7.599999999999999811e-02 4.157803057415625919e-03 8.836430754227564410e-01
7.599999999999999811e-02 4.258600726988658047e-03 8.909357612246209257e-01
7.599999999999999811e-02 4.326141068916276693e-03 9.052314080399679330e-01
7.599999999999999811e-02 4.391545009206354599e-03 9.265175774492337979e-01
7.599999999999999811e-02 4.454708389117716279e-03 9.547485493705454296e-01
7.599999999999999811e-02 4.552113922344033607e-03 9.889982969709415483e-01
7.599999999999999811e-02 4.611616194750408314e-03 1.026791486863150915e+00
7.599999999999999811e-02 4.707431676095998399e-03 1.071595124810779565e+00
7.599999999999999811e-02 4.762928158708127843e-03 1.117988948918834824e+00
7.599999999999999811e-02 4.856882191378382625e-03 1.169978849175318469e+00
7.599999999999999811e-02 4.908025643968999541e-03 1.225593739723158659e+00
7.599999999999999811e-02 4.999845119207754936e-03 1.282675013522970087e+00
7.599999999999999811e-02 5.091103562816625371e-03 1.343802497463397749e+00
7.599999999999999811e-02 5.181750314803779990e-03 1.407965505051020472e+00
7.599999999999999811e-02 5.271734603969150008e-03 1.474789188867578593e+00
7.599999999999999811e-02 5.312422985872409555e-03 1.542026221260976104e+00
7.599999999999999811e-02 5.399638372191233569e-03 1.611210139272198028e+00
7.599999999999999811e-02 5.486019995325322994e-03 1.682044925107198718e+00
7.599999999999999811e-02 5.571516539353831877e-03 1.754545025314667495e+00
7.599999999999999811e-02 5.709934036063886095e-03 1.831015471514321646e+00
7.599999999999999811e-02 5.850049906966703524e-03 1.924746413071507511e+00
7.599999999999999811e-02 5.991864152062280693e-03 2.034639367937046917e+00
7.599999999999999811e-02 6.135376771350621941e-03 2.159556354813462420e+00
7.599999999999999811e-02 6.280587764831723797e-03 2.298670570373015032e+00
7.599999999999999811e-02 6.427497132505586262e-03 2.450797776207566336e+00
7.599999999999999811e-02 6.576104874372210203e-03 2.615189621403980258e+00
7.599999999999999811e-02 6.726410990431594752e-03 2.790952084864391392e+00
7.599999999999999811e-02 6.878415480683740778e-03 2.977166736797206337e+00
7.599999999999999811e-02 7.032118345128650014e-03 3.173247242366671550e+00
7.599999999999999811e-02 7.187519583766319858e-03 3.378339007649989512e+00
7.599999999999999811e-02 7.344619196596752046e-03 3.591702921774603041e+00
7.307692307692308098e-02 2.811107008011193460e-03 3.465183297722415290e+00
7.307692307692308098e-02 2.927016876313195352e-03 2.829687234345666269e+00
7.307692307692308098e-02 3.045268358116249175e-03 2.311453766993308623e+00
7.307692307692308098e-02 3.165861453420352328e-03 1.904089068466252810e+00
7.307692307692308098e-02 3.288796162225506112e-03 1.601481852544079931e+00
7.307692307692308098e-02 3.414072484531712262e-03 1.397851622979188413e+00
7.307692307692308098e-02 3.497003147284353380e-03 1.278284330213724784e+00
7.307692307692308098e-02 3.578949173973092548e-03 1.182931540277915028e+00
7.307692307692308098e-02 3.635750552896111799e-03 1.102248277288756517e+00
7.307692307692308098e-02 3.689609084661372908e-03 1.036444509225488808e+00
7.307692307692308098e-02 3.766242848622733223e-03 9.835118081159635040e-01
7.307692307692308098e-02 3.814698153338179007e-03 9.428940543823172149e-01
7.307692307692308098e-02 3.887508143336232229e-03 9.123264044640777559e-01
7.307692307692308098e-02 3.958710043887748303e-03 8.925618296051055500e-01
7.307692307692308098e-02 4.028207117212649971e-03 8.822755651512566022e-01
7.307692307692308098e-02 4.095902243853054292e-03 8.803623140615810527e-01
7.307692307692308098e-02 4.161697909144110481e-03 8.863494493733573565e-01
7.307692307692308098e-02 4.225496188912764364e-03 8.998139438467362972e-01
7.307692307692308098e-02 4.287198734344987473e-03 9.205046269783255797e-01
7.307692307692308098e-02 4.381429149019273536e-03 9.462988059421820752e-01
7.307692307692308098e-02 4.439717425299118982e-03 9.773638479592425821e-01
7.307692307692308098e-02 4.532495890003458185e-03 1.015452863701203468e+00
7.307692307692308098e-02 4.587044332498394460e-03 1.055312180171699810e+00
7.307692307692308098e-02 4.678114280223949657e-03 1.101863852628119922e+00
7.307692307692308098e-02 4.728595057025346618e-03 1.150510147281421647e+00
7.307692307692308098e-02 4.817698402058612564e-03 1.202969804699528300e+00
7.307692307692308098e-02 4.906298276552084961e-03 1.259996796912454364e+00
7.307692307692308098e-02 4.950658322978467030e-03 1.318705805060378600e+00
7.307692307692308098e-02 5.036918973805234838e-03 1.379185000402382677e+00
7.307692307692308098e-02 5.122515064181519702e-03 1.442393972515067180e+00
7.307692307692308098e-02 5.207398327763533563e-03 1.508053146676205714e+00
7.307692307692308098e-02 5.291520391879516762e-03 1.575444705677649937e+00
7.307692307692308098e-02 5.374832775287953154e-03 1.644511372342513544e+00
7.307692307692308098e-02 5.457286885858983819e-03 1.714834913591063437e+00
7.307692307692308098e-02 5.538834018175489184e-03 1.786283413965181754e+00
7.307692307692308098e-02 5.673103909456560928e-03 1.868598530809364000e+00
7.307692307692308098e-02 5.808981823387706495e-03 1.966995853563682228e+00
7.307692307692308098e-02 5.946467759968925015e-03 2.080614879451396337e+00
7.307692307692308098e-02 6.085561719200214756e-03 2.208256075671658269e+00
7.307692307692308098e-02 6.226263701081577451e-03 2.349128388886135177e+00
7.307692307692308098e-02 6.368573705613013967e-03 2.502344672195999209e+00
7.307692307692308098e-02 6.512491732794520836e-03 2.666933076075844511e+00
7.307692307692308098e-02 6.658017782626103262e-03 2.842284560608034916e+00
7.307692307692308098e-02 6.805151855107757775e-03 3.027531572850112873e+00
7.307692307692308098e-02 6.953893950239485242e-03 3.221906555152322937e+00
7.307692307692308098e-02 7.104244068021282194e-03 3.424828876964678859e+00
7.307692307692308098e-02 7.256202208453156437e-03 3.635731775138498989e+00
7.037037037037037479e-02 2.781655114458270184e-03 3.376055019752828290e+00
7.037037037037037479e-02 2.894033981082384886e-03 2.765959933805628879e+00
7.037037037037037479e-02 3.008638171798065468e-03 2.268062479007005638e+00
7.037037037037037479e-02 3.125467686605312365e-03 1.876378146583069118e+00
7.037037037037037479e-02 3.244522525504127310e-03 1.585232924586971626e+00
7.037037037037037479e-02 3.365802688494507269e-03 1.388876615572407491e+00
7.037037037037037479e-02 3.445154098288003789e-03 1.273041199315249949e+00
7.037037037037037479e-02 3.523504385644147478e-03 1.179810171006260511e+00
7.037037037037037479e-02 3.577017467139889748e-03 1.100844957602058471e+00
7.037037037037037479e-02 3.627635435816962961e-03 1.036611759010625189e+00
7.037037037037037479e-02 3.700707461622737993e-03 9.836677467287837651e-01
7.037037037037037479e-02 3.772384460567922929e-03 9.437533820129608841e-01
7.037037037037037479e-02 3.815299340463543937e-03 9.134673378088239426e-01
7.037037037037037479e-02 3.882994589020187081e-03 8.928793907374177330e-01
7.037037037037037479e-02 3.949003355149956727e-03 8.815453811873362744e-01
7.037037037037037479e-02 4.013233251614982053e-03 8.788166299547680582e-01
7.037037037037037479e-02 4.075591525794498154e-03 8.840933902172256609e-01
7.037037037037037479e-02 4.135985046461143969e-03 8.969324005892221896e-01
7.037037037037037479e-02 4.227354232725737994e-03 9.142554743528603645e-01
7.037037037037037479e-02 4.284556763859483607e-03 9.383707248277122215e-01
7.037037037037037479e-02 4.339530178575265115e-03 9.697179625324116037e-01
7.037037037037037479e-02 4.428302247576621810e-03 1.002980886511984915e+00
7.037037037037037479e-02 4.479604240824838247e-03 1.043865110117465633e+00
7.037037037037037479e-02 4.566667863898522112e-03 1.085896278918120794e+00
7.037037037037037479e-02 4.653325453089131140e-03 1.133863812840633756e+00
7.037037037037037479e-02 4.699096484438834362e-03 1.184946075582966163e+00
7.037037037037037479e-02 4.783693402733909042e-03 1.237801901403397187e+00
7.037037037037037479e-02 4.867731944646659648e-03 1.294607405256131827e+00
7.037037037037037479e-02 4.951166459819635393e-03 1.354432104744986098e+00
7.037037037037037479e-02 5.033951205201833874e-03 1.416916569050959751e+00
7.037037037037037479e-02 5.069849537137376648e-03 1.480298021437143507e+00
7.037037037037037479e-02 5.150002465293488513e-03 1.545288553211407345e+00
7.037037037037037479e-02 5.229351405654334914e-03 1.612101297859330540e+00
7.037037037037037479e-02 5.307850161355636559e-03 1.680540382916968056e+00
7.037037037037037479e-02 5.385452431163163106e-03 1.750475400611001486e+00
7.037037037037037479e-02 5.514440733440172972e-03 1.822274138246099406e+00
7.037037037037037479e-02 5.644955524501525657e-03 1.910279496098490348e+00
7.037037037037037479e-02 5.776996804347222028e-03 2.013279089343797956e+00
7.037037037037037479e-02 5.910564572977260352e-03 2.130441981499683113e+00
7.037037037037037479e-02 6.045658830391643229e-03 2.260889634874437171e+00
7.037037037037037479e-02 6.182279576590366324e-03 2.403599537375091799e+00
7.037037037037037479e-02 6.320426811573435708e-03 2.557942338330998933e+00
7.037037037037037479e-02 6.460100535340847910e-03 2.723039247539020824e+00
7.037037037037037479e-02 6.601300747892603800e-03 2.898096534686160908e+00
7.037037037037037479e-02 6.744027449228701641e-03 3.082500585331230614e+00
7.037037037037037479e-02 6.888280639349144037e-03 3.275674043527512236e+00
7.037037037037037479e-02 7.034060318253928384e-03 3.476785291705163594e+00
7.037037037037037479e-02 7.181366485943057286e-03 3.685350590289921069e+00
6.785714285714285199e-02 2.756701308291477272e-03 3.282525444432812467e+00
6.785714285714285199e-02 2.865867104044657679e-03 2.697778488577546874e+00
6.785714285714285199e-02 2.977152623987219370e-03 2.220499482360133392e+00
6.785714285714285199e-02 3.090557868119164948e-03 1.845120995221649629e+00
6.785714285714285199e-02 3.206082836440491378e-03 1.566009517875594170e+00
6.785714285714285199e-02 3.323727528951199960e-03 1.378129500193272516e+00
6.785714285714285199e-02 3.399800580404163230e-03 1.266306368594442677e+00
6.785714285714285199e-02 3.474858038009067188e-03 1.175636907425895661e+00
6.785714285714285199e-02 3.525347475839176944e-03 1.098396889491850326e+00
6.785714285714285199e-02 3.572985901699081163e-03 1.035811274904320456e+00
6.785714285714285199e-02 3.642797778588005835e-03 9.833556717309300810e-01
6.785714285714285199e-02 3.711218318353539779e-03 9.433499529719341359e-01
6.785714285714285199e-02 3.778160482266467238e-03 9.141253050865923990e-01
6.785714285714285199e-02 3.815756538565215870e-03 8.934763672116712296e-01
6.785714285714285199e-02 3.878574177207714298e-03 8.817105270198346556e-01
6.785714285714285199e-02 3.939634475775423417e-03 8.785126110858727522e-01
6.785714285714285199e-02 4.029393806448881669e-03 8.820277771854831972e-01
6.785714285714285199e-02 4.087627560895056890e-03 8.921325694146378105e-01
6.785714285714285199e-02 4.143853981506556011e-03 9.091337137836943416e-01
6.785714285714285199e-02 4.197983678229926831e-03 9.332570709015939325e-01
6.785714285714285199e-02 4.284364907093870210e-03 9.603866335947984778e-01
6.785714285714285199e-02 4.335050342616991216e-03 9.941611010677992022e-01
6.785714285714285199e-02 4.419855936317201167e-03 1.031185935484316918e+00
6.785714285714285199e-02 4.466801281891748070e-03 1.074282943785967337e+00
6.785714285714285199e-02 4.549798092473303184e-03 1.118396063818966057e+00
6.785714285714285199e-02 4.632332546021476587e-03 1.167437810209077220e+00
6.785714285714285199e-02 4.714361343240830102e-03 1.220827203128179272e+00
6.785714285714285199e-02 4.754048287811207460e-03 1.274588029948141354e+00
6.785714285714285199e-02 4.833829614120362626e-03 1.331388206579875444e+00
6.785714285714285199e-02 4.912959468342473039e-03 1.390764126492238351e+00
6.785714285714285199e-02 4.991394162519694443e-03 1.452530819231679926e+00
6.785714285714285199e-02 5.069089919446480470e-03 1.516128536815474659e+00
6.785714285714285199e-02 5.146002870810436128e-03 1.581293504318741494e+00
6.785714285714285199e-02 5.222089055270162650e-03 1.647826184753211631e+00
6.785714285714285199e-02 5.297304416467278274e-03 1.715491968379973198e+00
6.785714285714285199e-02 5.371604800969499369e-03 1.784370304450023648e+00
6.785714285714285199e-02 5.497252127979739000e-03 1.862639802445150483e+00
6.785714285714285199e-02 5.624352025244430675e-03 1.955970673335180265e+00
6.785714285714285199e-02 5.752904492763576995e-03 2.063494526494742853e+00
6.785714285714285199e-02 5.882909530537174490e-03 2.184140838223521897e+00
6.785714285714285199e-02 6.014367138565227498e-03 2.317262211652928894e+00
6.785714285714285199e-02 6.147277316847735151e-03 2.461970215011151097e+00
6.785714285714285199e-02 6.281640065384694847e-03 2.617447103054063362e+00
6.785714285714285199e-02 6.417455384176107454e-03 2.783047947222206275e+00
6.785714285714285199e-02 6.554723273221975573e-03 2.958186419437886627e+00
6.785714285714285199e-02 6.693443732522295735e-03 3.141999020290369593e+00
6.785714285714285199e-02 6.833616762077071409e-03 3.333991267544237580e+00
6.785714285714285199e-02 6.975242361886299994e-03 3.533582273701268761e+00
6.551724137931033698e-02 2.735681091159633885e-03 3.185718398423008857e+00
6.551724137931033698e-02 2.841911311045640116e-03 2.626186781957113858e+00
6.551724137931033698e-02 2.950164963691380947e-03 2.169736469936057510e+00
6.551724137931033698e-02 3.060442049096853776e-03 1.810851164344509767e+00
6.551724137931033698e-02 3.172742567262060772e-03 1.544574071707637053e+00
6.551724137931033698e-02 3.287066518187001501e-03 1.365885862796897943e+00
6.551724137931033698e-02 3.360123343855741639e-03 1.258335888976751527e+00
6.551724137931033698e-02 3.432151807678838346e-03 1.170506100530972260e+00
6.551724137931033698e-02 3.479847784671025526e-03 1.095014035152135801e+00
6.551724137931033698e-02 3.548770230852465752e-03 1.033998005768612671e+00
6.551724137931033698e-02 3.591547837147053557e-03 9.824547117671776908e-01
6.551724137931033698e-02 3.656974557338572331e-03 9.427377817114099834e-01
6.551724137931033698e-02 3.720930588784460320e-03 9.132542955578795141e-01
6.551724137931033698e-02 3.783332469562264433e-03 8.930049000928415026e-01
6.551724137931033698e-02 3.844096446881142739e-03 8.810371873340409055e-01
6.551724137931033698e-02 3.903138467061597304e-03 8.765227549463454615e-01
6.551724137931033698e-02 3.960374164958466170e-03 8.792601882806861946e-01
6.551724137931033698e-02 4.015718852785457420e-03 8.890321321972294299e-01
6.551724137931033698e-02 4.069087508295477634e-03 9.058864128580730313e-01
6.551724137931033698e-02 4.153295301114088948e-03 9.269679813350586439e-01
6.551724137931033698e-02 4.203426803947385784e-03 9.537038356958653651e-01
6.551724137931033698e-02 4.286180166558489768e-03 9.858526581925863841e-01
6.551724137931033698e-02 4.332793055238847064e-03 1.021615060966672095e+00
6.551724137931033698e-02 4.413869992779851335e-03 1.061640226795574016e+00
6.551724137931033698e-02 4.456681027614180571e-03 1.106800135662044049e+00
6.551724137931033698e-02 4.535858356849194542e-03 1.152609451679087016e+00
6.551724137931033698e-02 4.614522261113853871e-03 1.202613445826281380e+00
6.551724137931033698e-02 4.692631299851261067e-03 1.256316245029804435e+00
6.551724137931033698e-02 4.770143955641847899e-03 1.312781988535872468e+00
6.551724137931033698e-02 4.803867458609097606e-03 1.370309015066431657e+00
6.551724137931033698e-02 4.878962574439342156e-03 1.429649447108246374e+00
6.551724137931033698e-02 4.953321461330956188e-03 1.491092010330093753e+00
6.551724137931033698e-02 5.026902226165197440e-03 1.554382386665948967e+00
6.551724137931033698e-02 5.099662889523111885e-03 1.619224964089131635e+00
6.551724137931033698e-02 5.171561383841840991e-03 1.685644685028353296e+00
6.551724137931033698e-02 5.242555551507056474e-03 1.753357079020992693e+00
6.551724137931033698e-02 5.363766705095869558e-03 1.822792198702860134e+00
6.551724137931033698e-02 5.486363129011413708e-03 1.907296150576863525e+00
6.551724137931033698e-02 5.610344823253685456e-03 2.005752940262580886e+00
6.551724137931033698e-02 5.735711787822688271e-03 2.117499261216878814e+00
6.551724137931033698e-02 5.862464022718419550e-03 2.241638516592860952e+00
6.551724137931033698e-02 5.990601527940881028e-03 2.377330988174519710e+00
6.551724137931033698e-02 6.120124303490070104e-03 2.523902043372499904e+00
6.551724137931033698e-02 6.251032349365990247e-03 2.680757906768766130e+00
6.551724137931033698e-02 6.383325665568637119e-03 2.847004880366276858e+00
6.551724137931033698e-02 6.517004252098016794e-03 3.022139254385599383e+00
6.551724137931033698e-02 6.652068108954124065e-03 3.205560604572710304e+00
6.333333333333333870e-02 2.616516813379391338e-03 3.725239291816223819e+00
6.333333333333333870e-02 2.718119722182955108e-03 3.086657860543461140e+00
6.333333333333333870e-02 2.821657924487539458e-03 2.552175846823248939e+00
6.333333333333333870e-02 2.927131420293143521e-03 2.116394033983337142e+00
6.333333333333333870e-02 3.034540209599767731e-03 1.774435048881969346e+00
6.333333333333333870e-02 3.143884292407412955e-03 1.521363699764969768e+00
6.333333333333333870e-02 3.255163668716077457e-03 1.352527653756501191e+00
6.333333333333333870e-02 3.325433935402554927e-03 1.249356481997122792e+00
6.333333333333333870e-02 3.372424137250717904e-03 1.164532159893177932e+00
6.333333333333333870e-02 3.439768399730683615e-03 1.090819564046278334e+00
6.333333333333333870e-02 3.505901650916225503e-03 1.031296505647971928e+00
6.333333333333333870e-02 3.546146453545949515e-03 9.809249525740848519e-01
6.333333333333333870e-02 3.608809222817979494e-03 9.416592525994501583e-01
6.333333333333333870e-02 3.670008745834569663e-03 9.124244404309662659e-01
6.333333333333333870e-02 3.729665117298633110e-03 8.921266929391319378e-01
6.333333333333333870e-02 3.787698160357827210e-03 8.797815016422280143e-01
6.333333333333333870e-02 3.844027417245058243e-03 8.750268567911305695e-01
6.333333333333333870e-02 3.898572139398906369e-03 8.774967620381107780e-01
6.333333333333333870e-02 3.951251277024919739e-03 8.870711230538490533e-01
6.333333333333333870e-02 4.033475316515919284e-03 9.022057792984646829e-01
6.333333333333333870e-02 4.083106853015429534e-03 9.219949327546217432e-01
6.333333333333333870e-02 4.130642816769149184e-03 9.492467340956221022e-01
6.333333333333333870e-02 4.210303039195778009e-03 9.780578604120316877e-01
6.333333333333333870e-02 4.289628445165652795e-03 1.014192602064830417e+00
6.333333333333333870e-02 4.332358011917478852e-03 1.051564922085917342e+00
6.333333333333333870e-02 4.409915279185026155e-03 1.093961585995981478e+00
6.333333333333333870e-02 4.487005750599918665e-03 1.140914816296266121e+00
6.333333333333333870e-02 4.524362275410485738e-03 1.188596244087069653e+00
6.333333333333333870e-02 4.599377447773458916e-03 1.239362392349051545e+00
6.333333333333333870e-02 4.673792964995718280e-03 1.293313478941413797e+00
6.333333333333333870e-02 4.747569020005931902e-03 1.349760758188952359e+00
6.333333333333333870e-02 4.820665731326181924e-03 1.408320478548424681e+00
6.333333333333333870e-02 4.893043141558554507e-03 1.468674555859757147e+00
6.333333333333333870e-02 4.964661215821624882e-03 1.530457972971572822e+00
6.333333333333333870e-02 5.035479840134505190e-03 1.593644634304609564e+00
6.333333333333333870e-02 5.105458819746140978e-03 1.657879907990241763e+00
6.333333333333333870e-02 5.174557877407329719e-03 1.723184149750475402e+00
6.333333333333333870e-02 5.242736651582815925e-03 1.789640607375118098e+00
6.333333333333333870e-02 5.361212836487917743e-03 1.865834032655597996e+00
6.333333333333333870e-02 5.481012777648945622e-03 1.956103893962744422e+00
6.333333333333333870e-02 5.602136475065895224e-03 2.059546793584449365e+00
6.333333333333333870e-02 5.724583928738767417e-03 2.175302968408260984e+00
6.333333333333333870e-02 5.848355138667562202e-03 2.302669629663636197e+00
6.333333333333333870e-02 5.973450104852281312e-03 2.441046986657306128e+00
6.333333333333333870e-02 6.099868827292920410e-03 2.589512743613654244e+00
6.333333333333333870e-02 6.227611305989485570e-03 2.747555402896029619e+00
6.333333333333333870e-02 6.356677540941972453e-03 2.914556377050835145e+00
6.129032258064515126e-02 2.604408466140117721e-03 3.595892992866089433e+00
6.129032258064515126e-02 2.703615196605405491e-03 2.986298698871132640e+00
6.129032258064515126e-02 2.804676258481258837e-03 2.476392525241436715e+00
6.129032258064515126e-02 2.907591651767678191e-03 2.061376676585509049e+00
6.129032258064515126e-02 3.012361376464664856e-03 1.736400716800030608e+00
6.129032258064515126e-02 3.118985432572216662e-03 1.496896199421627438e+00
6.129032258064515126e-02 3.227463820090335344e-03 1.338364248738220574e+00
6.129032258064515126e-02 3.295149809588200120e-03 1.239710502760117183e+00
6.129032258064515126e-02 3.339713180478866891e-03 1.157091012796755969e+00
6.129032258064515126e-02 3.404474911849040067e-03 1.085938409006211858e+00
6.129032258064515126e-02 3.444426931855701542e-03 1.027864758274702250e+00
6.129032258064515126e-02 3.505907679123495234e-03 9.786490784664280129e-01
6.129032258064515126e-02 3.566008755364037230e-03 9.402678989680275379e-01
6.129032258064515126e-02 3.624653773295613557e-03 9.114957130675693797e-01
6.129032258064515126e-02 3.681766099717525415e-03 8.912019624659388572e-01
6.129032258064515126e-02 3.737268847196436022e-03 8.788731178806472588e-01
6.129032258064515126e-02 3.791084865298883014e-03 8.740044091347611843e-01
6.129032258064515126e-02 3.843136731336477523e-03 8.763172962978615921e-01
6.129032258064515126e-02 3.923543429360114125e-03 8.856190399310509553e-01
6.129032258064515126e-02 3.972721792366398427e-03 8.985707036581399576e-01
6.129032258064515126e-02 4.019916331915134380e-03 9.186322555838032367e-01
6.129032258064515126e-02 4.097935567652428134e-03 9.431574538629152737e-01
6.129032258064515126e-02 4.141857326923594623e-03 9.724461204774658141e-01
6.129032258064515126e-02 4.218317620870770668e-03 1.005555212757212491e+00
6.129032258064515126e-02 4.258707793231941534e-03 1.044178396033527800e+00
6.129032258064515126e-02 4.333405019894955718e-03 1.083731809128990253e+00
6.129032258064515126e-02 4.407627201371578166e-03 1.128062692762960451e+00
6.129032258064515126e-02 4.481336414707201565e-03 1.176111800813657959e+00
6.129032258064515126e-02 4.514896845027475958e-03 1.226163432333306380e+00
6.129032258064515126e-02 4.586459081810655668e-03 1.277756555404849337e+00
6.129032258064515126e-02 4.657380738684545850e-03 1.332019476492264598e+00
6.129032258064515126e-02 4.727623583845281391e-03 1.388584415871253919e+00
6.129032258064515126e-02 4.797149314644554886e-03 1.447030093589158017e+00
6.129032258064515126e-02 4.865919556130701186e-03 1.507280555760468044e+00
6.129032258064515126e-02 4.933895859540905239e-03 1.568931009909416030e+00
6.129032258064515126e-02 5.001039700742304119e-03 1.631946132844134700e+00
6.129032258064515126e-02 5.067312478619652623e-03 1.696373006002254602e+00
6.129032258064515126e-02 5.132675513407066598e-03 1.761967412594986682e+00
6.129032258064515126e-02 5.247368632904187910e-03 1.830705511005846553e+00
6.129032258064515126e-02 5.363329079688570859e-03 1.913370710472787284e+00
6.129032258064515126e-02 5.480556853760213711e-03 2.009085020013198886e+00
6.129032258064515126e-02 5.599051955119116464e-03 2.117118978931761930e+00
6.129032258064515126e-02 5.718814383765282588e-03 2.236868124173446937e+00
6.129032258064515126e-02 5.839844139698706880e-03 2.367383080913918025e+00
6.129032258064515126e-02 5.962141222919394544e-03 2.508145929174160571e+00
6.129032258064515126e-02 6.085705633427342977e-03 2.658521236888089057e+00
5.937500000000000416e-02 2.594830248773820781e-03 3.466631452823503157e+00
5.937500000000000416e-02 2.691824932284227027e-03 2.885268131651224977e+00
5.937500000000000416e-02 2.790599334758127846e-03 2.399729055478351469e+00
5.937500000000000416e-02 2.891153456195522369e-03 2.005248694594810921e+00
5.937500000000000416e-02 2.993487296596410163e-03 1.697342500162288603e+00
5.937500000000000416e-02 3.097600855960792095e-03 1.471576778725925738e+00
5.937500000000000416e-02 3.203494134288667299e-03 1.323809305505551093e+00
5.937500000000000416e-02 3.268774877439841603e-03 1.229687689890160751e+00
5.937500000000000416e-02 3.311068512786574398e-03 1.149025914085588074e+00
5.937500000000000416e-02 3.373427234878291752e-03 1.080550408927954953e+00
5.937500000000000416e-02 3.411153758793368952e-03 1.023537025416945134e+00
5.937500000000000416e-02 3.470247728607783137e-03 9.758980745197221029e-01
5.937500000000000416e-02 3.527965952572678816e-03 9.385529602139672800e-01
5.937500000000000416e-02 3.584235048167389633e-03 9.102344595129920890e-01
5.937500000000000416e-02 3.638981402046837128e-03 8.902859580049928834e-01
5.937500000000000416e-02 3.692131162232990902e-03 8.780731553389156119e-01
5.937500000000000416e-02 3.743610229879944587e-03 8.731679433143453295e-01
5.937500000000000416e-02 3.793344250581147121e-03 8.756299615972147343e-01
5.937500000000000416e-02 3.871112323800573931e-03 8.829990170259364168e-01
5.937500000000000416e-02 3.917997406320149721e-03 8.960660419257043818e-01
5.937500000000000416e-02 3.962926494039358330e-03 9.162559588620527995e-01
5.937500000000000416e-02 4.038298497090207599e-03 9.385775442282456860e-01
5.937500000000000416e-02 4.079995226723016552e-03 9.682584243556293657e-01
5.937500000000000416e-02 4.153805341701986148e-03 9.990894181008780350e-01
5.937500000000000416e-02 4.227218344776620049e-03 1.035707121997930580e+00
5.937500000000000416e-02 4.264073419719659370e-03 1.076014928929141634e+00
5.937500000000000416e-02 4.335643179071108771e-03 1.117791702476923943e+00
5.937500000000000416e-02 4.406694076180889784e-03 1.163604138393562915e+00
5.937500000000000416e-02 4.477189629426471355e-03 1.212646137096944132e+00
5.937500000000000416e-02 4.547093295604076255e-03 1.264424975239984317e+00
5.937500000000000416e-02 4.575392130932848939e-03 1.317827728291870670e+00
5.937500000000000416e-02 4.642996973358892547e-03 1.372557473131340355e+00
5.937500000000000416e-02 4.709886931742596206e-03 1.429500536958329349e+00
5.937500000000000416e-02 4.776025161918873857e-03 1.488204189527388532e+00
5.937500000000000416e-02 4.841374750664279719e-03 1.548579395161425509e+00
5.937500000000000416e-02 4.905898714238461460e-03 1.610638667142314517e+00
5.937500000000000416e-02 5.016762982619811170e-03 1.673967698207840193e+00
5.937500000000000416e-02 5.080608189398381005e-03 1.736949872985972476e+00
5.937500000000000416e-02 5.143529635974927218e-03 1.800944872342975511e+00
5.937500000000000416e-02 5.255953192526836328e-03 1.876552872789147619e+00
5.937500000000000416e-02 5.369592138879305913e-03 1.965167049582824399e+00
5.937500000000000416e-02 5.484446475032338578e-03 2.066179524913987819e+00
5.937500000000000416e-02 5.600516200985930851e-03 2.178615282755444582e+00
5.937500000000000416e-02 5.717801316740085335e-03 2.301951273896900574e+00
5.937500000000000416e-02 5.836301822294801163e-03 2.435536484666676049e+00
5.757575757575757874e-02 2.587508660774888881e-03 3.338028088127034110e+00
5.757575757575757874e-02 2.682455259566959328e-03 2.784407981311384894e+00
5.757575757575757874e-02 2.779112607886814919e-03 2.322743821580503187e+00
5.757575757575757874e-02 2.877480705734454785e-03 1.948634589888222912e+00
5.757575757575757874e-02 2.977559553109880661e-03 1.657712726254468194e+00
5.757575757575757874e-02 3.079349150013091247e-03 1.445893630543436892e+00
5.757575757575757874e-02 3.182849496444086542e-03 1.309202272493632524e+00
5.757575757575757874e-02 3.245884162914663192e-03 1.219520149353763960e+00
5.757575757575757874e-02 3.286047577778296400e-03 1.140596180145227789e+00
5.757575757575757874e-02 3.346162840163801559e-03 1.074688337198648869e+00
5.757575757575757874e-02 3.381800709334296072e-03 1.018736546581354041e+00
5.757575757575757874e-02 3.438666793796104747e-03 9.727596043323096797e-01
5.757575757575757874e-02 3.494161023794088630e-03 9.363760242059092631e-01
5.757575757575757874e-02 3.548212798417597468e-03 9.087939459288616462e-01
5.757575757575757874e-02 3.600751299576082382e-03 8.892582015643782922e-01
5.757575757575757874e-02 3.651705484646722375e-03 8.771994338494076837e-01
5.757575757575757874e-02 3.701004078720438080e-03 8.725416264468124350e-01
5.757575757575757874e-02 3.777290395817006763e-03 8.748765145472392479e-01
5.757575757575757874e-02 3.823893947024046072e-03 8.811495858677558246e-01
5.757575757575757874e-02 3.868639715415036345e-03 8.941965731153996844e-01
5.757575757575757874e-02 3.942687312550512656e-03 9.128510706715812217e-01
5.757575757575757874e-02 3.984370485244591135e-03 9.350342490688320352e-01
5.757575757575757874e-02 4.056960158215770426e-03 9.628159533011139137e-01
5.757575757575757874e-02 4.095342586015284121e-03 9.941164438970832018e-01
5.757575757575757874e-02 4.166286343631800046e-03 1.028700199794135850e+00
5.757575757575757874e-02 4.236788185713681425e-03 1.067993631472009763e+00
5.757575757575757874e-02 4.270237483432656397e-03 1.109867035000468238e+00
5.757575757575757874e-02 4.338822308080306049e-03 1.153579605209202885e+00
5.757575757575757874e-02 4.406847915744911519e-03 1.200600343021984928e+00
5.757575757575757874e-02 4.474279160497174855e-03 1.250457700375454451e+00
5.757575757575757874e-02 4.541080837517637997e-03 1.302613686909825930e+00
5.757575757575757874e-02 4.607217681926066219e-03 1.356900274209923873e+00
5.757575757575757874e-02 4.672654367572895776e-03 1.412802014416390195e+00
5.757575757575757874e-02 4.737355505791001481e-03 1.470179714611389521e+00
5.757575757575757874e-02 4.801285644106098073e-03 1.528988983268435131e+00
5.757575757575757874e-02 4.864409264903852420e-03 1.588880438719224575e+00
5.757575757575757874e-02 4.926690784051821793e-03 1.649990052003368346e+00
5.757575757575757874e-02 4.988094549474094037e-03 1.712272522163737598e+00
5.757575757575757874e-02 5.048584839676460365e-03 1.775723821392651169e+00
5.757575757575757874e-02 5.157740275567255714e-03 1.844867838911399716e+00
5.757575757575757874e-02 5.268063149275067046e-03 1.927072009116963081e+00
5.757575757575757874e-02 5.379553460799889157e-03 2.021337033557733864e+00
5.757575757575757874e-02 5.492211210141728119e-03 2.127135956639945036e+00
5.757575757575757874e-02 5.606036397300580461e-03 2.243803390521097008e+00
5.588235294117646634e-02 2.582207932643025301e-03 3.210845807140454866e+00
5.588235294117646634e-02 2.675253052664920434e-03 2.684238580465711621e+00
5.588235294117646634e-02 2.769944988970388100e-03 2.246055487742546930e+00
5.588235294117646634e-02 2.866283741559430467e-03 1.891995685856394882e+00
5.588235294117646634e-02 2.964269310432044932e-03 1.618032773730459617e+00
5.588235294117646634e-02 3.063901695588232797e-03 1.420250216884016536e+00
5.588235294117646634e-02 3.165180897027994929e-03 1.294802452995521103e+00
5.588235294117646634e-02 3.205101820699178886e-03 1.207632136956157787e+00
5.588235294117646634e-02 3.264269219839141013e-03 1.131884070236159445e+00
5.588235294117646634e-02 3.299874464565935583e-03 1.068257104163553350e+00
5.588235294117646634e-02 3.355954621855926096e-03 1.013623556690258720e+00
5.588235294117646634e-02 3.410734583492169413e-03 9.691654547051277158e-01
5.588235294117646634e-02 3.464146528849086897e-03 9.339629793060242324e-01
5.588235294117646634e-02 3.516122439083413723e-03 9.071482165681659104e-01
5.588235294117646634e-02 3.566594090548784370e-03 8.880183585021883541e-01
5.588235294117646634e-02 3.615493047856795789e-03 8.763692076408573506e-01
5.588235294117646634e-02 3.662750656558899903e-03 8.718074789826804061e-01
5.588235294117646634e-02 3.736755568469962967e-03 8.735091927339129203e-01
5.588235294117646634e-02 3.781335292661275674e-03 8.796850481288286394e-01
5.588235294117646634e-02 3.824078924690442124e-03 8.929363904529838969e-01
5.588235294117646634e-02 3.895832825482185759e-03 9.099536026639403197e-01
5.588235294117646634e-02 3.935544561956668720e-03 9.325382513212475688e-01
5.588235294117646634e-02 4.005834836590941271e-03 9.584767806629241882e-01
5.588235294117646634e-02 4.042285329801896358e-03 9.904991135307272820e-01
5.588235294117646634e-02 4.110930908096185540e-03 1.023073848138361441e+00
5.588235294117646634e-02 4.179126816154983028e-03 1.060574519897717005e+00
5.588235294117646634e-02 4.246839395551589395e-03 1.102088450931282937e+00
5.588235294117646634e-02 4.276998623445662021e-03 1.145610228080233606e+00
5.588235294117646634e-02 4.342726092169166274e-03 1.190917496667472264e+00
5.588235294117646634e-02 4.407857064662745912e-03 1.238999304807000490e+00
5.588235294117646634e-02 4.472357636052057966e-03 1.289644208657401814e+00
5.588235294117646634e-02 4.536193845003402315e-03 1.342293202345621328e+00
5.588235294117646634e-02 4.599331672587408416e-03 1.396756904335819449e+00
5.588235294117646634e-02 4.661737041105456711e-03 1.452959563403636079e+00
5.588235294117646634e-02 4.723375812877159824e-03 1.510498977379095775e+00
5.588235294117646634e-02 4.784213788987193121e-03 1.569468109470110395e+00
5.588235294117646634e-02 4.844216707989591579e-03 1.629784080225640253e+00
5.588235294117646634e-02 4.903350244567616922e-03 1.691396778075446194e+00
5.588235294117646634e-02 4.961580008147091665e-03 1.754401796147701198e+00
5.588235294117646634e-02 5.067707059023032409e-03 1.817758886701875465e+00
5.588235294117646634e-02 5.174957147474377323e-03 1.893794631160584663e+00
5.588235294117646634e-02 5.283330273501130742e-03 1.981979322534465293e+00
5.588235294117646634e-02 5.392826437103290065e-03 2.081634351169091346e+00
5.428571428571429131e-02 2.489035940450962450e-03 3.674931620907586183e+00
5.428571428571429131e-02 2.578723778866446811e-03 3.085542708609779083e+00
5.428571428571429131e-02 2.669999012652116491e-03 2.585345042153107897e+00
5.428571428571429131e-02 2.762861641807972356e-03 2.170104770269291272e+00
5.428571428571429131e-02 2.857311666334013105e-03 1.835853954879437921e+00
5.428571428571429131e-02 2.953349086230239607e-03 1.578735118221728184e+00
5.428571428571429131e-02 3.050973901496651861e-03 1.394949655275234068e+00
5.428571428571429131e-02 3.150186112133249866e-03 1.280932543583784833e+00
5.428571428571429131e-02 3.188205737359478542e-03 1.195484197456171405e+00
5.428571428571429131e-02 3.245403468965031308e-03 1.123320629649609881e+00
5.428571428571429131e-02 3.279138276876794947e-03 1.060694484111073699e+00
5.428571428571429131e-02 3.333257913415703377e-03 1.008178992397331442e+00
5.428571428571429131e-02 3.386078733134622720e-03 9.653925516775160309e-01
5.428571428571429131e-02 3.437535307454814889e-03 9.313621201528545779e-01
5.428571428571429131e-02 3.487562020486434638e-03 9.052587516077492680e-01
5.428571428571429131e-02 3.536093062800064763e-03 8.867570551854280225e-01
5.428571428571429131e-02 3.583062424863741550e-03 8.753384954496132853e-01
5.428571428571429131e-02 3.628403890121254579e-03 8.711411878178469959e-01
5.428571428571429131e-02 3.700278238737220084e-03 8.723665622540834885e-01
5.428571428571429131e-02 3.742958158516695218e-03 8.786456260242548888e-01
5.428571428571429131e-02 3.783822366508731404e-03 8.918636721250594590e-01
5.428571428571429131e-02 3.853434762396725378e-03 9.078841443241034703e-01
5.428571428571429131e-02 3.891296010860447342e-03 9.306245007007634129e-01
5.428571428571429131e-02 3.959439795237049316e-03 9.552534915917652025e-01
5.428571428571429131e-02 4.027202878651457707e-03 9.856059472189310222e-01
5.428571428571429131e-02 4.060577463659930872e-03 1.018815803866484071e+00
5.428571428571429131e-02 4.126621265189274641e-03 1.054624312288779286e+00
5.428571428571429131e-02 4.192175863428145195e-03 1.094433235820837069e+00
5.428571428571429131e-02 4.257208746284035610e-03 1.137676195108685784e+00
5.428571428571429131e-02 4.284181824490035026e-03 1.183072696882450092e+00
5.428571428571429131e-02 4.347166563990246396e-03 1.229795599658455307e+00
5.428571428571429131e-02 4.409520271129370797e-03 1.278915797934494281e+00
5.428571428571429131e-02 4.471210196986438214e-03 1.330195529781796004e+00
5.428571428571429131e-02 4.532203538381895762e-03 1.383529095122151054e+00
5.428571428571429131e-02 4.592467436771730145e-03 1.438463541344954466e+00
5.428571428571429131e-02 4.651968977104937140e-03 1.495050211785873273e+00
5.428571428571429131e-02 4.710675186642633745e-03 1.553170081776467759e+00
5.428571428571429131e-02 4.768553033737127703e-03 1.612728406805732373e+00
5.428571428571429131e-02 4.871653902890652095e-03 1.673212698145580379e+00
5.428571428571429131e-02 4.928787242506341842e-03 1.733269886822911054e+00
5.428571428571429131e-02 4.985004566019465150e-03 1.794344155358463144e+00
5.428571428571429131e-02 5.089399735425038235e-03 1.864867091493524365e+00
5.428571428571429131e-02 5.194876720057611807e-03 1.947444805430079251e+00
5.277777777777778456e-02 2.488786487736776090e-03 3.522871869646261089e+00
5.277777777777778456e-02 2.576878345566793824e-03 2.962649286152378991e+00
5.277777777777778456e-02 2.666502235706900027e-03 2.488124731747779261e+00
5.277777777777778456e-02 2.757658158157092528e-03 2.095388735849700090e+00
5.277777777777778456e-02 2.850346112917372630e-03 1.780643160303597705e+00
5.277777777777778456e-02 2.944566099987740333e-03 1.540137496521736704e+00
5.277777777777778456e-02 3.040318119368194769e-03 1.370362105116397444e+00
5.277777777777778456e-02 3.117380801653947542e-03 1.265004983185283205e+00
5.277777777777778456e-02 3.173820903633106649e-03 1.183824428108110727e+00
5.277777777777778456e-02 3.207618885444668295e-03 1.113559447536465186e+00
5.277777777777778456e-02 3.261126409906896229e-03 1.053026528823960639e+00
5.277777777777778456e-02 3.313399604626078229e-03 1.002712466594577023e+00
5.277777777777778456e-02 3.364375444417058453e-03 9.615462408044900267e-01
5.277777777777778456e-02 3.413990732346526731e-03 9.285796265113372971e-01
5.277777777777778456e-02 3.462182094126211012e-03 9.033725731966002481e-01
5.277777777777778456e-02 3.508885972210037951e-03 8.852887766284947002e-01
5.277777777777778456e-02 3.554038619574171297e-03 8.743353382233238769e-01
5.277777777777778456e-02 3.597576093156884883e-03 8.703327096848428868e-01
5.277777777777778456e-02 3.667455511064420404e-03 8.715392860183014401e-01
5.277777777777778456e-02 3.708347008851933801e-03 8.776864735137535067e-01
5.277777777777778456e-02 3.777015995175585488e-03 8.910755321728603962e-01
5.277777777777778456e-02 3.815049675639719563e-03 9.062526231944700861e-01
5.277777777777778456e-02 3.882340732989546413e-03 9.286863111890865108e-01
5.277777777777778456e-02 3.917303720318086879e-03 9.526197569223869843e-01
5.277777777777778456e-02 3.983048660838059939e-03 9.817522531289855081e-01
5.277777777777778456e-02 4.014726985537613035e-03 1.015480096165030099e+00
5.277777777777778456e-02 4.078756893417428801e-03 1.049901300174221452e+00
5.277777777777778456e-02 4.142292247518475010e-03 1.088291443579915585e+00
5.277777777777778456e-02 4.205301652894839586e-03 1.129958490143085692e+00
5.277777777777778456e-02 4.267753667882474150e-03 1.174610896909446422e+00
5.277777777777778456e-02 4.329616803201423447e-03 1.221592239569766702e+00
5.277777777777778456e-02 4.351979625359198196e-03 1.270108705444921604e+00
5.277777777777778456e-02 4.411661877602682247e-03 1.320337098847889079e+00
5.277777777777778456e-02 4.470649347643721253e-03 1.372438727343541887e+00
5.277777777777778456e-02 4.528910313457564299e-03 1.426424657011163610e+00
5.277777777777778456e-02 4.586412999678509891e-03 1.482141112293913654e+00
5.277777777777778456e-02 4.686659503097758903e-03 1.538476736280833812e+00
5.277777777777778456e-02 4.743514579005689638e-03 1.595588776169008405e+00
5.277777777777778456e-02 4.799527029195947356e-03 1.653979085223032719e+00
5.277777777777778456e-02 4.854664890359012934e-03 1.713444177232656074e+00
5.277777777777778456e-02 4.908896140817617382e-03 1.774283630417148760e+00
5.277777777777778456e-02 5.010632217707769454e-03 1.839745833813319909e+00
5.135135135135135420e-02 2.489916732538232768e-03 3.374476209739047050e+00
5.135135135135135420e-02 2.576516095709152892e-03 2.842502333887959587e+00
5.135135135135135420e-02 2.664595789874446737e-03 2.393030059032435819e+00
5.135135135135135420e-02 2.754155815034115603e-03 2.022320635037700320e+00
5.135135135135135420e-02 2.845196171188159491e-03 1.726672506810514429e+00
5.135135135135135420e-02 2.937716858336577534e-03 1.502631192961207285e+00
5.135135135135135420e-02 3.031717876479370598e-03 1.346612871624949692e+00
5.135135135135135420e-02 3.107014649283307197e-03 1.249838689721659790e+00
5.135135135135135420e-02 3.140875097171853033e-03 1.171839075991617740e+00
5.135135135135135420e-02 3.193813763098451823e-03 1.103348268589711578e+00
5.135135135135135420e-02 3.245578333600930565e-03 1.045579937154427208e+00
5.135135135135135420e-02 3.296108019166551877e-03 9.973717971244953073e-01
5.135135135135135420e-02 3.345341872426875040e-03 9.576627820219035803e-01
5.135135135135135420e-02 3.393218783096842075e-03 9.259042923687146320e-01
5.135135135135135420e-02 3.439677472651083995e-03 9.013493203461602210e-01
5.135135135135135420e-02 3.484656488719050510e-03 8.838795093205460418e-01
5.135135135135135420e-02 3.528094199178849911e-03 8.732127833460329169e-01
5.135135135135135420e-02 3.569928785927983274e-03 8.695555022934015055e-01
5.135135135135135420e-02 3.637935652538365049e-03 8.707483078664650655e-01
5.135135135135135420e-02 3.677139110936601760e-03 8.770479902430502461e-01
5.135135135135135420e-02 3.743922999827978444e-03 8.898589645489479727e-01
5.135135135135135420e-02 3.780290531474721823e-03 9.051445527755344056e-01
5.135135135135135420e-02 3.845689497134742885e-03 9.264907443488792360e-01
5.135135135135135420e-02 3.879015323502577137e-03 9.507246853899699035e-01
5.135135135135135420e-02 3.942866766670171524e-03 9.786903631231043121e-01
5.135135135135135420e-02 4.006289863045710102e-03 1.011389156545905221e+00
5.135135135135135420e-02 4.035084704924797767e-03 1.046214367059165928e+00
5.135135135135135420e-02 4.096725895770896540e-03 1.083281621810549877e+00
5.135135135135135420e-02 4.157837294559374453e-03 1.123783738962551570e+00
5.135135135135135420e-02 4.218388506350068644e-03 1.167026704565129247e+00
5.135135135135135420e-02 4.278349091172282265e-03 1.212682082053098576e+00
5.135135135135135420e-02 4.337688563148724835e-03 1.260565329541278867e+00
5.135135135135135420e-02 4.396376389591599883e-03 1.310135055088952338e+00
5.135135135135135420e-02 4.454381990069647239e-03 1.361350923091158016e+00
5.135135135135135420e-02 4.511674735444883184e-03 1.414013212297431377e+00
5.135135135135135420e-02 4.568223946877691434e-03 1.467931292269214483e+00
5.135135135135135420e-02 4.623998894798893658e-03 1.523102144625299026e+00
5.135135135135135420e-02 4.678968797847291201e-03 1.579658918558511704e+00
5.135135135135135420e-02 4.733102821771112412e-03 1.637362859615247412e+00
5.135135135135135420e-02 4.786370078291754884e-03 1.696475122064022401e+00
5.135135135135135420e-02 4.838739623928015043e-03 1.757137375977980920e+00
5.000000000000000278e-02 2.492299727029767455e-03 3.230008089985248798e+00
5.000000000000000278e-02 2.577500435882551771e-03 2.725494512998954733e+00
5.000000000000000278e-02 2.664133089421937689e-03 2.300436790518985308e+00
5.000000000000000278e-02 2.752197687647924777e-03 1.951182935417541398e+00
5.000000000000000278e-02 2.841694230560513467e-03 1.674333233660172393e+00
5.000000000000000278e-02 2.932622718159703327e-03 1.466340198974132036e+00
5.000000000000000278e-02 3.024983150445494789e-03 1.324162738027595321e+00
5.000000000000000278e-02 3.078451046448027126e-03 1.235184201140739457e+00
5.000000000000000278e-02 3.130859794830592128e-03 1.158811785475698075e+00
5.000000000000000278e-02 3.182150831747537940e-03 1.093677018801713530e+00
5.000000000000000278e-02 3.232265452298411189e-03 1.038532660148762776e+00
5.000000000000000278e-02 3.258388179626258395e-03 9.916650703459104488e-01
5.000000000000000278e-02 3.305301148357754105e-03 9.531741065912732180e-01
5.000000000000000278e-02 3.350850146193608704e-03 9.227325184664345592e-01
5.000000000000000278e-02 3.419780485449428788e-03 8.994803338405037429e-01
5.000000000000000278e-02 3.463127195788196725e-03 8.824351338647922205e-01
5.000000000000000278e-02 3.504942037794047446e-03 8.721662678829233961e-01
5.000000000000000278e-02 3.545165183695203007e-03 8.685843857798645207e-01
5.000000000000000278e-02 3.611410279388258850e-03 8.702693169253938876e-01
5.000000000000000278e-02 3.649016466357723858e-03 8.764679281963125845e-01
5.000000000000000278e-02 3.714027054568077441e-03 8.891165049400636677e-01
5.000000000000000278e-02 3.748818081135340749e-03 9.041654002294685633e-01
5.000000000000000278e-02 3.812437417522799871e-03 9.249639837511379747e-01
5.000000000000000278e-02 3.844214151772590900e-03 9.492500159989638586e-01
5.000000000000000278e-02 3.906284871918402381e-03 9.763161659369177237e-01
5.000000000000000278e-02 3.967920475626228287e-03 1.008001822471982667e+00
5.000000000000000278e-02 3.995211283671903056e-03 1.043251340801548910e+00
5.000000000000000278e-02 4.055071451034846126e-03 1.079392505044248107e+00
5.000000000000000278e-02 4.114398327368981763e-03 1.118687268900534271e+00
5.000000000000000278e-02 4.173162498115582861e-03 1.160763649131746122e+00
5.000000000000000278e-02 4.231334506054615537e-03 1.205411214604295012e+00
5.000000000000000278e-02 4.288884850474426746e-03 1.252043714621763559e+00
5.000000000000000278e-02 4.345783986315028546e-03 1.300582923844555649e+00
5.000000000000000278e-02 4.402002323283828004e-03 1.350797213092032933e+00
5.000000000000000278e-02 4.457510224942656980e-03 1.402455436111573750e+00
5.000000000000000278e-02 4.512278007764790322e-03 1.455522608066242896e+00
5.000000000000000278e-02 4.566275940160649700e-03 1.510095100647126820e+00
5.000000000000000278e-02 4.619474241470781020e-03 1.565900551893494752e+00
5.000000000000000278e-02 4.671843080924630888e-03 1.623162396892222414e+00
5.000000000000000278e-02 4.723352576563543542e-03 1.681989613044975407e+00
