1.666666666666666574e-01 5.033159672995645914e-03 3.227311178018430482e+00
1.666666666666666574e-01 5.320711743184644571e-03 2.392458391995881062e+00
1.666666666666666574e-01 5.616251370878895359e-03 1.783267127075679470e+00
1.666666666666666574e-01 5.919778556078393941e-03 1.381211332746838716e+00
1.666666666666666574e-01 6.231293298783142920e-03 1.168782133891254071e+00
1.666666666666666574e-01 6.407240181263569069e-03 1.067861826038140505e+00
1.666666666666666574e-01 6.576142715414619137e-03 9.972157853578669240e-01
1.666666666666666574e-01 6.763993842537814084e-03 9.529621400567999112e-01
1.666666666666666574e-01 6.946278007655763351e-03 9.320850786414442979e-01
1.666666666666666574e-01 7.122460891050329604e-03 9.312874918700859705e-01
1.666666666666666574e-01 7.292000818769627489e-03 9.490070176368516908e-01
1.666666666666666574e-01 7.486744465073145831e-03 9.816903990347741749e-01
1.666666666666666574e-01 7.676822237342061615e-03 1.028344976485702666e+00
1.666666666666666574e-01 7.897265015238689317e-03 1.087287707486888300e+00
1.666666666666666574e-01 8.078326255441399192e-03 1.155384211853456300e+00
1.666666666666666574e-01 8.330811341893224267e-03 1.237726395981224803e+00
1.666666666666666574e-01 8.664011128923164787e-03 1.373803958544566939e+00
1.666666666666666574e-01 9.003744245110559610e-03 1.568065423224270116e+00
1.666666666666666574e-01 9.350010690455398329e-03 1.814834731715479599e+00
1.666666666666666574e-01 9.702810464957689618e-03 2.108994152209645367e+00
1.666666666666666574e-01 1.006214356861743174e-02 2.445605766457813246e+00
1.666666666666666574e-01 1.042801000143462123e-02 2.820344505553406655e+00
1.666666666666666574e-01 1.080040976340926155e-02 3.229071314376898094e+00
1.666666666666666574e-01 1.117934285454135271e-02 3.667957314141999436e+00
1.610169491525423879e-01 4.996638947916492123e-03 2.809265698041205184e+00
1.610169491525423879e-01 5.274177909932497091e-03 2.090905233313418599e+00
1.610169491525423879e-01 5.559217924975959520e-03 1.582324774503293341e+00
1.610169491525423879e-01 5.851758993046881144e-03 1.266331892503775869e+00
1.610169491525423879e-01 6.106627030565730391e-03 1.119130582335200241e+00
1.610169491525423879e-01 6.269207083227540042e-03 1.032857670580182852e+00
1.610169491525423879e-01 6.424655939242110772e-03 9.742465867943536084e-01
1.610169491525423879e-01 6.598775463480490398e-03 9.395886911766823113e-01
1.610169491525423879e-01 6.767221760397857874e-03 9.265056010870800218e-01
1.610169491525423879e-01 6.958594314027914153e-03 9.325997518338737802e-01
1.610169491525423879e-01 7.115586899268842684e-03 9.545313061244824482e-01
1.610169491525423879e-01 7.297366306367542889e-03 9.911374009722960787e-01
1.610169491525423879e-01 7.474424887266113357e-03 1.040647781858559329e+00
1.610169491525423879e-01 7.681268929657847876e-03 1.100835860846263614e+00
1.610169491525423879e-01 7.849214525418177907e-03 1.170682468438969615e+00
1.610169491525423879e-01 8.125227208665713671e-03 1.258461055156492758e+00
1.610169491525423879e-01 8.443833535256810643e-03 1.402777483286137494e+00
1.610169491525423879e-01 8.768566906590044563e-03 1.602232197103846012e+00
1.610169491525423879e-01 9.099427322665411960e-03 1.851639877079477747e+00
1.610169491525423879e-01 9.436414783482918039e-03 2.146004311579225110e+00
1.610169491525423879e-01 9.779529289042559331e-03 2.480915312673819706e+00
1.610169491525423879e-01 1.012877083934433584e-02 2.852165413383331849e+00
1.610169491525423879e-01 1.048413943438825276e-02 3.255843765577909554e+00
1.610169491525423879e-01 1.084563507417430316e-02 3.688485082648270907e+00
1.557377049180327933e-01 4.706546427824960174e-03 3.270857760700850214e+00
1.557377049180327933e-01 4.967972162979058387e-03 2.447302768485194235e+00
1.557377049180327933e-01 5.236463458542726587e-03 1.835844913580127580e+00
1.557377049180327933e-01 5.512020314515964775e-03 1.419608434327482627e+00
1.557377049180327933e-01 5.794642730898775553e-03 1.182635474476266602e+00
1.557377049180327933e-01 5.994351426107830637e-03 1.076568935619571565e+00
1.557377049180327933e-01 6.144671517368692146e-03 1.003135851387836563e+00
1.557377049180327933e-01 6.287789123440423907e-03 9.555842696907035361e-01
1.557377049180327933e-01 6.449351161438908984e-03 9.299166161515087792e-01
1.557377049180327933e-01 6.632655648839133784e-03 9.238597842232464386e-01
1.557377049180327933e-01 6.783546293885382716e-03 9.352616333956687011e-01
1.557377049180327933e-01 6.957935354031727707e-03 9.618110920635347671e-01
1.557377049180327933e-01 7.127940858441112609e-03 1.001917112692705336e+00
1.557377049180327933e-01 7.293181800903441800e-03 1.054094049652142484e+00
1.557377049180327933e-01 7.487706399972087791e-03 1.115564197340191743e+00
1.557377049180327933e-01 7.679661559235049714e-03 1.186713128801351047e+00
1.557377049180327933e-01 7.943485692498150966e-03 1.282152162724037758e+00
1.557377049180327933e-01 8.248976661533907392e-03 1.434581774651211283e+00
1.557377049180327933e-01 8.560231611117508771e-03 1.639409501047117468e+00
1.557377049180327933e-01 8.877250541248955101e-03 1.891590174421598602e+00
1.557377049180327933e-01 9.200033451928242914e-03 2.186638167014413270e+00
1.557377049180327933e-01 9.528580343155375679e-03 2.520286302095159137e+00
1.557377049180327933e-01 9.862891214930355130e-03 2.888550267654698356e+00
1.557377049180327933e-01 1.020296606725317953e-02 3.287896023434017323e+00
1.557377049180327933e-01 1.054880490012384542e-02 3.714923860516219367e+00
1.507936507936507853e-01 4.692549637425452551e-03 2.847506451246517578e+00
1.507936507936507853e-01 4.946155875608091064e-03 2.136688860423103797e+00
1.507936507936507853e-01 5.206435962163954989e-03 1.623428887069018112e+00
1.507936507936507853e-01 5.473389897093047796e-03 1.292044137117794422e+00
1.507936507936507853e-01 5.725667757098019083e-03 1.126854228680141068e+00
1.507936507936507853e-01 5.870266478128593861e-03 1.039559870725581092e+00
1.507936507936507853e-01 6.031763271766701039e-03 9.781799319580468666e-01
1.507936507936507853e-01 6.188354113726386892e-03 9.402655493874279014e-01
1.507936507936507853e-01 6.339593885165645780e-03 9.226561149557916952e-01
1.507936507936507853e-01 6.485032011626016939e-03 9.234007340851840828e-01
1.507936507936507853e-01 6.652804537842120676e-03 9.399236268899864299e-01
1.507936507936507853e-01 6.816497683937115630e-03 9.707233929278422657e-01
1.507936507936507853e-01 6.975753402466650620e-03 1.013933396061766246e+00
1.507936507936507853e-01 7.162808988251803850e-03 1.068423328456450161e+00
1.507936507936507853e-01 7.313515560681679503e-03 1.131412627019987793e+00
1.507936507936507853e-01 7.494161051471132963e-03 1.203064964320168961e+00
1.507936507936507853e-01 7.782371871046983407e-03 1.308826358547864777e+00
1.507936507936507853e-01 8.076020630614832649e-03 1.469317374220953543e+00
1.507936507936507853e-01 8.375107330174678955e-03 1.679452424307787961e+00
1.507936507936507853e-01 8.679631969726519722e-03 1.934679389969143237e+00
1.507936507936507853e-01 8.989594549270360155e-03 2.230679425238153435e+00
1.507936507936507853e-01 9.304995068806198519e-03 2.563402673816202793e+00
1.507936507936507853e-01 9.625833528334031344e-03 2.929253677518502741e+00
1.507936507936507853e-01 9.952109927853862101e-03 3.324758632832069516e+00
1.507936507936507853e-01 1.028382426736569426e-02 3.746834975808852164e+00
1.461538461538461620e-01 4.443712171928099197e-03 3.287082234407397774e+00
1.461538461538461620e-01 4.683870127530968125e-03 2.480293540300324118e+00
1.461538461538461620e-01 4.930348029333913099e-03 1.873127871792789945e+00
1.461538461538461620e-01 5.183145877336934118e-03 1.450178238959860533e+00
1.461538461538461620e-01 5.442263671540029449e-03 1.196977218972479440e+00
1.461538461538461620e-01 5.643701770681624520e-03 1.082494976700062228e+00
1.461538461538461620e-01 5.777925418169700851e-03 1.008000998272577053e+00
1.461538461538461620e-01 5.928916919874084243e-03 9.575206277548440337e-01
1.461538461538461620e-01 6.074895774313263976e-03 9.284959188814698727e-01
1.461538461538461620e-01 6.215437362419580329e-03 9.185068760990676706e-01
1.461538461538461620e-01 6.377257319122977067e-03 9.250658570781278289e-01
1.461538461538461620e-01 6.535273366533552938e-03 9.466814760496151671e-01
1.461538461538461620e-01 6.689148050211625451e-03 9.811271826095020465e-01
1.461538461538461620e-01 6.838540552079794797e-03 1.027116409330576019e+00
1.461538461538461620e-01 7.015381672673135297e-03 1.083459047639044215e+00
1.461538461538461620e-01 7.156145860738257619e-03 1.148341915050277828e+00
1.461538461538461620e-01 7.361445030029935450e-03 1.222143130487430396e+00
1.461538461538461620e-01 7.639211145234138869e-03 1.338601811854260415e+00
1.461538461538461620e-01 7.922121077386570093e-03 1.506893909962160993e+00
1.461538461538461620e-01 8.210174826487224783e-03 1.722409080536005943e+00
1.461538461538461620e-01 8.503372392536106411e-03 1.980784229803010721e+00
1.461538461538461620e-01 8.801713775533216710e-03 2.277911323191644577e+00
1.461538461538461620e-01 9.105198975478548742e-03 2.610140318934853987e+00
1.461538461538461620e-01 9.413827992372109446e-03 2.973930003949794454e+00
1.461538461538461620e-01 9.727600826213897087e-03 3.366129624254417418e+00
1.417910447761193959e-01 4.445925077956798879e-03 2.862554426179277911e+00
1.417910447761193959e-01 4.679881668329968075e-03 2.164497689569294003e+00
1.417910447761193959e-01 4.919837145635783636e-03 1.652749882611209475e+00
1.417910447761193959e-01 5.165791509874243827e-03 1.313064162443474236e+00
1.417910447761193959e-01 5.417744761045348648e-03 1.131921978302715015e+00
1.417910447761193959e-01 5.547647975521487543e-03 1.044627831713647925e+00
1.417910447761193959e-01 5.693582881226689693e-03 9.814593900625266931e-01
1.417910447761193959e-01 5.834813005671831386e-03 9.409282058996031317e-01
1.417910447761193959e-01 5.970937116834319075e-03 9.201732057743904347e-01
1.417910447761193959e-01 6.127377820809462756e-03 9.168586430429517264e-01
1.417910447761193959e-01 6.253261565197958290e-03 9.294131825237931244e-01
1.417910447761193959e-01 6.401070373027075398e-03 9.553073528717506147e-01
1.417910447761193959e-01 6.574100496220517190e-03 9.929097912119134728e-01
1.417910447761193959e-01 6.714401678765169988e-03 1.041394843240988299e+00
1.417910447761193959e-01 6.881849652485426579e-03 1.099469399400929248e+00
1.417910447761193959e-01 7.046759863836656382e-03 1.165962164967433656e+00
1.417910447761193959e-01 7.243506756517060184e-03 1.244705309008681704e+00
1.417910447761193959e-01 7.511762204111331089e-03 1.371412736933911747e+00
1.417910447761193959e-01 7.784895023480039103e-03 1.547383797319390686e+00
1.417910447761193959e-01 8.062905214623189432e-03 1.768217992064988753e+00
1.417910447761193959e-01 8.345792777540782942e-03 2.029755952864393365e+00
1.417910447761193959e-01 8.633557712232816164e-03 2.328299414714519067e+00
1.417910447761193959e-01 8.926200018699290833e-03 2.660246024513936547e+00
1.417910447761193959e-01 9.223719696940208684e-03 3.022382821500645633e+00
1.417910447761193959e-01 9.526116746955564513e-03 3.411583671812965513e+00
1.376811594202898559e-01 4.229237071249933311e-03 3.279772564716468608e+00
1.376811594202898559e-01 4.451790953224967450e-03 2.493736462854112546e+00
1.376811594202898559e-01 4.680051344994234745e-03 1.895875135117141230e+00
1.376811594202898559e-01 4.914018246557731728e-03 1.472162802001621085e+00
1.376811594202898559e-01 5.153691657915461001e-03 1.209276434758495000e+00
1.376811594202898559e-01 5.358326386223914023e-03 1.086531506874351960e+00
1.376811594202898559e-01 5.479284631194411039e-03 1.011622577197860862e+00
1.376811594202898559e-01 5.616210303948504338e-03 9.595393705546340080e-01
1.376811594202898559e-01 5.748332193679691303e-03 9.280242148037948224e-01
1.376811594202898559e-01 5.899891592115333316e-03 9.149499801574846325e-01
1.376811594202898559e-01 6.022383326308715368e-03 9.175600144407634051e-01
1.376811594202898559e-01 6.165844307959513979e-03 9.346634017550455864e-01
1.376811594202898559e-01 6.305343665039857964e-03 9.646924331752079196e-01
1.376811594202898559e-01 6.469844653548747007e-03 1.005960466557060728e+00
1.376811594202898559e-01 6.601730150479334820e-03 1.056718577856981423e+00
1.376811594202898559e-01 6.760504107350000930e-03 1.116370360794102679e+00
1.376811594202898559e-01 6.916668283233990029e-03 1.183804638534527554e+00
1.376811594202898559e-01 7.138570805908279679e-03 1.270685612542497678e+00
1.376811594202898559e-01 7.398134130398734999e-03 1.407330954821899294e+00
1.376811594202898559e-01 7.662332514255090765e-03 1.590761216480784501e+00
1.376811594202898559e-01 7.931165957477349579e-03 1.816772049987262161e+00
1.376811594202898559e-01 8.204634460065508839e-03 2.081622880610805026e+00
1.376811594202898559e-01 8.482738022019568544e-03 2.381656089192871750e+00
1.376811594202898559e-01 8.765476643339532165e-03 2.713602132206255568e+00
1.376811594202898559e-01 9.052850324025391027e-03 3.074289387059582879e+00
1.376811594202898559e-01 9.344859064077153804e-03 3.460926239681239025e+00
1.338028169014084390e-01 4.031206180316014576e-03 3.728608624978360986e+00
1.338028169014084390e-01 4.243339141735915157e-03 2.857403033035960327e+00
1.338028169014084390e-01 4.460911409858892181e-03 2.176029981938322866e+00
1.338028169014084390e-01 4.683922984684942177e-03 1.670684336178488660e+00
1.338028169014084390e-01 4.912373866214066014e-03 1.328239970899087963e+00
1.338028169014084390e-01 5.146264054446266292e-03 1.136302817605000959e+00
1.338028169014084390e-01 5.283439017919395152e-03 1.047590571441102458e+00
1.338028169014084390e-01 5.416447734475957933e-03 9.839493019665240814e-01
1.338028169014084390e-01 5.544929350888011879e-03 9.417126380523810347e-01
1.338028169014084390e-01 5.668519197291690265e-03 9.186964950329231661e-01
1.338028169014084390e-01 5.811452053416827322e-03 9.118492881878963452e-01
1.338028169014084390e-01 5.950954661511282870e-03 9.204179307230435647e-01
1.338028169014084390e-01 6.086737272219724243e-03 9.421700347377863771e-01
1.338028169014084390e-01 6.218507528105950317e-03 9.757096868093106945e-01
1.338028169014084390e-01 6.375095337076148137e-03 1.020193351497879153e+00
1.338028169014084390e-01 6.499159450321530078e-03 1.072985747382092070e+00
1.338028169014084390e-01 6.649892155748043064e-03 1.134197267877627091e+00
1.338028169014084390e-01 6.797951359546326733e-03 1.202552843088152024e+00
1.338028169014084390e-01 7.045129527639560317e-03 1.300134739888994639e+00
1.338028169014084390e-01 7.296721591591602898e-03 1.446344431564318356e+00
1.338028169014084390e-01 7.552727551402455344e-03 1.636938486331230402e+00
1.338028169014084390e-01 7.813147407072113318e-03 1.868139512998695073e+00
1.338028169014084390e-01 8.077981158600578554e-03 2.136240124788791661e+00
1.338028169014084390e-01 8.347228805987854522e-03 2.437919476440322697e+00
1.338028169014084390e-01 8.620890349233936018e-03 2.769965122056559093e+00
1.338028169014084390e-01 8.898965788338826510e-03 3.129531926982976664e+00
1.338028169014084390e-01 9.181455123302524265e-03 3.513782313972661164e+00
1.301369863013698558e-01 4.052204822084429399e-03 3.252377617164739831e+00
1.301369863013698558e-01 4.259976900768458474e-03 2.490011808970811646e+00
1.301369863013698558e-01 4.472943281419586477e-03 1.905359835075149499e+00
1.301369863013698558e-01 4.691103964037816008e-03 1.485492996741561988e+00
1.301369863013698558e-01 4.914458948623146202e-03 1.218185004386101999e+00
1.301369863013698558e-01 5.123438317826183031e-03 1.088715714348407859e+00
1.301369863013698558e-01 5.233288673031912322e-03 1.013807973548954244e+00
1.301369863013698558e-01 5.358447131037636160e-03 9.609167216428171621e-01
1.301369863013698558e-01 5.478985780253037979e-03 9.277369586670505264e-01
1.301369863013698558e-01 5.618094316660402453e-03 9.119899046875326043e-01
1.301369863013698558e-01 5.729396914408027910e-03 9.119731875628699358e-01
1.301369863013698558e-01 5.860714777375293852e-03 9.255662027858690966e-01
1.301369863013698558e-01 6.014978721542918981e-03 9.516990706759187457e-01
1.301369863013698558e-01 6.139533164177696581e-03 9.882277729706867575e-01
1.301369863013698558e-01 6.259747858273973994e-03 1.035454609883792010e+00
1.301369863013698558e-01 6.405520586059539057e-03 1.090215723896583944e+00
1.301369863013698558e-01 6.548771375914169690e-03 1.152844220579994694e+00
1.301369863013698558e-01 6.721847971294830568e-03 1.223823378926985006e+00
1.301369863013698558e-01 6.961895169580556257e-03 1.333036229770929060e+00
1.301369863013698558e-01 7.206153722222174290e-03 1.488366297257633253e+00
1.301369863013698558e-01 7.454623629219680331e-03 1.686004472550995503e+00
1.301369863013698558e-01 7.707304890573076113e-03 1.922198744107510793e+00
1.301369863013698558e-01 7.964197506282364239e-03 2.193581919482635367e+00
1.301369863013698558e-01 8.225301476347540372e-03 2.496905101145575845e+00
1.301369863013698558e-01 8.490616800768605379e-03 2.829274268514001989e+00
1.301369863013698558e-01 8.760143479545562731e-03 3.187811729228963831e+00
1.301369863013698558e-01 9.033881512678405487e-03 3.570060250820674241e+00
1.266666666666666774e-01 3.876407730725834559e-03 3.675827391076804673e+00
1.266666666666666774e-01 4.075166018473353781e-03 2.834905626079386565e+00
1.266666666666666774e-01 4.278893263414560756e-03 2.173207247655157381e+00
1.266666666666666774e-01 4.487589465549455918e-03 1.678000782823716897e+00
1.266666666666666774e-01 4.701254624878039266e-03 1.337229102856679397e+00
1.266666666666666774e-01 4.919888741400310801e-03 1.139413887282947790e+00
1.266666666666666774e-01 5.064827225144772661e-03 1.048792444890493059e+00
1.266666666666666774e-01 5.186941698983070677e-03 9.853378102596574983e-01
1.266666666666666774e-01 5.304686736444698056e-03 9.421406939935137448e-01
1.266666666666666774e-01 5.417728528318043954e-03 9.173779624382546460e-01
1.266666666666666774e-01 5.549301312424527628e-03 9.081113196125256692e-01
1.266666666666666774e-01 5.677554548162339759e-03 9.136453508731352535e-01
1.266666666666666774e-01 5.802223081045790321e-03 9.320314559086645412e-01
1.266666666666666774e-01 5.923039485049056210e-03 9.621255918415204667e-01
1.266666666666666774e-01 6.067535061012530734e-03 1.002058428207361462e+00
1.266666666666666774e-01 6.180962093723023180e-03 1.051564343325895656e+00
1.266666666666666774e-01 6.319808149789198082e-03 1.108288076418632251e+00
1.266666666666666774e-01 6.456073577825069583e-03 1.172330674183807098e+00
1.266666666666666774e-01 6.654295400403654852e-03 1.249032417286828345e+00
1.266666666666666774e-01 6.887761794792109787e-03 1.369288483842567183e+00
1.266666666666666774e-01 7.125253471842432976e-03 1.533489710127979855e+00
1.266666666666666774e-01 7.366770431554625284e-03 1.737844266688711947e+00
1.266666666666666774e-01 7.612312673928690182e-03 1.978943258456205889e+00
1.266666666666666774e-01 7.861880198964620731e-03 2.253505429273545246e+00
1.266666666666666774e-01 8.115473006662423869e-03 2.558592252388995014e+00
1.266666666666666774e-01 8.373091097022097862e-03 2.891289622253429670e+00
1.266666666666666774e-01 8.634734470043637505e-03 3.249085218573442013e+00
1.266666666666666774e-01 8.900403125727049738e-03 3.629577560822620619e+00
1.233766233766233900e-01 3.904693478419210811e-03 3.208054370620460727e+00
1.233766233766233900e-01 4.099898395493055230e-03 2.471502327589139014e+00
1.233766233766233900e-01 4.299864408105287875e-03 1.902985118330218661e+00
1.233766233766233900e-01 4.504591516255906578e-03 1.490615473196776009e+00
1.233766233766233900e-01 4.714079719944911338e-03 1.223055785605583479e+00
1.233766233766233900e-01 4.909430524244120554e-03 1.088604218819814173e+00
1.233766233766233900e-01 5.028747893626261609e-03 1.014698210533656386e+00
1.233766233766233900e-01 5.143926971503914695e-03 9.616448809203821391e-01
1.233766233766233900e-01 5.254649208358113874e-03 9.272563174184988988e-01
1.233766233766233900e-01 5.383214808362579880e-03 9.098643925168083957e-01
1.233766233766233900e-01 5.485048682676300219e-03 9.073849552959341036e-01
1.233766233766233900e-01 5.606097086323742415e-03 9.182059729734444176e-01
1.233766233766233900e-01 5.749116781391585412e-03 9.408399358248644706e-01
1.233766233766233900e-01 5.863635275660028512e-03 9.739819120718360423e-01
1.233766233766233900e-01 6.001747215432440968e-03 1.017148580543328018e+00
1.233766233766233900e-01 6.108797040371582825e-03 1.068635436674233219e+00
1.233766233766233900e-01 6.241153064433433567e-03 1.127205896048269151e+00
1.233766233766233900e-01 6.370875723738626123e-03 1.192646155901596838e+00
1.233766233766233900e-01 6.594398320019513073e-03 1.278050731362704306e+00
1.233766233766233900e-01 6.821774754167311133e-03 1.408975238184720258e+00
1.233766233766233900e-01 7.053005026182021173e-03 1.581592518921439483e+00
1.233766233766233900e-01 7.288089136063644925e-03 1.792456326726260762e+00
1.233766233766233900e-01 7.527027083812177187e-03 2.038256876006664609e+00
1.233766233766233900e-01 7.769818869427622295e-03 2.316015269249935393e+00
1.233766233766233900e-01 8.016464492909981115e-03 2.622784470975931370e+00
1.233766233766233900e-01 8.266963954259246711e-03 2.956000813072324984e+00
1.233766233766233900e-01 8.521317253475428621e-03 3.313224041921693175e+00
1.233766233766233900e-01 8.779524390558523378e-03 3.692003801793618756e+00
1.202531645569620278e-01 3.747020654942934733e-03 3.607032732513349771e+00
1.202531645569620278e-01 3.934343132434366293e-03 2.797752949738566919e+00
1.202531645569620278e-01 4.126234450840223118e-03 2.157899219608973240e+00
1.202531645569620278e-01 4.322694610160504776e-03 1.675754248004469815e+00
1.202531645569620278e-01 4.523723610395212133e-03 1.340122376636083024e+00
1.202531645569620278e-01 4.729321451544343455e-03 1.140534825371756877e+00
1.202531645569620278e-01 4.882432019126017528e-03 1.048739293922984928e+00
1.202531645569620278e-01 4.995247191118364592e-03 9.860033339025094934e-01
1.202531645569620278e-01 5.103833503250929972e-03 9.422253248451230023e-01
1.202531645569620278e-01 5.207883494043318365e-03 9.159740892697624259e-01
1.202531645569620278e-01 5.329781241487099863e-03 9.051213624545468850e-01
1.202531645569620278e-01 5.448459132367281313e-03 9.083274224290440735e-01
1.202531645569620278e-01 5.563673002271326239e-03 9.239395885315497825e-01
1.202531645569620278e-01 5.675176690888092054e-03 9.509467749757463118e-01
1.202531645569620278e-01 5.809395358088324801e-03 9.874160636886735176e-01
1.202531645569620278e-01 5.941503888847005435e-03 1.033308706590977177e+00
1.202531645569620278e-01 6.042543766929894637e-03 1.086644089715327333e+00
1.202531645569620278e-01 6.168800543088329841e-03 1.146943733753222894e+00
1.202531645569620278e-01 6.323349399990727850e-03 1.213102949912576056e+00
1.202531645569620278e-01 6.541380002430322721e-03 1.310941162190250697e+00
1.202531645569620278e-01 6.763106038809572375e-03 1.451955336028982080e+00
1.202531645569620278e-01 6.988527509128477679e-03 1.632665945856529799e+00
1.202531645569620278e-01 7.217644413387035163e-03 1.849738256498960620e+00
1.202531645569620278e-01 7.450456751585246562e-03 2.100156901442208124e+00
1.202531645569620278e-01 7.686964523723113611e-03 2.380945190273095591e+00
1.202531645569620278e-01 7.927167729800631973e-03 2.689491664198908616e+00
1.202531645569620278e-01 8.171066369817805985e-03 3.023320440356823013e+00
1.202531645569620278e-01 8.418660443774638250e-03 3.379947779559862031e+00
1.172839506172839441e-01 3.780828618332082551e-03 3.149676368865574894e+00
1.172839506172839441e-01 3.965232510879560836e-03 2.440405465921680506e+00
1.172839506172839441e-01 4.154026972297218331e-03 1.890263622971006807e+00
1.172839506172839441e-01 4.347212002585052436e-03 1.488197820554034045e+00
1.172839506172839441e-01 4.544787601743064884e-03 1.223858969083295278e+00
1.172839506172839441e-01 4.746753769771256543e-03 1.087219807965114970e+00
1.172839506172839441e-01 4.838210042798032386e-03 1.014568810761901307e+00
1.172839506172839441e-01 4.943954895310001887e-03 9.619283881444145035e-01
1.172839506172839441e-01 5.066301236419565833e-03 9.266670554131896109e-01
1.172839506172839441e-01 5.163994647684967167e-03 9.081052388974659717e-01
1.172839506172839441e-01 5.279556083855149740e-03 9.034471662773202461e-01
1.172839506172839441e-01 5.391815470186916634e-03 9.120521334315785378e-01
1.172839506172839441e-01 5.525218123624483189e-03 9.322229777556032548e-01
1.172839506172839441e-01 5.631156793129963624e-03 9.623258551394099358e-01
1.172839506172839441e-01 5.759777080996760293e-03 1.002193463728940026e+00
1.172839506172839441e-01 5.858528592136038118e-03 1.050446044797386236e+00
1.172839506172839441e-01 5.981583635415186999e-03 1.105540577697404325e+00
1.172839506172839441e-01 6.131896590355855742e-03 1.167139068267455393e+00
1.172839506172839441e-01 6.281641611231655702e-03 1.237960396297688392e+00
1.172839506172839441e-01 6.494563578140150409e-03 1.347533697100140371e+00
1.172839506172839441e-01 6.711034244497121604e-03 1.498202462660886969e+00
1.172839506172839441e-01 6.931053610302564949e-03 1.686610352771104271e+00
1.172839506172839441e-01 7.154621675556484782e-03 1.909709210736697083e+00
1.172839506172839441e-01 7.381738440258879368e-03 2.164495768231759598e+00
1.172839506172839441e-01 7.612403904409746104e-03 2.448314156273971420e+00
1.172839506172839441e-01 7.846618068009091063e-03 2.758655844419049874e+00
1.172839506172839441e-01 8.084380931056912509e-03 3.093006654279184087e+00
1.172839506172839441e-01 8.325692493553207840e-03 3.449217633589883203e+00
1.144578313253012125e-01 3.638138282057897833e-03 3.525179038434356649e+00
1.144578313253012125e-01 3.815582680776355515e-03 2.748355600887008254e+00
1.144578313253012125e-01 3.997251946130967251e-03 2.131950512712095236e+00
1.144578313253012125e-01 4.183146078121732607e-03 1.665053616467876418e+00
1.144578313253012125e-01 4.373265076748650282e-03 1.337436840779887115e+00
1.144578313253012125e-01 4.567608942011723745e-03 1.139187711873798303e+00
1.144578313253012125e-01 4.710762918497077290e-03 1.047117503006474770e+00
1.144578313253012125e-01 4.814714934993052052e-03 9.851907520410295716e-01
1.144578313253012125e-01 4.914542224222395901e-03 9.419064965875096895e-01
1.144578313253012125e-01 5.031013462682915396e-03 9.146700169240544742e-01
1.144578313253012125e-01 5.144579270909340786e-03 9.028107864015026962e-01
1.144578313253012125e-01 5.255015270555747978e-03 9.042143050064641585e-01
1.144578313253012125e-01 5.362095392883989113e-03 9.173833606253241069e-01
1.144578313253012125e-01 5.465591801758907207e-03 9.416479397802656193e-01
1.144578313253012125e-01 5.590979942476440034e-03 9.753918181166717494e-01
1.144578313253012125e-01 5.714304607182067557e-03 1.018214225148585506e+00
1.144578313253012125e-01 5.807706411815935672e-03 1.068263926196898250e+00
1.144578313253012125e-01 5.925374548116686332e-03 1.125197132765683783e+00
1.144578313253012125e-01 6.070213818828319036e-03 1.187828808248729162e+00
1.144578313253012125e-01 6.245197664009267784e-03 1.267011431955787248e+00
1.144578313253012125e-01 6.453356700962792521e-03 1.387775815688282455e+00
1.144578313253012125e-01 6.664928181145059541e-03 1.547610324725388731e+00
1.144578313253012125e-01 6.879912104556074916e-03 1.743437478683273145e+00
1.144578313253012125e-01 7.098308471195836043e-03 1.972230320447981633e+00
1.144578313253012125e-01 7.320117281064341189e-03 2.231291781166944155e+00
1.144578313253012125e-01 7.545338534161596424e-03 2.518083508576385299e+00
1.144578313253012125e-01 7.773972230487598278e-03 2.830063678787178461e+00
1.144578313253012125e-01 8.006018370042345886e-03 3.165041414130330910e+00
1.144578313253012125e-01 8.241476952825836644e-03 3.520949483406441871e+00
1.117647058823529327e-01 3.676170700864648307e-03 3.079773089784007656e+00
1.117647058823529327e-01 3.851202219355643643e-03 2.398793279101764320e+00
1.117647058823529327e-01 4.030304238276661601e-03 1.868631757792087678e+00
1.117647058823529327e-01 4.213476757627702615e-03 1.479182354380334408e+00
1.117647058823529327e-01 4.400719777408768421e-03 1.220648672253114908e+00
1.117647058823529327e-01 4.592033297619855549e-03 1.083867213597668355e+00
1.117647058823529327e-01 4.694321290905696664e-03 1.012919285782662771e+00
1.117647058823529327e-01 4.792679994813127051e-03 9.607145465502997528e-01
1.117647058823529327e-01 4.886835811569038499e-03 9.259418589020491641e-01
1.117647058823529327e-01 4.997690546809078864e-03 9.060099987294216728e-01
1.117647058823529327e-01 5.105555414998587914e-03 9.002352650058079719e-01
1.117647058823529327e-01 5.210213160947486238e-03 9.069142601734310194e-01
1.117647058823529327e-01 5.311444891968743025e-03 9.251670618107041832e-01
1.117647058823529327e-01 5.433830902569223957e-03 9.527068292513517500e-01
1.117647058823529327e-01 5.554256085094376461e-03 9.899953895530131387e-01
1.117647058823529327e-01 5.645844943938950998e-03 1.034950408775022979e+00
1.117647058823529327e-01 5.760876421377741571e-03 1.086946556072117653e+00
1.117647058823529327e-01 5.902148204006339022e-03 1.145567071204824261e+00
1.117647058823529327e-01 6.013106886131954106e-03 1.209149445311219928e+00
1.117647058823529327e-01 6.213530092226647421e-03 1.300170081450191528e+00
1.117647058823529327e-01 6.417238924650760928e-03 1.431546565662895176e+00
1.117647058823529327e-01 6.624233383404294628e-03 1.600175358452680108e+00
1.117647058823529327e-01 6.834513468487251990e-03 1.803008524964939463e+00
1.117647058823529327e-01 7.048079179899626942e-03 2.037310843248067993e+00
1.117647058823529327e-01 7.264930517641425556e-03 2.300516815436095985e+00
1.117647058823529327e-01 7.485067481712646964e-03 2.590059621096646669e+00
1.117647058823529327e-01 7.708490072113289432e-03 2.903708830492578219e+00
1.117647058823529327e-01 7.935198288843349490e-03 3.239371443796980721e+00
1.117647058823529327e-01 8.165192131902832343e-03 3.595027695252225985e+00
1.091954022988505663e-01 3.546019655401500079e-03 3.432837366427048398e+00
1.091954022988505663e-01 3.714854362869751247e-03 2.688926279983353318e+00
1.091954022988505663e-01 3.887615458883776111e-03 2.097029634708437840e+00
1.091954022988505663e-01 4.064302943443572937e-03 1.647163653321980226e+00
1.091954022988505663e-01 4.244916816549145627e-03 1.329648895138954900e+00
1.091954022988505663e-01 4.429457078200488979e-03 1.135404079909724029e+00
1.091954022988505663e-01 4.563915480315563350e-03 1.044581614440106998e+00
1.091954022988505663e-01 4.660112272322665394e-03 9.840863642980829384e-01
1.091954022988505663e-01 4.771903173880804802e-03 9.406031116730004804e-01
1.091954022988505663e-01 4.860611325513747825e-03 9.137046424143893120e-01
1.091954022988505663e-01 4.966084701411841752e-03 9.005709635551666370e-01
1.091954022988505663e-01 5.068490059894961534e-03 9.005902488882652213e-01
1.091954022988505663e-01 5.190665638722463497e-03 9.123498763341472140e-01
1.091954022988505663e-01 5.287207968082073203e-03 9.339534025762135094e-01
1.091954022988505663e-01 5.404934295012592607e-03 9.656549183317602036e-01
1.091954022988505663e-01 5.494840354378852619e-03 1.005445380568350977e+00
1.091954022988505663e-01 5.607418596087933652e-03 1.052502881194464113e+00
1.091954022988505663e-01 5.717643777520212828e-03 1.106570880396866796e+00
1.091954022988505663e-01 5.854071874521731694e-03 1.166454017145015287e+00
1.091954022988505663e-01 5.989833883121214141e-03 1.234238455961498726e+00
1.091954022988505663e-01 6.186208898391762356e-03 1.337293961785144036e+00
1.091954022988505663e-01 6.385751252618286807e-03 1.478820401248058580e+00
1.091954022988505663e-01 6.588460945800788358e-03 1.655751404234381496e+00
1.091954022988505663e-01 6.794337977939263543e-03 1.865316485597630303e+00
1.091954022988505663e-01 7.003382349033719298e-03 2.104925534904649620e+00
1.091954022988505663e-01 7.215594059084151288e-03 2.371989245253476764e+00
1.091954022988505663e-01 7.430973108090560379e-03 2.664239898872449608e+00
1.091954022988505663e-01 7.649519496052943103e-03 2.979561172059628227e+00
1.091954022988505663e-01 7.871233222971302929e-03 3.315893986843021946e+00
1.091954022988505663e-01 8.096114288845639856e-03 3.671180394710507056e+00
1.067415730337078622e-01 3.587307758999509159e-03 3.000626020451245601e+00
1.067415730337078622e-01 3.754137238609474465e-03 2.348486477809709427e+00
1.067415730337078622e-01 3.924758297301483324e-03 1.839589887398446644e+00
1.067415730337078622e-01 4.099170935075538771e-03 1.464374283314489045e+00
1.067415730337078622e-01 4.277375151931638204e-03 1.213842312589904271e+00
1.067415730337078622e-01 4.459370947869781623e-03 1.079428639918761146e+00
1.067415730337078622e-01 4.554322857952486370e-03 1.010287383277553630e+00
1.067415730337078622e-01 4.645426079131302448e-03 9.593267932908045026e-01
1.067415730337078622e-01 4.752204645096049819e-03 9.244187940109915846e-01
1.067415730337078622e-01 4.856265737305078337e-03 9.046809793526291443e-01
1.067415730337078622e-01 4.957408157448071027e-03 8.979841081080162102e-01
1.067415730337078622e-01 5.055429304889389949e-03 9.030172559827382983e-01
1.067415730337078622e-01 5.150125114050251203e-03 9.189573910341781726e-01
1.067415730337078622e-01 5.265333884332075963e-03 9.450320505828830875e-01
1.067415730337078622e-01 5.353674369879130902e-03 9.796023145377650287e-01
1.067415730337078622e-01 5.463965043341574568e-03 1.021728357150450517e+00
1.067415730337078622e-01 5.572010533664784743e-03 1.071129236049018107e+00
1.067415730337078622e-01 5.677658509944330176e-03 1.126966951525158134e+00
1.067415730337078622e-01 5.809487727048077456e-03 1.187956221704624227e+00
1.067415730337078622e-01 5.970276200576817363e-03 1.263789519330390076e+00
1.067415730337078622e-01 6.162853429702622697e-03 1.378329924107417614e+00
1.067415730337078622e-01 6.358487440243125281e-03 1.529437423839862920e+00
1.067415730337078622e-01 6.557178232198319044e-03 1.714309009891569868e+00
1.067415730337078622e-01 6.758925805568212659e-03 1.930332355425149249e+00
1.067415730337078622e-01 6.963730160352800055e-03 2.174898044099345729e+00
1.067415730337078622e-01 7.171591296552084702e-03 2.445703228520850203e+00
1.067415730337078622e-01 7.382509214166060527e-03 2.740610592498425646e+00
1.067415730337078622e-01 7.596483913194732734e-03 3.057523697851186384e+00
1.067415730337078622e-01 7.813515393638101325e-03 3.394368569973363670e+00
1.067415730337078622e-01 8.033603655496164564e-03 3.749552472094154432e+00
1.043956043956044133e-01 3.467767071580016725e-03 3.332298718064885090e+00
1.043956043956044133e-01 3.629037253796448155e-03 2.621371164201645065e+00
1.043956043956044133e-01 3.793972667426888119e-03 2.054799297803469926e+00
1.043956043956044133e-01 3.962573312471339218e-03 1.623138832288572253e+00
1.043956043956044133e-01 4.134839188929799285e-03 1.317477701474827123e+00
1.043956043956044133e-01 4.310770296802269620e-03 1.129337072520620877e+00
1.043956043956044133e-01 4.455176250759390610e-03 1.040765204547295930e+00
1.043956043956044133e-01 4.545286770854079297e-03 9.814347478878542308e-01
1.043956043956044133e-01 4.631472437606795611e-03 9.390222616198400374e-01
1.043956043956044133e-01 4.733423849683669402e-03 9.118567620809501229e-01
1.043956043956044133e-01 4.832578179694246162e-03 8.984727111828550994e-01
1.043956043956044133e-01 4.928740041003308418e-03 8.973754005586840332e-01
1.043956043956044133e-01 5.021712682814203840e-03 9.075547778089483320e-01
1.043956043956044133e-01 5.134568207405075697e-03 9.279748895703663347e-01
1.043956043956044133e-01 5.221449029543132232e-03 9.572822454993200614e-01
1.043956043956044133e-01 5.329602205769036483e-03 9.944919147371866774e-01
1.043956043956044133e-01 5.435611379237279515e-03 1.039264471499463882e+00
1.043956043956044133e-01 5.539329675029259874e-03 1.090626452681870528e+00
1.043956043956044133e-01 5.640609392321071017e-03 1.148103323518543606e+00
1.043956043956044133e-01 5.768063049080981823e-03 1.210028326682434763e+00
1.043956043956044133e-01 5.954117690792137992e-03 1.297717189232909130e+00
1.043956043956044133e-01 6.143125580784424174e-03 1.423098880697336144e+00
1.043956043956044133e-01 6.335086719057837767e-03 1.583340465055183444e+00
1.043956043956044133e-01 6.530001105612383110e-03 1.775809664568635426e+00
1.043956043956044133e-01 6.727868740448057598e-03 1.997879203223224209e+00
1.043956043956044133e-01 6.928689623564862100e-03 2.247213160571485346e+00
1.043956043956044133e-01 7.132463754962794014e-03 2.521655449797145288e+00
1.043956043956044133e-01 7.339191134641856809e-03 2.819074141757224261e+00
1.043956043956044133e-01 7.548871762602047016e-03 3.137381108863237067e+00
1.043956043956044133e-01 7.761505638843368103e-03 3.474945028176096962e+00
1.021505376344086086e-01 3.355527590605961348e-03 3.682469118196351587e+00
1.021505376344086086e-01 3.511578021560287418e-03 2.914171230541104052e+00
1.021505376344086086e-01 3.671175053218121796e-03 2.291248463249064393e+00
1.021505376344086086e-01 3.834318685579463613e-03 1.804374139549949518e+00
1.021505376344086086e-01 4.001008918644312004e-03 1.444722529461434313e+00
1.021505376344086086e-01 4.171245752412668269e-03 1.203902427014350573e+00
1.021505376344086086e-01 4.345029186884533275e-03 1.073881925842894658e+00
1.021505376344086086e-01 4.433475053131681436e-03 1.006875863401750948e+00
1.021505376344086086e-01 4.536693402351721881e-03 9.573596360639882175e-01
1.021505376344086086e-01 4.618122943437937694e-03 9.227685004569838867e-01
1.021505376344086086e-01 4.715416999716590812e-03 9.025827060396490742e-01
1.021505376344086086e-01 4.809839665198261706e-03 8.952533320642046544e-01
1.021505376344086086e-01 4.901201028862140971e-03 8.995909318215689066e-01
1.021505376344086086e-01 5.011852633790767064e-03 9.143397755571034402e-01
1.021505376344086086e-01 5.097369756747205730e-03 9.383532608075365600e-01
1.021505376344086086e-01 5.203521757479960715e-03 9.706687391683794797e-01
1.021505376344086086e-01 5.307624821479429988e-03 1.010856909602607656e+00
1.021505376344086086e-01 5.409537175017087481e-03 1.057813565462047301e+00
1.021505376344086086e-01 5.509116275241914863e-03 1.110937102424848000e+00
1.021505376344086086e-01 5.606218782058205140e-03 1.169917549426893633e+00
1.021505376344086086e-01 5.758285220648922884e-03 1.236047867933426136e+00
1.021505376344086086e-01 5.941076592275946165e-03 1.335818556104582333e+00
1.021505376344086086e-01 6.126724079084639070e-03 1.471511482165342555e+00
1.021505376344086086e-01 6.315227681075007669e-03 1.640476558403159091e+00
1.021505376344086086e-01 6.506587398247046759e-03 1.840070777313117745e+00
1.021505376344086086e-01 6.700803230600760677e-03 2.067927103937598599e+00
1.021505376344086086e-01 6.897875178136142482e-03 2.321872797082463080e+00
1.021505376344086086e-01 7.097803240853199115e-03 2.599742225548560270e+00
1.021505376344086086e-01 7.300587418751925371e-03 2.899434891728583708e+00
1.021505376344086086e-01 7.506227711832326455e-03 3.219282596795006945e+00
1.021505376344086086e-01 7.714724120094400631e-03 3.557420611214304085e+00
1.000000000000000056e-01 3.401104017765048393e-03 3.225482957366163639e+00
1.000000000000000056e-01 3.555680137749319195e-03 2.547502578567077069e+00
1.000000000000000056e-01 3.713691282622131728e-03 2.006619905600486309e+00
1.000000000000000056e-01 3.875137452383481656e-03 1.594096319720000210e+00
1.000000000000000056e-01 4.040018647033371581e-03 1.301629088783459398e+00
1.000000000000000056e-01 4.208334866571801502e-03 1.121256267096164549e+00
1.000000000000000056e-01 4.345592172269666098e-03 1.035850760814574389e+00
1.000000000000000056e-01 4.429575690987048661e-03 9.782433848069728155e-01
1.000000000000000056e-01 4.509712086306779354e-03 9.372200040789023801e-01
1.000000000000000056e-01 4.605262215389317217e-03 9.101364088549388498e-01
1.000000000000000056e-01 4.698054956662503674e-03 8.964902320754659648e-01
1.000000000000000056e-01 4.787906806633538369e-03 8.949199285341971066e-01
1.000000000000000056e-01 4.896490555044448641e-03 9.039907122260570915e-01
1.000000000000000056e-01 4.980731169425250265e-03 9.226900331083736084e-01
1.000000000000000056e-01 5.085006154099841816e-03 9.501398766758469838e-01
1.000000000000000056e-01 5.187321672318160291e-03 9.857921626912503621e-01
1.000000000000000056e-01 5.287540728757412350e-03 1.028416492275553207e+00
1.000000000000000056e-01 5.385525610673485251e-03 1.077288624117612281e+00
1.000000000000000056e-01 5.481137862029957473e-03 1.131973582625768415e+00
1.000000000000000056e-01 5.602153401552070582e-03 1.192288606442605037e+00
1.000000000000000056e-01 5.751187229236371691e-03 1.266726611376035816e+00
1.000000000000000056e-01 5.930901030041784740e-03 1.377968335212861328e+00
1.000000000000000056e-01 6.113379658551899160e-03 1.523496060983256406e+00
1.000000000000000056e-01 6.298623114766713216e-03 1.700653061846201464e+00
1.000000000000000056e-01 6.486631398686226041e-03 1.907043052684375795e+00
1.000000000000000056e-01 6.677404510310433298e-03 2.140478652480378940e+00
1.000000000000000056e-01 6.870942449639341927e-03 2.398762239059045065e+00
1.000000000000000056e-01 7.067245216672948457e-03 2.679782640976267505e+00
1.000000000000000056e-01 7.266312811411254624e-03 2.981836431938654997e+00
1.000000000000000056e-01 7.468145233854261295e-03 3.303033870332948485e+00
