1.000000000000000021e-02 2.498321888957410683e-03 1.122875674920315259e+00
1.000000000000000021e-02 2.531470402944191109e-03 1.066213432546160078e+00
1.000000000000000021e-02 2.563630951296498508e-03 1.017254440440433783e+00
1.000000000000000021e-02 2.594764894326152035e-03 9.756407113707898926e-01
1.000000000000000021e-02 2.624833571371090225e-03 9.400038794871955483e-01
1.000000000000000021e-02 2.653798300140340714e-03 9.115903473238866628e-01
1.000000000000000021e-02 2.701731768957454319e-03 8.892893618276825896e-01
1.000000000000000021e-02 2.728884729872599422e-03 8.707433092690515242e-01
1.000000000000000021e-02 2.754824129886978678e-03 8.589434166428158157e-01
1.000000000000000021e-02 2.801177406217998222e-03 8.515402665062075105e-01
1.000000000000000021e-02 2.825105289856359898e-03 8.489374950723327373e-01
1.000000000000000021e-02 2.870444660404718098e-03 8.511462396790574481e-01
1.000000000000000021e-02 2.892232070509494733e-03 8.567730649430476131e-01
1.000000000000000021e-02 2.936454629179239759e-03 8.659605197682234135e-01
1.000000000000000021e-02 2.955972485825799148e-03 8.803554680168006463e-01
1.000000000000000021e-02 2.998975244842299725e-03 8.958087231900886405e-01
1.000000000000000021e-02 3.041614049439858233e-03 9.160712272936725187e-01
1.000000000000000021e-02 3.083869624232958226e-03 9.395865445507232128e-01
1.000000000000000021e-02 3.099045109034063387e-03 9.658907807958833081e-01
1.000000000000000021e-02 3.139887703302581164e-03 9.933071931189122461e-01
1.000000000000000021e-02 3.180282712582975253e-03 1.023175390601182455e+00
1.000000000000000021e-02 3.220210836656961419e-03 1.056513676323230344e+00
1.000000000000000021e-02 3.259652769643509550e-03 1.091440862345778973e+00
1.000000000000000021e-02 3.298589199894470976e-03 1.128705611974451850e+00
1.000000000000000021e-02 3.337000809887051209e-03 1.167733672507183851e+00
1.000000000000000021e-02 3.374868276112945494e-03 1.208112682751634415e+00
1.000000000000000021e-02 3.412172268964039617e-03 1.250431012341830073e+00
1.000000000000000021e-02 3.448893452614497281e-03 1.294074087235916659e+00
1.000000000000000021e-02 3.485012484899099611e-03 1.339624272958137574e+00
1.000000000000000021e-02 3.520510017187680231e-03 1.386927357891346357e+00
1.000000000000000021e-02 3.589537982783460798e-03 1.435126765946312055e+00
1.000000000000000021e-02 3.624401329593989005e-03 1.482516060456110729e+00
1.000000000000000021e-02 3.658591634483497525e-03 1.531385713726672870e+00
1.000000000000000021e-02 3.692089526123213967e-03 1.581390729231964887e+00
1.000000000000000021e-02 3.724875626136831507e-03 1.633234306510732647e+00
1.000000000000000021e-02 3.794497963421465409e-03 1.686068086013779110e+00
1.000000000000000021e-02 3.826501859420836961e-03 1.737438641302141651e+00
1.000000000000000021e-02 3.857742349642618619e-03 1.790909222103816978e+00
1.000000000000000021e-02 3.927881683531823410e-03 1.847223500681912212e+00
1.000000000000000021e-02 3.998652903311921900e-03 1.912693670516996569e+00
1.000000000000000021e-02 4.070056008982914086e-03 1.986288852860262466e+00
1.000000000000000021e-02 4.142091000544799104e-03 2.068258600997235241e+00
1.000000000000000021e-02 4.214757877997579553e-03 2.157900930036115383e+00
1.000000000000000021e-02 4.288056641341251966e-03 2.254684220325529509e+00
1.000000000000000021e-02 4.361987290575819812e-03 2.358670892637015903e+00
1.000000000000000021e-02 4.436549825701280488e-03 2.469847026057286676e+00
1.000000000000000021e-02 4.511744246717634861e-03 2.587360993723676561e+00
1.000000000000000021e-02 4.587570553624882932e-03 2.710583806218042735e+00
1.000000000000000021e-02 4.664028746423024702e-03 2.839280997327739087e+00
1.000000000000000021e-02 4.741118825112061036e-03 2.973993226284759928e+00
9.743589743589744015e-03 2.464679538209620970e-03 1.182936218159352126e+00
9.743589743589744015e-03 2.497849862796482166e-03 1.119608078871126011e+00
9.743589743589744015e-03 2.530071094408662801e-03 1.064261207898423711e+00
9.743589743589744015e-03 2.561305645700910540e-03 1.016451014476626113e+00
9.743589743589744015e-03 2.591515909881650891e-03 9.746937901353556200e-01
9.743589743589744015e-03 2.620664260115843774e-03 9.401865468023076211e-01
9.743589743589744015e-03 2.648713048897868415e-03 9.120830652116342918e-01
9.743589743589744015e-03 2.695696250413473841e-03 8.893623943523497610e-01
9.743589743589744015e-03 2.721937708583372761e-03 8.714681267484659655e-01
9.743589743589744015e-03 2.746972926005034239e-03 8.590816986637894725e-01
9.743589743589744015e-03 2.792367811307326902e-03 8.521043602249779303e-01
9.743589743589744015e-03 2.815401294971552754e-03 8.489068552971572590e-01
9.743589743589744015e-03 2.859777885655727554e-03 8.506020501151156932e-01
9.743589743589744015e-03 2.880684131501066222e-03 8.558639113784504149e-01
9.743589743589744015e-03 2.923942274590576960e-03 8.643985700095224711e-01
9.743589743589744015e-03 2.966877380052440616e-03 8.777131600324630245e-01
9.743589743589744015e-03 2.984635125924452095e-03 8.941285736233888226e-01
9.743589743589744015e-03 3.026307745365550746e-03 9.125989666491608476e-01
9.743589743589744015e-03 3.067594760002192132e-03 9.347851090486594128e-01
9.743589743589744015e-03 3.108477405216897912e-03 9.601229212804682778e-01
9.743589743589744015e-03 3.148936911340661539e-03 9.879123206450050043e-01
9.743589743589744015e-03 3.161252591356557284e-03 1.017981902748610556e+00
9.743589743589744015e-03 3.200217664154174791e-03 1.049513515950542430e+00
9.743589743589744015e-03 3.238696928402185100e-03 1.083670992838315028e+00
9.743589743589744015e-03 3.276671589883666316e-03 1.119824905977623963e+00
9.743589743589744015e-03 3.314122848782487946e-03 1.157576254952406680e+00
9.743589743589744015e-03 3.351031899577525293e-03 1.197449017351567946e+00
9.743589743589744015e-03 3.387379930933571374e-03 1.238788460082157261e+00
9.743589743589744015e-03 3.423148125588807138e-03 1.282195801867888729e+00
9.743589743589744015e-03 3.490931592076235331e-03 1.327059240083109826e+00
9.743589743589744015e-03 3.526126196872521844e-03 1.371494488274899393e+00
9.743589743589744015e-03 3.560690835311951588e-03 1.417292200652171541e+00
9.743589743589744015e-03 3.594606669325218704e-03 1.464610904348687459e+00
9.743589743589744015e-03 3.627854854394936112e-03 1.513039107070584866e+00
9.743589743589744015e-03 3.660416539422670264e-03 1.563298788412456064e+00
9.743589743589744015e-03 3.728834060029725863e-03 1.613719882118725302e+00
9.743589743589744015e-03 3.760646838000270605e-03 1.663763349578764927e+00
9.743589743589744015e-03 3.791722904016709989e-03 1.715793542749331602e+00
9.743589743589744015e-03 3.822043383892820105e-03 1.769772925361157156e+00
9.743589743589744015e-03 3.890907645630798262e-03 1.821468525136462180e+00
9.743589743589744015e-03 3.960386766848580931e-03 1.881732449901993842e+00
9.743589743589744015e-03 4.030480747546165941e-03 1.950691006164308572e+00
9.743589743589744015e-03 4.101189587723556330e-03 2.027708438853947914e+00
9.743589743589744015e-03 4.172513287380748628e-03 2.112214714983117858e+00
9.743589743589744015e-03 4.244451846517745437e-03 2.204307454142046652e+00
9.743589743589744015e-03 4.317005265134544155e-03 2.303920181308734882e+00
9.743589743589744015e-03 4.390173543231147384e-03 2.410207832275987450e+00
9.743589743589744015e-03 4.463956680807553389e-03 2.522543433868636775e+00
9.743589743589744015e-03 4.538354677863763037e-03 2.640697672833324905e+00
9.743589743589744015e-03 4.613367534399776329e-03 2.765133431288530730e+00
9.499999999999999764e-03 2.416522836755760975e-03 1.251910415300763191e+00
9.499999999999999764e-03 2.465996492835584655e-03 1.177754335653070417e+00
9.499999999999999764e-03 2.498275662007000755e-03 1.116090364306676186e+00
9.499999999999999764e-03 2.529605989356625145e-03 1.062176168176088620e+00
9.499999999999999764e-03 2.559950865833088025e-03 1.014418466685367726e+00
9.499999999999999764e-03 2.589273663777330852e-03 9.739684094674103676e-01
9.499999999999999764e-03 2.617537736350171885e-03 9.398350281529860295e-01
9.499999999999999764e-03 2.644706416931117809e-03 9.119303087158230348e-01
9.499999999999999764e-03 2.690782988246214532e-03 8.897662910544610337e-01
9.499999999999999764e-03 2.716148565394926884e-03 8.711908544473740967e-01
9.499999999999999764e-03 2.740314851744135929e-03 8.603285744401953927e-01
9.499999999999999764e-03 2.784795434557394041e-03 8.518431698413946318e-01
9.499999999999999764e-03 2.806969281205941216e-03 8.495766617487159333e-01
9.499999999999999764e-03 2.850427427605204712e-03 8.495163377417095374e-01
9.499999999999999764e-03 2.870486603574755931e-03 8.558567844242858103e-01
9.499999999999999764e-03 2.912824770315300751e-03 8.631002378705683320e-01
9.499999999999999764e-03 2.954836025918211768e-03 8.759084577618029277e-01
9.499999999999999764e-03 2.996502111578823718e-03 8.925267759501123166e-01
9.499999999999999764e-03 3.012518494516165050e-03 9.100569269215694757e-01
9.499999999999999764e-03 3.052881639503678655e-03 9.309856303976740133e-01
9.499999999999999764e-03 3.092838661381094954e-03 9.547387050067478453e-01
9.499999999999999764e-03 3.132371279809990396e-03 9.823168562027789763e-01
9.499999999999999764e-03 3.171461209546245358e-03 1.011631440276432814e+00
9.499999999999999764e-03 3.210090160352364278e-03 1.043540297666857297e+00
9.499999999999999764e-03 3.248239836907214090e-03 1.077336340188159935e+00
9.499999999999999764e-03 3.256569275054370730e-03 1.112339230265938506e+00
9.499999999999999764e-03 3.293104505813606534e-03 1.149595304660189887e+00
9.499999999999999764e-03 3.359630189625906291e-03 1.188019421619305849e+00
9.499999999999999764e-03 3.395679710977536798e-03 1.228158428602107444e+00
9.499999999999999764e-03 3.431158401862631838e-03 1.269926629742182289e+00
9.499999999999999764e-03 3.466047934403182745e-03 1.312531537391364189e+00
9.499999999999999764e-03 3.500329974923416677e-03 1.356596276892934716e+00
9.499999999999999764e-03 3.533986183834504722e-03 1.402234146902435974e+00
9.499999999999999764e-03 3.566998215515503057e-03 1.448967877770638513e+00
9.499999999999999764e-03 3.599347718190370159e-03 1.497538495672977810e+00
9.499999999999999764e-03 3.666623790197215751e-03 1.545543656622351714e+00
9.499999999999999764e-03 3.698255949062931661e-03 1.594167518312165521e+00
9.499999999999999764e-03 3.729176695021532793e-03 1.644679838608499534e+00
9.499999999999999764e-03 3.759367654707090629e-03 1.697067889106527616e+00
9.499999999999999764e-03 3.827102646736239844e-03 1.747490742792775720e+00
9.499999999999999764e-03 3.856466441015730679e-03 1.798706157892272062e+00
9.499999999999999764e-03 3.924721159605385271e-03 1.854622339790936492e+00
9.499999999999999764e-03 3.993574603796704210e-03 1.918973711348556765e+00
9.499999999999999764e-03 4.063026773589687064e-03 1.991153492858427798e+00
9.499999999999999764e-03 4.133077668984333833e-03 2.071294472461050695e+00
9.499999999999999764e-03 4.203727289980642781e-03 2.159278022839061340e+00
9.499999999999999764e-03 4.274975636578616511e-03 2.254265564201928029e+00
9.499999999999999764e-03 4.346822708778253289e-03 2.355634068289607974e+00
9.499999999999999764e-03 4.419268506579554848e-03 2.463157871907864838e+00
9.499999999999999764e-03 4.492313029982519454e-03 2.577224206503265336e+00
9.268292682926828827e-03 2.354952558447713420e-03 1.352944516250522478e+00
9.268292682926828827e-03 2.419468820866198938e-03 1.243011729648466179e+00
9.268292682926828827e-03 2.468109276163674409e-03 1.172482429110232927e+00
9.268292682926828827e-03 2.499530888948204785e-03 1.112564211807405279e+00
9.268292682926828827e-03 2.530003908270182442e-03 1.058930917355112911e+00
9.268292682926828827e-03 2.559492653755219248e-03 1.012691056212033036e+00
9.268292682926828827e-03 2.587961427200948395e-03 9.727124980637583684e-01
9.268292682926828827e-03 2.615374512027586300e-03 9.388625631778775293e-01
9.268292682926828827e-03 2.641696172700863827e-03 9.118887025963029469e-01
9.268292682926828827e-03 2.686906416301867301e-03 8.891023127018292671e-01
9.268292682926828827e-03 2.711429005134796677e-03 8.720137663284379670e-01
9.268292682926828827e-03 2.734758910287907446e-03 8.604655668223064602e-01
9.268292682926828827e-03 2.778365908157321134e-03 8.522732302594515641e-01
9.268292682926828827e-03 2.799712214775001377e-03 8.493756783660751930e-01
9.268292682926828827e-03 2.842292861353858200e-03 8.493014799718381358e-01
9.268292682926828827e-03 2.884584480739130295e-03 8.546636970371660480e-01
9.268292682926828827e-03 2.902995674532836932e-03 8.628546379949808554e-01
9.268292682926828827e-03 2.944124323518222848e-03 8.742166087731045865e-01
9.268292682926828827e-03 2.984904596913502163e-03 8.898064906505973592e-01
9.268292682926828827e-03 3.000130491683449321e-03 9.081341721144610135e-01
9.268292682926828827e-03 3.039611035542694011e-03 9.276737406757521454e-01
9.268292682926828827e-03 3.078683799311980347e-03 9.514047179605686910e-01
9.268292682926828827e-03 3.117330967133836745e-03 9.771702983489984895e-01
9.268292682926828827e-03 3.155534718463262611e-03 1.005834187510510125e+00
9.268292682926828827e-03 3.193277227983860531e-03 1.036636232529830171e+00
9.268292682926828827e-03 3.230540665521449643e-03 1.069081604644083416e+00
9.268292682926828827e-03 3.267307195955124199e-03 1.103708641893790476e+00
9.268292682926828827e-03 3.303558979125595114e-03 1.139704654360658598e+00
9.268292682926828827e-03 3.339278169740746843e-03 1.177668578080802719e+00
9.268292682926828827e-03 3.374446917278261290e-03 1.217396204641467028e+00
9.268292682926828827e-03 3.409047365885214172e-03 1.258033372969849184e+00
9.268292682926828827e-03 3.443061654274483848e-03 1.300236702491187835e+00
9.268292682926828827e-03 3.476471915617879768e-03 1.344075867307522598e+00
9.268292682926828827e-03 3.509260277435794981e-03 1.389008562193516649e+00
9.268292682926828827e-03 3.575471276079914343e-03 1.435551855674272126e+00
9.268292682926828827e-03 3.607601987634110555e-03 1.481384559179295346e+00
9.268292682926828827e-03 3.639063189339203277e-03 1.528505160023269305e+00
9.268292682926828827e-03 3.669836988893671482e-03 1.577429998596738381e+00
9.268292682926828827e-03 3.699905487833049424e-03 1.628171727336968910e+00
9.268292682926828827e-03 3.766569111012650888e-03 1.677317436101552151e+00
9.268292682926828827e-03 3.795843229920242701e-03 1.726991559159334111e+00
9.268292682926828827e-03 3.824364374889403610e-03 1.779031857610346101e+00
9.268292682926828827e-03 3.891457207308660765e-03 1.830691108163368774e+00
9.268292682926828827e-03 3.959133455661997814e-03 1.890510063616191117e+00
9.268292682926828827e-03 4.027393119949416490e-03 1.958656590288983868e+00
9.268292682926828827e-03 4.096236200170914193e-03 2.034960355780659924e+00
9.268292682926828827e-03 4.165662696326493525e-03 2.118589158625619362e+00
9.268292682926828827e-03 4.235672608416151882e-03 2.208925763705378298e+00
9.268292682926828827e-03 4.306265936439892736e-03 2.305746701142502353e+00
9.268292682926828827e-03 4.377442680397712615e-03 2.409365673819066522e+00
9.047619047619047394e-03 2.296439263486710260e-03 1.487468910586110082e+00
9.047619047619047394e-03 2.359352496120526495e-03 1.337479364726569031e+00
9.047619047619047394e-03 2.423115907573718426e-03 1.234076687185605037e+00
9.047619047619047394e-03 2.470958766495997411e-03 1.167378805267963227e+00
9.047619047619047394e-03 2.484338646979779644e-03 1.107822620414021353e+00
9.047619047619047394e-03 2.531200718920656456e-03 1.056123527548793462e+00
9.047619047619047394e-03 2.559864374918077289e-03 1.010483121025377740e+00
9.047619047619047394e-03 2.587510070156504201e-03 9.709061910099210380e-01
9.047619047619047394e-03 2.614102972269045314e-03 9.380901760195852201e-01
9.047619047619047394e-03 2.639608230704557339e-03 9.105959356278665595e-01
9.047619047619047394e-03 2.683989445523056721e-03 8.895681733071860720e-01
9.047619047619047394e-03 2.707699481306049313e-03 8.716811480560804348e-01
9.047619047619047394e-03 2.730223122442051661e-03 8.610619779179093936e-01
9.047619047619047394e-03 2.772994216764949720e-03 8.517667068622852833e-01
9.047619047619047394e-03 2.793542679923086570e-03 8.497734796273445079e-01
9.047619047619047394e-03 2.835283716991062082e-03 8.488756643554379311e-01
9.047619047619047394e-03 2.876731217349905861e-03 8.543128348926718463e-01
9.047619047619047394e-03 2.894359099223045573e-03 8.623982719177130107e-01
9.047619047619047394e-03 2.934643306797512542e-03 8.729931430397511738e-01
9.047619047619047394e-03 2.974576098828097658e-03 8.876559495103427677e-01
9.047619047619047394e-03 3.014140116488933305e-03 9.055560580920027913e-01
9.047619047619047394e-03 3.027675547021338020e-03 9.260874978892901233e-01
9.047619047619047394e-03 3.065902328583534637e-03 9.481434547475605656e-01
9.047619047619047394e-03 3.103702387687245871e-03 9.734030902752766057e-01
9.047619047619047394e-03 3.141058345466432328e-03 1.001054500034412875e+00
9.047619047619047394e-03 3.177952818490138460e-03 1.030616033318298985e+00
9.047619047619047394e-03 3.214368418679757096e-03 1.062567549821414659e+00
9.047619047619047394e-03 3.250287753223817227e-03 1.096058797436601839e+00
9.047619047619047394e-03 3.285693424490181407e-03 1.131707799713345564e+00
9.047619047619047394e-03 3.320568029935560845e-03 1.169262258237659280e+00
9.047619047619047394e-03 3.354894162012240187e-03 1.207807065687664050e+00
9.047619047619047394e-03 3.388654408071867154e-03 1.248032502046562131e+00
9.047619047619047394e-03 3.421831350266228526e-03 1.289966178324835511e+00
9.047619047619047394e-03 3.454407565444837704e-03 1.333001515730896536e+00
9.047619047619047394e-03 3.519583630070921391e-03 1.376820988929267298e+00
9.047619047619047394e-03 3.551529927916565518e-03 1.421095465420128212e+00
9.047619047619047394e-03 3.582829083745197891e-03 1.466637340966920222e+00
9.047619047619047394e-03 3.613463655811792810e-03 1.513912362743039530e+00
9.047619047619047394e-03 3.643416196594586980e-03 1.562959086988378710e+00
9.047619047619047394e-03 3.709062015174263705e-03 1.610825645850892052e+00
9.047619047619047394e-03 3.738251336711691675e-03 1.658924272310206005e+00
9.047619047619047394e-03 3.766712152871616592e-03 1.709258890599336222e+00
9.047619047619047394e-03 3.832793562086580109e-03 1.760385722993949464e+00
9.047619047619047394e-03 3.860415793926168584e-03 1.809345269787012489e+00
9.047619047619047394e-03 3.926973460914230662e-03 1.865468488033349637e+00
9.047619047619047394e-03 3.994099996850908330e-03 1.930055748384913894e+00
9.047619047619047394e-03 4.061795401736201586e-03 2.002281096902602364e+00
9.047619047619047394e-03 4.130059675570111298e-03 2.081534860335569448e+00
9.047619047619047394e-03 4.198892818352636599e-03 2.167594353007730401e+00
9.047619047619047394e-03 4.268294830083778357e-03 2.260701858974104805e+00
8.837209302325581620e-03 2.240760963786498586e-03 1.653110534596759829e+00
8.837209302325581620e-03 2.302148834144294390e-03 1.463967108088298996e+00
8.837209302325581620e-03 2.364366270317735767e-03 1.321972328299035215e+00
8.837209302325581620e-03 2.427413272306823584e-03 1.225379610871598191e+00
8.837209302325581620e-03 2.457692249367096453e-03 1.159799767717190289e+00
8.837209302325581620e-03 2.487051333447512329e-03 1.102389833747618786e+00
8.837209302325581620e-03 2.515456577879500444e-03 1.051816801084009878e+00
8.837209302325581620e-03 2.561005834143788209e-03 1.007836802643532037e+00
8.837209302325581620e-03 2.587857144080088403e-03 9.694280978005554994e-01
8.837209302325581620e-03 2.613658424733143228e-03 9.361020025861187532e-01
8.837209302325581620e-03 2.638375667770971426e-03 9.102896143424780151e-01
8.837209302325581620e-03 2.681962440182821157e-03 8.888674174900002001e-01
8.837209302325581620e-03 2.704888139385142661e-03 8.718881312402624317e-01
8.837209302325581620e-03 2.726633437304936194e-03 8.605233471185110838e-01
8.837209302325581620e-03 2.768603567638613754e-03 8.519092024520777962e-01
8.837209302325581620e-03 2.810315395724594881e-03 8.493900664764737485e-01
8.837209302325581620e-03 2.829318276683811216e-03 8.492898314628538614e-01
8.837209302325581620e-03 2.869957014520145740e-03 8.536946899732099636e-01
8.837209302325581620e-03 2.886828434629254599e-03 8.621310412754937813e-01
8.837209302325581620e-03 2.926303586577049410e-03 8.720664603631977929e-01
8.837209302325581620e-03 2.965424436242945338e-03 8.856160400647137276e-01
8.837209302325581620e-03 3.004174044285772612e-03 9.037527940778988800e-01
8.837209302325581620e-03 3.042535467336751620e-03 9.241275177838188526e-01
8.837209302325581620e-03 3.054394454941769792e-03 9.459679775069737007e-01
8.837209302325581620e-03 3.091382952540082992e-03 9.703278501919181398e-01
8.837209302325581620e-03 3.127926703362392691e-03 9.968661709760127110e-01
8.837209302325581620e-03 3.164008744496994274e-03 1.026006598933333791e+00
8.837209302325581620e-03 3.199612108580360964e-03 1.056862183887309348e+00
8.837209302325581620e-03 3.234719823715420141e-03 1.090069656385808328e+00
8.837209302325581620e-03 3.269314913387341183e-03 1.125330866578075018e+00
8.837209302325581620e-03 3.303380396376753760e-03 1.161670481979161451e+00
8.837209302325581620e-03 3.336899286670269062e-03 1.199812578683499442e+00
8.837209302325581620e-03 3.369854593368219395e-03 1.239744222663539341e+00
8.837209302325581620e-03 3.402229320589466536e-03 1.280795340986129460e+00
8.837209302325581620e-03 3.466420911729333094e-03 1.321898858908180152e+00
8.837209302325581620e-03 3.498192115568104794e-03 1.364536482409001161e+00
8.837209302325581620e-03 3.529337461650094467e-03 1.408431740455067915e+00
8.837209302325581620e-03 3.559839936627186806e-03 1.454001329823271682e+00
8.837209302325581620e-03 3.589682521729059984e-03 1.501310187189326850e+00
8.837209302325581620e-03 3.654360185455843117e-03 1.547897773184172543e+00
8.837209302325581620e-03 3.683469205315479875e-03 1.594391402857819662e+00
8.837209302325581620e-03 3.711873001516401670e-03 1.643005327834582197e+00
8.837209302325581620e-03 3.776992338702860313e-03 1.693598169765163863e+00
8.837209302325581620e-03 3.804589048566484315e-03 1.740907178514701226e+00
8.837209302325581620e-03 3.831435169162913500e-03 1.790851869819529707e+00
8.837209302325581620e-03 3.896928601479613969e-03 1.843698622054157132e+00
8.837209302325581620e-03 3.962977062883743691e-03 1.904488563438701654e+00
8.837209302325581620e-03 4.029580553375303534e-03 1.972621273047315160e+00
8.837209302325581620e-03 4.096739072954293064e-03 2.047873488922090424e+00
8.837209302325581620e-03 4.164452621620713148e-03 2.130418166861122842e+00
8.636363636363636465e-03 2.187716642362428146e-03 1.847674015959892557e+00
8.636363636363636465e-03 2.247651310893066749e-03 1.620263384264541529e+00
8.636363636363636465e-03 2.308395907376821227e-03 1.440522692843541286e+00
8.636363636363636465e-03 2.369950431813692884e-03 1.306710048098847388e+00
8.636363636363636465e-03 2.432314884203681284e-03 1.215919042220811708e+00
8.636363636363636465e-03 2.461828266900880843e-03 1.152830724042815946e+00
8.636363636363636465e-03 2.490421329614644214e-03 1.096580548218887285e+00
8.636363636363636465e-03 2.518060925768856456e-03 1.046933396747979694e+00
8.636363636363636465e-03 2.544713893291021545e-03 1.004485538543361534e+00
8.636363636363636465e-03 2.588946094152548994e-03 9.668033328447330765e-01
8.636363636363636465e-03 2.613982283399805730e-03 9.352135398197123362e-01
8.636363636363636465e-03 2.637937878462213916e-03 9.087180103934704434e-01
8.636363636363636465e-03 2.680762338901955272e-03 8.888155208728492074e-01
8.636363636363636465e-03 2.702929909579447967e-03 8.709726275194078493e-01
8.636363636363636465e-03 2.723922797031711612e-03 8.604754919948800485e-01
8.636363636363636465e-03 2.765124420608835402e-03 8.515553066338226174e-01
8.636363636363636465e-03 2.806062732476083919e-03 8.497493128768760506e-01
8.636363636363636465e-03 2.824322541972518717e-03 8.492195557242055992e-01
8.636363636363636465e-03 2.864185360640163994e-03 8.532541085803423409e-01
8.636363636363636465e-03 2.903729753640955490e-03 8.618913977544564453e-01
8.636363636363636465e-03 2.919024220207227984e-03 8.710125456095494378e-01
8.636363636363636465e-03 2.957366139110365489e-03 8.850331317007745779e-01
8.636363636363636465e-03 2.995334471307656201e-03 9.015977726646178247e-01
8.636363636363636465e-03 3.032912673295468445e-03 9.217008391061106698e-01
8.636363636363636465e-03 3.044069817394497515e-03 9.442093934304494063e-01
8.636363636363636465e-03 3.080279770965041377e-03 9.675990922031227903e-01
8.636363636363636465e-03 3.116044368482155050e-03 9.938062594381521508e-01
8.636363636363636465e-03 3.151347047699216194e-03 1.021908095025669150e+00
8.636363636363636465e-03 3.186171242100610188e-03 1.052559631087025549e+00
8.636363636363636465e-03 3.220500380823255147e-03 1.085419059289274735e+00
8.636363636363636465e-03 3.254317888575751667e-03 1.119451536322765950e+00
8.636363636363636465e-03 3.287607185555044536e-03 1.155415041282094268e+00
8.636363636363636465e-03 3.320351687360518795e-03 1.193257569188268752e+00
8.636363636363636465e-03 3.383595060844530461e-03 1.231718274711550043e+00
8.636363636363636465e-03 3.415788784340666098e-03 1.270644566131459818e+00
8.636363636363636465e-03 3.447393528141371333e-03 1.311574492424010252e+00
8.636363636363636465e-03 3.478392691725598965e-03 1.353762243738470206e+00
8.636363636363636465e-03 3.508769669577360261e-03 1.397576994288775243e+00
8.636363636363636465e-03 3.538507851084512958e-03 1.443110494881803429e+00
8.636363636363636465e-03 3.602263467215375842e-03 1.488421273148094803e+00
8.636363636363636465e-03 3.631296337389707755e-03 1.533284744480363671e+00
8.636363636363636465e-03 3.659646163062903797e-03 1.580166446304059669e+00
8.636363636363636465e-03 3.687296315768156044e-03 1.629117061924451715e+00
8.636363636363636465e-03 3.751422006460475734e-03 1.675887285005822402e+00
8.636363636363636465e-03 3.778267432948932431e-03 1.724014959106072720e+00
8.636363636363636465e-03 3.804368895156418420e-03 1.775066543260054530e+00
8.636363636363636465e-03 3.868848575908949254e-03 1.824400829695191462e+00
8.636363636363636465e-03 3.933870102718223585e-03 1.881385964818476975e+00
8.636363636363636465e-03 3.999433475584243149e-03 1.945796799148675760e+00
8.636363636363636465e-03 4.065538694507006209e-03 2.017739025913712680e+00
8.444444444444445391e-03 2.137123835561157911e-03 2.069126386076028279e+00
8.444444444444445391e-03 2.195672463940638586e-03 1.804318237396046687e+00
8.444444444444445391e-03 2.255012290000923264e-03 1.587663208414162641e+00
8.444444444444445391e-03 2.315143313742012380e-03 1.417424059309320139e+00
8.444444444444445391e-03 2.376065535163904632e-03 1.290773773142694925e+00
8.444444444444445391e-03 2.437778954266600455e-03 1.207393766157961235e+00
8.444444444444445391e-03 2.466551419518401775e-03 1.145662685616153365e+00
8.444444444444445391e-03 2.494403164188557787e-03 1.090535178446605080e+00
8.444444444444445391e-03 2.521301804952197009e-03 1.042567254696391998e+00
8.444444444444445391e-03 2.547214943570440433e-03 9.999427100469224783e-01
8.444444444444445391e-03 2.572110166432182987e-03 9.650112128744590123e-01
8.444444444444445391e-03 2.615021365116512037e-03 9.331255233441265728e-01
8.444444444444445391e-03 2.638239847173391023e-03 9.077260074225736997e-01
8.444444444444445391e-03 2.680331897123956059e-03 8.876788600607243840e-01
8.444444444444445391e-03 2.701765724962510232e-03 8.706641772926986267e-01
8.444444444444445391e-03 2.722030330860457370e-03 8.597944777026425012e-01
8.444444444444445391e-03 2.762493652130647639e-03 8.519967994753506746e-01
8.444444444444445391e-03 2.802688888338916544e-03 8.496268773270868602e-01
8.444444444444445391e-03 2.820229343838517606e-03 8.491407027020547726e-01
8.444444444444445391e-03 2.859346806037792090e-03 8.529404950341923364e-01
8.444444444444445391e-03 2.898142339092976607e-03 8.608033334515893253e-01
8.444444444444445391e-03 2.912731737533914150e-03 8.712300188933147504e-01
8.444444444444445391e-03 2.950325443803799869e-03 8.838624051767128842e-01
8.444444444444445391e-03 2.987543331636329132e-03 9.003489984294281712e-01
8.444444444444445391e-03 3.024369238963447396e-03 9.197039465458491936e-01
8.444444444444445391e-03 3.060786999946795307e-03 9.413659957641200560e-01
8.444444444444445391e-03 3.070308531584497232e-03 9.657600250206566095e-01
8.444444444444445391e-03 3.105324731132845691e-03 9.910018355065418616e-01
8.444444444444445391e-03 3.139878818586938278e-03 1.018994287043389235e+00
8.444444444444445391e-03 3.173954609785781863e-03 1.049354059114210980e+00
8.444444444444445391e-03 3.207535916394930933e-03 1.080987504662016319e+00
8.444444444444445391e-03 3.240606545828764173e-03 1.114686586068375229e+00
8.444444444444445391e-03 3.302924475786782853e-03 1.150266140170743245e+00
8.444444444444445391e-03 3.335494620826116256e-03 1.185797233688961061e+00
8.444444444444445391e-03 3.367510945818560832e-03 1.222924146789893252e+00
8.444444444444445391e-03 3.398957243272792295e-03 1.262082731611510411e+00
8.444444444444445391e-03 3.429817301087208052e-03 1.302508565465666512e+00
8.444444444444445391e-03 3.460074902458656031e-03 1.344524809925914388e+00
8.444444444444445391e-03 3.489713825788224449e-03 1.388250423804261002e+00
8.444444444444445391e-03 3.552590287971381117e-03 1.432288369973490294e+00
8.444444444444445391e-03 3.581550850638341634e-03 1.475500523051450852e+00
8.444444444444445391e-03 3.609849521890587214e-03 1.520641672891618557e+00
8.444444444444445391e-03 3.637470063329524637e-03 1.567750008825806729e+00
8.444444444444445391e-03 3.700729226740439182e-03 1.614188579488110786e+00
8.444444444444445391e-03 3.727574312934241012e-03 1.660518770108950104e+00
8.444444444444445391e-03 3.753698015331999316e-03 1.709607054760907241e+00
8.444444444444445391e-03 3.817318882903009050e-03 1.759243435923959487e+00
8.444444444444445391e-03 3.842596983784887961e-03 1.807068590600491742e+00
8.444444444444445391e-03 3.906639164193348099e-03 1.860614725846119644e+00
8.444444444444445391e-03 3.971210618820060489e-03 1.921925688611081373e+00
8.260869565217390798e-03 2.088816542060923341e-03 2.315583299866168954e+00
8.260869565217390798e-03 2.146041744194296906e-03 2.014229752624336456e+00
8.260869565217390798e-03 2.204040259870013521e-03 1.761476615919908895e+00
8.260869565217390798e-03 2.262812089088072753e-03 1.555591264160194553e+00
8.260869565217390798e-03 2.322357231848475034e-03 1.393825770255867624e+00
8.260869565217390798e-03 2.382675688151219499e-03 1.275806664092733023e+00
8.260869565217390798e-03 2.443767457996307447e-03 1.198875238535206389e+00
8.260869565217390798e-03 2.471822009070364073e-03 1.138485944372928493e+00
8.260869565217390798e-03 2.498955463156192405e-03 1.085245652467705213e+00
8.260869565217390798e-03 2.525136165824842880e-03 1.037189494091171671e+00
8.260869565217390798e-03 2.550332448279472343e-03 9.966465782296048959e-01
8.260869565217390798e-03 2.574512626913130937e-03 9.612528540324871695e-01
8.260869565217390798e-03 2.616727281150232551e-03 9.317922550900155088e-01
8.260869565217390798e-03 2.639231518551357365e-03 9.055969085933024409e-01
8.260869565217390798e-03 2.660629877342916925e-03 8.865139642559480837e-01
8.260869565217390798e-03 2.701341845237798054e-03 8.697294231798553543e-01
8.260869565217390798e-03 2.720900658036930122e-03 8.598459315832090999e-01
8.260869565217390798e-03 2.760653832292552651e-03 8.518285654152534248e-01
8.260869565217390798e-03 2.800134367963137087e-03 8.495338943830815781e-01
8.260869565217390798e-03 2.816977573045856449e-03 8.490572368113784574e-01
8.260869565217390798e-03 2.855378167059633918e-03 8.523529061939724150e-01
8.260869565217390798e-03 2.893453491104763017e-03 8.610246316460664628e-01
8.260869565217390798e-03 2.907359298539689049e-03 8.706686882305328945e-01
8.260869565217390798e-03 2.944233424325282036e-03 8.834293602578011662e-01
8.260869565217390798e-03 2.980729605300092271e-03 8.993262520892610912e-01
8.260869565217390798e-03 3.016832043646715256e-03 9.178103469408268600e-01
8.260869565217390798e-03 3.052524937925204986e-03 9.392794749020659806e-01
8.260869565217390798e-03 3.087792483009913543e-03 9.626613130152913422e-01
8.260869565217390798e-03 3.122618870024501843e-03 9.886122313621822366e-01
8.260869565217390798e-03 3.156988286275053904e-03 1.016813660171653977e+00
8.260869565217390798e-03 3.190884915181230880e-03 1.045979410555881506e+00
8.260869565217390798e-03 3.224292936205356858e-03 1.077001796897654629e+00
8.260869565217390798e-03 3.257196524779394382e-03 1.109754333648545366e+00
8.260869565217390798e-03 3.289579852229680863e-03 1.143348066309073374e+00
8.260869565217390798e-03 3.321427085699374740e-03 1.178610137574941152e+00
8.260869565217390798e-03 3.352722388068475612e-03 1.215940400405903343e+00
8.260869565217390798e-03 3.383449917871352453e-03 1.254555901027273324e+00
8.260869565217390798e-03 3.413593829211649354e-03 1.294735277926243100e+00
8.260869565217390798e-03 3.443138271674470348e-03 1.336625054840701932e+00
8.260869565217390798e-03 3.505175551559854344e-03 1.379395792254530795e+00
8.260869565217390798e-03 3.534067368917656084e-03 1.420939158108206701e+00
8.260869565217390798e-03 3.562317491454521350e-03 1.464334368160533639e+00
8.260869565217390798e-03 3.589910052929287231e-03 1.509607910647525086e+00
8.260869565217390798e-03 3.652342101225203395e-03 1.555717675978280257e+00
8.260869565217390798e-03 3.679187157355148438e-03 1.600271136906064484e+00
8.260869565217390798e-03 3.705332388219453096e-03 1.647430373625885291e+00
8.260869565217390798e-03 3.730761910688299484e-03 1.696975016998313324e+00
8.260869565217390798e-03 3.793462693837416824e-03 1.743248216385104410e+00
8.260869565217390798e-03 3.818049755978555372e-03 1.791613336776530563e+00
8.260869565217390798e-03 3.881156947664021663e-03 1.842274176244140138e+00
8.085106382978723277e-03 2.042643408278717928e-03 2.585296594937195991e+00
8.085106382978723277e-03 2.098603651589421842e-03 2.248231785573489017e+00
8.085106382978723277e-03 2.155320114404324621e-03 1.960180878286060802e+00
8.085106382978723277e-03 2.212792796723425832e-03 1.719415821402646483e+00
8.085106382978723277e-03 2.271021698546725909e-03 1.523267356806867534e+00
8.085106382978723277e-03 2.330006819874224418e-03 1.371308544182398226e+00
8.085106382978723277e-03 2.389748160705921793e-03 1.260932677436036320e+00
8.085106382978723277e-03 2.433711692369165767e-03 1.188954544131691993e+00
8.085106382978723277e-03 2.460654588422986171e-03 1.131064607836207214e+00
8.085106382978723277e-03 2.486670810258288268e-03 1.078822617161927289e+00
8.085106382978723277e-03 2.529524753120362089e-03 1.033257995809841789e+00
8.085106382978723277e-03 2.554025627263142601e-03 9.922815974501694170e-01
8.085106382978723277e-03 2.577512135364396027e-03 9.582696657603352319e-01
8.085106382978723277e-03 2.619055909112091938e-03 9.294183588616450331e-01
8.085106382978723277e-03 2.640867251087534746e-03 9.041802229359340304e-01
8.085106382978723277e-03 2.661576430211298142e-03 8.846496916990417292e-01
8.085106382978723277e-03 2.701609269857007181e-03 8.696845431202357979e-01
8.085106382978723277e-03 2.720483282858272931e-03 8.592062244451277309e-01
8.085106382978723277e-03 2.759552597376001715e-03 8.515818082815399537e-01
8.085106382978723277e-03 2.798344924794405903e-03 8.495265226975536876e-01
8.085106382978723277e-03 2.814511512220325192e-03 8.485879175157791110e-01
8.085106382978723277e-03 2.852221835368139516e-03 8.529579115212850837e-01
8.085106382978723277e-03 2.889603699329735317e-03 8.604263983804382177e-01
8.085106382978723277e-03 2.902845962361014047e-03 8.707168923016370687e-01
8.085106382978723277e-03 2.939027238391868184e-03 8.830584833970048786e-01
8.085106382978723277e-03 2.974828541335246702e-03 8.982669674272161231e-01
8.085106382978723277e-03 3.010234421574587392e-03 9.166910556072821459e-01
8.085106382978723277e-03 3.045229426009373602e-03 9.372251020827431223e-01
8.085106382978723277e-03 3.079798097994313963e-03 9.605433951857745845e-01
8.085106382978723277e-03 3.113924977276757034e-03 9.862894106658262050e-01
8.085106382978723277e-03 3.147594599932285794e-03 1.013119318434304805e+00
8.085106382978723277e-03 3.180791498298401326e-03 1.041960685653243068e+00
8.085106382978723277e-03 3.213500200906248445e-03 1.072651730197414777e+00
8.085106382978723277e-03 3.245705232410271788e-03 1.104242619421366811e+00
8.085106382978723277e-03 3.277391113515746440e-03 1.137581173419938141e+00
8.085106382978723277e-03 3.308542360904066868e-03 1.173032302929551518e+00
8.085106382978723277e-03 3.339143487155734735e-03 1.209794603372462030e+00
8.085106382978723277e-03 3.369179000670914203e-03 1.248103657286411261e+00
8.085106382978723277e-03 3.398633405587478829e-03 1.288133875944627471e+00
8.085106382978723277e-03 3.459868812119006650e-03 1.329644526380643121e+00
8.085106382978723277e-03 3.488695192735118220e-03 1.369505040343750313e+00
8.085106382978723277e-03 3.516899182061329968e-03 1.411151624260772230e+00
8.085106382978723277e-03 3.544465269308870459e-03 1.454599835336389368e+00
8.085106382978723277e-03 3.571377939047503964e-03 1.499614625894787334e+00
8.085106382978723277e-03 3.632952286538680860e-03 1.543183210276080075e+00
8.085106382978723277e-03 3.659118363866000530e-03 1.588448000189631060e+00
8.085106382978723277e-03 3.684589693628944479e-03 1.635945977386787042e+00
8.085106382978723277e-03 3.746514486715266014e-03 1.682674257646477933e+00
8.085106382978723277e-03 3.771172192136916339e-03 1.728955859745789470e+00
8.085106382978723277e-03 3.795093792795404229e-03 1.778113357115858051e+00
7.916666666666665603e-03 1.998466148496677152e-03 2.876643042939107886e+00
7.916666666666665603e-03 2.053216111933673337e-03 2.504682857372049654e+00
7.916666666666665603e-03 2.108705939741438527e-03 2.182118227606520744e+00
7.916666666666665603e-03 2.164935631919974457e-03 1.907225636267980029e+00
7.916666666666665603e-03 2.221905188469280694e-03 1.677413966962487235e+00
7.916666666666665603e-03 2.279614609389356370e-03 1.492204183306355070e+00
7.916666666666665603e-03 2.338063894680202787e-03 1.349041863263862773e+00
7.916666666666665603e-03 2.397253044341819510e-03 1.246398191505905251e+00
7.916666666666665603e-03 2.440598417833902446e-03 1.179528611387813619e+00
7.916666666666665603e-03 2.466868872783355669e-03 1.122008821823396563e+00
7.916666666666665603e-03 2.492212432573911746e-03 1.072267274476192078e+00
7.916666666666665603e-03 2.516598802048690582e-03 1.027789554433915953e+00
7.916666666666665603e-03 2.558257217839854641e-03 9.889198776854575268e-01
7.916666666666665603e-03 2.581070040610780342e-03 9.542751220878971097e-01
7.916666666666665603e-03 2.602839833200800909e-03 9.265960114384215185e-01
7.916666666666665603e-03 2.643105341347437923e-03 9.021352017947481539e-01
7.916666666666665603e-03 2.663145147472861622e-03 8.836860529598068448e-01
7.916666666666665603e-03 2.702523227021550074e-03 8.690284079854579957e-01
7.916666666666665603e-03 2.720732067945970042e-03 8.584215044085661273e-01
7.916666666666665603e-03 2.759142103557293835e-03 8.513596967215801836e-01
7.916666666666665603e-03 2.797270995044759834e-03 8.492113467419817319e-01
7.916666666666665603e-03 2.812780254321953655e-03 8.492319708607659612e-01
7.916666666666665603e-03 2.849825176585078432e-03 8.526163819467139637e-01
7.916666666666665603e-03 2.886538591981825663e-03 8.605583445049258540e-01
7.916666666666665603e-03 2.899136050879797845e-03 8.706999377518761518e-01
7.916666666666665603e-03 2.934649471069886335e-03 8.825456040023789139e-01
7.916666666666665603e-03 2.969780981381397577e-03 8.978386640847719757e-01
7.916666666666665603e-03 3.004515465386142087e-03 9.154409496526669798e-01
7.916666666666665603e-03 3.038837803302151322e-03 9.360441579870496520e-01
7.916666666666665603e-03 3.072732871935051398e-03 9.592558172900960134e-01
7.916666666666665603e-03 3.106185544617745455e-03 9.836751757944606211e-01
7.916666666666665603e-03 3.139180691148320962e-03 1.010265011765550058e+00
7.916666666666665603e-03 3.171703177726139904e-03 1.038829561500027809e+00
7.916666666666665603e-03 3.203737866886010796e-03 1.068358965711115438e+00
7.916666666666665603e-03 3.235269617430399595e-03 1.099721615262254426e+00
7.916666666666665603e-03 3.266283284359548095e-03 1.133248512858126222e+00
7.916666666666665603e-03 3.296763718799473799e-03 1.168119883115742441e+00
7.916666666666665603e-03 3.326695767927712478e-03 1.204529695653098198e+00
7.916666666666665603e-03 3.356064274896742704e-03 1.242680540012629287e+00
7.916666666666665603e-03 3.384854078754973971e-03 1.282495412669426349e+00
7.916666666666665603e-03 3.445296707637828578e-03 1.321106323835301355e+00
7.916666666666665603e-03 3.473456806911172194e-03 1.361004075848986528e+00
7.916666666666665603e-03 3.500997812366870871e-03 1.402638216656665993e+00
7.916666666666665603e-03 3.527904548684324647e-03 1.445719446556667620e+00
7.916666666666665603e-03 3.588729368768845459e-03 1.489169302186986510e+00
7.916666666666665603e-03 3.614915639120074367e-03 1.532574520497946402e+00
7.916666666666665603e-03 3.640427214898332535e-03 1.578073840468426026e+00
7.916666666666665603e-03 3.701609794445301013e-03 1.625261255263060534e+00
7.916666666666665603e-03 3.726335335453423610e-03 1.669521819653486450e+00
7.916666666666665603e-03 3.750345730839689529e-03 1.716461277629675486e+00
7.755102040816326710e-03 1.956158165050723464e-03 3.188114163974018034e+00
7.755102040816326710e-03 2.009749059294327171e-03 2.782056089996877368e+00
7.755102040816326710e-03 2.064064154811493055e-03 2.425745229441356621e+00
7.755102040816326710e-03 2.119103451602220682e-03 2.117462561431342927e+00
7.755102040816326710e-03 2.174866949666510920e-03 1.854694489861490325e+00
7.755102040816326710e-03 2.231354649004362901e-03 1.636911217181864497e+00
7.755102040816326710e-03 2.288566549615777927e-03 1.461610814807678960e+00
7.755102040816326710e-03 2.346502651500754696e-03 1.327273930598351415e+00
7.755102040816326710e-03 2.405162954659293209e-03 1.233235875143574134e+00
7.755102040816326710e-03 2.447911409462836130e-03 1.169598235471492220e+00
7.755102040816326710e-03 2.473528066680096785e-03 1.114734136959675270e+00
7.755102040816326710e-03 2.498217621847478517e-03 1.064906362531392592e+00
7.755102040816326710e-03 2.521950418620065928e-03 1.022175855944226663e+00
7.755102040816326710e-03 2.544696787585653316e-03 9.845803230447653931e-01
7.755102040816326710e-03 2.585150955533035543e-03 9.512189490445251971e-01
7.755102040816326710e-03 2.606268019673603151e-03 9.231048901094693893e-01
7.755102040816326710e-03 2.645907608412900649e-03 9.011895660111595152e-01
7.755102040816326710e-03 2.665296587746581597e-03 8.820969851004440976e-01
7.755102040816326710e-03 2.704042727366977230e-03 8.683304980324768607e-01
7.755102040816326710e-03 2.721604774200273632e-03 8.576380268084526914e-01
7.755102040816326710e-03 2.759378549773319582e-03 8.507810486187831200e-01
7.755102040816326710e-03 2.775014745304886076e-03 8.496183249780639990e-01
7.755102040816326710e-03 2.811737194754989396e-03 8.488377497524987048e-01
7.755102040816326710e-03 2.848140005088538838e-03 8.529341779158801096e-01
7.755102040816326710e-03 2.884208393214209108e-03 8.607119611929684444e-01
7.755102040816326710e-03 2.896178592922035808e-03 8.704669581898655251e-01
7.755102040816326710e-03 2.931047561549659196e-03 8.825523060057464120e-01
7.755102040816326710e-03 2.965532768961257840e-03 8.971478118467343110e-01
7.755102040816326710e-03 2.999619417854426651e-03 9.149620593716200068e-01
7.755102040816326710e-03 3.033292707695419560e-03 9.355685892940845960e-01
7.755102040816326710e-03 3.066537834662596239e-03 9.575104376319025778e-01
7.755102040816326710e-03 3.099339991588220388e-03 9.817855339561676331e-01
7.755102040816326710e-03 3.131684367898566676e-03 1.008165404580283697e+00
7.755102040816326710e-03 3.163556149552253054e-03 1.035581020632329041e+00
7.755102040816326710e-03 3.194940518976739901e-03 1.064921205227192802e+00
7.755102040816326710e-03 3.225822655002912303e-03 1.096484063487938032e+00
7.755102040816326710e-03 3.256187732797670865e-03 1.129431529968454750e+00
7.755102040816326710e-03 3.286020923794450831e-03 1.163917378913589706e+00
7.755102040816326710e-03 3.315307395621580611e-03 1.200172639240670858e+00
7.755102040816326710e-03 3.344032312028392528e-03 1.238056086387487653e+00
7.755102040816326710e-03 3.403745995190341714e-03 1.275654731843380851e+00
7.755102040816326710e-03 3.431864291046517797e-03 1.313805723016093330e+00
7.755102040816326710e-03 3.459381504670047593e-03 1.353638691187275089e+00
7.755102040816326710e-03 3.486282786231098291e-03 1.394810136393635602e+00
7.755102040816326710e-03 3.546390002940050939e-03 1.438146739439043031e+00
7.755102040816326710e-03 3.572595840265130503e-03 1.479727466979597006e+00
7.755102040816326710e-03 3.598146185893603879e-03 1.523275668109724368e+00
7.755102040816326710e-03 3.623026175524388104e-03 1.568635393326849536e+00
7.755102040816326710e-03 3.683408905468907313e-03 1.613227347766992947e+00
7.755102040816326710e-03 3.707504563058096163e-03 1.658023745952395434e+00
7.600000000000000852e-03 1.915603339649316799e-03 3.518306990517490185e+00
7.600000000000000852e-03 1.968083194204011625e-03 3.078930071729611750e+00
7.600000000000000852e-03 2.021272235982418241e-03 2.689623757380938507e+00
7.600000000000000852e-03 2.075170464984536865e-03 2.348673487997347653e+00
7.600000000000000852e-03 2.129777881210367929e-03 2.053642483170800226e+00
7.600000000000000852e-03 2.185094484659910567e-03 1.803951482357873282e+00
7.600000000000000852e-03 2.241120275333165646e-03 1.597151192993398361e+00
7.600000000000000852e-03 2.297855253230133166e-03 1.431731617559466319e+00
7.600000000000000852e-03 2.355299418350811393e-03 1.307004495309426861e+00
7.600000000000000852e-03 2.413452770695203361e-03 1.219760611091780689e+00
7.600000000000000852e-03 2.438932274256565801e-03 1.160669154186250385e+00
7.600000000000000852e-03 2.480604569642374472e-03 1.106846805105558218e+00
7.600000000000000852e-03 2.504657616543946950e-03 1.058912831356206841e+00
7.600000000000000852e-03 2.527754323486850700e-03 1.015791499643670770e+00
7.600000000000000852e-03 2.549865633918657268e-03 9.795636804014740129e-01
7.600000000000000852e-03 2.589722419794915440e-03 9.476374781727729957e-01
7.600000000000000852e-03 2.610204216146162683e-03 9.207851091533580945e-01
7.600000000000000852e-03 2.629618286867671344e-03 8.996759042935497108e-01
7.600000000000000852e-03 2.667994572781941590e-03 8.804588312150805063e-01
7.600000000000000852e-03 2.706130172979616475e-03 8.677837685143332536e-01
7.600000000000000852e-03 2.723062657795421483e-03 8.564832746048226531e-01
7.600000000000000852e-03 2.760221759750906920e-03 8.513804613487987449e-01
7.600000000000000852e-03 2.775234313014097835e-03 8.488858286277716214e-01
7.600000000000000852e-03 2.811339586466422673e-03 8.490637446858294579e-01
7.600000000000000852e-03 2.847122123949997509e-03 8.531975056689288239e-01
7.600000000000000852e-03 2.882567447802891931e-03 8.606717625012609840e-01
7.600000000000000852e-03 2.893926837403979716e-03 8.706714768327634690e-01
7.600000000000000852e-03 2.928173301033893620e-03 8.821934570977955081e-01
7.600000000000000852e-03 2.962034232049358135e-03 8.971528084831036365e-01
7.600000000000000852e-03 2.995495139082603436e-03 9.150909976043516414e-01
7.600000000000000852e-03 3.028541527649835328e-03 9.344955476782395021e-01
7.600000000000000852e-03 3.061158900096623559e-03 9.563994629613917775e-01
7.600000000000000852e-03 3.093332755541712813e-03 9.805427886972648555e-01
7.600000000000000852e-03 3.125048589819182272e-03 1.005798187627563012e+00
7.600000000000000852e-03 3.156291895418911631e-03 1.033074746886272877e+00
7.600000000000000852e-03 3.187048161425249954e-03 1.062638659958609733e+00
7.600000000000000852e-03 3.217302873453855693e-03 1.093633653715513132e+00
7.600000000000000852e-03 3.247041513586598153e-03 1.126174697991173090e+00
7.600000000000000852e-03 3.276249560304464025e-03 1.160521494630831985e+00
7.600000000000000852e-03 3.304912488418372714e-03 1.196469354503959082e+00
7.600000000000000852e-03 3.363927617100451531e-03 1.233065375120557805e+00
7.600000000000000852e-03 3.392006053717616220e-03 1.269473765304155455e+00
7.600000000000000852e-03 3.419500672576269214e-03 1.307519945228201586e+00
7.600000000000000852e-03 3.446396935641247647e-03 1.346806282441006086e+00
7.600000000000000852e-03 3.472680300887695092e-03 1.388236940086677196e+00
7.600000000000000852e-03 3.532041282400379210e-03 1.429827186989481858e+00
7.600000000000000852e-03 3.557629000861692748e-03 1.471471313216894172e+00
7.600000000000000852e-03 3.582565081606317852e-03 1.514747123079413171e+00
7.600000000000000852e-03 3.642273471596073082e-03 1.559991357836254311e+00
7.600000000000000852e-03 3.666451065952889676e-03 1.602717751783059086e+00
7.450980392156862815e-03 1.928108892771327127e-03 3.393980555545701439e+00
7.450980392156862815e-03 1.980217596688393401e-03 2.972412783535311132e+00
7.450980392156862815e-03 2.033021083324354668e-03 2.599502235005669792e+00
7.450980392156862815e-03 2.086519352679209842e-03 2.272888167470753285e+00
7.450980392156862815e-03 2.140712404752958490e-03 1.991943121090908431e+00
7.450980392156862815e-03 2.195600239545602347e-03 1.754270521242374148e+00
7.450980392156862815e-03 2.251182857057140111e-03 1.558369570019940920e+00
7.450980392156862815e-03 2.307460257287571783e-03 1.403528846043230693e+00
7.450980392156862815e-03 2.364432440236898230e-03 1.286612943528754105e+00
7.450980392156862815e-03 2.422099405905119018e-03 1.208502801835662055e+00
7.450980392156862815e-03 2.446963131827579151e-03 1.149735648592363768e+00
7.450980392156862815e-03 2.470923027470272888e-03 1.098250719595368352e+00
7.450980392156862815e-03 2.493950644569081256e-03 1.051885023251693196e+00
7.450980392156862815e-03 2.533983018939646361e-03 1.010670039332678627e+00
7.450980392156862815e-03 2.555475649811441395e-03 9.740930072102138571e-01
7.450980392156862815e-03 2.575955396631454675e-03 9.448654357672445769e-01
7.450980392156862815e-03 2.614617527190912956e-03 9.179980282154567295e-01
7.450980392156862815e-03 2.633415385496783861e-03 8.967860076063305375e-01
7.450980392156862815e-03 2.671205856989505249e-03 8.790024225561738902e-01
7.450980392156862815e-03 2.688227007649831354e-03 8.660986239100856299e-01
7.450980392156862815e-03 2.725070116135016544e-03 8.565088024828193536e-01
7.450980392156862815e-03 2.761634814817876590e-03 8.509089134208994709e-01
7.450980392156862815e-03 2.776039673172369087e-03 8.487634399950110264e-01
7.450980392156862815e-03 2.811548149107779161e-03 8.491880926122828965e-01
7.450980392156862815e-03 2.846730920780679141e-03 8.532372419664980834e-01
7.450980392156862815e-03 2.881573803597082661e-03 8.612056895177985227e-01
7.450980392156862815e-03 2.892337825653850010e-03 8.704338817147633245e-01
7.450980392156862815e-03 2.925982391660134595e-03 8.824797497416628778e-01
7.450980392156862815e-03 2.959239728541093999e-03 8.976933876855426320e-01
7.450980392156862815e-03 2.992095638473375036e-03 9.145074953765612857e-01
7.450980392156862815e-03 3.024535920626334352e-03 9.339900595103527436e-01
7.450980392156862815e-03 3.056546371109277252e-03 9.558508313168136983e-01
7.450980392156862815e-03 3.088112782917151310e-03 9.789050292193114400e-01
7.450980392156862815e-03 3.119220945874658351e-03 1.004081808473094917e+00
7.450980392156862815e-03 3.149856646578711502e-03 1.031616411784311627e+00
7.450980392156862815e-03 3.180005668339175307e-03 1.060634443130515248e+00
7.450980392156862815e-03 3.209653791117818202e-03 1.091213431453176064e+00
7.450980392156862815e-03 3.238786791465406243e-03 1.123641959444027005e+00
7.450980392156862815e-03 3.267390442456853065e-03 1.157652626428717024e+00
7.450980392156862815e-03 3.295450513624364076e-03 1.192907437920553315e+00
7.450980392156862815e-03 3.353775939470497736e-03 1.227928445980123850e+00
7.450980392156862815e-03 3.381249076245291998e-03 1.264203570891675232e+00
7.450980392156862815e-03 3.408140719073748937e-03 1.301630274421275102e+00
7.450980392156862815e-03 3.434436625090774194e-03 1.341103981363152675e+00
7.450980392156862815e-03 3.493143880393366485e-03 1.382796718687593129e+00
7.450980392156862815e-03 3.518767648352290160e-03 1.422583298989575029e+00
7.450980392156862815e-03 3.543757735420019397e-03 1.463833154870839870e+00
7.450980392156862815e-03 3.568099885527906568e-03 1.507185257937805556e+00
7.450980392156862815e-03 3.627075744361676034e-03 1.550463008986847191e+00
7.307692307692307578e-03 1.889725245735723955e-03 3.725972904591865031e+00
7.307692307692307578e-03 1.940796600514402151e-03 3.272860901528875210e+00
7.307692307692307578e-03 1.992548906690129462e-03 2.868682156466371147e+00
7.307692307692307578e-03 2.044982164262905671e-03 2.511151122903937605e+00
7.307692307692307578e-03 2.098096373232730561e-03 2.199593372953815518e+00
7.307692307692307578e-03 2.151891533599605000e-03 1.931665076827355332e+00
7.307692307692307578e-03 2.206367645363528553e-03 1.705874440294150585e+00
7.307692307692307578e-03 2.261524708524500788e-03 1.521487281799401403e+00
7.307692307692307578e-03 2.317362723082522571e-03 1.375442300200873547e+00
7.307692307692307578e-03 2.373881689037593470e-03 1.268558763506876019e+00
7.307692307692307578e-03 2.431081606389712615e-03 1.197039222992932306e+00
7.307692307692307578e-03 2.455344824856325967e-03 1.140627093584291263e+00
7.307692307692307578e-03 2.478703573221488574e-03 1.089058811514724834e+00
7.307692307692307578e-03 2.501129967292393258e-03 1.044376300984239725e+00
7.307692307692307578e-03 2.522596111258387699e-03 1.004991498648481141e+00
7.307692307692307578e-03 2.561500542071485330e-03 9.701490104770107425e-01
7.307692307692307578e-03 2.581378532041490349e-03 9.404444588550239237e-01
7.307692307692307578e-03 2.619479511723096267e-03 9.153374108861145331e-01
7.307692307692307578e-03 2.637676470225483807e-03 8.941372987427367303e-01
7.307692307692307578e-03 2.674899836318524529e-03 8.773389196693053282e-01
7.307692307692307578e-03 2.691322825810782502e-03 8.652885843651714204e-01
7.307692307692307578e-03 2.727594375968778531e-03 8.554491280372785722e-01
7.307692307692307578e-03 2.763583730443629639e-03 8.512284720836613694e-01
7.307692307692307578e-03 2.777395885953464448e-03 8.485187610344367970e-01
7.307692307692307578e-03 2.812326724750985329e-03 8.490839496700627320e-01
7.307692307692307578e-03 2.846929011721169387e-03 8.538092058187979339e-01
7.307692307692307578e-03 2.881188843711742203e-03 8.613541840004601546e-01
7.307692307692307578e-03 2.891372014687958441e-03 8.708133695212862957e-01
7.307692307692307578e-03 2.924434057977419801e-03 8.832527293298938487e-01
7.307692307692307578e-03 2.957107245882410404e-03 8.974294060564170783e-01
7.307692307692307578e-03 2.989377662471168293e-03 9.144462620657340945e-01
7.307692307692307578e-03 3.021231388907314862e-03 9.339839006791854636e-01
7.307692307692307578e-03 3.052654503398816686e-03 9.548009617878121524e-01
7.307692307692307578e-03 3.083633081145477611e-03 9.778464471392708246e-01
7.307692307692307578e-03 3.114153194284876962e-03 1.003325584018154748e+00
7.307692307692307578e-03 3.144200911836727425e-03 1.030345941369171348e+00
7.307692307692307578e-03 3.173762299645554574e-03 1.058948942664089454e+00
7.307692307692307578e-03 3.202823420321656428e-03 1.089452235499582811e+00
7.307692307692307578e-03 3.231370333180258458e-03 1.121526456104518399e+00
7.307692307692307578e-03 3.259389094178796395e-03 1.154811809299096659e+00
7.307692307692307578e-03 3.317076277199833799e-03 1.189092905802096478e+00
7.307692307692307578e-03 3.344528967754837896e-03 1.223613930710313991e+00
7.307692307692307578e-03 3.371416354480603200e-03 1.259207177852440074e+00
7.307692307692307578e-03 3.397724481585850595e-03 1.296759627519270541e+00
7.307692307692307578e-03 3.423439389631952046e-03 1.336615375674810036e+00
7.307692307692307578e-03 3.481462753033999578e-03 1.376536704676293299e+00
7.307692307692307578e-03 3.506504875842181464e-03 1.415817485074829518e+00
7.307692307692307578e-03 3.530916590372301222e-03 1.457067411788483202e+00
7.307692307692307578e-03 3.554683924432639266e-03 1.500698100640219135e+00
7.169811320754717818e-03 1.902913689559134185e-03 3.589799508090983693e+00
7.169811320754717818e-03 1.953655829081609244e-03 3.155029394098158857e+00
7.169811320754717818e-03 2.005065628334643749e-03 2.767233618342720192e+00
7.169811320754717818e-03 2.057143087318235534e-03 2.425691985512062221e+00
7.169811320754717818e-03 2.109888206032387633e-03 2.128113387631358489e+00
7.169811320754717818e-03 2.163300984477098746e-03 1.873014802265975387e+00
7.169811320754717818e-03 2.217381422652367571e-03 1.659639679101251097e+00
7.169811320754717818e-03 2.272129520558196277e-03 1.485001017056914119e+00
7.169811320754717818e-03 2.327545278194583563e-03 1.349856978471116964e+00
7.169811320754717818e-03 2.383628695561529429e-03 1.250513550822554887e+00
7.169811320754717818e-03 2.423897174477667501e-03 1.185429316537408795e+00
7.169811320754717818e-03 2.447184785946600587e-03 1.130371176022845869e+00
7.169811320754717818e-03 2.486828864651442414e-03 1.081534675286932146e+00
7.169811320754717818e-03 2.508668446152874550e-03 1.036649558443966335e+00
7.169811320754717818e-03 2.529548250654628516e-03 9.989900485658229634e-01
7.169811320754717818e-03 2.567916065283305186e-03 9.659728823156332744e-01
7.169811320754717818e-03 2.587206739565737091e-03 9.362190548000662860e-01
7.169811320754717818e-03 2.605460134835917586e-03 9.129785104989098787e-01
7.169811320754717818e-03 2.642374417180627568e-03 8.913417330728601318e-01
7.169811320754717818e-03 2.679048291124430398e-03 8.770284340333165396e-01
7.169811320754717818e-03 2.694887433761559200e-03 8.634043249967311429e-01
7.169811320754717818e-03 2.730605217929370394e-03 8.552111714434635914e-01
7.169811320754717818e-03 2.744581839916271360e-03 8.510337877794694750e-01
7.169811320754717818e-03 2.779270734747809821e-03 8.480634534645837830e-01
7.169811320754717818e-03 2.813641973817418603e-03 8.494935882096488200e-01
7.169811320754717818e-03 2.847681927016508172e-03 8.539552423177334539e-01
7.169811320754717818e-03 2.858118411781434241e-03 8.620308401871343840e-01
7.169811320754717818e-03 2.890992944499408152e-03 8.716522001737657677e-01
7.169811320754717818e-03 2.923490703816913113e-03 8.831501614556392932e-01
7.169811320754717818e-03 2.955598047480571377e-03 8.976623417930116311e-01
7.169811320754717818e-03 2.987301330477451326e-03 9.148413027204518322e-01
7.169811320754717818e-03 3.018586904987042522e-03 9.333899720593954452e-01
7.169811320754717818e-03 3.049441120331872895e-03 9.542769525155008203e-01
7.169811320754717818e-03 3.079850322926674846e-03 9.776783655329867040e-01
7.169811320754717818e-03 3.109800856226078557e-03 1.002683836518510896e+00
7.169811320754717818e-03 3.139279060670743197e-03 1.029299990335123205e+00
7.169811320754717818e-03 3.168271273631884793e-03 1.057873701325208415e+00
7.169811320754717818e-03 3.196763829354130546e-03 1.088014385516759441e+00
7.169811320754717818e-03 3.224743058896625391e-03 1.119340578098515060e+00
7.169811320754717818e-03 3.252195290072322324e-03 1.152565878827522372e+00
7.169811320754717818e-03 3.309250259788127767e-03 1.185678030154317719e+00
7.169811320754717818e-03 3.336133723837732615e-03 1.219464614355616483e+00
7.169811320754717818e-03 3.362453761717042362e-03 1.255131605111992510e+00
7.169811320754717818e-03 3.388196689883523575e-03 1.293016917132349342e+00
7.169811320754717818e-03 3.413348821268226245e-03 1.332839300986655928e+00
7.169811320754717818e-03 3.470715024038091481e-03 1.370626573239161372e+00
7.169811320754717818e-03 3.495193753100849648e-03 1.409840975762749249e+00
7.169811320754717818e-03 3.519045221585196098e-03 1.451292734413296426e+00
7.037037037037036959e-03 1.916251246088558928e-03 3.457436711964163578e+00
7.037037037037036959e-03 1.966676756259456635e-03 3.040014511063537928e+00
7.037037037037036959e-03 2.017757143185820636e-03 2.669105183850429608e+00
7.037037037037036959e-03 2.069492406867651148e-03 2.342470275883205222e+00
7.037037037037036959e-03 2.121882547304948172e-03 2.058635273210228434e+00
7.037037037037036959e-03 2.174927564497710838e-03 1.816821640158403195e+00
7.037037037037036959e-03 2.228627458445940016e-03 1.614116779438891758e+00
7.037037037037036959e-03 2.282982229149635705e-03 1.451218346801778303e+00
7.037037037037036959e-03 2.337991876608796604e-03 1.324534918029816710e+00
7.037037037037036959e-03 2.393656400823424880e-03 1.234721323707595797e+00
7.037037037037036959e-03 2.433426185511248542e-03 1.173101476049144498e+00
7.037037037037036959e-03 2.456144190443048433e-03 1.120095599649889806e+00
7.037037037037036959e-03 2.477952006181816623e-03 1.072192822825944969e+00
7.037037037037036959e-03 2.516545496335551024e-03 1.030874512763761741e+00
7.037037037037036959e-03 2.536852528674316595e-03 9.928709729039498777e-01
7.037037037037036959e-03 2.556173399445743101e-03 9.607954090053147933e-01
7.037037037037036959e-03 2.593416795528824970e-03 9.325301708340949514e-01
7.037037037037036959e-03 2.611098422789691776e-03 9.088148505436055569e-01
7.037037037037036959e-03 2.647484175322575763e-03 8.899635975062831772e-01
7.037037037037036959e-03 2.663437191819772575e-03 8.746069286090831785e-01
7.037037037037036959e-03 2.698893944558016390e-03 8.623951883254443729e-01
7.037037037037036959e-03 2.734074732624257233e-03 8.550054813961177613e-01
7.037037037037036959e-03 2.747485283208907312e-03 8.500353934556740265e-01
7.037037037037036959e-03 2.781634466036585034e-03 8.481250220994075439e-01
7.037037037037036959e-03 2.815463105847174161e-03 8.494581190405712245e-01
7.037037037037036959e-03 2.848957832620102257e-03 8.547923921281521675e-01
7.037037037037036959e-03 2.858837746376353441e-03 8.627808000537755539e-01
7.037037037037036959e-03 2.891166943477436069e-03 8.715640480143218571e-01
7.037037037037036959e-03 2.923117608489594465e-03 8.835375824695330671e-01
7.037037037037036959e-03 2.954676359643362230e-03 8.983269903211191787e-01
7.037037037037036959e-03 2.985829812500031405e-03 9.145803535183685273e-01
7.037037037037036959e-03 3.016564579905152768e-03 9.332856080072036153e-01
7.037037037037036959e-03 3.046867271940697369e-03 9.545906530442280769e-01
7.037037037037036959e-03 3.076724495875831147e-03 9.775672661021032050e-01
7.037037037037036959e-03 3.106122856116248429e-03 1.002188551426710594e+00
7.037037037037036959e-03 3.135048954151995349e-03 1.028830751250714215e+00
7.037037037037036959e-03 3.163489388503745031e-03 1.057042797913193999e+00
7.037037037037036959e-03 3.191430754667446898e-03 1.086421688519177753e+00
7.037037037037036959e-03 3.218859645057272050e-03 1.117689052536446903e+00
7.037037037037036959e-03 3.275329790047884753e-03 1.150325397502514502e+00
7.037037037037036959e-03 3.302209637163358927e-03 1.182332648670019637e+00
7.037037037037036959e-03 3.328541284823043588e-03 1.216150032934931957e+00
7.037037037037036959e-03 3.354311314662072885e-03 1.252109648884398130e+00
7.037037037037036959e-03 3.379506304970649432e-03 1.289924033462306330e+00
7.037037037037036959e-03 3.436303735911490961e-03 1.328189240204673993e+00
7.037037037037036959e-03 3.460847067641641822e-03 1.365433192580852495e+00
7.037037037037036959e-03 3.484779601996093948e-03 1.404782190052577207e+00
6.909090909090908131e-03 1.929729536640443924e-03 3.328443661736665504e+00
6.909090909090908131e-03 1.979850295469315260e-03 2.928770145302926675e+00
6.909090909090908131e-03 2.030613628129326453e-03 2.573661396766405485e+00
6.909090909090908131e-03 2.082019534620476852e-03 2.261651119985120584e+00
6.909090909090908131e-03 2.134068014942766024e-03 1.991939170200807796e+00
6.909090909090908131e-03 2.186759069096195270e-03 1.761687373496721110e+00
6.909090909090908131e-03 2.240092697080764157e-03 1.571533509051387334e+00
6.909090909090908131e-03 2.294068898896470948e-03 1.417987815481225100e+00
6.909090909090908131e-03 2.348687674543318248e-03 1.301616711699776996e+00
6.909090909090908131e-03 2.403949024021305187e-03 1.219124789671091502e+00
6.909090909090908131e-03 2.426615220209000796e-03 1.162700661901138632e+00
6.909090909090908131e-03 2.465395550306970999e-03 1.109900227421458663e+00
6.909090909090908131e-03 2.486645959051293243e-03 1.064057964804412837e+00
6.909090909090908131e-03 2.506959381083542337e-03 1.023440068979244888e+00
6.909090909090908131e-03 2.544489138101770076e-03 9.872268974813239728e-01
6.909090909090908131e-03 2.563250985238439868e-03 9.554116431577226454e-01
6.909090909090908131e-03 2.599987217518298296e-03 9.289618938517514302e-01
6.909090909090908131e-03 2.617109849644450124e-03 9.061531599041809937e-01
6.909090909090908131e-03 2.652982572226673073e-03 8.876186179368934503e-01
6.909090909090908131e-03 2.668378295572153888e-03 8.726291557510618135e-01
6.909090909090908131e-03 2.703317487910613607e-03 8.614555814661195576e-01
6.909090909090908131e-03 2.737977104145927938e-03 8.547064281029645993e-01
6.909090909090908131e-03 2.750834156688236349e-03 8.495767519341820284e-01
6.909090909090908131e-03 2.784459558512160544e-03 8.477419244358428418e-01
6.909090909090908131e-03 2.817761640540230022e-03 8.501344803222801172e-01
6.909090909090908131e-03 2.850727283102022242e-03 8.562621570778712332e-01
6.909090909090908131e-03 2.860062854185753400e-03 8.625704306059515103e-01
6.909090909090908131e-03 2.891862866956539796e-03 8.719759832552036460e-01
6.909090909090908131e-03 2.923282657152960224e-03 8.843492930391503304e-01
6.909090909090908131e-03 2.954309093730748004e-03 8.982844611148764757e-01
6.909090909090908131e-03 2.984929043061960996e-03 9.147884683922894444e-01
6.909090909090908131e-03 3.015129368889903072e-03 9.339818496189049579e-01
6.909090909090908131e-03 3.044896932282769274e-03 9.549186344430767859e-01
6.909090909090908131e-03 3.074218591585931807e-03 9.775396554468149812e-01
6.909090909090908131e-03 3.103081202372831322e-03 1.002250644612040276e+00
6.909090909090908131e-03 3.131471617394413626e-03 1.028540780008559530e+00
6.909090909090908131e-03 3.159376686527048516e-03 1.055985652831924915e+00
6.909090909090908131e-03 3.186783256718879985e-03 1.085315687580304722e+00
6.909090909090908131e-03 3.213678171934531910e-03 1.116540859678699871e+00
6.909090909090908131e-03 3.269567179703412874e-03 1.147743681914014768e+00
6.909090909090908131e-03 3.295910145367258581e-03 1.179747320000922306e+00
6.909090909090908131e-03 3.321706402484298718e-03 1.213825516663928017e+00
6.909090909090908131e-03 3.346942784586274741e-03 1.249685546281744664e+00
6.909090909090908131e-03 3.371606121966368944e-03 1.286860745916697635e+00
6.909090909090908131e-03 3.427798589831306756e-03 1.323773613858373333e+00
6.909090909090908131e-03 3.451809286827783874e-03 1.361093973781140942e+00
6.785714285714285546e-03 1.894144293232812764e-03 3.631536815451898992e+00
6.785714285714285546e-03 1.943340798497214745e-03 3.203689931448053141e+00
6.785714285714285546e-03 1.993168028188084702e-03 2.820678225307800879e+00
6.785714285714285546e-03 2.043625982305420901e-03 2.481043304344712652e+00
6.785714285714285546e-03 2.094714660849223125e-03 2.183963784616977932e+00
6.785714285714285546e-03 2.146434063819493109e-03 1.926675857983878304e+00
6.785714285714285546e-03 2.198784191216229551e-03 1.709758085641535974e+00
6.785714285714285546e-03 2.251765043039432018e-03 1.529821373910103421e+00
6.785714285714285546e-03 2.305376619289101377e-03 1.387344728510920167e+00
6.785714285714285546e-03 2.359618919965238062e-03 1.279121722734484212e+00
6.785714285714285546e-03 2.414491945067840772e-03 1.205873077269231874e+00
6.785714285714285546e-03 2.436616799702744519e-03 1.149668125875717317e+00
6.785714285714285546e-03 2.457852009312637420e-03 1.100875820590833332e+00
6.785714285714285546e-03 2.495627745600952768e-03 1.056140356890349130e+00
6.785714285714285546e-03 2.515395782706617098e-03 1.015735982343542343e+00
6.785714285714285546e-03 2.534201012515157128e-03 9.815755732442482673e-01
6.785714285714285546e-03 2.570654613798106867e-03 9.502665443639014553e-01
6.785714285714285546e-03 2.587859330778399976e-03 9.254354131516071558e-01
6.785714285714285546e-03 2.623473806397556667e-03 9.025907283730251196e-01
6.785714285714285546e-03 2.638991949595903032e-03 8.857700565300389295e-01
6.785714285714285546e-03 2.673698579261303380e-03 8.707774764752936880e-01
6.785714285714285546e-03 2.708135024664980097e-03 8.604903577198261821e-01
6.785714285714285546e-03 2.721174062007228160e-03 8.537286331706483988e-01
6.785714285714285546e-03 2.754603847876406237e-03 8.486919468473598238e-01
6.785714285714285546e-03 2.787720517680685253e-03 8.481080399055909158e-01
6.785714285714285546e-03 2.820511195173093337e-03 8.514625557354564833e-01
6.785714285714285546e-03 2.830110732855676582e-03 8.560734495993009840e-01
6.785714285714285546e-03 2.861765779573055470e-03 8.628859824502747022e-01
6.785714285714285546e-03 2.893051864630181470e-03 8.728206656656918305e-01
6.785714285714285546e-03 2.923956100947427625e-03 8.844184828018701872e-01
6.785714285714285546e-03 2.954465598985121354e-03 8.987051524303751870e-01
6.785714285714285546e-03 2.984567466701036793e-03 9.157746765403056433e-01
6.785714285714285546e-03 3.014248809506698840e-03 9.346634418968200464e-01
6.785714285714285546e-03 3.043496730222411319e-03 9.552812292847250308e-01
6.785714285714285546e-03 3.072298329030989303e-03 9.780633643171230407e-01
6.785714285714285546e-03 3.100640703430127942e-03 1.002439992523584733e+00
6.785714285714285546e-03 3.128510948183363134e-03 1.027965432108876254e+00
6.785714285714285546e-03 3.155896155269553340e-03 1.055379635931067428e+00
6.785714285714285546e-03 3.182783413830851758e-03 1.084686804897196488e+00
6.785714285714285546e-03 3.209159810119065204e-03 1.115187747673836993e+00
6.785714285714285546e-03 3.264489132491395652e-03 1.145858068957509079e+00
6.785714285714285546e-03 3.290310783827947276e-03 1.178098643859871508e+00
6.785714285714285546e-03 3.315587164761382970e-03 1.212057020482166125e+00
6.785714285714285546e-03 3.340305351438869336e-03 1.247203560317456716e+00
6.785714285714285546e-03 3.364452416869900993e-03 1.284259779976592020e+00
6.785714285714285546e-03 3.420062258846310894e-03 1.320157876602986446e+00
6.666666666666667095e-03 1.908152818934979057e-03 3.492928834562253559e+00
6.666666666666667095e-03 1.957077829343795237e-03 3.082573449897208828e+00
6.666666666666667095e-03 2.006622143681837268e-03 2.715853926881725222e+00
6.666666666666667095e-03 2.056785761949103848e-03 2.391928006564365106e+00
6.666666666666667095e-03 2.107568684145596713e-03 2.108106118254280847e+00
6.666666666666667095e-03 2.158970910271314995e-03 1.864908290069132057e+00
6.666666666666667095e-03 2.210992440326258260e-03 1.659045038516385961e+00
6.666666666666667095e-03 2.263633274310427376e-03 1.490908971095502800e+00
6.666666666666667095e-03 2.316893412223822342e-03 1.357382591141980788e+00
6.666666666666667095e-03 2.370772854066442292e-03 1.259106458065484713e+00
6.666666666666667095e-03 2.408882770751067780e-03 1.193020821566624479e+00
6.666666666666667095e-03 2.446866302987200231e-03 1.139287055879918631e+00
6.666666666666667095e-03 2.467570537705984866e-03 1.090533425642653542e+00
6.666666666666667095e-03 2.487358938151561921e-03 1.047508556213157416e+00
6.666666666666667095e-03 2.524115758274180377e-03 1.009073477211057224e+00
6.666666666666667095e-03 2.542387442782787551e-03 9.746599746888821025e-01
6.666666666666667095e-03 2.578366605534495280e-03 9.469040733574162205e-01
6.666666666666667095e-03 2.595037115930090739e-03 9.204744982645549634e-01
6.666666666666667095e-03 2.630171173705987686e-03 9.003031831393075723e-01
6.666666666666667095e-03 2.645156002176652591e-03 8.828415855195160811e-01
6.666666666666667095e-03 2.679377474463929230e-03 8.689843862766426508e-01
6.666666666666667095e-03 2.713325181384911369e-03 8.602974811901062946e-01
6.666666666666667095e-03 2.725833432969938536e-03 8.521992701548980476e-01
6.666666666666667095e-03 2.758771524073086283e-03 8.486090289341599036e-01
6.666666666666667095e-03 2.791393692725992106e-03 8.491611542025113701e-01
6.666666666666667095e-03 2.823687295056979789e-03 8.518377416966314009e-01
6.666666666666667095e-03 2.832763245094791979e-03 8.561802005291826445e-01
6.666666666666667095e-03 2.863920589041090044e-03 8.636574540835052494e-01
6.666666666666667095e-03 2.894707173179704787e-03 8.729022265559697180e-01
6.666666666666667095e-03 2.925110343138486238e-03 8.849586492968515294e-01
6.666666666666667095e-03 2.955117442160987672e-03 8.998949974853232003e-01
6.666666666666667095e-03 2.984715811065233836e-03 9.167301250389109368e-01
6.666666666666667095e-03 3.013892788201300889e-03 9.353439517808140868e-01
6.666666666666667095e-03 3.042635709407682035e-03 9.562014840750920897e-01
6.666666666666667095e-03 3.070931907966383337e-03 9.786745484483578839e-01
6.666666666666667095e-03 3.098768714556700710e-03 1.002296323875572659e+00
6.666666666666667095e-03 3.126133457207618243e-03 1.027816993730251038e+00
6.666666666666667095e-03 3.153013461248793583e-03 1.055235560627159952e+00
6.666666666666667095e-03 3.179396049260045827e-03 1.083800255033668503e+00
6.666666666666667095e-03 3.205268541019306444e-03 1.114391795507293947e+00
6.666666666666667095e-03 3.260058464110700098e-03 1.144865242361317925e+00
6.666666666666667095e-03 3.285373520184764473e-03 1.176973736572119567e+00
6.666666666666667095e-03 3.310144693983909508e-03 1.210152142738238012e+00
6.666666666666667095e-03 3.334359295492989299e-03 1.245147677781017093e+00
6.666666666666667095e-03 3.389471738928122486e-03 1.281905883039639704e+00
