2.500000000000000139e-02 2.559379845257741485e-03 1.402113147224049783e+00
2.500000000000000139e-02 2.645564365571786373e-03 1.263017443114926364e+00
2.500000000000000139e-02 2.696913432620195311e-03 1.176665564829390664e+00
2.500000000000000139e-02 2.728580757140788848e-03 1.104560155590169401e+00
2.500000000000000139e-02 2.777367428584859646e-03 1.041409856911847287e+00
2.500000000000000139e-02 2.825079133193431850e-03 9.893811794552063166e-01
2.500000000000000139e-02 2.871657470305466562e-03 9.474749548099468122e-01
2.500000000000000139e-02 2.895817220041467868e-03 9.138766301488714383e-01
2.500000000000000139e-02 2.939305637501183482e-03 8.884102479139405206e-01
2.500000000000000139e-02 2.981474919790463862e-03 8.708772025137089257e-01
2.500000000000000139e-02 3.045466489632222499e-03 8.600894688119533615e-01
2.500000000000000139e-02 3.085499304094950837e-03 8.555414005699795155e-01
2.500000000000000139e-02 3.124046706524992705e-03 8.574482752603544977e-01
2.500000000000000139e-02 3.161049724630766392e-03 8.663794285321485544e-01
2.500000000000000139e-02 3.222417745798140682e-03 8.793541532005921812e-01
2.500000000000000139e-02 3.256873528538521516e-03 8.973694262655638187e-01
2.500000000000000139e-02 3.317028311717322171e-03 9.207185844537563169e-01
2.500000000000000139e-02 3.348740867832577725e-03 9.475448813128966030e-01
2.500000000000000139e-02 3.407526516948004933e-03 9.781396872606027415e-01
2.500000000000000139e-02 3.436299379573727782e-03 1.014398136634674374e+00
2.500000000000000139e-02 3.493559680723757124e-03 1.051008678685749764e+00
2.500000000000000139e-02 3.550385218820676942e-03 1.091655216033319498e+00
2.500000000000000139e-02 3.606746820484556248e-03 1.136047338760426184e+00
2.500000000000000139e-02 3.662615291853782169e-03 1.183637090836284989e+00
2.500000000000000139e-02 3.684392591554849685e-03 1.231958555243375386e+00
2.500000000000000139e-02 3.738374018058764157e-03 1.282080381951427261e+00
2.500000000000000139e-02 3.791764605471096422e-03 1.334937979900186367e+00
2.500000000000000139e-02 3.844535060210648152e-03 1.389653622461064719e+00
2.500000000000000139e-02 3.896656065856218560e-03 1.445934568123719011e+00
2.500000000000000139e-02 3.948098282688040223e-03 1.503763153731408453e+00
2.500000000000000139e-02 3.998832347214050821e-03 1.563192589314851277e+00
2.500000000000000139e-02 4.048828871680304302e-03 1.624100154018463638e+00
2.500000000000000139e-02 4.098058443564852292e-03 1.686372603959716887e+00
2.500000000000000139e-02 4.187739741952310572e-03 1.747990968685299906e+00
2.500000000000000139e-02 4.236250719104652993e-03 1.810267703355520785e+00
2.500000000000000139e-02 4.326970945631496146e-03 1.883608785443687150e+00
2.500000000000000139e-02 4.418652304634785623e-03 1.969297447032840820e+00
2.500000000000000139e-02 4.511294796114522290e-03 2.066240066042690060e+00
2.500000000000000139e-02 4.604898420070707016e-03 2.174148071281801542e+00
2.500000000000000139e-02 4.699463176503335463e-03 2.292421129818277059e+00
2.500000000000000139e-02 4.794989065412414569e-03 2.420741542952134839e+00
2.500000000000000139e-02 4.891476086797939132e-03 2.557771880747825133e+00
2.500000000000000139e-02 4.988924240659910019e-03 2.703634553591530487e+00
2.500000000000000139e-02 5.087333526998328963e-03 2.857144314326964363e+00
2.500000000000000139e-02 5.186703945813194230e-03 3.018291317773989846e+00
2.500000000000000139e-02 5.287035497104504086e-03 3.186548477382525668e+00
2.500000000000000139e-02 5.388328180872262868e-03 3.361782956343760453e+00
2.500000000000000139e-02 5.490581997116466238e-03 3.543202540872388173e+00
2.500000000000000139e-02 5.593796945837119401e-03 3.729895874105155329e+00
2.435897435897435917e-02 2.486040468942118335e-03 1.554878738170138108e+00
2.435897435897435917e-02 2.569755360146750486e-03 1.362748869497897974e+00
2.435897435897435917e-02 2.654856514499204234e-03 1.241192184562663003e+00
2.435897435897435917e-02 2.686747256906446384e-03 1.160983347942676991e+00
2.435897435897435917e-02 2.735290476846778673e-03 1.090165686931483968e+00
2.435897435897435917e-02 2.782807776972496747e-03 1.031016471475600937e+00
2.435897435897435917e-02 2.809238350956099611e-03 9.816898756670466852e-01
2.435897435897435917e-02 2.853914523889613478e-03 9.405800923400345903e-01
2.435897435897435917e-02 2.897384750842399784e-03 9.085282669668139910e-01
2.435897435897435917e-02 2.939592114635443485e-03 8.844977802854609994e-01
2.435897435897435917e-02 2.980479621962094962e-03 8.681716775757629678e-01
2.435897435897435917e-02 3.019990200873546703e-03 8.590668299441409639e-01
2.435897435897435917e-02 3.081932981435943700e-03 8.555527774221014514e-01
2.435897435897435917e-02 3.119196357606104746e-03 8.577561605948897938e-01
2.435897435897435917e-02 3.154921022257681576e-03 8.664909359606887129e-01
2.435897435897435917e-02 3.214975030218109823e-03 8.800693105399508553e-01
2.435897435897435917e-02 3.248157875622037331e-03 8.979407357865910599e-01
2.435897435897435917e-02 3.306985051659101175e-03 9.212208517521794926e-01
2.435897435897435917e-02 3.337435661595265692e-03 9.474717634274818501e-01
2.435897435897435917e-02 3.394884537646939045e-03 9.780804262674970273e-01
2.435897435897435917e-02 3.451957943057756741e-03 1.013737186355017528e+00
2.435897435897435917e-02 3.478330847464310063e-03 1.049748926895951673e+00
2.435897435897435917e-02 3.533807928416481201e-03 1.089769710376025769e+00
2.435897435897435917e-02 3.588814941029257188e-03 1.133429740917088369e+00
2.435897435897435917e-02 3.643323521679410568e-03 1.179902491705444367e+00
2.435897435897435917e-02 3.663901112682639051e-03 1.228224081356007691e+00
2.435897435897435917e-02 3.716528228055221168e-03 1.277949183960231050e+00
2.435897435897435917e-02 3.768561987165140563e-03 1.329808318730410388e+00
2.435897435897435917e-02 3.819973931459915654e-03 1.383451248741474959e+00
2.435897435897435917e-02 3.870735580647816001e-03 1.438844634197618655e+00
2.435897435897435917e-02 3.920818432260933170e-03 1.495991050221054941e+00
2.435897435897435917e-02 3.970193961203793975e-03 1.554731535446100432e+00
2.435897435897435917e-02 4.058038249550382018e-03 1.614716445942383505e+00
2.435897435897435917e-02 4.106781173462620456e-03 1.674125374385068810e+00
2.435897435897435917e-02 4.154740870928270990e-03 1.734765810995530622e+00
2.435897435897435917e-02 4.201888737109379587e-03 1.796626128273815182e+00
2.435897435897435917e-02 4.290919810957410409e-03 1.866362438517300992e+00
2.435897435897435917e-02 4.380884233279096381e-03 1.947881993748004525e+00
2.435897435897435917e-02 4.471782004074437503e-03 2.040868508039545226e+00
2.435897435897435917e-02 4.563613123343431173e-03 2.144735116628898375e+00
2.435897435897435917e-02 4.656377591086080861e-03 2.259132144733627889e+00
2.435897435897435917e-02 4.750075407302385699e-03 2.382736692190855710e+00
2.435897435897435917e-02 4.844706571992343953e-03 2.515634162940707075e+00
2.435897435897435917e-02 4.940271085155957358e-03 2.656653758007859523e+00
2.435897435897435917e-02 5.036768946793225045e-03 2.805744280570510618e+00
2.435897435897435917e-02 5.134200156904144413e-03 2.962402168984080042e+00
2.435897435897435917e-02 5.232564715488719799e-03 3.126445568334336400e+00
2.435897435897435917e-02 5.331862622546949468e-03 3.297081972343120171e+00
2.435897435897435917e-02 5.432093878078834287e-03 3.473424596323336555e+00
2.435897435897435917e-02 5.533258482084373389e-03 3.655656706677257173e+00
2.374999999999999681e-02 2.416766559907381623e-03 1.743136191925067857e+00
2.374999999999999681e-02 2.498148722489686949e-03 1.499275438827536000e+00
2.374999999999999681e-02 2.580878519778966821e-03 1.326883749996586426e+00
2.374999999999999681e-02 2.647256129286295386e-03 1.222044916170877293e+00
2.374999999999999681e-02 2.695570513082912959e-03 1.143680072436748407e+00
2.374999999999999681e-02 2.742905309164807379e-03 1.077543484474835722e+00
2.374999999999999681e-02 2.769754076003652730e-03 1.020209721786191848e+00
2.374999999999999681e-02 2.814362665187669209e-03 9.725349487880998733e-01
2.374999999999999681e-02 2.857816811225209405e-03 9.341307373764793365e-01
2.374999999999999681e-02 2.900061235103170657e-03 9.038743534545476965e-01
2.374999999999999681e-02 2.941040587320283787e-03 8.813287755006983248e-01
2.374999999999999681e-02 2.980699445600498189e-03 8.658912156779571268e-01
2.374999999999999681e-02 3.018982312485119727e-03 8.572927877558793597e-01
2.374999999999999681e-02 3.055833612795016974e-03 8.558895540795727896e-01
2.374999999999999681e-02 3.115730139733242920e-03 8.582654881758242649e-01
2.374999999999999681e-02 3.150229560599591104e-03 8.666868793879444199e-01
2.374999999999999681e-02 3.209033492412256394e-03 8.813372551320087789e-01
2.374999999999999681e-02 3.240996295680467851e-03 8.986224906062711959e-01
2.374999999999999681e-02 3.298560623162646779e-03 9.219584361649395543e-01
2.374999999999999681e-02 3.327801660428170508e-03 9.480754362238805744e-01
2.374999999999999681e-02 3.383979099906253910e-03 9.783802774713326045e-01
2.374999999999999681e-02 3.439772692553676094e-03 1.013322968852571782e+00
2.374999999999999681e-02 3.464955768366038795e-03 1.049127451294769919e+00
2.374999999999999681e-02 3.519150478883481883e-03 1.088684608305461765e+00
2.374999999999999681e-02 3.572869360571138703e-03 1.131456333540612258e+00
2.374999999999999681e-02 3.626084834323223260e-03 1.176706468810058803e+00
2.374999999999999681e-02 3.678769302109293447e-03 1.224845142512368756e+00
2.374999999999999681e-02 3.696851297009121420e-03 1.274607574727607329e+00
2.374999999999999681e-02 3.747594948610545509e-03 1.325477983520396918e+00
2.374999999999999681e-02 3.797715229230669287e-03 1.378311163785020943e+00
2.374999999999999681e-02 3.847184448542591111e-03 1.433059880842631140e+00
2.374999999999999681e-02 3.895974895081001470e-03 1.489530365927929312e+00
2.374999999999999681e-02 3.982177016543801858e-03 1.546684381841347822e+00
2.374999999999999681e-02 4.030370029803228595e-03 1.604333088924036366e+00
2.374999999999999681e-02 4.077810526047040418e-03 1.663260536288527547e+00
2.374999999999999681e-02 4.124470719329544587e-03 1.723394490104782628e+00
2.374999999999999681e-02 4.170322800625164868e-03 1.784907199877478812e+00
2.374999999999999681e-02 4.257758757991492865e-03 1.850969053531854591e+00
2.374999999999999681e-02 4.346101831918392465e-03 1.928986141805286492e+00
2.374999999999999681e-02 4.435352022405863667e-03 2.018386349274776670e+00
2.374999999999999681e-02 4.525509329453909942e-03 2.118788182081282834e+00
2.374999999999999681e-02 4.616573753062528686e-03 2.228884494190281895e+00
2.374999999999999681e-02 4.708545293231720767e-03 2.348723740401522431e+00
2.374999999999999681e-02 4.801423949961485318e-03 2.477150764296275121e+00
2.374999999999999681e-02 4.895209723251822340e-03 2.614073189802075259e+00
2.374999999999999681e-02 4.989902613102730096e-03 2.759012123682337059e+00
2.374999999999999681e-02 5.085502619514212924e-03 2.911736941717391058e+00
2.374999999999999681e-02 5.182009742486267355e-03 3.071455557763145272e+00
2.374999999999999681e-02 5.279423982018895990e-03 3.237305882599495810e+00
2.374999999999999681e-02 5.377745338112097095e-03 3.409430983995869191e+00
2.317073170731707293e-02 2.351230573791996282e-03 1.964183062919955702e+00
2.317073170731707293e-02 2.430405878514914960e-03 1.669867948820036307e+00
2.317073170731707293e-02 2.510892273840421070e-03 1.447847361076904038e+00
2.317073170731707293e-02 2.592689759768515047e-03 1.294723494302179034e+00
2.317073170731707293e-02 2.658015992018725963e-03 1.201696557016964650e+00
2.317073170731707293e-02 2.686826990573344502e-03 1.128030848925496654e+00
2.317073170731707293e-02 2.732424707268595043e-03 1.063535473573903323e+00
2.317073170731707293e-02 2.776970367622879753e-03 1.009497370459969678e+00
2.317073170731707293e-02 2.820410302286418310e-03 9.649704350409239462e-01
2.317073170731707293e-02 2.862690778504534475e-03 9.287528283828718756e-01
2.317073170731707293e-02 2.903757998135409260e-03 9.002923580671237103e-01
2.317073170731707293e-02 2.943558095566246521e-03 8.788724420554518968e-01
2.317073170731707293e-02 2.982037135520784147e-03 8.641157991900654256e-01
2.317073170731707293e-02 3.019141110750476857e-03 8.562658006917499565e-01
2.317073170731707293e-02 3.054815939600962794e-03 8.549829001121155292e-01
2.317073170731707293e-02 3.113537133958599844e-03 8.590483947708744683e-01
2.317073170731707293e-02 3.146860114383099368e-03 8.673906829795805518e-01
2.317073170731707293e-02 3.178600650058663758e-03 8.826369937155756906e-01
2.317073170731707293e-02 3.235264104760582436e-03 8.994359432463127080e-01
2.317073170731707293e-02 3.291625107730718289e-03 9.234516428530954446e-01
2.317073170731707293e-02 3.319704686361387574e-03 9.489022627795282716e-01
2.317073170731707293e-02 3.374670739632936248e-03 9.788536509360895588e-01
2.317073170731707293e-02 3.429245049310583864e-03 1.013593425146033011e+00
2.317073170731707293e-02 3.453285462275579309e-03 1.049117338840817037e+00
2.317073170731707293e-02 3.506258535122498774e-03 1.088034978609602632e+00
2.317073170731707293e-02 3.558750357872308458e-03 1.129805761370643147e+00
2.317073170731707293e-02 3.610734093876815601e-03 1.174790926119629653e+00
2.317073170731707293e-02 3.662182888426565759e-03 1.222035803403288323e+00
2.317073170731707293e-02 3.713069868408240548e-03 1.271047681980760791e+00
2.317073170731707293e-02 3.763368141951291442e-03 1.321783643572526534e+00
2.317073170731707293e-02 3.813050798063373319e-03 1.374104363458487077e+00
2.317073170731707293e-02 3.862090906254089014e-03 1.427799572531800898e+00
2.317073170731707293e-02 3.910461516146534859e-03 1.482662683392661496e+00
2.317073170731707293e-02 3.958135657076099906e-03 1.538469030232816559e+00
2.317073170731707293e-02 4.005086337675979775e-03 1.595615064476408662e+00
2.317073170731707293e-02 4.051286545448778455e-03 1.653968349290059869e+00
2.317073170731707293e-02 4.096709246323589591e-03 1.713691140949472391e+00
2.317073170731707293e-02 4.141327384197887249e-03 1.774482622424340184e+00
2.317073170731707293e-02 4.227254655340481268e-03 1.837500182290098705e+00
2.317073170731707293e-02 4.314064237310550817e-03 1.912391911273450651e+00
2.317073170731707293e-02 4.401756130108098498e-03 1.998744655390924496e+00
2.317073170731707293e-02 4.490330333733123444e-03 2.095268163252548721e+00
2.317073170731707293e-02 4.579786848185624787e-03 2.201974028341567191e+00
2.317073170731707293e-02 4.670125673465602527e-03 2.317723859992435465e+00
2.317073170731707293e-02 4.761346809573056664e-03 2.442384292630588316e+00
2.317073170731707293e-02 4.853450256507986331e-03 2.575502181358799270e+00
2.317073170731707293e-02 4.946436014270394130e-03 2.716798416027065066e+00
2.317073170731707293e-02 5.040304082860276591e-03 2.865482002722268717e+00
2.317073170731707293e-02 5.135054462277638052e-03 3.020715618827396920e+00
2.317073170731707293e-02 5.230687152522476777e-03 3.182602636047564992e+00
2.261904761904761849e-02 2.289139109687925774e-03 2.215532351557727431e+00
2.261904761904761849e-02 2.366223547336415971e-03 1.872011548372635170e+00
2.261904761904761849e-02 2.444584452213675440e-03 1.601544823834564424e+00
2.261904761904761849e-02 2.524221824319705480e-03 1.400784974085156120e+00
2.261904761904761849e-02 2.605135663654504791e-03 1.266157379237095704e+00
2.261904761904761849e-02 2.651585191276895504e-03 1.182486210285939254e+00
2.261904761904761849e-02 2.697079511575109761e-03 1.111437788462753318e+00
2.261904761904761849e-02 2.741566469823009458e-03 1.051237157597336047e+00
2.261904761904761849e-02 2.765409523408266304e-03 9.997678018227218466e-01
2.261904761904761849e-02 2.807137225268010756e-03 9.566697753171100604e-01
2.261904761904761849e-02 2.847691760868804444e-03 9.221220766964235427e-01
2.261904761904761849e-02 2.887020715361661091e-03 8.953278669219231212e-01
2.261904761904761849e-02 2.925071608461214581e-03 8.758363254592211877e-01
2.261904761904761849e-02 2.984405516414564193e-03 8.633540637140473262e-01
2.261904761904761849e-02 3.020375572351498717e-03 8.556974626971162179e-01
2.261904761904761849e-02 3.054918811807568867e-03 8.543916955200024921e-01
2.261904761904761849e-02 3.087982494918251313e-03 8.600483886087151308e-01
2.261904761904761849e-02 3.144709418622262161e-03 8.683138869403931315e-01
2.261904761904761849e-02 3.175324808873685248e-03 8.829841934649856894e-01
2.261904761904761849e-02 3.230849569583269919e-03 9.009400093830448597e-01
2.261904761904761849e-02 3.258841379717467707e-03 9.249698504359099571e-01
2.261904761904761849e-02 3.313024507219930470e-03 9.497865142385142345e-01
2.261904761904761849e-02 3.366834491696703291e-03 9.798873863035160170e-01
2.261904761904761849e-02 3.390918826417985837e-03 1.014461696827000381e+00
2.261904761904761849e-02 3.443186446082680333e-03 1.049388752141666492e+00
2.261904761904761849e-02 3.494993821009568982e-03 1.087545825056669857e+00
2.261904761904761849e-02 3.546314835171641543e-03 1.129246086699878138e+00
2.261904761904761849e-02 3.597123355600105165e-03 1.173512862381510979e+00
2.261904761904761849e-02 3.647393232066497171e-03 1.219798853253610815e+00
2.261904761904761849e-02 3.697098296754905162e-03 1.268049991318503489e+00
2.261904761904761849e-02 3.746212363923913640e-03 1.318078277893995454e+00
2.261904761904761849e-02 3.794709229557808369e-03 1.369641558602614939e+00
2.261904761904761849e-02 3.842562671006609105e-03 1.422504605727465066e+00
2.261904761904761849e-02 3.889746446614398157e-03 1.476395113134103099e+00
2.261904761904761849e-02 3.936234295335472484e-03 1.531698935815088536e+00
2.261904761904761849e-02 3.981999936337770295e-03 1.588223847182479442e+00
2.261904761904761849e-02 4.027017068592967167e-03 1.646123483241874963e+00
2.261904761904761849e-02 4.071259370452699582e-03 1.705043136842327778e+00
2.261904761904761849e-02 4.114700499210206808e-03 1.765462221064530990e+00
2.261904761904761849e-02 4.199198704166279446e-03 1.825819711669316892e+00
2.261904761904761849e-02 4.284555727693336799e-03 1.898085865153092300e+00
2.261904761904761849e-02 4.370771569791375398e-03 1.980988385600967794e+00
2.261904761904761849e-02 4.457846230460396977e-03 2.074502120571306563e+00
2.261904761904761849e-02 4.545779709700399802e-03 2.177506500389373212e+00
2.261904761904761849e-02 4.634572007511384741e-03 2.289827374501688162e+00
2.261904761904761849e-02 4.724223123893350057e-03 2.411038365275057771e+00
2.261904761904761849e-02 4.814733058846299221e-03 2.540812190453325403e+00
2.261904761904761849e-02 4.906101812370229631e-03 2.678359581502415487e+00
2.261904761904761849e-02 4.998329384465143022e-03 2.822868006292838405e+00
2.261904761904761849e-02 5.091415775131039392e-03 2.974401666024918178e+00
2.209302325581395318e-02 2.230228587463228569e-03 2.494892812104727575e+00
2.209302325581395318e-02 2.305329273028653564e-03 2.103386381256301618e+00
2.209302325581395318e-02 2.381673576202337096e-03 1.785631877033655002e+00
2.209302325581395318e-02 2.459261496984280464e-03 1.538332356290551095e+00
2.209302325581395318e-02 2.538093035374482370e-03 1.357939285929240958e+00
2.209302325581395318e-02 2.618168191372943678e-03 1.241121520038822812e+00
2.209302325581395318e-02 2.663565254255901606e-03 1.163700480941157078e+00
2.209302325581395318e-02 2.689477256230465244e-03 1.096294224228232084e+00
2.209302325581395318e-02 2.732329714065714465e-03 1.037945079242990065e+00
2.209302325581395318e-02 2.774106771918050454e-03 9.889728019875501097e-01
2.209302325581395318e-02 2.814757468117553597e-03 9.486377980089016893e-01
2.209302325581395318e-02 2.854230782027679728e-03 9.160393736126801745e-01
2.209302325581395318e-02 2.892475632179606661e-03 8.906282285842380686e-01
2.209302325581395318e-02 2.929440874310060283e-03 8.724599665959709149e-01
2.209302325581395318e-02 2.965075299295797957e-03 8.609976149105087462e-01
2.209302325581395318e-02 3.022603876728198295e-03 8.557073040431288913e-01
2.209302325581395318e-02 3.056056957837501292e-03 8.545259937305197395e-01
2.209302325581395318e-02 3.088034073111562729e-03 8.598650368567901658e-01
2.209302325581395318e-02 3.143684659975971331e-03 8.695180386000126438e-01
2.209302325581395318e-02 3.173216102139247118e-03 8.840142969000219786e-01
2.209302325581395318e-02 3.227652272995892944e-03 9.027484836480612618e-01
2.209302325581395318e-02 3.254567232410041176e-03 9.258278270449681324e-01
2.209302325581395318e-02 3.307653075450730108e-03 9.511601065285995027e-01
2.209302325581395318e-02 3.360358058471377835e-03 9.815159256648143815e-01
2.209302325581395318e-02 3.383379725172924474e-03 1.015283348161886368e+00
2.209302325581395318e-02 3.434538775955396726e-03 1.049706900269823162e+00
2.209302325581395318e-02 3.485232089282457729e-03 1.088004719209847204e+00
2.209302325581395318e-02 3.535434216246061481e-03 1.129180041276267366e+00
2.209302325581395318e-02 3.585119691728609181e-03 1.172632046394660232e+00
2.209302325581395318e-02 3.634263034098448447e-03 1.218296717134122797e+00
2.209302325581395318e-02 3.682838744895908754e-03 1.265938162899442387e+00
2.209302325581395318e-02 3.730821308509471058e-03 1.315283666357240255e+00
2.209302325581395318e-02 3.778185191841666561e-03 1.366070630198178426e+00
2.209302325581395318e-02 3.824904843964229296e-03 1.417979812018275831e+00
2.209302325581395318e-02 3.870954695762068853e-03 1.471387660155029753e+00
2.209302325581395318e-02 3.916309159565562782e-03 1.526042579451196257e+00
2.209302325581395318e-02 3.960942628770622656e-03 1.582090916587765017e+00
2.209302325581395318e-02 4.004829477446036380e-03 1.639124915485183465e+00
2.209302325581395318e-02 4.047944059927456595e-03 1.697616785238171389e+00
2.209302325581395318e-02 4.131071375485932326e-03 1.757687484701041747e+00
2.209302325581395318e-02 4.173403353621926888e-03 1.815942451301275185e+00
2.209302325581395318e-02 4.257382535459061298e-03 1.885190817608813463e+00
2.209302325581395318e-02 4.342198255908851640e-03 1.965468739556235800e+00
2.209302325581395318e-02 4.427850514971296177e-03 2.055674458842630337e+00
2.209302325581395318e-02 4.514339312646396644e-03 2.155593256989660311e+00
2.209302325581395318e-02 4.601664648934151308e-03 2.264826484056347233e+00
2.209302325581395318e-02 4.689826523834562770e-03 2.382999026246344965e+00
2.209302325581395318e-02 4.778824937347627561e-03 2.509323936172488168e+00
2.209302325581395318e-02 4.868659889473350884e-03 2.643013453321169770e+00
2.209302325581395318e-02 4.959331380211727536e-03 2.784093153032452861e+00
2.159090909090909116e-02 2.174261563892447742e-03 2.800151321340330846e+00
2.159090909090909116e-02 2.247477616706392445e-03 2.361850233536818333e+00
2.159090909090909116e-02 2.321906078858561491e-03 1.997941139076171879e+00
2.159090909090909116e-02 2.397546950348956613e-03 1.705176923634703190e+00
2.159090909090909116e-02 2.474400231177576511e-03 1.480036547288914317e+00
2.159090909090909116e-02 2.552465921344422052e-03 1.319233836108150371e+00
2.159090909090909116e-02 2.614226253415123397e-03 1.220101185680812161e+00
2.159090909090909116e-02 2.658065883336467594e-03 1.144936484357912621e+00
2.159090909090909116e-02 2.700922842746522005e-03 1.080758189825144822e+00
2.159090909090909116e-02 2.742747540890510139e-03 1.026178254536340484e+00
2.159090909090909116e-02 2.763754059646024875e-03 9.803072192674124885e-01
2.159090909090909116e-02 2.802789992774720046e-03 9.418490071004748110e-01
2.159090909090909116e-02 2.840636019197945433e-03 9.112208757827688910e-01
2.159090909090909116e-02 2.898730005117381315e-03 8.874485918413130836e-01
2.159090909090909116e-02 2.934647611066248246e-03 8.699789873522232320e-01
2.159090909090909116e-02 2.969234231797735803e-03 8.589103416717109862e-01
2.159090909090909116e-02 3.002439866167443301e-03 8.546150894904036566e-01
2.159090909090909116e-02 3.058153521002989969e-03 8.551531941745835752e-01
2.159090909090909116e-02 3.089082243582474442e-03 8.600184680037543661e-01
2.159090909090909116e-02 3.143702190335768802e-03 8.715753075810175332e-01
2.159090909090909116e-02 3.172187785446459098e-03 8.853624818374239425e-01
2.159090909090909116e-02 3.225581720333083914e-03 9.046879424500079425e-01
2.159090909090909116e-02 3.251457633544807459e-03 9.271523039476119443e-01
2.159090909090909116e-02 3.303493026658889734e-03 9.530745022476675432e-01
2.159090909090909116e-02 3.355140248507417280e-03 9.834274456606123538e-01
2.159090909090909116e-02 3.377136429365330816e-03 1.016082276808977669e+00
2.159090909090909116e-02 3.427234377632221857e-03 1.050872856726416060e+00
2.159090909090909116e-02 3.476861391073971311e-03 1.088855445989788118e+00
2.159090909090909116e-02 3.525992654782247014e-03 1.129376741684204655e+00
2.159090909090909116e-02 3.574603338321501872e-03 1.172363929231555302e+00
2.159090909090909116e-02 3.622668595436961351e-03 1.217533987113063709e+00
2.159090909090909116e-02 3.670163563753521454e-03 1.264584922372683273e+00
2.159090909090909116e-02 3.717063364465197223e-03 1.313228006845611251e+00
2.159090909090909116e-02 3.763343102014676811e-03 1.363097756889290579e+00
2.159090909090909116e-02 3.808977863762609897e-03 1.414562360279842945e+00
2.159090909090909116e-02 3.853942719646142115e-03 1.467311280679094443e+00
2.159090909090909116e-02 3.898212721826235794e-03 1.521484864753586574e+00
2.159090909090909116e-02 3.941762904323283488e-03 1.576623152729565547e+00
2.159090909090909116e-02 3.984568282640475224e-03 1.633192103903084558e+00
2.159090909090909116e-02 4.026603853374383438e-03 1.691352636015249544e+00
2.159090909090909116e-02 4.108452545008245416e-03 1.749529871320138152e+00
2.159090909090909116e-02 4.149699672720958549e-03 1.807063442473221260e+00
2.159090909090909116e-02 4.232370131497136152e-03 1.874075699834277131e+00
2.159090909090909116e-02 4.315855970140694726e-03 1.951443393006953020e+00
2.159090909090909116e-02 4.400157188651634271e-03 2.038911463225150378e+00
2.159090909090909116e-02 4.485273787029953919e-03 2.136109892620355222e+00
2.159090909090909116e-02 4.571205765275657140e-03 2.242616099831570509e+00
2.159090909090909116e-02 4.657953123388739597e-03 2.357646018553942291e+00
2.159090909090909116e-02 4.745515861369205626e-03 2.480436602383984557e+00
2.159090909090909116e-02 4.833893979217053494e-03 2.610975361065618117e+00
2.111111111111111174e-02 2.121023580352860913e-03 3.129357064283673218e+00
2.111111111111111174e-02 2.192446898070313666e-03 2.645422950178015320e+00
2.111111111111111174e-02 2.265052938620253607e-03 2.236466774978075112e+00
2.111111111111111174e-02 2.338841702002682037e-03 1.899290744365336403e+00
2.111111111111111174e-02 2.413813188217597654e-03 1.630402530830645347e+00
2.111111111111111174e-02 2.489967397265001325e-03 1.426561202182007104e+00
2.111111111111111174e-02 2.567304329144891751e-03 1.285130442590466160e+00
2.111111111111111174e-02 2.628203887881932436e-03 1.197780487424680684e+00
2.111111111111111174e-02 2.671065825849586444e-03 1.128006472635244561e+00
2.111111111111111174e-02 2.694233283236873930e-03 1.066169362297917367e+00
2.111111111111111174e-02 2.734511639614094995e-03 1.013649967237368887e+00
2.111111111111111174e-02 2.773693622947995090e-03 9.696017777026189055e-01
2.111111111111111174e-02 2.811730718715205971e-03 9.333201077063768558e-01
2.111111111111111174e-02 2.848574357284272031e-03 9.046871586806765064e-01
2.111111111111111174e-02 2.884175912150999371e-03 8.829849902690314334e-01
2.111111111111111174e-02 2.918486698081594350e-03 8.681193794828490073e-01
2.111111111111111174e-02 2.974205291381622120e-03 8.579148208496958361e-01
2.111111111111111174e-02 3.006399474262684557e-03 8.535563252422334601e-01
2.111111111111111174e-02 3.037164899035741869e-03 8.557967877439995874e-01
2.111111111111111174e-02 3.091054757548693677e-03 8.610983676223755712e-01
2.111111111111111174e-02 3.119452280488336539e-03 8.728460695806998793e-01
2.111111111111111174e-02 3.172161479836629362e-03 8.868578341915658303e-01
2.111111111111111174e-02 3.224556146337111216e-03 9.072461503470858890e-01
2.111111111111111174e-02 3.249428040960101582e-03 9.290068946498557523e-01
2.111111111111111174e-02 3.300456394334286801e-03 9.552370837560706374e-01
2.111111111111111174e-02 3.351089640061517046e-03 9.854329383621580618e-01
2.111111111111111174e-02 3.372094780028568172e-03 1.017667625150318056e+00
2.111111111111111174e-02 3.421175617302235628e-03 1.052367321931561017e+00
2.111111111111111174e-02 3.469780594838094579e-03 1.089871669866975923e+00
2.111111111111111174e-02 3.517885501006837255e-03 1.130100162700910849e+00
2.111111111111111174e-02 3.565466109288894115e-03 1.172723387446522159e+00
2.111111111111111174e-02 3.612498177994073051e-03 1.217411327991281489e+00
2.111111111111111174e-02 3.658957449972483761e-03 1.263850331994566645e+00
2.111111111111111174e-02 3.704819652316347026e-03 1.311629359803859307e+00
2.111111111111111174e-02 3.750060496052342370e-03 1.361109441479742443e+00
2.111111111111111174e-02 3.794655675824069527e-03 1.411921531581836531e+00
2.111111111111111174e-02 3.838580869564175730e-03 1.464201224948999069e+00
2.111111111111111174e-02 3.881811738155728584e-03 1.517437205764980535e+00
2.111111111111111174e-02 3.924323925082319302e-03 1.572090100557127723e+00
2.111111111111111174e-02 3.966093056066415795e-03 1.628262843089177014e+00
2.111111111111111174e-02 4.007094738695437391e-03 1.686344571900361577e+00
2.111111111111111174e-02 4.087727380495440911e-03 1.742199918826002669e+00
2.111111111111111174e-02 4.127935101914701616e-03 1.799563543058336545e+00
2.111111111111111174e-02 4.209360901913821069e-03 1.864066574045678326e+00
2.111111111111111174e-02 4.291581962032301953e-03 1.939048038045820599e+00
2.111111111111111174e-02 4.374598282270143398e-03 2.024167399976670279e+00
2.111111111111111174e-02 4.458409862627348876e-03 2.118954995301627786e+00
2.111111111111111174e-02 4.543016703103914047e-03 2.222630164421142585e+00
2.111111111111111174e-02 4.628418803699843251e-03 2.334454482681226128e+00
2.111111111111111174e-02 4.714616164415134751e-03 2.454377967040636932e+00
2.065217391304348046e-02 2.070320454897567591e-03 3.480707325436827926e+00
2.065217391304348046e-02 2.140036396293415293e-03 2.952272416900364238e+00
2.065217391304348046e-02 2.210906787500784530e-03 2.499350687130638349e+00
2.065217391304348046e-02 2.282931628519677906e-03 2.118793088425297455e+00
2.065217391304348046e-02 2.356110919350092817e-03 1.807137056576459955e+00
2.065217391304348046e-02 2.430444659992031433e-03 1.561187057137086498e+00
2.065217391304348046e-02 2.505932850445492018e-03 1.378320369505827925e+00
2.065217391304348046e-02 2.582575490710475874e-03 1.255457052852658961e+00
2.065217391304348046e-02 2.624919548826860991e-03 1.177237262921430716e+00
2.065217391304348046e-02 2.666303385895165291e-03 1.109713337187463456e+00
2.065217391304348046e-02 2.706679782867246753e-03 1.051876726371858251e+00
2.065217391304348046e-02 2.746001472267420567e-03 1.002569555111646027e+00
2.065217391304348046e-02 2.784221136724657122e-03 9.610023786443037119e-01
2.065217391304348046e-02 2.821291407431836176e-03 9.269642433531798398e-01
2.065217391304348046e-02 2.857164862527118449e-03 8.996285098783269873e-01
2.065217391304348046e-02 2.891794025392101664e-03 8.788393147024986529e-01
2.065217391304348046e-02 2.925131362860956645e-03 8.647396428675393487e-01
2.065217391304348046e-02 2.957129283334252508e-03 8.572257404893889321e-01
2.065217391304348046e-02 3.011146500751204526e-03 8.532055955239840062e-01
2.065217391304348046e-02 3.040935413766941101e-03 8.555102994358262380e-01
2.065217391304348046e-02 3.093886167542249290e-03 8.627843479043507680e-01
2.065217391304348046e-02 3.121307857560822515e-03 8.735421954652604626e-01
2.065217391304348046e-02 3.173066189445129283e-03 8.890166744435143986e-01
2.065217391304348046e-02 3.197962134062963795e-03 9.090976986795580306e-01
2.065217391304348046e-02 3.248401881069934612e-03 9.311135012354054830e-01
2.065217391304348046e-02 3.298463505374037066e-03 9.574859036112972621e-01
2.065217391304348046e-02 3.319608017825746455e-03 9.882164680043785676e-01
2.065217391304348046e-02 3.368169500710790822e-03 1.019553357662880355e+00
2.065217391304348046e-02 3.416274073658474245e-03 1.053964188600272633e+00
2.065217391304348046e-02 3.463898113804180466e-03 1.091361822781731217e+00
2.065217391304348046e-02 3.511017984250001337e-03 1.131371173381211293e+00
2.065217391304348046e-02 3.557610033803329606e-03 1.173635419002733382e+00
2.065217391304348046e-02 3.603650596707405184e-03 1.217817157833347652e+00
2.065217391304348046e-02 3.649115992363456250e-03 1.263460469022724242e+00
2.065217391304348046e-02 3.693982525044106451e-03 1.310920285082993963e+00
2.065217391304348046e-02 3.738226483597667862e-03 1.359769486921239334e+00
2.065217391304348046e-02 3.781824141142917269e-03 1.410140125234506048e+00
2.065217391304348046e-02 3.824751754753956314e-03 1.461470376799991699e+00
2.065217391304348046e-02 3.866985565134697586e-03 1.514216415763800949e+00
2.065217391304348046e-02 3.908501796282544231e-03 1.568423175268134129e+00
2.065217391304348046e-02 3.949276655140753975e-03 1.624486407604707638e+00
2.065217391304348046e-02 4.028745854315902986e-03 1.680626122246814402e+00
2.065217391304348046e-02 4.068761029940922737e-03 1.736130457351308998e+00
2.065217391304348046e-02 4.107971522017439883e-03 1.792832766307363768e+00
2.065217391304348046e-02 4.188212152684969020e-03 1.855303511114491100e+00
2.065217391304348046e-02 4.269228888324026229e-03 1.928311312847576620e+00
2.065217391304348046e-02 4.351021728934613246e-03 2.011339825902672906e+00
2.065217391304348046e-02 4.433590674516728336e-03 2.103612290183036748e+00
2.065217391304348046e-02 4.516935725070374101e-03 2.204414779033702310e+00
2.065217391304348046e-02 4.601056880595547939e-03 2.313660399263476997e+00
2.021276595744680993e-02 2.090063936598148941e-03 3.280701929588316190e+00
2.021276595744680993e-02 2.159279417742151260e-03 2.784870058560001027e+00
2.021276595744680993e-02 2.229622390886690318e-03 2.361938160104987361e+00
2.021276595744680993e-02 2.301092856031764378e-03 2.008474332751738256e+00
2.021276595744680993e-02 2.373690813177374744e-03 1.721328495352575150e+00
2.021276595744680993e-02 2.447416262323520112e-03 1.497892107639650527e+00
2.021276595744680993e-02 2.522269203470202219e-03 1.335112285292233913e+00
2.021276595744680993e-02 2.598249636617419329e-03 1.230378256522635105e+00
2.021276595744680993e-02 2.639688945498183930e-03 1.157650812691976006e+00
2.021276595744680993e-02 2.661794557427663369e-03 1.093545137500735676e+00
2.021276595744680993e-02 2.700715316546000583e-03 1.037895782864414862e+00
2.021276595744680993e-02 2.738567000350147339e-03 9.906361268169646683e-01
2.021276595744680993e-02 2.775303366820216361e-03 9.514877626506030861e-01
2.021276595744680993e-02 2.810878123797536186e-03 9.195668864088899497e-01
2.021276595744680993e-02 2.845244927390619405e-03 8.946454599267505969e-01
2.021276595744680993e-02 2.900049373705717009e-03 8.762711552929067782e-01
2.021276595744680993e-02 2.932443420116142251e-03 8.624636545144837019e-01
2.021276595744680993e-02 2.963498165179498725e-03 8.549451845406359496e-01
2.021276595744680993e-02 3.016626503335086400e-03 8.541331123014508364e-01
2.021276595744680993e-02 3.045469268102647155e-03 8.559558436649639113e-01
2.021276595744680993e-02 3.072840968243882934e-03 8.645054036422100685e-01
2.021276595744680993e-02 3.123993278813882828e-03 8.749833149895887008e-01
2.021276595744680993e-02 3.174837454116537575e-03 8.919315269645412547e-01
2.021276595744680993e-02 3.198792304105162274e-03 9.108654268713478608e-01
2.021276595744680993e-02 3.248309633766335858e-03 9.333332625843226982e-01
2.021276595744680993e-02 3.297442027466118177e-03 9.606317395084962296e-01
2.021276595744680993e-02 3.317654977003706412e-03 9.902600448394189847e-01
2.021276595744680993e-02 3.365283176637589701e-03 1.021509708640328640e+00
2.021276595744680993e-02 3.412449478907549592e-03 1.056012671908057365e+00
2.021276595744680993e-02 3.459130808558307044e-03 1.093348869639415799e+00
2.021276595744680993e-02 3.505304076849114197e-03 1.133135858840004673e+00
2.021276595744680993e-02 3.550946181302273245e-03 1.175013631159071537e+00
2.021276595744680993e-02 3.596034005443869870e-03 1.218482048469248236e+00
2.021276595744680993e-02 3.640544418536452789e-03 1.263890963901792563e+00
2.021276595744680993e-02 3.684454275303293818e-03 1.310755622381776231e+00
2.021276595744680993e-02 3.727740415643855058e-03 1.359205698362459191e+00
2.021276595744680993e-02 3.770379664340129701e-03 1.408629709571374011e+00
2.021276595744680993e-02 3.812348830753395888e-03 1.459480222118178183e+00
2.021276595744680993e-02 3.853624708511017589e-03 1.511744162910947376e+00
2.021276595744680993e-02 3.894184075182826298e-03 1.565825219867695406e+00
2.021276595744680993e-02 3.934003691946599129e-03 1.621100951587698180e+00
2.021276595744680993e-02 4.012377048018209331e-03 1.675949866400278987e+00
2.021276595744680993e-02 4.051431112290548690e-03 1.730698310087435576e+00
2.021276595744680993e-02 4.089683589533378051e-03 1.787010992269312926e+00
2.021276595744680993e-02 4.168794389593543162e-03 1.847885605012429266e+00
2.021276595744680993e-02 4.248663036594147596e-03 1.919125475020184934e+00
2.021276595744680993e-02 4.329289530535188751e-03 1.999958203120361766e+00
2.021276595744680993e-02 4.410673871416669230e-03 2.089694208693396504e+00
2.021276595744680993e-02 4.492816059238588164e-03 2.188210278447236590e+00
1.979166666666666574e-02 2.042363802042669856e-03 3.629138796030543013e+00
1.979166666666666574e-02 2.109999624447014485e-03 3.091426098872235961e+00
1.979166666666666574e-02 2.178737206854326237e-03 2.627104002786464498e+00
1.979166666666666574e-02 2.248576549264604246e-03 2.232772032229334958e+00
1.979166666666666574e-02 2.319517651677849377e-03 1.905325526322804608e+00
1.979166666666666574e-02 2.391560514094060765e-03 1.642170621580922862e+00
1.979166666666666574e-02 2.464705136513238842e-03 1.440281609186777612e+00
1.979166666666666574e-02 2.538951518935383608e-03 1.297075411444722715e+00
1.979166666666666574e-02 2.596866115632528484e-03 1.207680734737329287e+00
1.979166666666666574e-02 2.636912185492151089e-03 1.137681515706750801e+00
1.979166666666666574e-02 2.675973470242409575e-03 1.077007771447326068e+00
1.979166666666666574e-02 2.714004862764296967e-03 1.024737537439563306e+00
1.979166666666666574e-02 2.750961210435276961e-03 9.805054478456431966e-01
1.979166666666666574e-02 2.786797313733789094e-03 9.433271417548174664e-01
1.979166666666666574e-02 2.821467924773740903e-03 9.129219568329919321e-01
1.979166666666666574e-02 2.854927745764191879e-03 8.892119925238977096e-01
1.979166666666666574e-02 2.887131427389084872e-03 8.719753070705799081e-01
1.979166666666666574e-02 2.918033567101374105e-03 8.612968710604017586e-01
1.979166666666666574e-02 2.970517474840326123e-03 8.541185471879959579e-01
1.979166666666666574e-02 2.999272495743562396e-03 8.534238129118606464e-01
1.979166666666666574e-02 3.050714840705810900e-03 8.569187445307471229e-01
1.979166666666666574e-02 3.077171795990273767e-03 8.649362671489515542e-01
1.979166666666666574e-02 3.127452387024665104e-03 8.772634677005541892e-01
1.979166666666666574e-02 3.151460050740925809e-03 8.943126429666385935e-01
1.979166666666666574e-02 3.200458510545640262e-03 9.128047936859906564e-01
1.979166666666666574e-02 3.249088040342892891e-03 9.364717448838179026e-01
1.979166666666666574e-02 3.297326144564501592e-03 9.642513252710699367e-01
1.979166666666666574e-02 3.316635296511595728e-03 9.923711652158669905e-01
1.979166666666666574e-02 3.363365371207596884e-03 1.023923356565229259e+00
1.979166666666666574e-02 3.409628802273042755e-03 1.058534293797209314e+00
1.979166666666666574e-02 3.455403037317852054e-03 1.095797062328141891e+00
1.979166666666666574e-02 3.500665510980287623e-03 1.135330158746862272e+00
1.979166666666666574e-02 3.545393644684752179e-03 1.176589880322723047e+00
1.979166666666666574e-02 3.589564846392114764e-03 1.219921977742682406e+00
1.979166666666666574e-02 3.633156510342263907e-03 1.264784498839760074e+00
1.979166666666666574e-02 3.676146016788532297e-03 1.311305870719796207e+00
1.979166666666666574e-02 3.718510731723684640e-03 1.358825799025420888e+00
1.979166666666666574e-02 3.760228006597060579e-03 1.407794050801433272e+00
1.979166666666666574e-02 3.801275178022527502e-03 1.458139551074710383e+00
1.979166666666666574e-02 3.841629567476819926e-03 1.510275202321226473e+00
1.979166666666666574e-02 3.881268480987820537e-03 1.563518850494081569e+00
1.979166666666666574e-02 3.920169208812372165e-03 1.618588604048756707e+00
1.979166666666666574e-02 3.997496711808095661e-03 1.671794840627059742e+00
1.979166666666666574e-02 4.035626311955978901e-03 1.726097064698583150e+00
1.979166666666666574e-02 4.072957296559650414e-03 1.782264203115498269e+00
1.979166666666666574e-02 4.150989830229216866e-03 1.841695947947910916e+00
1.979166666666666574e-02 4.229762788572504796e-03 1.911062016976111444e+00
1.979166666666666574e-02 4.309276171589517673e-03 1.989696998351246027e+00
1.979166666666666574e-02 4.389529979280253763e-03 2.077441954011784553e+00
1.938775510204081634e-02 2.062911332637343623e-03 3.417533861600316580e+00
1.938775510204081634e-02 2.130114916980777127e-03 2.912782449073738178e+00
1.938775510204081634e-02 2.198395673646722295e-03 2.478501387598754047e+00
1.938775510204081634e-02 2.267753602635180429e-03 2.111631325545477722e+00
1.938775510204081634e-02 2.338188703946150662e-03 1.809593493667319253e+00
1.938775510204081634e-02 2.409700977579634727e-03 1.569389404443504610e+00
1.938775510204081634e-02 2.482290423535630890e-03 1.388464570570684842e+00
1.938775510204081634e-02 2.555957041814140452e-03 1.264089637724699955e+00
1.938775510204081634e-02 2.613150710231422567e-03 1.186228734623665515e+00
1.938775510204081634e-02 2.634283562433868426e-03 1.119460982729908904e+00
1.938775510204081634e-02 2.671968872591426892e-03 1.061203751195038736e+00
1.938775510204081634e-02 2.708610060212952430e-03 1.011566422439859503e+00
1.938775510204081634e-02 2.744162953272902966e-03 9.695132189720641058e-01
1.938775510204081634e-02 2.778583333947746894e-03 9.346988051143489962e-01
1.938775510204081634e-02 2.811826937170199860e-03 9.069776959197964894e-01
1.938775510204081634e-02 2.865135767914114232e-03 8.854572946948574552e-01
1.938775510204081634e-02 2.896456606858711230e-03 8.685699099432659942e-01
1.938775510204081634e-02 2.926475216446810124e-03 8.584033902189156517e-01
1.938775510204081634e-02 2.978144217010078587e-03 8.544656311118252745e-01
1.938775510204081634e-02 3.006011572013138084e-03 8.529734066172361961e-01
1.938775510204081634e-02 3.032450866886782313e-03 8.586782270961403896e-01
1.938775510204081634e-02 3.082193544221957862e-03 8.663194090205785791e-01
1.938775510204081634e-02 3.131633968603168578e-03 8.800976673459354194e-01
1.938775510204081634e-02 3.154755721357584749e-03 8.957397707959805500e-01
1.938775510204081634e-02 3.202905376469291319e-03 9.157123938833768850e-01
1.938775510204081634e-02 3.250679415601895154e-03 9.401319710525537499e-01
1.938775510204081634e-02 3.270173211483107852e-03 9.664185305075946308e-01
1.938775510204081634e-02 3.316487097763927069e-03 9.949709704023543821e-01
1.938775510204081634e-02 3.362351858778342244e-03 1.026811165754511368e+00
1.938775510204081634e-02 3.407745454155246181e-03 1.061508847322920612e+00
1.938775510204081634e-02 3.452645831261018199e-03 1.098662097054488251e+00
1.938775510204081634e-02 3.497030924972960569e-03 1.137684288788193943e+00
1.938775510204081634e-02 3.540878657445834226e-03 1.178918007312413696e+00
1.938775510204081634e-02 3.584166937871195377e-03 1.221764542606359027e+00
1.938775510204081634e-02 3.626873662229202107e-03 1.266352165167639265e+00
1.938775510204081634e-02 3.668976713032626874e-03 1.311972613146652256e+00
1.938775510204081634e-02 3.710453959062680242e-03 1.359073628847498272e+00
1.938775510204081634e-02 3.751283255096351816e-03 1.407526148780060549e+00
1.938775510204081634e-02 3.791442441624855945e-03 1.457753526692682211e+00
1.938775510204081634e-02 3.830909344562804467e-03 1.509014522276484360e+00
1.938775510204081634e-02 3.869661774947699695e-03 1.562030538574871619e+00
1.938775510204081634e-02 3.945992990912063937e-03 1.616038307323596213e+00
1.938775510204081634e-02 3.984005835109033673e-03 1.668407195141438315e+00
1.938775510204081634e-02 4.021245158805275034e-03 1.722477647279138324e+00
1.938775510204081634e-02 4.057688720766211739e-03 1.778462826445696532e+00
1.938775510204081634e-02 4.134691112398980115e-03 1.836344665370335694e+00
1.938775510204081634e-02 4.212417286302971332e-03 1.903853454250418187e+00
1.938775510204081634e-02 4.290867242478184525e-03 1.980795128985730180e+00
1.899999999999999953e-02 2.083608300254065349e-03 3.217570004878508527e+00
1.899999999999999953e-02 2.150398289001923934e-03 2.744238197325629791e+00
1.899999999999999953e-02 2.218241932261142552e-03 2.338803373043453426e+00
1.899999999999999953e-02 2.287139230031720333e-03 1.998702204140235361e+00
1.899999999999999953e-02 2.357090182313658581e-03 1.720963405377822442e+00
1.899999999999999953e-02 2.428094789106955559e-03 1.503061876997646262e+00
1.899999999999999953e-02 2.500153050411613870e-03 1.342291567606964886e+00
1.899999999999999953e-02 2.573264966227630044e-03 1.236283979535304667e+00
1.899999999999999953e-02 2.612090854898040885e-03 1.164206925389557723e+00
1.899999999999999953e-02 2.649952718446975646e-03 1.101225979703493119e+00
1.899999999999999953e-02 2.686807422013934472e-03 1.046832047474929306e+00
1.899999999999999953e-02 2.722611789083332311e-03 9.998963170842193326e-01
1.899999999999999953e-02 2.757322600215701778e-03 9.600290687708258330e-01
1.899999999999999953e-02 2.790896591715654081e-03 9.269390289657464255e-01
1.899999999999999953e-02 2.823290454232376540e-03 9.003028033118452012e-01
1.899999999999999953e-02 2.854460831287987735e-03 8.800533847360056949e-01
1.899999999999999953e-02 2.884364317728749499e-03 8.667551617329730673e-01
1.899999999999999953e-02 2.935456655554353339e-03 8.568936279074945706e-01
1.899999999999999953e-02 2.963269660019982824e-03 8.528320190018436886e-01
1.899999999999999953e-02 3.013343281547217322e-03 8.537656133624466070e-01
1.899999999999999953e-02 3.038921490120326252e-03 8.589230242388644632e-01
1.899999999999999953e-02 3.087861468249555787e-03 8.683712845784732348e-01
1.899999999999999953e-02 3.111060312121249113e-03 8.819863214861105583e-01
1.899999999999999953e-02 3.158751549852740169e-03 8.982099782644255015e-01
1.899999999999999953e-02 3.206082298950580726e-03 9.192152963385287201e-01
1.899999999999999953e-02 3.225753413224463368e-03 9.435283635660047796e-01
1.899999999999999953e-02 3.271669809616339301e-03 9.690386504015247038e-01
1.899999999999999953e-02 3.317153840998113366e-03 9.980687462848218949e-01
1.899999999999999953e-02 3.362183956299670453e-03 1.030166111838940912e+00
1.899999999999999953e-02 3.406738592846444980e-03 1.064909464197335121e+00
1.899999999999999953e-02 3.450796176147256401e-03 1.101669883273681316e+00
1.899999999999999953e-02 3.494335119675741862e-03 1.140787685009101216e+00
1.899999999999999953e-02 3.537333824645104950e-03 1.181607840358861239e+00
1.899999999999999953e-02 3.579770679775907787e-03 1.224259516684309990e+00
1.899999999999999953e-02 3.621624061056624971e-03 1.267987326002051329e+00
1.899999999999999953e-02 3.662872331496628935e-03 1.313237726322887600e+00
1.899999999999999953e-02 3.703493840871307889e-03 1.359823687160403916e+00
1.899999999999999953e-02 3.743466925458981565e-03 1.408180208804880484e+00
1.899999999999999953e-02 3.782769907769213593e-03 1.457507600230391942e+00
1.899999999999999953e-02 3.821381096262195694e-03 1.508531131761298827e+00
1.899999999999999953e-02 3.859278785058772605e-03 1.560755969497102935e+00
1.899999999999999953e-02 3.934661723322875441e-03 1.613858154831707248e+00
1.899999999999999953e-02 3.971813975812121464e-03 1.665920324640861816e+00
1.899999999999999953e-02 4.008194965743858661e-03 1.719743016359864374e+00
1.899999999999999953e-02 4.043782936869637530e-03 1.775252506119448626e+00
1.899999999999999953e-02 4.119800169411770054e-03 1.831618618882153271e+00
1.899999999999999953e-02 4.196525270648034794e-03 1.897733567362659191e+00
1.862745098039215660e-02 2.039082602579342547e-03 3.540159569304599962e+00
1.862745098039215660e-02 2.104445321697720906e-03 3.028654648157752760e+00
1.862745098039215660e-02 2.170839179242156202e-03 2.585495387995786043e+00
1.862745098039215660e-02 2.238264175212648002e-03 2.208134186795488230e+00
1.862745098039215660e-02 2.306720309609197172e-03 1.893626885306523899e+00
1.862745098039215660e-02 2.376207582431802846e-03 1.639478478305839149e+00
1.862745098039215660e-02 2.446725993680465890e-03 1.443006022299060831e+00
1.862745098039215660e-02 2.518275543355184571e-03 1.301857777974746222e+00
1.862745098039215660e-02 2.573558567150812087e-03 1.213010298465881487e+00
1.862745098039215660e-02 2.611093847627251469e-03 1.143806885409928586e+00
1.862745098039215660e-02 2.647650140540412297e-03 1.083769110075543107e+00
1.862745098039215660e-02 2.683185207911216712e-03 1.031722023691832524e+00
1.862745098039215660e-02 2.717656771029066266e-03 9.872180938483845480e-01
1.862745098039215660e-02 2.751022509198678984e-03 9.499014690308288378e-01
1.862745098039215660e-02 2.783240058423962476e-03 9.194013280832357138e-01
1.862745098039215660e-02 2.814267010024589302e-03 8.955858262396696468e-01
1.862745098039215660e-02 2.865529246563603642e-03 8.762274030543751868e-01
1.862745098039215660e-02 2.894601642781569843e-03 8.631288993060624026e-01
1.862745098039215660e-02 2.922363254402864530e-03 8.563032871368418952e-01
1.862745098039215660e-02 2.971920522686530199e-03 8.521316285813941294e-01
1.862745098039215660e-02 2.997508683184993243e-03 8.549080405496684021e-01
1.862745098039215660e-02 3.045970053385922260e-03 8.599759616334875512e-01
1.862745098039215660e-02 3.094134597133732338e-03 8.710027524712516955e-01
1.862745098039215660e-02 3.116496235953396862e-03 8.838284190950369545e-01
1.862745098039215660e-02 3.163403113876934753e-03 9.013724289865375772e-01
1.862745098039215660e-02 3.209942946482820855e-03 9.230046415802165560e-01
1.862745098039215660e-02 3.228781028550818839e-03 9.460152032220706664e-01
1.862745098039215660e-02 3.273901094581573544e-03 9.722015021595030726e-01
1.862745098039215660e-02 3.318583762824638041e-03 1.001668534499378094e+00
1.862745098039215660e-02 3.362807939274594510e-03 1.033976672326239798e+00
1.862745098039215660e-02 3.406552518734209858e-03 1.068455319372509704e+00
1.862745098039215660e-02 3.449796384609587867e-03 1.105443381228895738e+00
1.862745098039215660e-02 3.492518408699109289e-03 1.144229947591915764e+00
1.862745098039215660e-02 3.534697450975921810e-03 1.184946099815826326e+00
1.862745098039215660e-02 3.576312359363711859e-03 1.226790161150143499e+00
1.862745098039215660e-02 3.617341969505472477e-03 1.270208012688623267e+00
1.862745098039215660e-02 3.657765104524967996e-03 1.314954685859214489e+00
1.862745098039215660e-02 3.697560574780602797e-03 1.361477982129341679e+00
1.862745098039215660e-02 3.736707177611331594e-03 1.408920403428097323e+00
1.862745098039215660e-02 3.775183697074306361e-03 1.458011625994142690e+00
1.862745098039215660e-02 3.812968903673854409e-03 1.508198829281776732e+00
1.862745098039215660e-02 3.850041554081430704e-03 1.559981188963281085e+00
1.862745098039215660e-02 3.924516720910416721e-03 1.612509162006683816e+00
1.862745098039215660e-02 3.960838355077078363e-03 1.664268624096450377e+00
1.862745098039215660e-02 3.996390900681715680e-03 1.717542683216016774e+00
1.862745098039215660e-02 4.031153065818349895e-03 1.772471008251305102e+00
1.862745098039215660e-02 4.106227247660998968e-03 1.827743878238393460e+00
1.826923076923077024e-02 2.060409233989510518e-03 3.330511869945802061e+00
1.826923076923077024e-02 2.125413782102159553e-03 2.850449978485863678e+00
1.826923076923077024e-02 2.191427891790328347e-03 2.436615581979075351e+00
1.826923076923077024e-02 2.258451563054018202e-03 2.086091520330966009e+00
1.826923076923077024e-02 2.326484795893226949e-03 1.796413507837987478e+00
1.826923076923077024e-02 2.395527590307956322e-03 1.564921464195672574e+00
1.826923076923077024e-02 2.465579946298204587e-03 1.389281004648594164e+00
1.826923076923077024e-02 2.536641863863974347e-03 1.266898498272005291e+00
1.826923076923077024e-02 2.591290120759111477e-03 1.189303228302631243e+00
1.826923076923077024e-02 2.628053683578872746e-03 1.124837856603682296e+00
1.826923076923077024e-02 2.645413145454225158e-03 1.068120547153243116e+00
1.826923076923077024e-02 2.679656001103797053e-03 1.018795967154226378e+00
1.826923076923077024e-02 2.732261313266240790e-03 9.769302674714346324e-01
1.826923076923077024e-02 2.764831485963909017e-03 9.412327780168980862e-01
1.826923076923077024e-02 2.796249695663948105e-03 9.118435437703150681e-01
1.826923076923077024e-02 2.826474411643519011e-03 8.891443318854028721e-01
1.826923076923077024e-02 2.855464058513888011e-03 8.729752778392163570e-01
1.826923076923077024e-02 2.905288750089737512e-03 8.608166338924055916e-01
1.826923076923077024e-02 2.932239940015449707e-03 8.538898880235705757e-01
1.826923076923077024e-02 2.981066950973687481e-03 8.529534139446043328e-01
1.826923076923077024e-02 3.005841446755298536e-03 8.547625401790750477e-01
1.826923076923077024e-02 3.053560673870534762e-03 8.617579022849140014e-01
1.826923076923077024e-02 3.076020004740940769e-03 8.724387717135502207e-01
1.826923076923077024e-02 3.122521189173667680e-03 8.864810799483122672e-01
1.826923076923077024e-02 3.168669663256321652e-03 9.049006901866133434e-01
1.826923076923077024e-02 3.187699357622100771e-03 9.257947591221747929e-01
1.826923076923077024e-02 3.232471146564567990e-03 9.491087955867381076e-01
1.826923076923077024e-02 3.276821370209984704e-03 9.759202963502512373e-01
1.826923076923077024e-02 3.320729383286352438e-03 1.005772278720774571e+00
1.826923076923077024e-02 3.364174529911180198e-03 1.037953076201861613e+00
1.826923076923077024e-02 3.407136143399277974e-03 1.072801004948263026e+00
1.826923076923077024e-02 3.419081368806997992e-03 1.109438075167098914e+00
1.826923076923077024e-02 3.460362193722772445e-03 1.147757078310485568e+00
1.826923076923077024e-02 3.501090374686531906e-03 1.187692570833113637e+00
1.826923076923077024e-02 3.541245192369314645e-03 1.229652578940991337e+00
1.826923076923077024e-02 3.613967098160991535e-03 1.272844327096474659e+00
1.826923076923077024e-02 3.653592881767434887e-03 1.317572178379046610e+00
1.826923076923077024e-02 3.692590145548069192e-03 1.363177821267856249e+00
1.826923076923077024e-02 3.730938128732876839e-03 1.410395843493619905e+00
1.826923076923077024e-02 3.768616057729224419e-03 1.458615860125240360e+00
1.826923076923077024e-02 3.805603145859904300e-03 1.508352126822391170e+00
1.826923076923077024e-02 3.841878593092451846e-03 1.559876332469676274e+00
1.826923076923077024e-02 3.915483961094493037e-03 1.611956149229266000e+00
1.826923076923077024e-02 3.951003064285262684e-03 1.663104345241757986e+00
1.826923076923077024e-02 3.985755173500640618e-03 1.715725937009160873e+00
1.826923076923077024e-02 4.019719441820254584e-03 1.770334371506121940e+00
1.792452830188679194e-02 2.018172854830027878e-03 3.648653148671229474e+00
1.792452830188679194e-02 2.081844873124869509e-03 3.132491934588299998e+00
1.792452830188679194e-02 2.146505757967862027e-03 2.682954617586601476e+00
1.792452830188679194e-02 2.212155509359006299e-03 2.297150865404158360e+00
1.792452830188679194e-02 2.278794127298301025e-03 1.972647662237882127e+00
1.792452830188679194e-02 2.346421611785747940e-03 1.706807502884127192e+00
1.792452830188679194e-02 2.415037962821344440e-03 1.497313887410323341e+00
1.792452830188679194e-02 2.484643180405093129e-03 1.341590904435147280e+00
1.792452830188679194e-02 2.555237264536992271e-03 1.237363985232281083e+00
1.792452830188679194e-02 2.591717470650191455e-03 1.167063982295352798e+00
1.792452830188679194e-02 2.627238038976592843e-03 1.105202727315284905e+00
1.792452830188679194e-02 2.661758466540813974e-03 1.051244304626664183e+00
1.792452830188679194e-02 2.695238212895305092e-03 1.004628696117779940e+00
1.792452830188679194e-02 2.727636698975259913e-03 9.649054575757387564e-01
1.792452830188679194e-02 2.758913305896372892e-03 9.318083555091756232e-01
1.792452830188679194e-02 2.789027373691595375e-03 9.056585409080480931e-01
1.792452830188679194e-02 2.839062162914166368e-03 8.849144806624993365e-01
1.792452830188679194e-02 2.867267094897553957e-03 8.685461271838545994e-01
1.792452830188679194e-02 2.894194260013493916e-03 8.588784540536804624e-01
1.792452830188679194e-02 2.942558893901372260e-03 8.531976597187569400e-01
1.792452830188679194e-02 2.967367054825073569e-03 8.525899906832112851e-01
1.792452830188679194e-02 3.014659616518809791e-03 8.555158946986416435e-01
1.792452830188679194e-02 3.037213208533551517e-03 8.639187683515450189e-01
1.792452830188679194e-02 3.083325739102458097e-03 8.744251286854417549e-01
1.792452830188679194e-02 3.129099312683502991e-03 8.895982081535472874e-01
1.792452830188679194e-02 3.148313349294398333e-03 9.082764511102872085e-01
1.792452830188679194e-02 3.192751563120387309e-03 9.286945959200241241e-01
1.792452830188679194e-02 3.236783400116865009e-03 9.528298222655502414e-01
1.792452830188679194e-02 3.280388645051631000e-03 9.802087540663053655e-01
1.792452830188679194e-02 3.323547072623573868e-03 1.010079248779908179e+00
1.792452830188679194e-02 3.366238447282138540e-03 1.042779817452060609e+00
1.792452830188679194e-02 3.378553090280555019e-03 1.076612239920502700e+00
1.792452830188679194e-02 3.419611373528910845e-03 1.112755393909630186e+00
1.792452830188679194e-02 3.460134941333666090e-03 1.150572514259939227e+00
1.792452830188679194e-02 3.500103508234447217e-03 1.190472051087137162e+00
1.792452830188679194e-02 3.539496777376921130e-03 1.232160891646087553e+00
1.792452830188679194e-02 3.578294440291300040e-03 1.276060929808534583e+00
1.792452830188679194e-02 3.650298561150415368e-03 1.320207204204743912e+00
1.792452830188679194e-02 3.688523738718247572e-03 1.365610078242134762e+00
1.792452830188679194e-02 3.726099249569716967e-03 1.411931720136656576e+00
1.792452830188679194e-02 3.763004744435208705e-03 1.459702556725656741e+00
1.792452830188679194e-02 3.799219861402639269e-03 1.509137064756781443e+00
1.792452830188679194e-02 3.834724225655619916e-03 1.560384513684708985e+00
1.792452830188679194e-02 3.907495440242982239e-03 1.611853072755703220e+00
1.792452830188679194e-02 3.942238368290004215e-03 1.662287302530167876e+00
1.792452830188679194e-02 3.976216321761636731e-03 1.714531039051955252e+00
1.759259259259259370e-02 2.040021215765201214e-03 3.430522101055459849e+00
1.759259259259259370e-02 2.103383082258095636e-03 2.946035556423292512e+00
1.759259259259259370e-02 2.167713949258103911e-03 2.525674383137945789e+00
1.759259259259259370e-02 2.233013816765225170e-03 2.167037317799699991e+00
1.759259259259259370e-02 2.299282684779459414e-03 1.867509104480526760e+00
1.759259259259259370e-02 2.366520553300806209e-03 1.624791598223839673e+00
1.759259259259259370e-02 2.434727422329267289e-03 1.436327126030245704e+00
1.759259259259259370e-02 2.503903291864840053e-03 1.299862094870273266e+00
1.759259259259259370e-02 2.574048161907527103e-03 1.213532718624712903e+00
1.759259259259259370e-02 2.592119246066689961e-03 1.146338264771328941e+00
1.759259259259259370e-02 2.626420087962376502e-03 1.087401452089307607e+00
1.759259259259259370e-02 2.659707468461500798e-03 1.036221655737890268e+00
1.759259259259259370e-02 2.691941639522246136e-03 9.923099349131594415e-01
1.759259259259259370e-02 2.723082815239105756e-03 9.553426891098260043e-01
1.759259259259259370e-02 2.773273857685956689e-03 9.241921949883580290e-01
1.759259259259259370e-02 2.802629900183220557e-03 8.988755468320017705e-01
1.759259259259259370e-02 2.830780197692522263e-03 8.795041411254354013e-01
1.759259259259259370e-02 2.879446208459702540e-03 8.662615969529900983e-01
1.759259259259259370e-02 2.905606002493439297e-03 8.564888549916854776e-01
1.759259259259259370e-02 2.930446999090012723e-03 8.533248800977653037e-01
1.759259259259259370e-02 2.977330404971778154e-03 8.521497094591148347e-01
1.759259259259259370e-02 3.023934250817429149e-03 8.578734815620698839e-01
1.759259259259259370e-02 3.045714873985132243e-03 8.650942393620139059e-01
1.759259259259259370e-02 3.091128994343018358e-03 8.769922775466767462e-01
1.759259259259259370e-02 3.110520509218423803e-03 8.933641172060422520e-01
1.759259259259259370e-02 3.154638944210185706e-03 9.108672117879309527e-01
1.759259259259259370e-02 3.198365585276561479e-03 9.323095403391370439e-01
1.759259259259259370e-02 3.241680629672873126e-03 9.572022665287240883e-01
1.759259259259259370e-02 3.284564265090733886e-03 9.847533542484271374e-01
1.759259259259259370e-02 3.298323694727634502e-03 1.014964334498238419e+00
1.759259259259259370e-02 3.339666438178939562e-03 1.046321404218236051e+00
1.759259259259259370e-02 3.380511535665435725e-03 1.080304572638552063e+00
1.759259259259259370e-02 3.420839128390095168e-03 1.116026388743160291e+00
1.759259259259259370e-02 3.460629346949105952e-03 1.153896356413745661e+00
1.759259259259259370e-02 3.499862311130327083e-03 1.193564066410257585e+00
1.759259259259259370e-02 3.538518129705442179e-03 1.235466811212328375e+00
1.759259259259259370e-02 3.576576900215532474e-03 1.278647432473741574e+00
1.759259259259259370e-02 3.647829587520303243e-03 1.323582993524759610e+00
1.759259259259259370e-02 3.685307224025949780e-03 1.368073480482629334e+00
1.759259259259259370e-02 3.722134832566220599e-03 1.413957371753332914e+00
1.759259259259259370e-02 3.758292471244513780e-03 1.461391719151371005e+00
1.759259259259259370e-02 3.793760185939667497e-03 1.510524556695022946e+00
1.759259259259259370e-02 3.828518010052468345e-03 1.561187296514328304e+00
1.759259259259259370e-02 3.900488575338842672e-03 1.612069346244150658e+00
1.759259259259259370e-02 3.934480091616257731e-03 1.662076948590675451e+00
1.727272727272727293e-02 1.999840266054992832e-03 3.743511772929366543e+00
1.727272727272727293e-02 2.061954135737157582e-03 3.224813155052730806e+00
1.727272727272727293e-02 2.125017920163825222e-03 2.770601972289192361e+00
1.727272727272727293e-02 2.189031619334994450e-03 2.378509134378034684e+00
1.727272727272727293e-02 2.253995233250666568e-03 2.045941276166233003e+00
1.727272727272727293e-02 2.319908761910839841e-03 1.770619023015079341e+00
1.727272727272727293e-02 2.386772205315515569e-03 1.550003392803219526e+00
1.727272727272727293e-02 2.454585563464693320e-03 1.381861762761821932e+00
1.727272727272727293e-02 2.523348836358373527e-03 1.264338440043683676e+00
1.727272727272727293e-02 2.575725814266019258e-03 1.189062031754966053e+00
1.727272727272727293e-02 2.610292882843480780e-03 1.125908275242726075e+00
1.727272727272727293e-02 2.643879289834930382e-03 1.070305261286881526e+00
1.727272727272727293e-02 2.676446096248601830e-03 1.021736884305553650e+00
1.727272727272727293e-02 2.707954327463425129e-03 9.798134391601369675e-01
1.727272727272727293e-02 2.738364972127373034e-03 9.446830892272606306e-01
1.727272727272727293e-02 2.767638981000287730e-03 9.160534156003105055e-01
1.727272727272727293e-02 2.795737265737427250e-03 8.935336932465856030e-01
1.727272727272727293e-02 2.843956717156411428e-03 8.751614565358795117e-01
1.727272727272727293e-02 2.870116236629323588e-03 8.626891022067810777e-01
1.727272727272727293e-02 2.917389197725276089e-03 8.557055523444201395e-01
1.727272727272727293e-02 2.941479970148741171e-03 8.515389336840724077e-01
1.727272727272727293e-02 2.987702887580784977e-03 8.534763529993562026e-01
1.727272727272727293e-02 3.009594727032088596e-03 8.583835051986759002e-01
1.727272727272727293e-02 3.054663911463594266e-03 8.669830008368972774e-01
1.727272727272727293e-02 3.099400661465825241e-03 8.807466045552226896e-01
1.727272727272727293e-02 3.118038036404706132e-03 8.955390419675375302e-01
1.727272727272727293e-02 3.161471874596313673e-03 9.142756578053212735e-01
1.727272727272727293e-02 3.204508524907493782e-03 9.366724803647298314e-01
1.727272727272727293e-02 3.247128571487517632e-03 9.618981508524480084e-01
1.727272727272727293e-02 3.261201800837312294e-03 9.893944414958282252e-01
1.727272727272727293e-02 3.302324005802776807e-03 1.018494506324941318e+00
1.727272727272727293e-02 3.342964701083344509e-03 1.050335051339335690e+00
1.727272727272727293e-02 3.383104426664792531e-03 1.083985683634809849e+00
1.727272727272727293e-02 3.422723712460159790e-03 1.119857560453896728e+00
1.727272727272727293e-02 3.461803078120371559e-03 1.157543017742029390e+00
1.727272727272727293e-02 3.500323032839012822e-03 1.197495766559444785e+00
1.727272727272727293e-02 3.538264075150970248e-03 1.238703520146286152e+00
1.727272727272727293e-02 3.575606692724736784e-03 1.281865067360023369e+00
1.727272727272727293e-02 3.612331362148056644e-03 1.326271095509120812e+00
1.727272727272727293e-02 3.682890699067828226e-03 1.371043853266236789e+00
1.727272727272727293e-02 3.718993522056976940e-03 1.416564927124633888e+00
1.727272727272727293e-02 3.754426428254532041e-03 1.463681317353930034e+00
1.727272727272727293e-02 3.789169855351042383e-03 1.512195470116082685e+00
1.727272727272727293e-02 3.823204228962398706e-03 1.562196418072836046e+00
1.727272727272727293e-02 3.894405675501476458e-03 1.612884637714192548e+00
1.696428571428571300e-02 2.022121295099903269e-03 3.518307585190507680e+00
1.696428571428571300e-02 2.083966813013503772e-03 3.030938948546929357e+00
1.696428571428571300e-02 2.146743895213667954e-03 2.606055101051216738e+00
1.696428571428571300e-02 2.210452541700397549e-03 2.241084181685102372e+00
1.696428571428571300e-02 2.275092752473691256e-03 1.933765951494144542e+00
1.696428571428571300e-02 2.340664527533549942e-03 1.681580511030394742e+00
1.696428571428571300e-02 2.407167866879972740e-03 1.482316167301166665e+00
1.696428571428571300e-02 2.474602770512960952e-03 1.334125971249568554e+00
1.696428571428571300e-02 2.542969238432512841e-03 1.234486383162331613e+00
1.696428571428571300e-02 2.577325097187042804e-03 1.166228921933273766e+00
1.696428571428571300e-02 2.610725314720791466e-03 1.105941334750223382e+00
1.696428571428571300e-02 2.643131717794677815e-03 1.053074680567783084e+00
1.696428571428571300e-02 2.674506099230125090e-03 1.007186467551863807e+00
1.696428571428571300e-02 2.704810216868547192e-03 9.683680306770608981e-01
1.696428571428571300e-02 2.734005792478808559e-03 9.362875342031309334e-01
1.696428571428571300e-02 2.782468236212711464e-03 9.089109011041165420e-01
1.696428571428571300e-02 2.809844955976496025e-03 8.869669726371345320e-01
1.696428571428571300e-02 2.836004659557153727e-03 8.716679394919066848e-01
1.696428571428571300e-02 2.882879158728672651e-03 8.602652206146841340e-01
1.696428571428571300e-02 2.907022428687661315e-03 8.535693454871218222e-01
1.696428571428571300e-02 2.952879458787014289e-03 8.516974622074588996e-01
1.696428571428571300e-02 2.974878681813493062e-03 8.541931186239690721e-01
1.696428571428571300e-02 3.019616590514131657e-03 8.594752017873594774e-01
1.696428571428571300e-02 3.064034649626153854e-03 8.702124186504067715e-01
1.696428571428571300e-02 3.082860948015658797e-03 8.826263434826051579e-01
1.696428571428571300e-02 3.126013641478166561e-03 8.986479521672370296e-01
1.696428571428571300e-02 3.168783002968710884e-03 9.185423679238124972e-01
1.696428571428571300e-02 3.211149997530502159e-03 9.414394686900304787e-01
1.696428571428571300e-02 3.225525377421989848e-03 9.662068392682017226e-01
1.696428571428571300e-02 3.266435921518877090e-03 9.930630822776538302e-01
1.696428571428571300e-02 3.306880471276763597e-03 1.022779727771968794e+00
1.696428571428571300e-02 3.346839949747949881e-03 1.054384239790899791e+00
1.696428571428571300e-02 3.386295270410806697e-03 1.088289999172952660e+00
1.696428571428571300e-02 3.425227336991668817e-03 1.124032133359229801e+00
1.696428571428571300e-02 3.463617043281271794e-03 1.162081755116664450e+00
1.696428571428571300e-02 3.501445272945487124e-03 1.201372108668298910e+00
1.696428571428571300e-02 3.538692899330154584e-03 1.242608385521127623e+00
1.696428571428571300e-02 3.575340785259730272e-03 1.285025643172206244e+00
1.696428571428571300e-02 3.611369782829499265e-03 1.329142232295201342e+00
1.696428571428571300e-02 3.681228085208667743e-03 1.374583711181636136e+00
1.696428571428571300e-02 3.716627898245304651e-03 1.419778727102182669e+00
1.696428571428571300e-02 3.751357853642824265e-03 1.466250754661997613e+00
1.696428571428571300e-02 3.785398765843183289e-03 1.514068692299982422e+00
1.696428571428571300e-02 3.818731437595820812e-03 1.563675116558801204e+00
1.666666666666666644e-02 2.044467588363558727e-03 3.305751435276189643e+00
1.666666666666666644e-02 2.106054802252381279e-03 2.848727982553199478e+00
1.666666666666666644e-02 2.168555923684484764e-03 2.451978648177766118e+00
1.666666666666666644e-02 2.231970952659867446e-03 2.113262648681636158e+00
1.666666666666666644e-02 2.296299889178531062e-03 1.830079503552143994e+00
1.666666666666666644e-02 2.361542733240474309e-03 1.600238377883127949e+00
1.666666666666666644e-02 2.427699484845698055e-03 1.421901662536718014e+00
1.666666666666666644e-02 2.494770143994201432e-03 1.292583838472808999e+00
1.666666666666666644e-02 2.545610592848001827e-03 1.210088801172659156e+00
1.666666666666666644e-02 2.578832052783782205e-03 1.144992116231576151e+00
1.666666666666666644e-02 2.611084514614532039e-03 1.087699721199847591e+00
1.666666666666666644e-02 2.642330508965577609e-03 1.037718346928354185e+00
1.666666666666666644e-02 2.672532533123233092e-03 9.950835333579498565e-01
1.666666666666666644e-02 2.721185867060299090e-03 9.579827189484604322e-01
1.666666666666666644e-02 2.749684291097906266e-03 9.265212396996228561e-01
1.666666666666666644e-02 2.777032469240011021e-03 9.015439134049278991e-01
1.666666666666666644e-02 2.824233209843225040e-03 8.831267562065023835e-01
1.666666666666666644e-02 2.849684200899661821e-03 8.674630103159965966e-01
1.666666666666666644e-02 2.873878404179277136e-03 8.581325282288572165e-01
1.666666666666666644e-02 2.919383718954231006e-03 8.524332960143270466e-01
1.666666666666666644e-02 2.941486687120699415e-03 8.524280650790546643e-01
1.666666666666666644e-02 2.985906189086579704e-03 8.543781474895624228e-01
1.666666666666666644e-02 3.030017953582663220e-03 8.620744393157387941e-01
1.666666666666666644e-02 3.049026453058229207e-03 8.720490155434652557e-01
1.666666666666666644e-02 3.091908981751622255e-03 8.853495763281505893e-01
1.666666666666666644e-02 3.134421512689850725e-03 9.027380339964169442e-01
1.666666666666666644e-02 3.176545377143279950e-03 9.233060513280687553e-01
1.666666666666666644e-02 3.191211895814834425e-03 9.453339159545167680e-01
1.666666666666666644e-02 3.231919135731531247e-03 9.699611418996987311e-01
1.666666666666666644e-02 3.272175310845900666e-03 9.975738470599783136e-01
1.666666666666666644e-02 3.311961712469771533e-03 1.027158144586319377e+00
1.666666666666666644e-02 3.351259622807480597e-03 1.059130180686842726e+00
1.666666666666666644e-02 3.390050314788207141e-03 1.092967924845835492e+00
1.666666666666666644e-02 3.428315051893210137e-03 1.129160838740139727e+00
1.666666666666666644e-02 3.466035087977764519e-03 1.166588360804341029e+00
1.666666666666666644e-02 3.503191667087587544e-03 1.205962460700565009e+00
1.666666666666666644e-02 3.539766023269513666e-03 1.246463022263261555e+00
1.666666666666666644e-02 3.575739380376175957e-03 1.288627986302385064e+00
1.666666666666666644e-02 3.611092951864434703e-03 1.332522260195552866e+00
1.666666666666666644e-02 3.645807940587301663e-03 1.378241333875480201e+00
1.666666666666666644e-02 3.714994107929864373e-03 1.423276009910513729e+00
1.666666666666666644e-02 3.749041653800122380e-03 1.469025362407432977e+00
1.666666666666666644e-02 3.782400583481815379e-03 1.516425500776019231e+00
