-1.000000000000000000e+00 inf 2.774076997558591273e+00
-8.999999999999999112e-01 -2.343667447809830195e-04 1.950516956888571407e+00
-8.181818181818181213e-01 -1.930613862649082832e-04 1.447335963742500287e+00
-7.500000000000000000e-01 -1.958940880175698274e-04 1.253391161159961964e+00
-7.500000000000000000e-01 -2.173141102217795116e-04 3.291362657532856506e+00
-6.923076923076922906e-01 -2.103576756284221785e-04 9.432083050416638637e-01
-6.923076923076922906e-01 -2.212589871073765251e-04 2.959670995256484360e+00
-6.428571428571427937e-01 -2.430051762276643466e-04 6.066643569174913209e-01
-6.428571428571427937e-01 -2.300266234563900938e-04 2.680135218752310422e+00
-6.000000000000000888e-01 -2.649553384869101995e-04 5.903034379320235558e-01
-6.000000000000000888e-01 -2.405539151571800842e-04 2.583370035927447184e+00
-5.625000000000000000e-01 -2.880393693326735189e-04 8.778013811753686557e-01
-5.625000000000000000e-01 -2.873036127724862732e-04 2.014876274709830550e+00
-5.294117647058823595e-01 -2.970036642868434168e-04 1.344406964117926151e+00
-5.294117647058823595e-01 -3.175664309201585260e-04 1.646905172087291591e+00
-5.294117647058823595e-01 -3.634218663488104017e-04 2.355000848895762111e+00
-5.000000000000000000e-01 -3.054842010462380524e-04 2.167057182326048270e+00
-5.000000000000000000e-01 -3.680861137718773350e-04 1.329501295929561122e+00
-5.000000000000000000e-01 -3.775164537334845904e-04 1.758196039265953248e+00
