5.000000000000000000e-01 3.723504845721172657e-02 3.384528145500215413e+00
5.000000000000000000e-01 3.865679453323117576e-02 2.810070942809351990e+00
5.000000000000000000e-01 4.031491626631424768e-02 2.348285351594537218e+00
5.000000000000000000e-01 4.166757020211019763e-02 1.976043950868166199e+00
5.000000000000000000e-01 4.328522139234248362e-02 1.690281002422725720e+00
5.000000000000000000e-01 4.488545213250408339e-02 1.474627061069698097e+00
5.000000000000000000e-01 4.646368766949249968e-02 1.316331171223496410e+00
5.000000000000000000e-01 4.801514102427941605e-02 1.206862341809760819e+00
5.000000000000000000e-01 4.953479263641341612e-02 1.142143419020245076e+00
5.000000000000000000e-01 5.145718021304168666e-02 1.119346935027711654e+00
5.000000000000000000e-01 5.292568519532663690e-02 1.117862172023644574e+00
5.000000000000000000e-01 5.484142911261061931e-02 1.148665519118185596e+00
5.000000000000000000e-01 5.624173042649690396e-02 1.205411355079857083e+00
5.000000000000000000e-01 5.813825408636410369e-02 1.270809522056022267e+00
5.000000000000000000e-01 6.003467841877241362e-02 1.353907848819675186e+00
5.000000000000000000e-01 6.192869887096533188e-02 1.450747771951955034e+00
5.000000000000000000e-01 6.381794761122870641e-02 1.558723406135082978e+00
5.000000000000000000e-01 6.569998985046766882e-02 1.676425998392830019e+00
5.000000000000000000e-01 6.757231985581242661e-02 1.803514276806373662e+00
5.000000000000000000e-01 7.017101950378200337e-02 1.925555728427117419e+00
5.000000000000000000e-01 7.205221670325012706e-02 2.053293845782662164e+00
5.000000000000000000e-01 7.391712212706359753e-02 2.189502313899688524e+00
5.000000000000000000e-01 7.660479932152218507e-02 2.331011833415340018e+00
5.000000000000000000e-01 7.846857097810132353e-02 2.460624382741205984e+00
5.000000000000000000e-01 8.030901425085841538e-02 2.603544150772316268e+00
5.000000000000000000e-01 8.307808830494602115e-02 2.738102836089089998e+00
5.000000000000000000e-01 8.490677455961682940e-02 2.876123015305191544e+00
5.000000000000000000e-01 8.773680707003915502e-02 3.012687379303783608e+00
5.000000000000000000e-01 8.954715840621894907e-02 3.148145492616508445e+00
5.000000000000000000e-01 9.243559154776992415e-02 3.280217765285047271e+00
5.000000000000000000e-01 9.422079626800884677e-02 3.417590560723956727e+00
5.000000000000000000e-01 9.716501921490892923e-02 3.540478426252010369e+00
5.000000000000000000e-01 1.001545378994536800e-01 3.678188118140614193e+00
4.871794871794871140e-01 3.421475326172098569e-02 3.499133875704516949e+00
4.871794871794871140e-01 3.551253790750066169e-02 2.910413173958704469e+00
4.871794871794871140e-01 3.677146374533798306e-02 2.434202520380050139e+00
4.871794871794871140e-01 3.826301918925720941e-02 2.049214637641694203e+00
4.871794871794871140e-01 3.944467130077086714e-02 1.752126464230506553e+00
4.871794871794871140e-01 4.088720861476872331e-02 1.518699634114087260e+00
4.871794871794871140e-01 4.230810161878881259e-02 1.348074067923551222e+00
4.871794871794871140e-01 4.370293405994675473e-02 1.231662526248452849e+00
4.871794871794871140e-01 4.545231581753870348e-02 1.151842863871333167e+00
4.871794871794871140e-01 4.680595102799611079e-02 1.113375967558985380e+00
4.871794871794871140e-01 4.855333351459806962e-02 1.108025922198944357e+00
4.871794871794871140e-01 4.985078716124877879e-02 1.129399448622555813e+00
4.871794871794871140e-01 5.158506473728956959e-02 1.169121524055140471e+00
4.871794871794871140e-01 5.332118951559502995e-02 1.231327561249765390e+00
4.871794871794871140e-01 5.505712390268443363e-02 1.310428199540774941e+00
4.871794871794871140e-01 5.679077835585526202e-02 1.402112126582109708e+00
4.871794871794871140e-01 5.852000851590612868e-02 1.503433324871410237e+00
4.871794871794871140e-01 6.024261211095852109e-02 1.612644997159039750e+00
4.871794871794871140e-01 6.195632560763950775e-02 1.729053424145638118e+00
4.871794871794871140e-01 6.365882058285389500e-02 1.852878507313010292e+00
4.871794871794871140e-01 6.534769978587812167e-02 1.985198542537001565e+00
4.871794871794871140e-01 6.776778125257171270e-02 2.115456378278328664e+00
4.871794871794871140e-01 6.945740388639261298e-02 2.243802415408582274e+00
4.871794871794871140e-01 7.112712571096752034e-02 2.383148488487366379e+00
4.871794871794871140e-01 7.362262562249027864e-02 2.517409532257512517e+00
4.871794871794871140e-01 7.528356502896396685e-02 2.650937233933291282e+00
4.871794871794871140e-01 7.783537007196253410e-02 2.792859595756106650e+00
4.871794871794871140e-01 7.948162998897075060e-02 2.920991134980753579e+00
4.871794871794871140e-01 8.208741282157895613e-02 3.062531528203096709e+00
4.871794871794871140e-01 8.371289749085179810e-02 3.188300796442176566e+00
4.871794871794871140e-01 8.637028502357649296e-02 3.323639629147498553e+00
4.871794871794871140e-01 8.796868594848242240e-02 3.451891470106073001e+00
4.871794871794871140e-01 9.067525702131030985e-02 3.576869005652581812e+00
4.871794871794871140e-01 9.224003748949366477e-02 3.713967596866402765e+00
4.750000000000000333e-01 3.157214070296284619e-02 3.615821734318196867e+00
4.750000000000000333e-01 3.276273009742554365e-02 3.013353518643528073e+00
4.750000000000000333e-01 3.391704582233863452e-02 2.521825157221718960e+00
4.750000000000000333e-01 3.528793640394312092e-02 2.126308024104546224e+00
4.750000000000000333e-01 3.637029755281970256e-02 1.810450093042268449e+00
4.750000000000000333e-01 3.769539810594976781e-02 1.564977551194506988e+00
4.750000000000000333e-01 3.900031846989572559e-02 1.381442706301667656e+00
4.750000000000000333e-01 4.028103565404343722e-02 1.250640450260248393e+00
4.750000000000000333e-01 4.153334260785690457e-02 1.167611286787661129e+00
4.750000000000000333e-01 4.313334536444896755e-02 1.115073571047024092e+00
4.750000000000000333e-01 4.433962770314686663e-02 1.100764516806555404e+00
4.750000000000000333e-01 4.593165553661977818e-02 1.109257736410500073e+00
4.750000000000000333e-01 4.752714096404742766e-02 1.147533507712646728e+00
4.750000000000000333e-01 4.865115348522893596e-02 1.202984874571076723e+00
4.750000000000000333e-01 5.022356040310652081e-02 1.270966514413986337e+00
4.750000000000000333e-01 5.179293950522630141e-02 1.354510017650202514e+00
4.750000000000000333e-01 5.335730759308474763e-02 1.450476158034143870e+00
4.750000000000000333e-01 5.491462902040353949e-02 1.556909886133673204e+00
4.750000000000000333e-01 5.646281268083067767e-02 1.672928298138289360e+00
4.750000000000000333e-01 5.863426234764903405e-02 1.792665667944787433e+00
4.750000000000000333e-01 6.018818583314858306e-02 1.911461845768862799e+00
4.750000000000000333e-01 6.172747901812181831e-02 2.037531971625259786e+00
4.750000000000000333e-01 6.324984252747622993e-02 2.173279504166789611e+00
4.750000000000000333e-01 6.550858856808469688e-02 2.303185922168358601e+00
4.750000000000000333e-01 6.702476566719034468e-02 2.433467741751822455e+00
4.750000000000000333e-01 6.933579564709492493e-02 2.577668808177691062e+00
4.750000000000000333e-01 7.084047355583453220e-02 2.701111313589932728e+00
4.750000000000000333e-01 7.231841852922653302e-02 2.843120571497031790e+00
4.750000000000000333e-01 7.468935749350019693e-02 2.967736014827983215e+00
4.750000000000000333e-01 7.614639174429527202e-02 3.109177879642731845e+00
4.750000000000000333e-01 7.856358763821801039e-02 3.229746804979899188e+00
4.750000000000000333e-01 8.101855221798320850e-02 3.368143430996702214e+00
4.750000000000000333e-01 8.245509829798354506e-02 3.487133367431235698e+00
4.750000000000000333e-01 8.495359638649722933e-02 3.614029358967818961e+00
4.750000000000000333e-01 8.635557178252062371e-02 3.742854367437891128e+00
4.634146341463414309e-01 2.924764182211613342e-02 3.734468435691462140e+00
4.634146341463414309e-01 3.034497355847761910e-02 3.118765073772142404e+00
4.634146341463414309e-01 3.140841142406845810e-02 2.612566508849686109e+00
4.634146341463414309e-01 3.243226681215956309e-02 2.204915156833720413e+00
4.634146341463414309e-01 3.367039390150317058e-02 1.873489395061069152e+00
4.634146341463414309e-01 3.489323378743910270e-02 1.616844753758596598e+00
4.634146341463414309e-01 3.609725679630131773e-02 1.421403320046184415e+00
4.634146341463414309e-01 3.727878493716581948e-02 1.277377359387912525e+00
4.634146341463414309e-01 3.843397843258542640e-02 1.179134162455639068e+00
4.634146341463414309e-01 3.955882046843962191e-02 1.124756928845925152e+00
4.634146341463414309e-01 4.102528910993638589e-02 1.093738228446441862e+00
4.634146341463414309e-01 4.249655294641975500e-02 1.101932905895401271e+00
4.634146341463414309e-01 4.355351812703429915e-02 1.123059438122579579e+00
4.634146341463414309e-01 4.500767645414507911e-02 1.168570320592000833e+00
4.634146341463414309e-01 4.646084813459683965e-02 1.233409605902522355e+00
4.634146341463414309e-01 4.791126762231658759e-02 1.312775867430940879e+00
4.634146341463414309e-01 4.935712599400952916e-02 1.403214125120577194e+00
4.634146341463414309e-01 5.079656858251623691e-02 1.502454543163739276e+00
4.634146341463414309e-01 5.222769242261237482e-02 1.609283930626207670e+00
4.634146341463414309e-01 5.364854348990731603e-02 1.723387783081844038e+00
4.634146341463414309e-01 5.505711371103672036e-02 1.845318911433210030e+00
4.634146341463414309e-01 5.645133772051048188e-02 1.976334447733928190e+00
4.634146341463414309e-01 5.850394702972146199e-02 2.096919602755051848e+00
4.634146341463414309e-01 5.989425221024240187e-02 2.224676515572090008e+00
4.634146341463414309e-01 6.126479885390077873e-02 2.364565401054359306e+00
4.634146341463414309e-01 6.337722379794644145e-02 2.487886920253923329e+00
4.634146341463414309e-01 6.473564108630472380e-02 2.623459798373875440e+00
4.634146341463414309e-01 6.689334840480187783e-02 2.753991168273144829e+00
4.634146341463414309e-01 6.823455781218523697e-02 2.886058451977444594e+00
4.634146341463414309e-01 7.043553170897505489e-02 3.016338407226742291e+00
4.634146341463414309e-01 7.175429009601703989e-02 3.147984665920963820e+00
4.634146341463414309e-01 7.399647691471354649e-02 3.272465155387812352e+00
4.634146341463414309e-01 7.528736503042703088e-02 3.408553393016783062e+00
4.634146341463414309e-01 7.756867135957555559e-02 3.523262799147862445e+00
4.634146341463414309e-01 7.988402703692036588e-02 3.652058298846078355e+00
4.523809523809524391e-01 2.820851860655348292e-02 3.226529358271637893e+00
4.523809523809524391e-01 2.919255486123309776e-02 2.706294714273390856e+00
4.523809523809524391e-01 3.013966318545873227e-02 2.282608992633532452e+00
4.523809523809524391e-01 3.128726056015837531e-02 1.941059570022562797e+00
4.523809523809524391e-01 3.242054902059905708e-02 1.674080379532706164e+00
4.523809523809524391e-01 3.326021374695493915e-02 1.466128453997227243e+00
4.523809523809524391e-01 3.463109622196768739e-02 1.311550600450544390e+00
4.523809523809524391e-01 3.570146398151367167e-02 1.199395228809164715e+00
4.523809523809524391e-01 3.674371608238487241e-02 1.128567313121244364e+00
4.523809523809524391e-01 3.810457679426769440e-02 1.097917764613265401e+00
4.523809523809524391e-01 3.910054959666271063e-02 1.086130001428079250e+00
4.523809523809524391e-01 4.044936135676201194e-02 1.105454314026461882e+00
4.523809523809524391e-01 4.179889675072846061e-02 1.149825549919174961e+00
4.523809523809524391e-01 4.271420547129477913e-02 1.202645982806377800e+00
4.523809523809524391e-01 4.403853565557270394e-02 1.272762237643339400e+00
4.523809523809524391e-01 4.535794377391828835e-02 1.356646974534284844e+00
4.523809523809524391e-01 4.667070571186666267e-02 1.451844126579112881e+00
4.523809523809524391e-01 4.797505334596052773e-02 1.556970653988570819e+00
4.523809523809524391e-01 4.926917204346537710e-02 1.671520010744633744e+00
4.523809523809524391e-01 5.112822369188679134e-02 1.784854746109900026e+00
4.523809523809524391e-01 5.242330696180060035e-02 1.901360801992758143e+00
4.523809523809524391e-01 5.370339724044972951e-02 2.026094102722580725e+00
4.523809523809524391e-01 5.496650550964780196e-02 2.161343122260534155e+00
4.523809523809524391e-01 5.689500899217909274e-02 2.281394827309833229e+00
4.523809523809524391e-01 5.814873749253603868e-02 2.412421568219077272e+00
4.523809523809524391e-01 6.011974194112140041e-02 2.545850361723772881e+00
4.523809523809524391e-01 6.135948682027270173e-02 2.671514996665202979e+00
4.523809523809524391e-01 6.337114029788888658e-02 2.809289282257248388e+00
4.523809523809524391e-01 6.459215601923398720e-02 2.931197186247941122e+00
4.523809523809524391e-01 6.664257352074356988e-02 3.066598000199471485e+00
4.523809523809524391e-01 6.783996328859606684e-02 3.188299876653224452e+00
4.523809523809524391e-01 6.992722513909307991e-02 3.316385197264585472e+00
4.523809523809524391e-01 7.109593038811322374e-02 3.443080187972240580e+00
4.523809523809524391e-01 7.321808051876527168e-02 3.560365527178309897e+00
4.523809523809524391e-01 7.537143873957398432e-02 3.690778904631263124e+00
4.418604651162790775e-01 2.631179129926318819e-02 3.336535478173367153e+00
4.418604651162790775e-01 2.722608069180598028e-02 2.802884998041419884e+00
4.418604651162790775e-01 2.810586714480212481e-02 2.363940714047283898e+00
4.418604651162790775e-01 2.917370989543457624e-02 2.012984206055923320e+00
4.418604651162790775e-01 2.998550371300782308e-02 1.727995417988783755e+00
4.418604651162790775e-01 3.100780723918500348e-02 1.506881683183713516e+00
4.418604651162790775e-01 3.200982822761808816e-02 1.340815550489456331e+00
4.418604651162790775e-01 3.298828798177385474e-02 1.223435712289317800e+00
4.418604651162790775e-01 3.425046096284622282e-02 1.142196010225287939e+00
4.418604651162790775e-01 3.519063167292173222e-02 1.095459773099854983e+00
4.418604651162790775e-01 3.644505831569991999e-02 1.081902822268795639e+00
4.418604651162790775e-01 3.733586557428494879e-02 1.091655646339479535e+00
4.418604651162790775e-01 3.857430815931229412e-02 1.120361268500052798e+00
4.418604651162790775e-01 3.981135957881400816e-02 1.170781714254500727e+00
4.418604651162790775e-01 4.104551010613413653e-02 1.237671846658535690e+00
4.418604651162790775e-01 4.227521520812574374e-02 1.317113129644105207e+00
4.418604651162790775e-01 4.349889370822784124e-02 1.406355996443633183e+00
4.418604651162790775e-01 4.471492580799836525e-02 1.503707545112805688e+00
4.418604651162790775e-01 4.592165095288217036e-02 1.608356975494374286e+00
4.418604651162790775e-01 4.711736552622833307e-02 1.720366623292496566e+00
4.418604651162790775e-01 4.830032035354659553e-02 1.840502671174313321e+00
4.418604651162790775e-01 5.005655308777179346e-02 1.965856882119261684e+00
4.418604651162790775e-01 5.123531956345995370e-02 2.083004909854528464e+00
4.418604651162790775e-01 5.239674076775997086e-02 2.210131747510805766e+00
4.418604651162790775e-01 5.420339294413389908e-02 2.343127657443174972e+00
4.418604651162790775e-01 5.535364632081141850e-02 2.464419856456741886e+00
4.418604651162790775e-01 5.648167754856870532e-02 2.601897035573862205e+00
4.418604651162790775e-01 5.833341342430999749e-02 2.722438335005024079e+00
4.418604651162790775e-01 5.944290198162982541e-02 2.858031842487604557e+00
4.418604651162790775e-01 6.132986123605321804e-02 2.978327903680899169e+00
4.418604651162790775e-01 6.241625103868337493e-02 3.115221123822322635e+00
4.418604651162790775e-01 6.433663915991322257e-02 3.230047949709383914e+00
4.418604651162790775e-01 6.628612407085861247e-02 3.361416121857136119e+00
4.418604651162790775e-01 6.734721574594490501e-02 3.478724207448883110e+00
4.418604651162790775e-01 6.932791067331245394e-02 3.598264322630875700e+00
4.418604651162790775e-01 7.035486651501182687e-02 3.727829179153709038e+00
4.318181818181818232e-01 2.444680029951859512e-02 3.446628172767888465e+00
4.318181818181818232e-01 2.528654588801881528e-02 2.901976644150519924e+00
4.318181818181818232e-01 2.629364945081567873e-02 2.448768644806911254e+00
4.318181818181818232e-01 2.707710568760849160e-02 2.082255825156430262e+00
4.318181818181818232e-01 2.804781344637219051e-02 1.785683880662734646e+00
4.318181818181818232e-01 2.900253354804006867e-02 1.553869016312536155e+00
4.318181818181818232e-01 2.993836139950215025e-02 1.375969146812677790e+00
4.318181818181818232e-01 3.085227625790403286e-02 1.245039535633269967e+00
4.318181818181818232e-01 3.174113084077177099e-02 1.157569728761541850e+00
4.318181818181818232e-01 3.291054756126095271e-02 1.101989931267814748e+00
4.318181818181818232e-01 3.375805515878148311e-02 1.077470267496652090e+00
4.318181818181818232e-01 3.491597984424640866e-02 1.077832234141721690e+00
4.318181818181818232e-01 3.607407888181276417e-02 1.106088632080431733e+00
4.318181818181818232e-01 3.685006394821563336e-02 1.147678842368466956e+00
4.318181818181818232e-01 3.798538206132279910e-02 1.204348841533740444e+00
4.318181818181818232e-01 3.911602939158528164e-02 1.276178083026105137e+00
4.318181818181818232e-01 4.024052850399210263e-02 1.360250607795928435e+00
4.318181818181818232e-01 4.135736656419525259e-02 1.454721227074872170e+00
4.318181818181818232e-01 4.246499339361466813e-02 1.558604190408794832e+00
4.318181818181818232e-01 4.356181936858301296e-02 1.671794983598297923e+00
4.318181818181818232e-01 4.517508428922746566e-02 1.780106336989609295e+00
4.318181818181818232e-01 4.626958004032376282e-02 1.894641882610975880e+00
4.318181818181818232e-01 4.734910345321501068e-02 2.018024730242990117e+00
4.318181818181818232e-01 4.901034988060944814e-02 2.146337261432202936e+00
4.318181818181818232e-01 5.008117172438832088e-02 2.264661090565788015e+00
4.318181818181818232e-01 5.113259768002005601e-02 2.396068698265626296e+00
4.318181818181818232e-01 5.283690118851331469e-02 2.520339337163881588e+00
4.318181818181818232e-01 5.387291155442684026e-02 2.647837052099770272e+00
4.318181818181818232e-01 5.561063618952642035e-02 2.776097594184621542e+00
4.318181818181818232e-01 5.662708362124194150e-02 2.901455907438371451e+00
4.318181818181818232e-01 5.839657364486103286e-02 3.027355782738838652e+00
4.318181818181818232e-01 5.938918324054945352e-02 3.154255603541594066e+00
4.318181818181818232e-01 6.118875372033543564e-02 3.273113266886222394e+00
4.318181818181818232e-01 6.215311425237562276e-02 3.406788501855825047e+00
4.318181818181818232e-01 6.398104962811813901e-02 3.515304437749012578e+00
4.318181818181818232e-01 6.583547682090040709e-02 3.636952480210779992e+00
4.222222222222222765e-01 2.294246676760123768e-02 3.556646782388189543e+00
4.222222222222222765e-01 2.372844261769195551e-02 2.998483955794347899e+00
4.222222222222222765e-01 2.467214398398843295e-02 2.536957554324547282e+00
4.222222222222222765e-01 2.540539915678985752e-02 2.154293455197063167e+00
4.222222222222222765e-01 2.631502926877072809e-02 1.848448011038395622e+00
4.222222222222222765e-01 2.720972906269728681e-02 1.606842270694205155e+00
4.222222222222222765e-01 2.808681059681550699e-02 1.418154659236796622e+00
4.222222222222222765e-01 2.894348238010731669e-02 1.274889634551331641e+00
4.222222222222222765e-01 2.977684031533593678e-02 1.172890575203124230e+00
4.222222222222222765e-01 3.058385747996982679e-02 1.111308153093754969e+00
4.222222222222222765e-01 3.166869701640707968e-02 1.076143132679687309e+00
4.222222222222222765e-01 3.243174606347884459e-02 1.073429828047336221e+00
4.222222222222222765e-01 3.350183159761119245e-02 1.085339225699992971e+00
4.222222222222222765e-01 3.457035110456116445e-02 1.121299864384685652e+00
4.222222222222222765e-01 3.563599960031309938e-02 1.175664304724344689e+00
4.222222222222222765e-01 3.669744381648873399e-02 1.244091353726243909e+00
4.222222222222222765e-01 3.775332075462040776e-02 1.323391054176506598e+00
4.222222222222222765e-01 3.880223613200338428e-02 1.411427188027873703e+00
4.222222222222222765e-01 3.984276270850579948e-02 1.506927828965692218e+00
4.222222222222222765e-01 4.087343848242948330e-02 1.609497371355571360e+00
4.222222222222222765e-01 4.189276474204312734e-02 1.719441697351724585e+00
4.222222222222222765e-01 4.289920395772008066e-02 1.838056504634320021e+00
4.222222222222222765e-01 4.443119839774831853e-02 1.957223662135855191e+00
4.222222222222222765e-01 4.543110236412891551e-02 2.072794301139444517e+00
4.222222222222222765e-01 4.641409023587923788e-02 2.199447215777220244e+00
4.222222222222222765e-01 4.798733812184930586e-02 2.324205806705586408e+00
4.222222222222222765e-01 4.895765384162718142e-02 2.445985538265555981e+00
4.222222222222222765e-01 5.056271672122577415e-02 2.579772758536855726e+00
4.222222222222222765e-01 5.151656975120932208e-02 2.696946912792772988e+00
4.222222222222222765e-01 5.315191501208225977e-02 2.832208283482289701e+00
4.222222222222222765e-01 5.408540402252298707e-02 2.947099853581375939e+00
4.222222222222222765e-01 5.574947332640345365e-02 3.078156873142753547e+00
4.222222222222222765e-01 5.665857882229811265e-02 3.194848541464524683e+00
4.222222222222222765e-01 5.834978688152062803e-02 3.317545611538314176e+00
4.222222222222222765e-01 5.923036311564641027e-02 3.441580682379171918e+00
4.222222222222222765e-01 6.094709637711123729e-02 3.552798528227519625e+00
4.222222222222222765e-01 6.268835439945413812e-02 3.676551213375534033e+00
4.130434782608695676e-01 2.159047950544112221e-02 3.668681938203237181e+00
4.130434782608695676e-01 2.232856334449475136e-02 3.097638479286606739e+00
4.130434782608695676e-01 2.303757958624354923e-02 2.623545776252989015e+00
4.130434782608695676e-01 2.390424205356073487e-02 2.230442118013541641e+00
4.130434782608695676e-01 2.455622525224227318e-02 1.913476896221744550e+00
4.130434782608695676e-01 2.538444419451555897e-02 1.655911175130004409e+00
4.130434782608695676e-01 2.619558987212033258e-02 1.455657424399652733e+00
4.130434782608695676e-01 2.698704135200869630e-02 1.305166786738714002e+00
4.130434782608695676e-01 2.801485291282984971e-02 1.197453983546199918e+00
4.130434782608695676e-01 2.877428111513637143e-02 1.119990559425755094e+00
4.130434782608695676e-01 2.950627131773600823e-02 1.081721001130828475e+00
4.130434782608695676e-01 3.051371109550544969e-02 1.063219299969107468e+00
4.130434782608695676e-01 3.152100564015874323e-02 1.075360910319009156e+00
4.130434782608695676e-01 3.218931320167988525e-02 1.104952056231022439e+00
4.130434782608695676e-01 3.317605282116326687e-02 1.148246565051899815e+00
4.130434782608695676e-01 3.415844569249314178e-02 1.208124601703984613e+00
4.130434782608695676e-01 3.513521234144561384e-02 1.281247705404549686e+00
4.130434782608695676e-01 3.610504446721768401e-02 1.365343325791648965e+00
4.130434782608695676e-01 3.706660340893504907e-02 1.458980280364789106e+00
4.130434782608695676e-01 3.801851849253589516e-02 1.561610030440784724e+00
4.130434782608695676e-01 3.942649325364319668e-02 1.672952582867015980e+00
4.130434782608695676e-01 4.037597518091971122e-02 1.778076372253325488e+00
4.130434782608695676e-01 4.131221488488899529e-02 1.890620953949439187e+00
4.130434782608695676e-01 4.223372215262357482e-02 2.012626191993199143e+00
4.130434782608695676e-01 4.368995101200252862e-02 2.134318207834698278e+00
4.130434782608695676e-01 4.460120070949329107e-02 2.251860145253879342e+00
4.130434782608695676e-01 4.549381838913778980e-02 2.383626323759595600e+00
4.130434782608695676e-01 4.698532039991262094e-02 2.499950512923554413e+00
4.130434782608695676e-01 4.786175736080947041e-02 2.629035826774121176e+00
4.130434782608695676e-01 4.938108402512435269e-02 2.748925834487577990e+00
4.130434782608695676e-01 5.023768389934415296e-02 2.877310082230313260e+00
4.130434782608695676e-01 5.178336871368213051e-02 2.994827045507850283e+00
4.130434782608695676e-01 5.261636642878365910e-02 3.126275527846662072e+00
4.130434782608695676e-01 5.418691805222718844e-02 3.237025631508384294e+00
4.130434782608695676e-01 5.578056602307431000e-02 3.363131889478081504e+00
4.130434782608695676e-01 5.658633348082808129e-02 3.477441405806758201e+00
4.130434782608695676e-01 5.820300454451253491e-02 3.591323653489917334e+00
4.130434782608695676e-01 5.984244562317843352e-02 3.716758725001847452e+00
4.042553191489361430e-01 2.106622999962678988e-02 3.199336744867916416e+00
4.042553191489361430e-01 2.173417223468338683e-02 2.711402940666127748e+00
4.042553191489361430e-01 2.255124442521784511e-02 2.310546312075874464e+00
4.042553191489361430e-01 2.316569683704832600e-02 1.976184725140603504e+00
4.042553191489361430e-01 2.394676504739741765e-02 1.709128131476721268e+00
4.042553191489361430e-01 2.471188181625360789e-02 1.498415712312936687e+00
4.042553191489361430e-01 2.545861282263774117e-02 1.335990227234214345e+00
4.042553191489361430e-01 2.618443075300947234e-02 1.216973294903634928e+00
4.042553191489361430e-01 2.714525892166828186e-02 1.139003013835204525e+00
4.042553191489361430e-01 2.783659767435877827e-02 1.083133973390914662e+00
4.042553191489361430e-01 2.878756392648465154e-02 1.066098398623540833e+00
4.042553191489361430e-01 2.943591871798618975e-02 1.062315599557170254e+00
4.042553191489361430e-01 3.037067614333611998e-02 1.083869254881387523e+00
4.042553191489361430e-01 3.130268855233267478e-02 1.125746408939998888e+00
4.042553191489361430e-01 3.223079364617493364e-02 1.183220112702203286e+00
4.042553191489361430e-01 3.315380472429176051e-02 1.252695793684127867e+00
4.042553191489361430e-01 3.407050944786380736e-02 1.331627247230696920e+00
4.042553191489361430e-01 3.497966851111821568e-02 1.418313874184652823e+00
4.042553191489361430e-01 3.588001421139745684e-02 1.511932342483333525e+00
4.042553191489361430e-01 3.677024890791905087e-02 1.612356871305960837e+00
4.042553191489361430e-01 3.764904335789971690e-02 1.720454855061097188e+00
4.042553191489361430e-01 3.851503491729352940e-02 1.837461037912105688e+00
4.042553191489361430e-01 3.986633746562048136e-02 1.951633069928200959e+00
4.042553191489361430e-01 4.072420317078037644e-02 2.065804897412119701e+00
4.042553191489361430e-01 4.156569656317562339e-02 2.191687926767445393e+00
4.042553191489361430e-01 4.295112514884803084e-02 2.309585511695083859e+00
4.042553191489361430e-01 4.377905227811774991e-02 2.431598652302607633e+00
4.042553191489361430e-01 4.519118938840070016e-02 2.557701477023377468e+00
4.042553191489361430e-01 4.600219206569607783e-02 2.676378801849399913e+00
4.042553191489361430e-01 4.743967418060273528e-02 2.803585879802882985e+00
4.042553191489361430e-01 4.823029928776500358e-02 2.921485254497787842e+00
4.042553191489361430e-01 4.969174088526864125e-02 3.044442144562996333e+00
4.042553191489361430e-01 5.045843411690931896e-02 3.165749302866035286e+00
4.042553191489361430e-01 5.194242663822286332e-02 3.280563391394345274e+00
4.042553191489361430e-01 5.344792629752646157e-02 3.409825103752772701e+00
4.042553191489361430e-01 5.418663637881030587e-02 3.514481324609251445e+00
4.042553191489361430e-01 5.571294585869659283e-02 3.630563579318494938e+00
4.042553191489361430e-01 5.641913411385493515e-02 3.750718025658605903e+00
3.958333333333333703e-01 1.992399672224884691e-02 3.303479999006559531e+00
3.958333333333333703e-01 2.055509457279099117e-02 2.802429633602225856e+00
3.958333333333333703e-01 2.115698009305463922e-02 2.387054291546870655e+00
3.958333333333333703e-01 2.190838752052625543e-02 2.043716578066908873e+00
3.958333333333333703e-01 2.264706326750057230e-02 1.768029245944937378e+00
3.958333333333333703e-01 2.337081753593879541e-02 1.547839215118560041e+00
3.958333333333333703e-01 2.407738345151604759e-02 1.374608636534091488e+00
3.958333333333333703e-01 2.476441064129493441e-02 1.242891551957530982e+00
3.958333333333333703e-01 2.542945802153139326e-02 1.150348906414707884e+00
3.958333333333333703e-01 2.632841680783262056e-02 1.096062563484072161e+00
3.958333333333333703e-01 2.695683164952008409e-02 1.060356815828200405e+00
3.958333333333333703e-01 2.784335693570968301e-02 1.056474775880795081e+00
3.958333333333333703e-01 2.842693095839095643e-02 1.073483022882070426e+00
3.958333333333333703e-01 2.929490730053576839e-02 1.103544700597591799e+00
3.958333333333333703e-01 3.015888521938044076e-02 1.151638421087122000e+00
3.958333333333333703e-01 3.101774608056711777e-02 1.214037254030456037e+00
3.958333333333333703e-01 3.187034751180432834e-02 1.288073161983555925e+00
3.958333333333333703e-01 3.271552217878768293e-02 1.371900698433154542e+00
3.958333333333333703e-01 3.355207646814779843e-02 1.464556480688424589e+00
3.958333333333333703e-01 3.437878906818439551e-02 1.565772567563809226e+00
3.958333333333333703e-01 3.562882538849496128e-02 1.675610507839736307e+00
3.958333333333333703e-01 3.645125419409839945e-02 1.778289231169988049e+00
3.958333333333333703e-01 3.726063629400916399e-02 1.888807743240539017e+00
3.958333333333333703e-01 3.805564707906707728e-02 2.009599350014401153e+00
3.958333333333333703e-01 3.934557791714010655e-02 2.125631424524153879e+00
3.958333333333333703e-01 4.012933599828278491e-02 2.242406795448193435e+00
3.958333333333333703e-01 4.144496496616885406e-02 2.372083659998225347e+00
3.958333333333333703e-01 4.221437517811627016e-02 2.483860778391874025e+00
3.958333333333333703e-01 4.296377753387962961e-02 2.614179710240234655e+00
3.958333333333333703e-01 4.430631490048123067e-02 2.726794456243331055e+00
3.958333333333333703e-01 4.503594873453679870e-02 2.857785661934155730e+00
3.958333333333333703e-01 4.640059730267018928e-02 2.967854998804289934e+00
3.958333333333333703e-01 4.778561375988021193e-02 3.095944127547227254e+00
3.958333333333333703e-01 4.849254966801807426e-02 3.206817506228033743e+00
3.958333333333333703e-01 4.989805806893365947e-02 3.325393386541695584e+00
3.958333333333333703e-01 5.057737709306382029e-02 3.445762556106615193e+00
3.958333333333333703e-01 5.200202226914111409e-02 3.552367588882248572e+00
3.958333333333333703e-01 5.344645418377506202e-02 3.670771470029007943e+00
3.877551020408163129e-01 1.874528256244044344e-02 3.409636924405419212e+00
3.877551020408163129e-01 1.948499262028146467e-02 2.896507578244864156e+00
3.877551020408163129e-01 2.005542492341236618e-02 2.466700437542692192e+00
3.877551020408163129e-01 2.076777354426229821e-02 2.115888531631843428e+00
3.877551020408163129e-01 2.128450735512329647e-02 1.824736235553488406e+00
3.877551020408163129e-01 2.195962956475457084e-02 1.591640195488522425e+00
3.877551020408163129e-01 2.261813645447292506e-02 1.409521089270787453e+00
3.877551020408163129e-01 2.325780911700993728e-02 1.272847992613132639e+00
3.877551020408163129e-01 2.410858878079106746e-02 1.171182000143955015e+00
3.877551020408163129e-01 2.471719110584485318e-02 1.101558934494172526e+00
3.877551020408163129e-01 2.555883153540236541e-02 1.066420684878920833e+00
3.877551020408163129e-01 2.612890685848503342e-02 1.050247231408182547e+00
3.877551020408163129e-01 2.695582776441761419e-02 1.057522071367669181e+00
3.877551020408163129e-01 2.778017828006943551e-02 1.087021267309050909e+00
3.877551020408163129e-01 2.860093609449279248e-02 1.133665463203713086e+00
3.877551020408163129e-01 2.908692593640948426e-02 1.190573248622958991e+00
3.877551020408163129e-01 2.988192019804960728e-02 1.259324701690381243e+00
3.877551020408163129e-01 3.066962119546333410e-02 1.339860585592927089e+00
3.877551020408163129e-01 3.182686430459426286e-02 1.426951204247340677e+00
3.877551020408163129e-01 3.261357914445475736e-02 1.518510038949090646e+00
3.877551020408163129e-01 3.339010486040339121e-02 1.616932320975911885e+00
3.877551020408163129e-01 3.415525377031516235e-02 1.723054933599613259e+00
3.877551020408163129e-01 3.490780919414519790e-02 1.838377083315920535e+00
3.877551020408163129e-01 3.611143881936520333e-02 1.948788308963287141e+00
3.877551020408163129e-01 3.685479518298718365e-02 2.061307271351747961e+00
3.877551020408163129e-01 3.758237210734988870e-02 2.186448227036651204e+00
3.877551020408163129e-01 3.881449958208355727e-02 2.298496202182284343e+00
3.877551020408163129e-01 3.952801855699990957e-02 2.420594369194274620e+00
3.877551020408163129e-01 4.078279848763319976e-02 2.540006416871876116e+00
3.877551020408163129e-01 4.147926205022594431e-02 2.659904330883447798e+00
3.877551020408163129e-01 4.275547266513880784e-02 2.780071232367655742e+00
3.877551020408163129e-01 4.343180127664719031e-02 2.900485902790817860e+00
3.877551020408163129e-01 4.472820181955506486e-02 3.016388911925529381e+00
3.877551020408163129e-01 4.538122850166988187e-02 3.141609652294886867e+00
3.877551020408163129e-01 4.669655834799951721e-02 3.249388319646774992e+00
3.877551020408163129e-01 4.803067862070530686e-02 3.371602254778713892e+00
3.877551020408163129e-01 4.865600051320373431e-02 3.481928408991839863e+00
3.877551020408163129e-01 5.000749179975361863e-02 3.591352263533147404e+00
3.799999999999999489e-01 1.780809689902796908e-02 3.512923592384406213e+00
3.799999999999999489e-01 1.836653595595729924e-02 2.990426121154805994e+00
3.799999999999999489e-01 1.905282710067529583e-02 2.550110589722097920e+00
3.799999999999999489e-01 1.956572817956766380e-02 2.184477928817216252e+00
3.799999999999999489e-01 2.022129648950513059e-02 1.883545583306236670e+00
3.799999999999999489e-01 2.086329860925071472e-02 1.641329246564242172e+00
3.799999999999999489e-01 2.148973178191104783e-02 1.448824282505501326e+00
3.799999999999999489e-01 2.209852324603702248e-02 1.299972324209563768e+00
3.799999999999999489e-01 2.268752434421826905e-02 1.191708595927345904e+00
3.799999999999999489e-01 2.348727729589742547e-02 1.116874290041989459e+00
3.799999999999999489e-01 2.404329416474513745e-02 1.068145304342899449e+00
3.799999999999999489e-01 2.483167939570036023e-02 1.048403690872732330e+00
3.799999999999999489e-01 2.534749693982349047e-02 1.052400020793654800e+00
3.799999999999999489e-01 2.611912380061551936e-02 1.069428867116759330e+00
3.799999999999999489e-01 2.688709897537235397e-02 1.105954893332981026e+00
3.799999999999999489e-01 2.765043600419188341e-02 1.157893711170124185e+00
3.799999999999999489e-01 2.840812867997482422e-02 1.222211021196872194e+00
3.799999999999999489e-01 2.915915006031997991e-02 1.296675885251467708e+00
3.799999999999999489e-01 2.990245140628566486e-02 1.379937166156619988e+00
3.799999999999999489e-01 3.063696104092310940e-02 1.471333002504528809e+00
3.799999999999999489e-01 3.136158311963517520e-02 1.571207541595292856e+00
3.799999999999999489e-01 3.248155194276571706e-02 1.680243923195918310e+00
3.799999999999999489e-01 3.320055668792396691e-02 1.780412762066051258e+00
3.799999999999999489e-01 3.390679915083560231e-02 1.889054608254464140e+00
3.799999999999999489e-01 3.459909346298616073e-02 2.008346197530682886e+00
3.799999999999999489e-01 3.575231780626444283e-02 2.119848079109038608e+00
3.799999999999999489e-01 3.643274422702787868e-02 2.235676787798508869e+00
3.799999999999999489e-01 3.760791882481487325e-02 2.359553633237523762e+00
3.799999999999999489e-01 3.827370305010779905e-02 2.471292888217500483e+00
3.799999999999999489e-01 3.946968439654466310e-02 2.599743517444964791e+00
3.799999999999999489e-01 4.011797979894585198e-02 2.708887358774979326e+00
3.799999999999999489e-01 4.133360743036847140e-02 2.835921380415804549e+00
3.799999999999999489e-01 4.196149047693931156e-02 2.945651479272782147e+00
3.799999999999999489e-01 4.319558620624138617e-02 3.066809723290224721e+00
3.799999999999999489e-01 4.380005145003785377e-02 3.181546174061314236e+00
3.799999999999999489e-01 4.505141854543655983e-02 3.293536920278946845e+00
3.799999999999999489e-01 4.632041052950284371e-02 3.418831363417531577e+00
3.799999999999999489e-01 4.689679544143396384e-02 3.519344951685333900e+00
3.725490196078431460e-01 1.695227432840026513e-02 3.618517021348512941e+00
3.725490196078431460e-01 1.748405451302134303e-02 3.083645061487676919e+00
3.725490196078431460e-01 1.799088670827003397e-02 2.635474334295069720e+00
3.725490196078431460e-01 1.862645481228255434e-02 2.256188837951782489e+00
3.725490196078431460e-01 1.925111177529390677e-02 1.947766124911217034e+00
3.725490196078431460e-01 1.968641545574698754e-02 1.696120737337814655e+00
3.725490196078431460e-01 2.027311689734228109e-02 1.493936333340288192e+00
3.725490196078431460e-01 2.104113105792753194e-02 1.335682392199729174e+00
3.725490196078431460e-01 2.160334605965139043e-02 1.214242581664043863e+00
3.725490196078431460e-01 2.214492022590410641e-02 1.130272559519034381e+00
3.725490196078431460e-01 2.289705632867699084e-02 1.077275563991570317e+00
3.725490196078431460e-01 2.340394191672588373e-02 1.048214226070339983e+00
3.725490196078431460e-01 2.414271066223997939e-02 1.041398731570703395e+00
3.725490196078431460e-01 2.487910480340782202e-02 1.058686285250072245e+00
3.725490196078431460e-01 2.532810176579929420e-02 1.092993440269569128e+00
3.725490196078431460e-01 2.604366558612343160e-02 1.136763502260000447e+00
3.725490196078431460e-01 2.675365379839751701e-02 1.194987223175046243e+00
3.725490196078431460e-01 2.745709377550519664e-02 1.265309302815742720e+00
3.725490196078431460e-01 2.815299259065142529e-02 1.346257029509431602e+00
3.725490196078431460e-01 2.884033595902103092e-02 1.437043521261732959e+00
3.725490196078431460e-01 2.988899033039034425e-02 1.526763099362104636e+00
3.725490196078431460e-01 3.057222193357120657e-02 1.622995281290106950e+00
3.725490196078431460e-01 3.124423472734355264e-02 1.727028224597140005e+00
3.725490196078431460e-01 3.190393499160433521e-02 1.840785378214722101e+00
3.725490196078431460e-01 3.298534794238253132e-02 1.948127304014450889e+00
3.725490196078431460e-01 3.363513479805065043e-02 2.059023180175021839e+00
3.725490196078431460e-01 3.426974609010077083e-02 2.183231263823417034e+00
3.725490196078431460e-01 3.537515101998305739e-02 2.290430522499208088e+00
3.725490196078431460e-01 3.599548005277691809e-02 2.412357528764335957e+00
3.725490196078431460e-01 3.712027120880382475e-02 2.526028792389812150e+00
3.725490196078431460e-01 3.772362430211757822e-02 2.646862911725166967e+00
3.725490196078431460e-01 3.886669980813458464e-02 2.760803481837601048e+00
3.725490196078431460e-01 3.945031173324219792e-02 2.883446468735773038e+00
3.725490196078431460e-01 4.061055319931655694e-02 2.992988079348986474e+00
3.725490196078431460e-01 4.178760975910213865e-02 3.118992467259348533e+00
3.725490196078431460e-01 4.234785430170624754e-02 3.223280756776267353e+00
3.725490196078431460e-01 4.354069327074056722e-02 3.338884035059969779e+00
3.725490196078431460e-01 4.407452667477011754e-02 3.454532430995332692e+00
3.653846153846153633e-01 1.616859333790898398e-02 3.726331309774344902e+00
3.653846153846153633e-01 1.667613057509602023e-02 3.179770829584933622e+00
3.653846153846153633e-01 1.716009863567323837e-02 2.718071805854915368e+00
3.653846153846153633e-01 1.776683573770900318e-02 2.332327857521570902e+00
3.653846153846153633e-01 1.820491565135447243e-02 2.010328925467556704e+00
3.653846153846153633e-01 1.877983676207466840e-02 1.745903952623978794e+00
3.653846153846153633e-01 1.934060893254151148e-02 1.533784400175811413e+00
3.653846153846153633e-01 1.988539028080381355e-02 1.367356655672851806e+00
3.653846153846153633e-01 2.041227486249061127e-02 1.242893240215905415e+00
3.653846153846153633e-01 2.113024065372768809e-02 1.147870280309433388e+00
3.653846153846153633e-01 2.162730628852004011e-02 1.085619966216233356e+00
3.653846153846153633e-01 2.233489370215299696e-02 1.050241021076258718e+00
3.653846153846153633e-01 2.279574805301199866e-02 1.040926125565881932e+00
3.653846153846153633e-01 2.348816836723090565e-02 1.045167594729380589e+00
3.653846153846153633e-01 2.417726883270153448e-02 1.070381764637338584e+00
3.653846153846153633e-01 2.486217274865330784e-02 1.112155081963521752e+00
3.653846153846153633e-01 2.554198683408888740e-02 1.167113801553898433e+00
3.653846153846153633e-01 2.621580042196419366e-02 1.232668065792008827e+00
3.653846153846153633e-01 2.688268459520414336e-02 1.307104133387391398e+00
3.653846153846153633e-01 2.754169125904414039e-02 1.389390440478841526e+00
3.653846153846153633e-01 2.819185214353993330e-02 1.479499715351316746e+00
3.653846153846153633e-01 2.883217772935214168e-02 1.577757791324373882e+00
3.653846153846153633e-01 2.946165608906736039e-02 1.685165567177907775e+00
3.653846153846153633e-01 3.047750105028000298e-02 1.784411890983392146e+00
3.653846153846153633e-01 3.109881528092636044e-02 1.890903319170119001e+00
3.653846153846153633e-01 3.170663069993472777e-02 2.008721056416223227e+00
3.653846153846153633e-01 3.274612364905017670e-02 2.116499245240289984e+00
3.653846153846153633e-01 3.334171591688662312e-02 2.231278248750629967e+00
3.653846153846153633e-01 3.440011746375537527e-02 2.350188878655578684e+00
3.653846153846153633e-01 3.498098389259302748e-02 2.461699296655345481e+00
3.653846153846153633e-01 3.605725913851630382e-02 2.584505959779317408e+00
3.653846153846153633e-01 3.662083372561830003e-02 2.694467692439276973e+00
3.653846153846153633e-01 3.771393296000712797e-02 2.815556939451925977e+00
3.653846153846153633e-01 3.825758240718075270e-02 2.927341121039505722e+00
3.653846153846153633e-01 3.936644044496456774e-02 3.042343582375782951e+00
3.653846153846153633e-01 3.988745980944392866e-02 3.160597632559111858e+00
3.653846153846153633e-01 4.101099528062782801e-02 3.266412007547455421e+00
3.653846153846153633e-01 4.215013541113374340e-02 3.385653003610227252e+00
3.584905660377358250e-01 1.593451913777907403e-02 3.278697503263235724e+00
3.584905660377358250e-01 1.639764837911872677e-02 2.804268814859717907e+00
3.584905660377358250e-01 1.683578490234669683e-02 2.407506734591695174e+00
3.584905660377358250e-01 1.739780629221053532e-02 2.074210068351914682e+00
3.584905660377358250e-01 1.794820159657094238e-02 1.801953103580000271e+00
3.584905660377358250e-01 1.848529345603245472e-02 1.580921637536896851e+00
3.584905660377358250e-01 1.900735069524537441e-02 1.404035021762846558e+00
3.584905660377358250e-01 1.951258399602749660e-02 1.267033453926912356e+00
3.584905660377358250e-01 1.999914105313062990e-02 1.168273799756954556e+00
3.584905660377358250e-01 2.067709664906632397e-02 1.097713414105592644e+00
3.584905660377358250e-01 2.113228556077112810e-02 1.055401731111289543e+00
3.584905660377358250e-01 2.179809241975843442e-02 1.034732406008496808e+00
3.584905660377358250e-01 2.246172579770218045e-02 1.040020192528056109e+00
3.584905660377358250e-01 2.286472021470674701e-02 1.060117449525328492e+00
3.584905660377358250e-01 2.350956009246378542e-02 1.093043594128468188e+00
3.584905660377358250e-01 2.414937566192015134e-02 1.141175705463012280e+00
3.584905660377358250e-01 2.478330156336060880e-02 1.201811088455850829e+00
3.584905660377358250e-01 2.541045537524283179e-02 1.273124924108862910e+00
3.584905660377358250e-01 2.602993675056171352e-02 1.353970427011457645e+00
3.584905660377358250e-01 2.664082648836430325e-02 1.444215097245166168e+00
3.584905660377358250e-01 2.759221006410980323e-02 1.536548025293117847e+00
3.584905660377358250e-01 2.819797941589954199e-02 1.630421199959893208e+00
3.584905660377358250e-01 2.879274426865593289e-02 1.732441753893602776e+00
3.584905660377358250e-01 2.937551537522606684e-02 1.844314403591943652e+00
3.584905660377358250e-01 3.035463234149274325e-02 1.949467519466716148e+00
3.584905660377358250e-01 3.092702738834481047e-02 2.058587963959701117e+00
3.584905660377358250e-01 3.192460958378325747e-02 2.180225820752540677e+00
3.584905660377358250e-01 3.248429669107719131e-02 2.284879816780230222e+00
3.584905660377358250e-01 3.302778082230042878e-02 2.406437748145594302e+00
3.584905660377358250e-01 3.404396101425748167e-02 2.515225017168181587e+00
3.584905660377358250e-01 3.457068109017387425e-02 2.636628773668258763e+00
3.584905660377358250e-01 3.560258509637714147e-02 2.745255711070513804e+00
3.584905660377358250e-01 3.611004263483812843e-02 2.869613429425749818e+00
3.584905660377358250e-01 3.715665636474389799e-02 2.973530677111748677e+00
3.584905660377358250e-01 3.821822171936261475e-02 3.093748233744107790e+00
3.584905660377358250e-01 3.870258023031750150e-02 3.201195704783909690e+00
3.584905660377358250e-01 3.977760077036532338e-02 3.311156831026677239e+00
3.518518518518518601e-01 1.513235910397251263e-02 3.377179939317830115e+00
3.518518518518518601e-01 1.569615894008270437e-02 2.893933476122953596e+00
3.518518518518518601e-01 1.611658257421521093e-02 2.482932313891136999e+00
3.518518518518518601e-01 1.665545021807707943e-02 2.143251945767945976e+00
3.518518518518518601e-01 1.702991292186168543e-02 1.860141596154970323e+00
3.518518518518518601e-01 1.753623390828127140e-02 1.628192939994233868e+00
3.518518518518518601e-01 1.802800577195505863e-02 1.443883125255326139e+00
3.518518518518518601e-01 1.868544463239978082e-02 1.300558497297527261e+00
3.518518518518518601e-01 1.915328189032893674e-02 1.188066903504205740e+00
3.518518518518518601e-01 1.960173974330361307e-02 1.111930515788395191e+00
3.518518518518518601e-01 2.024202480608123036e-02 1.061182577668592142e+00
3.518518518518518601e-01 2.065771618651775221e-02 1.038365898504595153e+00
3.518518518518518601e-01 2.128424630860601546e-02 1.030101164776086486e+00
3.518518518518518601e-01 2.190776723992446037e-02 1.044289913127290692e+00
3.518518518518518601e-01 2.252749430471762473e-02 1.076215269059179969e+00
3.518518518518518601e-01 2.314262878774337590e-02 1.122188667910789084e+00
3.518518518518518601e-01 2.375235727092947849e-02 1.179285886215844847e+00
3.518518518518518601e-01 2.435585092330306428e-02 1.245453934102911830e+00
3.518518518518518601e-01 2.495226473986714502e-02 1.319314147675029858e+00
3.518518518518518601e-01 2.554073672460143579e-02 1.400488802508565112e+00
3.518518518518518601e-01 2.612038701220114126e-02 1.488959580526042492e+00
3.518518518518518601e-01 2.669031692252254312e-02 1.585373240169175357e+00
3.518518518518518601e-01 2.724960794096979722e-02 1.691180202200585070e+00
3.518518518518518601e-01 2.817325823485197084e-02 1.789939543296488855e+00
3.518518518518518601e-01 2.872383468464003581e-02 1.894281408099414143e+00
3.518518518518518601e-01 2.926136618173206735e-02 2.010448606436707752e+00
3.518518518518518601e-01 3.020522080929001138e-02 2.115302596226633192e+00
3.518518518518518601e-01 3.073035289227953049e-02 2.228828999195725746e+00
3.518518518518518601e-01 3.169061871188082885e-02 2.343571563676282388e+00
3.518518518518518601e-01 3.220108051827207107e-02 2.454659831951913063e+00
3.518518518518518601e-01 3.317681567332853021e-02 2.572505415564878106e+00
3.518518518518518601e-01 3.367028051568846797e-02 2.683113142760305436e+00
3.518518518518518601e-01 3.466053012113682469e-02 2.798867453407567041e+00
3.518518518518518601e-01 3.513461200234767323e-02 2.912316050766182052e+00
3.518518518518518601e-01 3.613840756682298871e-02 3.022028885299912204e+00
3.518518518518518601e-01 3.659065737408382507e-02 3.143022973060615843e+00
3.518518518518518601e-01 3.760701618057443046e-02 3.243616198906813963e+00
3.454545454545455141e-01 1.450807750687794703e-02 3.474903761964112547e+00
3.454545454545455141e-01 1.492696937461083194e-02 2.981654171454712454e+00
3.454545454545455141e-01 1.545341775790877621e-02 2.562594427482220993e+00
3.454545454545455141e-01 1.583269121251523401e-02 2.210241996977869494e+00
3.454545454545455141e-01 1.633170482104591426e-02 1.916098029018385551e+00
3.454545454545455141e-01 1.681856349065213863e-02 1.675683800790843225e+00
3.454545454545455141e-01 1.729171276591071060e-02 1.481444928537416938e+00
3.454545454545455141e-01 1.774954851078523396e-02 1.328549728606448488e+00
3.454545454545455141e-01 1.819041286912188513e-02 1.214684199504055373e+00
3.454545454545455141e-01 1.880620708762132179e-02 1.126895932128326949e+00
3.454545454545455141e-01 1.921858930521443826e-02 1.071084870504928510e+00
3.454545454545455141e-01 1.982332914236979021e-02 1.036836163987093551e+00
3.454545454545455141e-01 2.042609300723237029e-02 1.030372218528722073e+00
3.454545454545455141e-01 2.079120238954954014e-02 1.036376607067972300e+00
3.454545454545455141e-01 2.137695513381428561e-02 1.058844017467359899e+00
3.454545454545455141e-01 2.195817555071101490e-02 1.097325739662910804e+00
3.454545454545455141e-01 2.253408836732437304e-02 1.148795304494713454e+00
3.454545454545455141e-01 2.310390385101574601e-02 1.211098354930028709e+00
3.454545454545455141e-01 2.366681709817737220e-02 1.282750135660822188e+00
3.454545454545455141e-01 2.422200727089476174e-02 1.363275923569359227e+00
3.454545454545455141e-01 2.476863677650412501e-02 1.452534184747787505e+00
3.454545454545455141e-01 2.563764603656444943e-02 1.547798841265944247e+00
3.454545454545455141e-01 2.617840216918341720e-02 1.639334145943620813e+00
3.454545454545455141e-01 2.670839969959967752e-02 1.739014001494944672e+00
3.454545454545455141e-01 2.722673885186533901e-02 1.848987655197651847e+00
3.454545454545455141e-01 2.811935980966328782e-02 1.952553587981949113e+00
3.454545454545455141e-01 2.862703833827944314e-02 2.059800934439772302e+00
3.454545454545455141e-01 2.953577686076684292e-02 2.178224948740029809e+00
3.454545454545455141e-01 3.003067188724603195e-02 2.281506441946363761e+00
3.454545454545455141e-01 3.051008192715089565e-02 2.402526197212803361e+00
3.454545454545455141e-01 3.143457759750833275e-02 2.507055300084938487e+00
3.454545454545455141e-01 3.189751675017001714e-02 2.628873399439612513e+00
3.454545454545455141e-01 3.283562902285869917e-02 2.732763410927970593e+00
3.454545454545455141e-01 3.378733712558634056e-02 2.855083778120687921e+00
3.454545454545455141e-01 3.423063137950871360e-02 2.957603158795266030e+00
3.454545454545455141e-01 3.519482736340019680e-02 3.072379174600193608e+00
3.454545454545455141e-01 3.561631741562136522e-02 3.182833421925200135e+00
3.392857142857143016e-01 1.393097487391977037e-02 3.575314571565807231e+00
3.392857142857143016e-01 1.433419171330542995e-02 3.070240677527567019e+00
3.392857142857143016e-01 1.471574957210234486e-02 2.642828206296283788e+00
3.392857142857143016e-01 1.520619087526150527e-02 2.278760964652064125e+00
3.392857142857143016e-01 1.568659485416654814e-02 1.978015539016677149e+00
3.392857142857143016e-01 1.615553480492004645e-02 1.730084112054111722e+00
3.392857142857143016e-01 1.661154188604328438e-02 1.526997003685953924e+00
3.392857142857143016e-01 1.705310187516127438e-02 1.363448225288818705e+00
3.392857142857143016e-01 1.747865155256852349e-02 1.236599344441008164e+00
3.392857142857143016e-01 1.788657465480082351e-02 1.146324514160086405e+00
3.392857142857143016e-01 1.847020541658595666e-02 1.080512133210289605e+00
3.392857142857143016e-01 1.884835355627152015e-02 1.044094302814630559e+00
3.392857142857143016e-01 1.941948308564856243e-02 1.023632269895857316e+00
3.392857142857143016e-01 1.998789054862146544e-02 1.027105550337880535e+00
3.392857142857143016e-01 2.055286911054304833e-02 1.049517584065317255e+00
3.392857142857143016e-01 2.086714214512570831e-02 1.084834470199836698e+00
3.392857142857143016e-01 2.141204872686475538e-02 1.130410492835611791e+00
3.392857142857143016e-01 2.195099510775530560e-02 1.188546695665984920e+00
3.392857142857143016e-01 2.248321356941053104e-02 1.257657250501331037e+00
3.392857142857143016e-01 2.330071861600543220e-02 1.333543104068216412e+00
3.392857142857143016e-01 2.382956855411856589e-02 1.413168081730965309e+00
3.392857142857143016e-01 2.434967259255329738e-02 1.499700420647716248e+00
3.392857142857143016e-01 2.486021024520317091e-02 1.594244164583241918e+00
3.392857142857143016e-01 2.536034335615323584e-02 1.698066905002870275e+00
3.392857142857143016e-01 2.620563039650586346e-02 1.796972016794307070e+00
3.392857142857143016e-01 2.669667435480751680e-02 1.899004704755316908e+00
3.392857142857143016e-01 2.717511885949838030e-02 2.013397775270191037e+00
3.392857142857143016e-01 2.803776755787170533e-02 2.115944449695493113e+00
3.392857142857143016e-01 2.850376003062388836e-02 2.228060247036919961e+00
3.392857142857143016e-01 2.938074769428973901e-02 2.339365426128093173e+00
3.392857142857143016e-01 2.983221664336681289e-02 2.449719870918253051e+00
3.392857142857143016e-01 3.072268171080119042e-02 2.563420162564083338e+00
3.392857142857143016e-01 3.115750610148699043e-02 2.674257702142464055e+00
3.392857142857143016e-01 3.206057547764933763e-02 2.785329749578508540e+00
3.392857142857143016e-01 3.247658165990482265e-02 2.900257120099494657e+00
3.392857142857143016e-01 3.339137020878765738e-02 3.004992447313775017e+00
3.392857142857143016e-01 3.431886415418276132e-02 3.124759002365352867e+00
3.333333333333333148e-01 1.339633883735279370e-02 3.678316048405160466e+00
3.333333333333333148e-01 1.378511574443207557e-02 3.162156084593023220e+00
3.333333333333333148e-01 1.415332078051145977e-02 2.721595033202210523e+00
3.333333333333333148e-01 1.462601741606763331e-02 2.352208439940278062e+00
3.333333333333333148e-01 1.495436558661955920e-02 2.038587156827983193e+00
3.333333333333333148e-01 1.539889581759599883e-02 1.778695750821580379e+00
3.333333333333333148e-01 1.583088177407368513e-02 1.566922363611293889e+00
3.333333333333333148e-01 1.624887653248528394e-02 1.397911022399139336e+00
3.333333333333333148e-01 1.681979727472221464e-02 1.268693838487510828e+00
3.333333333333333148e-01 1.721457101652387051e-02 1.164080173284455677e+00
3.333333333333333148e-01 1.759111993956484835e-02 1.094616214830051559e+00
3.333333333333333148e-01 1.814423110315888099e-02 1.047092238079642357e+00
3.333333333333333148e-01 1.869555532339945564e-02 1.029153007750153392e+00
3.333333333333333148e-01 1.902910900472804326e-02 1.021236393908240947e+00
3.333333333333333148e-01 1.956498717222392159e-02 1.033639947904522849e+00
3.333333333333333148e-01 2.009677179947733094e-02 1.062914068841142701e+00
3.333333333333333148e-01 2.062376393023884757e-02 1.105730362932786814e+00
3.333333333333333148e-01 2.114525226031204602e-02 1.159625904963596854e+00
3.333333333333333148e-01 2.166051254684891667e-02 1.222798443413824598e+00
3.333333333333333148e-01 2.216880697541857501e-02 1.294450086935945654e+00
3.333333333333333148e-01 2.266938348087814067e-02 1.374122974697007393e+00
3.333333333333333148e-01 2.316147501761035843e-02 1.462029961192347960e+00
3.333333333333333148e-01 2.364429877416572220e-02 1.559182482056207242e+00
3.333333333333333148e-01 2.444574382830028147e-02 1.649521206716450861e+00
3.333333333333333148e-01 2.492090226338922535e-02 1.746799719610978796e+00
3.333333333333333148e-01 2.538474094169839573e-02 1.854680364477625520e+00
3.333333333333333148e-01 2.620355114551381481e-02 1.957256660477443289e+00
3.333333333333333148e-01 2.665657143562587261e-02 2.062446248776646396e+00
3.333333333333333148e-01 2.748953923482816419e-02 2.178299664739245856e+00
3.333333333333333148e-01 2.792979876283748636e-02 2.280071354478109047e+00
3.333333333333333148e-01 2.835524184585156218e-02 2.400243667326593222e+00
3.333333333333333148e-01 2.920162053249865733e-02 2.501279227552139606e+00
3.333333333333333148e-01 2.961093341970648038e-02 2.623120091836104173e+00
3.333333333333333148e-01 3.046917692237381334e-02 2.722883822911993601e+00
3.333333333333333148e-01 3.133968104650783348e-02 2.840771012563290565e+00
3.333333333333333148e-01 3.172954732571404285e-02 2.944410367717927635e+00
3.333333333333333148e-01 3.261088171992174850e-02 3.054651251213621688e+00
