1.666666666666666644e-02 2.030905651733647902e-03 3.415856406927057165e+00
1.666666666666666644e-02 2.112954240063687900e-03 2.801727970731924700e+00
1.666666666666666644e-02 2.196627552915113475e-03 2.294561382488428336e+00
1.666666666666666644e-02 2.281925590287926797e-03 1.888291324564765894e+00
1.666666666666666644e-02 2.368848352182127432e-03 1.577912627846204119e+00
1.666666666666666644e-02 2.457395838597714079e-03 1.358459909550725708e+00
1.666666666666666644e-02 2.547568049534688038e-03 1.224673154063067759e+00
1.666666666666666644e-02 2.586389065738333316e-03 1.137869200697343652e+00
1.666666666666666644e-02 2.623065537301986268e-03 1.065135607163673281e+00
1.666666666666666644e-02 2.676432349929449856e-03 1.003174082083388541e+00
1.666666666666666644e-02 2.709173305377465552e-03 9.545876937395940676e-01
1.666666666666666644e-02 2.759733097368142520e-03 9.147372660574224490e-01
1.666666666666666644e-02 2.809110167621020008e-03 8.860841420843217353e-01
1.666666666666666644e-02 2.857238032446628943e-03 8.665583304317803215e-01
1.666666666666666644e-02 2.904050149164355381e-03 8.551984036623261343e-01
1.666666666666666644e-02 2.949479914175039564e-03 8.517477563549437081e-01
1.666666666666666644e-02 2.993460660929777358e-03 8.551154320084173310e-01
1.666666666666666644e-02 3.035925657787361988e-03 8.652989664884772614e-01
1.666666666666666644e-02 3.076808105752011635e-03 8.825093351006088049e-01
1.666666666666666644e-02 3.142006316965591066e-03 9.054036549659681965e-01
1.666666666666666644e-02 3.180288638676137449e-03 9.315182220775175548e-01
1.666666666666666644e-02 3.216799066939517518e-03 9.651869829556294356e-01
1.666666666666666644e-02 3.279762961193633235e-03 1.000714792139078435e+00
1.666666666666666644e-02 3.342416372606739263e-03 1.042684594983707136e+00
1.666666666666666644e-02 3.374831252902856654e-03 1.085275402040949855e+00
1.666666666666666644e-02 3.435946246086680166e-03 1.133439616030141650e+00
1.666666666666666644e-02 3.496640105832368121e-03 1.185525610306615851e+00
1.666666666666666644e-02 3.524491969784520739e-03 1.237921274645322978e+00
1.666666666666666644e-02 3.583392110944029919e-03 1.293197639661261444e+00
1.666666666666666644e-02 3.641760270275664658e-03 1.351466672492181775e+00
1.666666666666666644e-02 3.699563204114094013e-03 1.412262647414405103e+00
1.666666666666666644e-02 3.756767652068477605e-03 1.474591913771076790e+00
1.666666666666666644e-02 3.813340336692803111e-03 1.538477909533898735e+00
1.666666666666666644e-02 3.869247963145441577e-03 1.603803311694031120e+00
1.666666666666666644e-02 3.924457218837390168e-03 1.670433987621069427e+00
1.666666666666666644e-02 3.978934773068761727e-03 1.738017019834948274e+00
1.666666666666666644e-02 4.032647276652911832e-03 1.806357351757631680e+00
1.666666666666666644e-02 4.126975018521618875e-03 1.884902246824863292e+00
1.666666666666666644e-02 4.222393254515974768e-03 1.978229792308882740e+00
1.666666666666666644e-02 4.318901984635981246e-03 2.085377921143082958e+00
1.666666666666666644e-02 4.416501208881635707e-03 2.205319971376349830e+00
1.666666666666666644e-02 4.515190927252942486e-03 2.337119801799724783e+00
1.666666666666666644e-02 4.614971139749898116e-03 2.480181475159890070e+00
1.666666666666666644e-02 4.715841846372503463e-03 2.633210525067396279e+00
1.666666666666666644e-02 4.817803047120757659e-03 2.796459183007139693e+00
1.666666666666666644e-02 4.920854741994663308e-03 2.969331743970772486e+00
1.666666666666666644e-02 5.024996930994216071e-03 3.150601607322950137e+00
1.666666666666666644e-02 5.130229614119422021e-03 3.339607225238684141e+00
1.666666666666666644e-02 5.236552791370275954e-03 3.535643599705154294e+00
1.610169491525423671e-02 2.035771308865718613e-03 3.322052727622810675e+00
1.610169491525423671e-02 2.116388165771973268e-03 2.732813525907006991e+00
1.610169491525423671e-02 2.198570398540484853e-03 2.245746871432356961e+00
1.610169491525423671e-02 2.282318007171255103e-03 1.855923703960660864e+00
1.610169491525423671e-02 2.367630991664281849e-03 1.558448402755419959e+00
1.610169491525423671e-02 2.454509352019565958e-03 1.348122580619120159e+00
1.610169491525423671e-02 2.542953088237108299e-03 1.220459150285041261e+00
1.610169491525423671e-02 2.580084737929858128e-03 1.135370215073553180e+00
1.610169491525423671e-02 2.615085245496068852e-03 1.064160074958987012e+00
1.610169491525423671e-02 2.666735334602385668e-03 1.003311093240278895e+00
1.610169491525423671e-02 2.717341361667434570e-03 9.553596244461384224e-01
1.610169491525423671e-02 2.746673071914423891e-03 9.163696800712668455e-01
1.610169491525423671e-02 2.794338281857426665e-03 8.871625163680997295e-01
1.610169491525423671e-02 2.840756533925555081e-03 8.669476256600521236e-01
1.610169491525423671e-02 2.885863702488301267e-03 8.552930491325038131e-01
1.610169491525423671e-02 2.929595604712868871e-03 8.509554026647703218e-01
1.610169491525423671e-02 2.971887998653317906e-03 8.537920367735696292e-01
1.610169491525423671e-02 3.012676581234829520e-03 8.637994683556884379e-01
1.610169491525423671e-02 3.076918280975848592e-03 8.799965864861838405e-01
1.610169491525423671e-02 3.115243527578702258e-03 8.994980216764696390e-01
1.610169491525423671e-02 3.151882698841621238e-03 9.262753925245609254e-01
1.610169491525423671e-02 3.214034204320632190e-03 9.569021576038545529e-01
1.610169491525423671e-02 3.247877959788804132e-03 9.920436489355881626e-01
1.610169491525423671e-02 3.308663687677815182e-03 1.030266097825670579e+00
1.610169491525423671e-02 3.369096503285850305e-03 1.074886915103176799e+00
1.610169491525423671e-02 3.398746492543259015e-03 1.119405539752786227e+00
1.610169491525423671e-02 3.457567866061288155e-03 1.168157953972450036e+00
1.610169491525423671e-02 3.515929650915775376e-03 1.220470500489265087e+00
1.610169491525423671e-02 3.540935171210568121e-03 1.275853449024037189e+00
1.610169491525423671e-02 3.597439380620091019e-03 1.331701820696041816e+00
1.610169491525423671e-02 3.653377136072785171e-03 1.389685834786824170e+00
1.610169491525423671e-02 3.708716389129310727e-03 1.449776437980893951e+00
1.610169491525423671e-02 3.763425075384204885e-03 1.511798914313900566e+00
1.610169491525423671e-02 3.817471114146762153e-03 1.575568650766694834e+00
1.610169491525423671e-02 3.870822408111366641e-03 1.640661978231499063e+00
1.610169491525423671e-02 3.923446843016733382e-03 1.706835262438160417e+00
1.610169491525423671e-02 3.975312287293617658e-03 1.774115629682726958e+00
1.610169491525423671e-02 4.067223986365671451e-03 1.844317675174705684e+00
1.610169491525423671e-02 4.160186104855692450e-03 1.929165817641348646e+00
1.610169491525423671e-02 4.254198642763678921e-03 2.027579707881146387e+00
1.610169491525423671e-02 4.349261600089633466e-03 2.138666626553709982e+00
1.610169491525423671e-02 4.445374976833554349e-03 2.261788051915688769e+00
1.610169491525423671e-02 4.542538772995440705e-03 2.395641628274957746e+00
1.610169491525423671e-02 4.640752988575292531e-03 2.540424544376742588e+00
1.610169491525423671e-02 4.740017623573112432e-03 2.695548725808519563e+00
1.610169491525423671e-02 4.840332677988897804e-03 2.859757323819666297e+00
1.610169491525423671e-02 4.941698151822650383e-03 3.032414010361179635e+00
1.610169491525423671e-02 5.044114045074368433e-03 3.212748446722284434e+00
1.557377049180327759e-02 2.041791125408192343e-03 3.224921641043262177e+00
1.557377049180327759e-02 2.121076653576779453e-03 2.660004111528770476e+00
1.557377049180327759e-02 2.201872382281911972e-03 2.193519186482583372e+00
1.557377049180327759e-02 2.284178311523587732e-03 1.820645535325508435e+00
1.557377049180327759e-02 2.367994441301808899e-03 1.536247053919072680e+00
1.557377049180327759e-02 2.453320771616574608e-03 1.335927548057612491e+00
1.557377049180327759e-02 2.540157302467884425e-03 1.215079259575770454e+00
1.557377049180327759e-02 2.575688066675497177e-03 1.131753022348266136e+00
1.557377049180327759e-02 2.609100216286418944e-03 1.062079505789596645e+00
1.557377049180327759e-02 2.659134117471521723e-03 1.002476373729480397e+00
1.557377049180327759e-02 2.708118992712252055e-03 9.555802829614002958e-01
1.557377049180327759e-02 2.735895139697751971e-03 9.170795325959418820e-01
1.557377049180327759e-02 2.781948846203883240e-03 8.877732024955864443e-01
1.557377049180327759e-02 2.826757737190987996e-03 8.676980683777544279e-01
1.557377049180327759e-02 2.870259934925949163e-03 8.554711434285691141e-01
1.557377049180327759e-02 2.912393507832299316e-03 8.508183007754559490e-01
1.557377049180327759e-02 2.953096468688176050e-03 8.535304814533687390e-01
1.557377049180327759e-02 3.016450361069930412e-03 8.630905607706256255e-01
1.557377049180327759e-02 3.054817160349130711e-03 8.759717949678640370e-01
1.557377049180327759e-02 3.091577652814765653e-03 8.959270401654213511e-01
1.557377049180327759e-02 3.152975367639072532e-03 9.217728759849176390e-01
1.557377049180327759e-02 3.187079575372270875e-03 9.499978962501226532e-01
1.557377049180327759e-02 3.247199991462398818e-03 9.843186780082611165e-01
1.557377049180327759e-02 3.278441135903871918e-03 1.021594063667712105e+00
1.557377049180327759e-02 3.337119422418799528e-03 1.062595410864626722e+00
1.557377049180327759e-02 3.395405368993758936e-03 1.108350901322747717e+00
1.557377049180327759e-02 3.422361512437626686e-03 1.154593674381505952e+00
1.557377049180327759e-02 3.478968173741379174e-03 1.204253596079984501e+00
1.557377049180327759e-02 3.535079516313982019e-03 1.257293175296589460e+00
1.557377049180327759e-02 3.590664656359076386e-03 1.312555170657471404e+00
1.557377049180327759e-02 3.645692695863692913e-03 1.369969013982245576e+00
1.557377049180327759e-02 3.700132722323866592e-03 1.429272756934284683e+00
1.557377049180327759e-02 3.753953808461426254e-03 1.490247312747760011e+00
1.557377049180327759e-02 3.807125011931603888e-03 1.552378627856514148e+00
1.557377049180327759e-02 3.859615375021024052e-03 1.615394732353009566e+00
1.557377049180327759e-02 3.911393924335684370e-03 1.679237426279353240e+00
1.557377049180327759e-02 3.962429670478447019e-03 1.744294612000223177e+00
1.557377049180327759e-02 4.012691607715566759e-03 1.810510402079414272e+00
1.557377049180327759e-02 4.103371041850281675e-03 1.887308007504084895e+00
1.557377049180327759e-02 4.195063654020023645e-03 1.977569209275138462e+00
1.557377049180327759e-02 4.287769444224789200e-03 2.080612270528564345e+00
1.557377049180327759e-02 4.381488412464579207e-03 2.195130731863199625e+00
1.557377049180327759e-02 4.476220558739393666e-03 2.321267282424812173e+00
1.557377049180327759e-02 4.571965883049234312e-03 2.458443925738147406e+00
1.557377049180327759e-02 4.668724385394097676e-03 2.605374085610844936e+00
1.557377049180327759e-02 4.766496065773988093e-03 2.761446407152938765e+00
1.557377049180327759e-02 4.865280924188902963e-03 2.925829633107014160e+00
1.507936507936508130e-02 2.048848285951479758e-03 3.125042788741603239e+00
1.507936507936508130e-02 2.126892702682277401e-03 2.584585204159449034e+00
1.507936507936508130e-02 2.206395893557574605e-03 2.138857866150630116e+00
1.507936507936508130e-02 2.287357858577373105e-03 1.782787105623915735e+00
1.507936507936508130e-02 2.369778597741673334e-03 1.512069646092316866e+00
1.507936507936508130e-02 2.453658111050473559e-03 1.322156614772153072e+00
1.507936507936508130e-02 2.538996398503775079e-03 1.208917134376283675e+00
1.507936507936508130e-02 2.573005727867191169e-03 1.127318910774813610e+00
1.507936507936508130e-02 2.604908177929912520e-03 1.058882090829124101e+00
1.507936507936508130e-02 2.653416178754925813e-03 1.001268065358468906e+00
1.507936507936508130e-02 2.700870570580577324e-03 9.549528085749601214e-01
1.507936507936508130e-02 2.727167750848859176e-03 9.169838431214776264e-01
1.507936507936508130e-02 2.771700065841933239e-03 8.883247745401281481e-01
1.507936507936508130e-02 2.814989608286163139e-03 8.680728200457628052e-01
1.507936507936508130e-02 2.856976596317949667e-03 8.558304857754932549e-01
1.507936507936508130e-02 2.897601197277078003e-03 8.511913869480391970e-01
1.507936507936508130e-02 2.936803526003434368e-03 8.537522673897799397e-01
1.507936507936508130e-02 2.998535849266334864e-03 8.604715200894297311e-01
1.507936507936508130e-02 3.035410855202766781e-03 8.736915445402623215e-01
1.507936507936508130e-02 3.070693855950737145e-03 8.937501637091942452e-01
1.507936507936508130e-02 3.130455672338021932e-03 9.163957930369106553e-01
1.507936507936508130e-02 3.163102090011813208e-03 9.449522459323834722e-01
1.507936507936508130e-02 3.221579464238392542e-03 9.771137384037767992e-01
1.507936507936508130e-02 3.251389544222936610e-03 1.014916070178162100e+00
1.507936507936508130e-02 3.308423236963223355e-03 1.053123515553540113e+00
1.507936507936508130e-02 3.365057645898049746e-03 1.096044713684110050e+00
1.507936507936508130e-02 3.421262981651689624e-03 1.143074648923113168e+00
1.507936507936508130e-02 3.445589112375750836e-03 1.191785034146956690e+00
1.507936507936508130e-02 3.500051968050454584e-03 1.242096399304652987e+00
1.507936507936508130e-02 3.553986220541853740e-03 1.295130834612327142e+00
1.507936507936508130e-02 3.607362020961883946e-03 1.350573601188482797e+00
1.507936507936508130e-02 3.660149506793149241e-03 1.408160545420980903e+00
1.507936507936508130e-02 3.712318801622227840e-03 1.467310893839475217e+00
1.507936507936508130e-02 3.763840014864306468e-03 1.527709928843533849e+00
1.507936507936508130e-02 3.814683241478779817e-03 1.589257332386742716e+00
1.507936507936508130e-02 3.864818561675388391e-03 1.652284315801823666e+00
1.507936507936508130e-02 3.914216040610491408e-03 1.716689056268578817e+00
1.507936507936508130e-02 3.962845728072997287e-03 1.782203523800145462e+00
1.507936507936508130e-02 4.051398206687962210e-03 1.851570450102310250e+00
1.507936507936508130e-02 4.140929165729612116e-03 1.934441392581565111e+00
1.507936507936508130e-02 4.231438605197946137e-03 2.029509373453564081e+00
1.507936507936508130e-02 4.322926525092963407e-03 2.136863166768395494e+00
1.507936507936508130e-02 4.415392925414668261e-03 2.255937170854893647e+00
1.507936507936508130e-02 4.508837806163055496e-03 2.385415563938733108e+00
1.507936507936508130e-02 4.603261167338127714e-03 2.524711605708541029e+00
1.507936507936508130e-02 4.698663008939885782e-03 2.672937488503713599e+00
1.461538461538461516e-02 1.981367263557341687e-03 3.635487841382539997e+00
1.461538461538461516e-02 2.056841203465008955e-03 3.023652116724893979e+00
1.461538461538461516e-02 2.133725871221416569e-03 2.507533913441697848e+00
1.461538461538461516e-02 2.212021266826565830e-03 2.082121735382417071e+00
1.461538461538461516e-02 2.291727390280457605e-03 1.743206731332745507e+00
1.461538461538461516e-02 2.372844241583089726e-03 1.486299245535129154e+00
1.461538461538461516e-02 2.455371820734463927e-03 1.307313777156874579e+00
1.461538461538461516e-02 2.522287530384676943e-03 1.200691757243545155e+00
1.461538461538461516e-02 2.571869628682862344e-03 1.122126392939307493e+00
1.461538461538461516e-02 2.602333266054488847e-03 1.055271528337119680e+00
1.461538461538461516e-02 2.649396750655745938e-03 9.990709243259618955e-01
1.461538461538461516e-02 2.695402382677223631e-03 9.537013692651605812e-01
1.461538461538461516e-02 2.720289609162737914e-03 9.165916461485968947e-01
1.461538461538461516e-02 2.763381745633833406e-03 8.882206936058527624e-01
1.461538461538461516e-02 2.805233058776430630e-03 8.683256994333106160e-01
1.461538461538461516e-02 2.845785725460843723e-03 8.563106111891378713e-01
1.461538461538461516e-02 2.884981874533486430e-03 8.516880064592337041e-01
1.461538461538461516e-02 2.945988399740239686e-03 8.525620845079691090e-01
1.461538461538461516e-02 2.982971661765897783e-03 8.591485952698236783e-01
1.461538461538461516e-02 3.018434385560084254e-03 8.723395243468616833e-01
1.461538461538461516e-02 3.077591815978861917e-03 8.908252849889116698e-01
1.461538461538461516e-02 3.110542790047078968e-03 9.123691713943327120e-01
1.461538461538461516e-02 3.168495848450230117e-03 9.411748079466546457e-01
1.461538461538461516e-02 3.198742047052467469e-03 9.713865372745447146e-01
1.461538461538461516e-02 3.255336831216635186e-03 1.006683043474440042e+00
1.461538461538461516e-02 3.282684951054321357e-03 1.045850975860086018e+00
1.461538461538461516e-02 3.337767373113539795e-03 1.086480183057236149e+00
1.461538461538461516e-02 3.392415240483278877e-03 1.131396755923433473e+00
1.461538461538461516e-02 3.446599728962190801e-03 1.179294147928685366e+00
1.461538461538461516e-02 3.500292002370596241e-03 1.230014746124915348e+00
1.461538461538461516e-02 3.520736409698341229e-03 1.281239099642267343e+00
1.461538461538461516e-02 3.572559724966357236e-03 1.335058826451001934e+00
1.461538461538461516e-02 3.623794474153031568e-03 1.390855236273689011e+00
1.461538461538461516e-02 3.674411762771330730e-03 1.448273456390284375e+00
1.461538461538461516e-02 3.724382682976293615e-03 1.507172608712174400e+00
1.461538461538461516e-02 3.773678313296611238e-03 1.567828481176445576e+00
1.461538461538461516e-02 3.822269718357287384e-03 1.630095441208499807e+00
1.461538461538461516e-02 3.870127948592966011e-03 1.693665562974749683e+00
1.461538461538461516e-02 3.956608585468932363e-03 1.757568879692231967e+00
1.461538461538461516e-02 4.003789913555080328e-03 1.821210271327013963e+00
1.461538461538461516e-02 4.091301862279996850e-03 1.896751884501611585e+00
1.461538461538461516e-02 4.179759886126262550e-03 1.985226072279593357e+00
1.461538461538461516e-02 4.269163985093880030e-03 2.086081817484882528e+00
1.461538461538461516e-02 4.359514159182846689e-03 2.197974498645772101e+00
1.461538461538461516e-02 4.450810408393165128e-03 2.320341535028646707e+00
1.461538461538461516e-02 4.543052732724833613e-03 2.452242864857007376e+00
1.417910447761194098e-02 1.991248311798536359e-03 3.505817382467888876e+00
1.417910447761194098e-02 2.065681119063982399e-03 2.921688291785530911e+00
1.417910447761194098e-02 2.141479665912280565e-03 2.429193929565931498e+00
1.417910447761194098e-02 2.218643952343431289e-03 2.024220939983620848e+00
1.417910447761194098e-02 2.297173978357433706e-03 1.702338814010592838e+00
1.417910447761194098e-02 2.377069743954288682e-03 1.459509629746067905e+00
1.417910447761194098e-02 2.458331249133995783e-03 1.291894921140789076e+00
1.417910447761194098e-02 2.523917330188387570e-03 1.191836892694376981e+00
1.417910447761194098e-02 2.572132926562759221e-03 1.116903202367527381e+00
1.417910447761194098e-02 2.601221855866048521e-03 1.050705130879578952e+00
1.417910447761194098e-02 2.646914436383059673e-03 9.962259766560003227e-01
1.417910447761194098e-02 2.672176471458365468e-03 9.519675687922348750e-01
1.417910447761194098e-02 2.715084893786342667e-03 9.154198590483385578e-01
1.417910447761194098e-02 2.756810298139171500e-03 8.878409219519778350e-01
1.417910447761194098e-02 2.797296740037136936e-03 8.684521426880458250e-01
1.417910447761194098e-02 2.836488230960416881e-03 8.566912572773769385e-01
1.417910447761194098e-02 2.874328736896470705e-03 8.515751222597780501e-01
1.417910447761194098e-02 2.933901907144164951e-03 8.519053738073973925e-01
1.417910447761194098e-02 2.969534029926728866e-03 8.584068772059731955e-01
1.417910447761194098e-02 3.003656357112046045e-03 8.711487706230059969e-01
1.417910447761194098e-02 3.061363800595724369e-03 8.877162619454069814e-01
1.417910447761194098e-02 3.092988375526668863e-03 9.101514339183589541e-01
1.417910447761194098e-02 3.149482561548675071e-03 9.364137513390305978e-01
1.417910447761194098e-02 3.178422495924300515e-03 9.670766327460988965e-01
1.417910447761194098e-02 3.233554409927440546e-03 1.000196252164213817e+00
1.417910447761194098e-02 3.288311849449900535e-03 1.038397863961900036e+00
1.417910447761194098e-02 3.313243004668315218e-03 1.079305765426830988e+00
1.417910447761194098e-02 3.366423795063555255e-03 1.121767632408988691e+00
1.417910447761194098e-02 3.419137015404414767e-03 1.167636993206706109e+00
1.417910447761194098e-02 3.471354745827934848e-03 1.216467072450096554e+00
1.417910447761194098e-02 3.523049054947904185e-03 1.267925112760654560e+00
1.417910447761194098e-02 3.574191999636682025e-03 1.321280590533826738e+00
1.417910447761194098e-02 3.624755624800133410e-03 1.376160008234645682e+00
1.417910447761194098e-02 3.674711963145416496e-03 1.432341820806744881e+00
1.417910447761194098e-02 3.724033034941278460e-03 1.490046615072490255e+00
1.417910447761194098e-02 3.772690847770556431e-03 1.549085324962422572e+00
1.417910447761194098e-02 3.820657396274522617e-03 1.609146271302535292e+00
1.417910447761194098e-02 3.867904661888726687e-03 1.670094866312057613e+00
1.417910447761194098e-02 3.914404612569929477e-03 1.732198290187185741e+00
1.417910447761194098e-02 3.960129202513739018e-03 1.794964366898080144e+00
1.417910447761194098e-02 4.045751142723018508e-03 1.864497442216638490e+00
1.417910447761194098e-02 4.132288825608335624e-03 1.947054682529768543e+00
1.417910447761194098e-02 4.219742251169685161e-03 2.041263079249876711e+00
1.417910447761194098e-02 4.308111419407071457e-03 2.146583673741619069e+00
1.417910447761194098e-02 4.397396330320493645e-03 2.262028360137567695e+00
1.376811594202898524e-02 2.001834399788381298e-03 3.376836059147460212e+00
1.376811594202898524e-02 2.075290141400450410e-03 2.819446089033018410e+00
1.376811594202898524e-02 2.150069409888413254e-03 2.350491857156208564e+00
1.376811594202898524e-02 2.226172205252268960e-03 1.965601596762304615e+00
1.376811594202898524e-02 2.303598527492018398e-03 1.660786769902226734e+00
1.376811594202898524e-02 2.382348376607660266e-03 1.432273103570199657e+00
1.376811594202898524e-02 2.462421752599195431e-03 1.276055099011868865e+00
1.376811594202898524e-02 2.526751221289868631e-03 1.183197915706931447e+00
1.376811594202898524e-02 2.556039320659560070e-03 1.109275400006529466e+00
1.376811594202898524e-02 2.601439158662499467e-03 1.045614001298831530e+00
1.376811594202898524e-02 2.645827632738918887e-03 9.933036511868896801e-01
1.376811594202898524e-02 2.669791087674435338e-03 9.492156357770409336e-01
1.376811594202898524e-02 2.711399357761034960e-03 9.139490439142627931e-01
1.376811594202898524e-02 2.751824667879176813e-03 8.872121337820304543e-01
1.376811594202898524e-02 2.791012793207276604e-03 8.683766279716950143e-01
1.376811594202898524e-02 2.828909467129591196e-03 8.562741121761470175e-01
1.376811594202898524e-02 2.887887795740127009e-03 8.515942469650084057e-01
1.376811594202898524e-02 2.923679861171696228e-03 8.515887380104224524e-01
1.376811594202898524e-02 2.958026676951891563e-03 8.575795026623171946e-01
1.376811594202898524e-02 2.990873810538883203e-03 8.702594718160396869e-01
1.376811594202898524e-02 3.047212035188779505e-03 8.861418078735632253e-01
1.376811594202898524e-02 3.077574612505862024e-03 9.082880148711298673e-01
1.376811594202898524e-02 3.132691292397719266e-03 9.327445480671383571e-01
1.376811594202898524e-02 3.187489833179812850e-03 9.635032176392193115e-01
1.376811594202898524e-02 3.214138892625307935e-03 9.952264488903470596e-01
1.376811594202898524e-02 3.267508349284173764e-03 1.031804080797714906e+00
1.376811594202898524e-02 3.320469532574337867e-03 1.072172781621557824e+00
1.376811594202898524e-02 3.343024576217708526e-03 1.114133689000877503e+00
1.376811594202898524e-02 3.394348808233746146e-03 1.158328112253902198e+00
1.376811594202898524e-02 3.445174500730558212e-03 1.205647456936156381e+00
1.376811594202898524e-02 3.495474582906073387e-03 1.255300410309687642e+00
1.376811594202898524e-02 3.545221972848844761e-03 1.306878630912846395e+00
1.376811594202898524e-02 3.594389577324841930e-03 1.360122945830097851e+00
1.376811594202898524e-02 3.642950291557445989e-03 1.415200352306596132e+00
1.376811594202898524e-02 3.690876999000350812e-03 1.471882189834180288e+00
1.376811594202898524e-02 3.738142571103069203e-03 1.529821907557706417e+00
1.376811594202898524e-02 3.784719867068721266e-03 1.588818554403345296e+00
1.376811594202898524e-02 3.830581733603730717e-03 1.649140395756951927e+00
1.376811594202898524e-02 3.875701004659118636e-03 1.710214896955023711e+00
1.376811594202898524e-02 3.920050501162945789e-03 1.772936683935463220e+00
1.376811594202898524e-02 4.003899476346264516e-03 1.837146856041108167e+00
1.376811594202898524e-02 4.088635742272262938e-03 1.913604158554081280e+00
1.376811594202898524e-02 4.174259298940941922e-03 2.001792647465980846e+00
1.376811594202898524e-02 4.260770146352302334e-03 2.100680285100082756e+00
1.338028169014084633e-02 2.013062620539349864e-03 3.248763882621457988e+00
1.338028169014084633e-02 2.085599634608529401e-03 2.717841295735963669e+00
1.338028169014084633e-02 2.159420489634685230e-03 2.271854262947957892e+00
1.338028169014084633e-02 2.234525185617818217e-03 1.906865092998858646e+00
1.338028169014084633e-02 2.310913722557927496e-03 1.619163369623846771e+00
1.338028169014084633e-02 2.388586100455013066e-03 1.404759584736689160e+00
1.338028169014084633e-02 2.467542319309075794e-03 1.260628580947455113e+00
1.338028169014084633e-02 2.513579356070896886e-03 1.174253906312017204e+00
1.338028169014084633e-02 2.558704863043495363e-03 1.101371782304120917e+00
1.338028169014084633e-02 2.602866424145809741e-03 1.040587572057618981e+00
1.338028169014084633e-02 2.627229336599926773e-03 9.891895181026912898e-01
1.338028169014084633e-02 2.668728383384309094e-03 9.462553738706442896e-01
1.338028169014084633e-02 2.709097121456296997e-03 9.122158937987906446e-01
1.338028169014084633e-02 2.748282981675331197e-03 8.863851500287337482e-01
1.338028169014084633e-02 2.786233356417565105e-03 8.674170011050605922e-01
1.338028169014084633e-02 2.822895598326851784e-03 8.562195558831443565e-01
1.338028169014084633e-02 2.880596574075938287e-03 8.515435184958954906e-01
1.338028169014084633e-02 2.915155320182305151e-03 8.510294755013876333e-01
1.338028169014084633e-02 2.948276726985659714e-03 8.568711272204083684e-01
1.338028169014084633e-02 3.004204467726192315e-03 8.696867786216631036e-01
1.338028169014084633e-02 3.034950501054061757e-03 8.847032527730929186e-01
1.338028169014084633e-02 3.089727804922872724e-03 9.066660105777298861e-01
1.338028169014084633e-02 3.117922888433013323e-03 9.300004875170460039e-01
1.338028169014084633e-02 3.171409733768908515e-03 9.591489192877985515e-01
1.338028169014084633e-02 3.196878062490223285e-03 9.917113697510118175e-01
1.338028169014084633e-02 3.248934274876707964e-03 1.026258529556813848e+00
1.338028169014084633e-02 3.300576669469547884e-03 1.064949120064774268e+00
1.338028169014084633e-02 3.351779021061899663e-03 1.107211732168277729e+00
1.338028169014084633e-02 3.371995155667762128e-03 1.151096547602498799e+00
1.338028169014084633e-02 3.421503879039137271e-03 1.196763988023271441e+00
1.338028169014084633e-02 3.470484954843439801e-03 1.244762415713131398e+00
1.338028169014084633e-02 3.518912110963596292e-03 1.294796405379670112e+00
1.338028169014084633e-02 3.566759064550199462e-03 1.346980545128854567e+00
1.338028169014084633e-02 3.613999521812706877e-03 1.401048559753381717e+00
1.338028169014084633e-02 3.660607177803897657e-03 1.456621132163860910e+00
1.338028169014084633e-02 3.706555716197312226e-03 1.513431468588614548e+00
1.338028169014084633e-02 3.751818809057347239e-03 1.571750751874803953e+00
1.338028169014084633e-02 3.796370116601692143e-03 1.630927537493706669e+00
1.338028169014084633e-02 3.840183286955750445e-03 1.691845586010592761e+00
1.338028169014084633e-02 3.922323920866415368e-03 1.752496031473521843e+00
1.338028169014084633e-02 3.965414482610779903e-03 1.813423216494805423e+00
1.338028169014084633e-02 4.048457559340802071e-03 1.884422535873193416e+00
1.338028169014084633e-02 4.132361186088751373e-03 1.966681301166622875e+00
1.301369863013698662e-02 1.954452230167207528e-03 3.713427289519853680e+00
1.301369863013698662e-02 2.024877326471064606e-03 3.122485066439726786e+00
1.301369863013698662e-02 2.096548884656405150e-03 2.617256440556281483e+00
1.301369863013698662e-02 2.169466904723230463e-03 2.193855735261205808e+00
1.301369863013698662e-02 2.243631386671539676e-03 1.848635840195802515e+00
1.301369863013698662e-02 2.319042330501332790e-03 1.577625995970313832e+00
1.301369863013698662e-02 2.395699736212611106e-03 1.377874695230578705e+00
1.301369863013698662e-02 2.473603603805372454e-03 1.245159435957685634e+00
1.301369863013698662e-02 2.518471521777994934e-03 1.163047728394081659e+00
1.301369863013698662e-02 2.562420163209086152e-03 1.093780933823753188e+00
1.301369863013698662e-02 2.587160245569413135e-03 1.034955607814917133e+00
1.301369863013698662e-02 2.628557224651438193e-03 9.843945516039876997e-01
1.301369863013698662e-02 2.668873487014024586e-03 9.431152214218974095e-01
1.301369863013698662e-02 2.708058020804323274e-03 9.103819661562748689e-01
1.301369863013698662e-02 2.746059778658742866e-03 8.846780496396489113e-01
1.301369863013698662e-02 2.782827676570673054e-03 8.668274401198481360e-01
1.301369863013698662e-02 2.818310592698924314e-03 8.560219761881836531e-01
1.301369863013698662e-02 2.874800154565332160e-03 8.511738500925811746e-01
1.301369863013698662e-02 2.908180669892637248e-03 8.504807477462020815e-01
1.301369863013698662e-02 2.940131322779526105e-03 8.570908829804725348e-01
1.301369863013698662e-02 2.994830470196788164e-03 8.687355751607535037e-01
1.301369863013698662e-02 3.024414727430731111e-03 8.836078609738401424e-01
1.301369863013698662e-02 3.077953894035319760e-03 9.045236173371520305e-01
1.301369863013698662e-02 3.105001274317565219e-03 9.279474850047606527e-01
1.301369863013698662e-02 3.157244497629360484e-03 9.560886548872924440e-01
1.301369863013698662e-02 3.181584302156824189e-03 9.887107472565487276e-01
1.301369863013698662e-02 3.232395474503309361e-03 1.021907684147362660e+00
1.301369863013698662e-02 3.282787624821763457e-03 1.059219620336866674e+00
1.301369863013698662e-02 3.332735288378957297e-03 1.100221951815407717e+00
1.301369863013698662e-02 3.382212991108748349e-03 1.143984333453180291e+00
1.301369863013698662e-02 3.400124189804841577e-03 1.189398328940633132e+00
1.301369863013698662e-02 3.447854894805277379e-03 1.235976593325291084e+00
1.301369863013698662e-02 3.495030542608096574e-03 1.285027776822357914e+00
1.301369863013698662e-02 3.541625613744210036e-03 1.336249914250045467e+00
1.301369863013698662e-02 3.587614578356157925e-03 1.389232968806266566e+00
1.301369863013698662e-02 3.632971895993205441e-03 1.443644822748111345e+00
1.301369863013698662e-02 3.677672015399734758e-03 1.499761332887052045e+00
1.301369863013698662e-02 3.721689374296678968e-03 1.556853603416437526e+00
1.301369863013698662e-02 3.802156007779563997e-03 1.614413481951048723e+00
1.301369863013698662e-02 3.845530845674477276e-03 1.672870792106471605e+00
1.301369863013698662e-02 3.888154838976325047e-03 1.732288197553974118e+00
1.301369863013698662e-02 3.930002386584848482e-03 1.793019820978789536e+00
1.301369863013698662e-02 4.011451049076509429e-03 1.858603665361648227e+00
1.266666666666666635e-02 1.967585430135316248e-03 3.560990742693628253e+00
1.266666666666666635e-02 2.037229112642413836e-03 2.998319113332795993e+00
1.266666666666666635e-02 2.108083989627896736e-03 2.518220159287141158e+00
1.266666666666666635e-02 2.180150061091763215e-03 2.117109348668902769e+00
1.266666666666666635e-02 2.253427327034014140e-03 1.791037068220167061e+00
1.266666666666666635e-02 2.327915787454649076e-03 1.537124896807778418e+00
1.266666666666666635e-02 2.403615442353668891e-03 1.351158800165144003e+00
1.266666666666666635e-02 2.480526291731072284e-03 1.230227996849619032e+00
1.266666666666666635e-02 2.524274764470387563e-03 1.152493929925284100e+00
1.266666666666666635e-02 2.549371547739538984e-03 1.086157463235969178e+00
1.266666666666666635e-02 2.590672951275425646e-03 1.028027812805689223e+00
1.266666666666666635e-02 2.630940429863586148e-03 9.795860318421965030e-01
1.266666666666666635e-02 2.670124439060961915e-03 9.400542648284971881e-01
1.266666666666666635e-02 2.708175401589983222e-03 9.077519273702792102e-01
1.266666666666666635e-02 2.745043706309736788e-03 8.834230630286139530e-01
1.266666666666666635e-02 2.780679707134148422e-03 8.661373212507121888e-01
1.266666666666666635e-02 2.815033721893489636e-03 8.552507994675956349e-01
1.266666666666666635e-02 2.870372219142716501e-03 8.507727556750578346e-01
1.266666666666666635e-02 2.902624908245455323e-03 8.508305239589277758e-01
1.266666666666666635e-02 2.933454812903704689e-03 8.569403315996175774e-01
1.266666666666666635e-02 2.986986739675361827e-03 8.680260724256887439e-01
1.266666666666666635e-02 3.015458762862590313e-03 8.829167528662711373e-01
1.266666666666666635e-02 3.067821738934332215e-03 9.029089310534670343e-01
1.266666666666666635e-02 3.093770207331236841e-03 9.267571641221626910e-01
1.266666666666666635e-02 3.144832100950270895e-03 9.534116162604922007e-01
1.266666666666666635e-02 3.195527877117258688e-03 9.849838138702139423e-01
1.266666666666666635e-02 3.217719675184919654e-03 1.018579502372748635e+00
1.266666666666666635e-02 3.266924300123818202e-03 1.054901942279183880e+00
1.266666666666666635e-02 3.315680261742144554e-03 1.094436645190190793e+00
1.266666666666666635e-02 3.363962804099147365e-03 1.136705236310162404e+00
1.266666666666666635e-02 3.411747162216919715e-03 1.181302224910833365e+00
1.266666666666666635e-02 3.459008561912224611e-03 1.228237496138471663e+00
1.266666666666666635e-02 3.473371547383423148e-03 1.277173711691268254e+00
1.266666666666666635e-02 3.518777650967859754e-03 1.327366441117800333e+00
1.266666666666666635e-02 3.563578032586935292e-03 1.379187985549679141e+00
1.266666666666666635e-02 3.642328760755443248e-03 1.432445035781843679e+00
1.266666666666666635e-02 3.686603420957636906e-03 1.486121562044518063e+00
1.266666666666666635e-02 3.730206274224833612e-03 1.541306135996132642e+00
1.266666666666666635e-02 3.773112476761850392e-03 1.598059959993838097e+00
1.266666666666666635e-02 3.815297174015662169e-03 1.655823920879424982e+00
1.266666666666666635e-02 3.856735500451490169e-03 1.714949528728407113e+00
1.266666666666666635e-02 3.897402579321211560e-03 1.775103025110994936e+00
1.233766233766233657e-02 1.981168865801974117e-03 3.411868041085743819e+00
1.233766233766233657e-02 2.050073966069165549e-03 2.876734125901522887e+00
1.233766233766233657e-02 2.120156931298188951e-03 2.421316011016953151e+00
1.233766233766233657e-02 2.191417761489044321e-03 2.041687306770009869e+00
1.233766233766233657e-02 2.263856456641732962e-03 1.735041965073304215e+00
1.233766233766233657e-02 2.337473016756253137e-03 1.497176953117915543e+00
1.233766233766233657e-02 2.412267441832605715e-03 1.325237574027227527e+00
1.233766233766233657e-02 2.488239731870791130e-03 1.216367476346940979e+00
1.233766233766233657e-02 2.530914341134275769e-03 1.142426012884950381e+00
1.233766233766233657e-02 2.554886108252701210e-03 1.076840559050991741e+00
1.233766233766233657e-02 2.595108140660280348e-03 1.021326240848569267e+00
1.233766233766233657e-02 2.634292310946463340e-03 9.751094306719048088e-01
1.233766233766233657e-02 2.672390429343095113e-03 9.363520803466844900e-01
1.233766233766233657e-02 2.709354274726433632e-03 9.057221560410215755e-01
1.233766233766233657e-02 2.745135593632766317e-03 8.821741700780847406e-01
1.233766233766233657e-02 2.779686099223304448e-03 8.649615843210064492e-01
1.233766233766233657e-02 2.812957470194773352e-03 8.542527943720786832e-01
1.233766233766233657e-02 2.844901349631864633e-03 8.511058937954760761e-01
1.233766233766233657e-02 2.898371375016110894e-03 8.508049502032392075e-01
1.233766233766233657e-02 2.928126399776138488e-03 8.567373600098744379e-01
1.233766233766233657e-02 2.980547414215190417e-03 8.677235392220886689e-01
1.233766233766233657e-02 3.007952642886531271e-03 8.824130716205241809e-01
1.233766233766233657e-02 3.059196260893486206e-03 9.021132163662136660e-01
1.233766233766233657e-02 3.084090564636368745e-03 9.255904775727985534e-01
1.233766233766233657e-02 3.134028275466289610e-03 9.514132981952513335e-01
1.233766233766233657e-02 3.183593673190719935e-03 9.820111307787666721e-01
1.233766233766233657e-02 3.204753488806642587e-03 1.016271277277863927e+00
1.233766233766233657e-02 3.252828122731677828e-03 1.051364649539386464e+00
1.233766233766233657e-02 3.300450160756810119e-03 1.089617420794898983e+00
1.233766233766233657e-02 3.347595525735312574e-03 1.130591647367231056e+00
1.233766233766233657e-02 3.394240131914652570e-03 1.174247512998660925e+00
1.233766233766233657e-02 3.440359884776148219e-03 1.220216326449433675e+00
1.233766233766233657e-02 3.485930680869649221e-03 1.268069691606993343e+00
1.233766233766233657e-02 3.530928407643060818e-03 1.317246514453864092e+00
1.233766233766233657e-02 3.575328943266451939e-03 1.368108434600735279e+00
1.233766233766233657e-02 3.619108156450571902e-03 1.419705669438776852e+00
1.233766233766233657e-02 3.662241906259476425e-03 1.472957898752957684e+00
1.233766233766233657e-02 3.704706041917034832e-03 1.527864182717675989e+00
1.233766233766233657e-02 3.746476402607046112e-03 1.583844508907490845e+00
1.233766233766233657e-02 3.787528817266670213e-03 1.641248900331502947e+00
1.233766233766233657e-02 3.827839104372867968e-03 1.699648887950064191e+00
1.202531645569620243e-02 1.995166624370388764e-03 3.266455894626004053e+00
1.202531645569620243e-02 2.063372550339959751e-03 2.758269909547469645e+00
1.202531645569620243e-02 2.132724794393052979e-03 2.326552192369289340e+00
1.202531645569620243e-02 2.203223356529668449e-03 1.968568233444200954e+00
1.202531645569620243e-02 2.274868236749805726e-03 1.680128224885304444e+00
1.202531645569620243e-02 2.347659435053465245e-03 1.458432734419253141e+00
1.202531645569620243e-02 2.421596951440647440e-03 1.300668227100782115e+00
1.202531645569620243e-02 2.496680785911350575e-03 1.203439553863849820e+00
1.202531645569620243e-02 2.521027571968495039e-03 1.130540193760331658e+00
1.202531645569620243e-02 2.561207184130157976e-03 1.068053873502230910e+00
1.202531645569620243e-02 2.600392102262628468e-03 1.015273384236415444e+00
1.202531645569620243e-02 2.638535448299056310e-03 9.702092589411654977e-01
1.202531645569620243e-02 2.675590315085153541e-03 9.334568908770893847e-01
1.202531645569620243e-02 2.711509765481566123e-03 9.038623670446466196e-01
1.202531645569620243e-02 2.746246831420737309e-03 8.805834002944604721e-01
1.202531645569620243e-02 2.779754512915093810e-03 8.636555940276948728e-01
1.202531645569620243e-02 2.811985777013182013e-03 8.540506242274317206e-01
1.202531645569620243e-02 2.842893556700022001e-03 8.505978403704430590e-01
1.202531645569620243e-02 2.895315843503147839e-03 8.507474573677167307e-01
1.202531645569620243e-02 2.924038162852670483e-03 8.567257495169164905e-01
1.202531645569620243e-02 2.975400050468783673e-03 8.675544092948908048e-01
1.202531645569620243e-02 3.001780261765645084e-03 8.824594158139005273e-01
1.202531645569620243e-02 3.051956787059725753e-03 9.013110547728738764e-01
1.202531645569620243e-02 3.075838063500522558e-03 9.248028209814662670e-01
1.202531645569620243e-02 3.124704143758682759e-03 9.500020240202846633e-01
1.202531645569620243e-02 3.173192059261813799e-03 9.800198156709221120e-01
1.202531645569620243e-02 3.221278403852192735e-03 1.013741523106473919e+00
1.202531645569620243e-02 3.240357444311055962e-03 1.048444269901713133e+00
1.202531645569620243e-02 3.286898687246039927e-03 1.085606978499086273e+00
1.202531645569620243e-02 3.332960190516617502e-03 1.125797109422297826e+00
1.202531645569620243e-02 3.378518511373279718e-03 1.168615836245667561e+00
1.202531645569620243e-02 3.423550198706784998e-03 1.213610343781968748e+00
1.202531645569620243e-02 3.468031792890311892e-03 1.260155030805171217e+00
1.202531645569620243e-02 3.511939825616651380e-03 1.308622192019685215e+00
1.202531645569620243e-02 3.555250819730262218e-03 1.357988260745184306e+00
1.202531645569620243e-02 3.597941289053950380e-03 1.409166845447799910e+00
1.202531645569620243e-02 3.639987738209937533e-03 1.462095098882752131e+00
1.202531645569620243e-02 3.681366662435077430e-03 1.516174017284409814e+00
1.202531645569620243e-02 3.722054547389969537e-03 1.571753207452792456e+00
1.202531645569620243e-02 3.762027868961670234e-03 1.628310237141973538e+00
1.172839506172839406e-02 1.943119833755545820e-03 3.684698093508759875e+00
1.172839506172839406e-02 2.009546510060317408e-03 3.125239351680431987e+00
1.172839506172839406e-02 2.077089601092900126e-03 2.642860864976905422e+00
1.172839506172839406e-02 2.145749106853294622e-03 2.234898730020591806e+00
1.172839506172839406e-02 2.215525027341500031e-03 1.897178308803608271e+00
1.172839506172839406e-02 2.286417362557516351e-03 1.626954512728856272e+00
1.172839506172839406e-02 2.358426112501344884e-03 1.421457535431496222e+00
1.172839506172839406e-02 2.431551277172983461e-03 1.277289968678261944e+00
1.172839506172839406e-02 2.488945897760384482e-03 1.188854190530822752e+00
1.172839506172839406e-02 2.529085840506472074e-03 1.119505369650858340e+00
1.172839506172839406e-02 2.568272008729040410e-03 1.060289088391666246e+00
1.172839506172839406e-02 2.588058785263546747e-03 1.007932083898207098e+00
1.172839506172839406e-02 2.624667793900920497e-03 9.645227269613182441e-01
1.172839506172839406e-02 2.660178296739364439e-03 9.290576539790448285e-01
1.172839506172839406e-02 2.694544564638107643e-03 9.006327073358917357e-01
1.172839506172839406e-02 2.748298004034913609e-03 8.790050344689416262e-01
1.172839506172839406e-02 2.780802190831145344e-03 8.632878580671363711e-01
1.172839506172839406e-02 2.812032552381626450e-03 8.534137259201417525e-01
1.172839506172839406e-02 2.841943244585613468e-03 8.499248224258992845e-01
1.172839506172839406e-02 2.893364908736597088e-03 8.509905352696535141e-01
1.172839506172839406e-02 2.921093389032613889e-03 8.566588374770578440e-01
1.172839506172839406e-02 2.971443883671945341e-03 8.679861741964951527e-01
1.172839506172839406e-02 2.996837575070255763e-03 8.822834029962633995e-01
1.172839506172839406e-02 3.045995181856375137e-03 9.009059497963533003e-01
1.172839506172839406e-02 3.068901336020667201e-03 9.243524275799963608e-01
1.172839506172839406e-02 3.116744222302522162e-03 9.493078137154786766e-01
1.172839506172839406e-02 3.164203408422710997e-03 9.784258872745170699e-01
1.172839506172839406e-02 3.211256096178616293e-03 1.011179424850394248e+00
1.172839506172839406e-02 3.229385344021363895e-03 1.046042908114124703e+00
1.172839506172839406e-02 3.274894755765044279e-03 1.082600033439739651e+00
1.172839506172839406e-02 3.319921532834742891e-03 1.122104764684355827e+00
1.172839506172839406e-02 3.364442842080509095e-03 1.164081665293692058e+00
1.172839506172839406e-02 3.408435842369556511e-03 1.207841156695681484e+00
1.172839506172839406e-02 3.451877684435328622e-03 1.253767614049410284e+00
1.172839506172839406e-02 3.494745510721826431e-03 1.300765182036621948e+00
1.172839506172839406e-02 3.537016455223018600e-03 1.349742340832891907e+00
1.172839506172839406e-02 3.578667643317106403e-03 1.400574573884229235e+00
1.172839506172839406e-02 3.619676191595417106e-03 1.452645759307747753e+00
1.172839506172839406e-02 3.660019207685706773e-03 1.506306105339077384e+00
1.172839506172839406e-02 3.699673790069611841e-03 1.560940000842182762e+00
1.144578313253012160e-02 1.958453768518428773e-03 3.519722243593320865e+00
1.144578313253012160e-02 2.024279575738076060e-03 2.988071842307933768e+00
1.144578313253012160e-02 2.091193412829122755e-03 2.531457270951178451e+00
1.144578313253012160e-02 2.159195279791567990e-03 2.145720756200574453e+00
1.144578313253012160e-02 2.228285176625412201e-03 1.828170550640616288e+00
1.144578313253012160e-02 2.298463103330656253e-03 1.576081345091852715e+00
1.144578313253012160e-02 2.369729059907298412e-03 1.386055213862115831e+00
1.144578313253012160e-02 2.442083046355340414e-03 1.255837100410045926e+00
1.144578313253012160e-02 2.498607852180024808e-03 1.175434062414741021e+00
1.144578313253012160e-02 2.520373140749862517e-03 1.108900746962933948e+00
1.144578313253012160e-02 2.558090056056817885e-03 1.049925846914311789e+00
1.144578313253012160e-02 2.594795569478075374e-03 1.000344292580907624e+00
1.144578313253012160e-02 2.630445162985800122e-03 9.588190154038345181e-01
1.144578313253012160e-02 2.664994291549010585e-03 9.243616662001584716e-01
1.144578313253012160e-02 2.698398382290008099e-03 8.967998664409866372e-01
1.144578313253012160e-02 2.730612833597601853e-03 8.769649063501030462e-01
1.144578313253012160e-02 2.782754747706460679e-03 8.626337508345819360e-01
1.144578313253012160e-02 2.813020417272185832e-03 8.527293381914521353e-01
1.144578313253012160e-02 2.841970053926778494e-03 8.494789823906998549e-01
1.144578313253012160e-02 2.892434619853607395e-03 8.512120399818008387e-01
1.144578313253012160e-02 2.919205156031731176e-03 8.570569397203712247e-01
1.144578313253012160e-02 2.968588351293989860e-03 8.682482268355331545e-01
1.144578313253012160e-02 2.993031074670239339e-03 8.823291417907854761e-01
1.144578313253012160e-02 3.041214261615385588e-03 9.008534055037356048e-01
1.144578313253012160e-02 3.063180295717709417e-03 9.244219236512578597e-01
1.144578313253012160e-02 3.110044727282456657e-03 9.487765534742171880e-01
1.144578313253012160e-02 3.156520214659420780e-03 9.772027355446221142e-01
1.144578313253012160e-02 3.202584536848095131e-03 1.009130613734726012e+00
1.144578313253012160e-02 3.248215465840715438e-03 1.044371772188586123e+00
1.144578313253012160e-02 3.264320568370969455e-03 1.080431766356033441e+00
1.144578313253012160e-02 3.308357999876029246e-03 1.119248254974390733e+00
1.144578313253012160e-02 3.351887804992897870e-03 1.160084632034144692e+00
1.144578313253012160e-02 3.394887721669187161e-03 1.203338712836861779e+00
1.144578313253012160e-02 3.437335480075367610e-03 1.247843838762999535e+00
1.144578313253012160e-02 3.479208802455731331e-03 1.294504249582125288e+00
1.144578313253012160e-02 3.520485402974631809e-03 1.343133999130462275e+00
1.144578313253012160e-02 3.561142987557800940e-03 1.393101685588204353e+00
1.144578313253012160e-02 3.601159253728525213e-03 1.444759084613540967e+00
1.144578313253012160e-02 3.640511890438452493e-03 1.497398222356271624e+00
1.117647058823529466e-02 1.974085096623432335e-03 3.359851392839583006e+00
1.117647058823529466e-02 2.039339723574435433e-03 2.855875140067992479e+00
1.117647058823529466e-02 2.105655401370170286e-03 2.423355987557703983e+00
1.117647058823529466e-02 2.173032130010636460e-03 2.059654461725611618e+00
1.117647058823529466e-02 2.241469909495834821e-03 1.762090392744791956e+00
1.117647058823529466e-02 2.310968739825764503e-03 1.527266853236535660e+00
1.117647058823529466e-02 2.381528621000426373e-03 1.352974389478848405e+00
1.117647058823529466e-02 2.453149553019820430e-03 1.236048507478598513e+00
1.117647058823529466e-02 2.491847965482275450e-03 1.161658481586793412e+00
1.117647058823529466e-02 2.529617698540097791e-03 1.096480117772758112e+00
1.117647058823529466e-02 2.566415380784929905e-03 1.040927099059302918e+00
1.117647058823529466e-02 2.602197616396659079e-03 9.935714638553473366e-01
1.117647058823529466e-02 2.636920984407552064e-03 9.533466665916223715e-01
1.117647058823529466e-02 2.670542037929907620e-03 9.199578331627149552e-01
1.117647058823529466e-02 2.703017303344792260e-03 8.941609809132836650e-01
1.117647058823529466e-02 2.734303279449179502e-03 8.744752866908986899e-01
1.117647058823529466e-02 2.764356436558609940e-03 8.612373316711704474e-01
1.117647058823529466e-02 2.814879630020358965e-03 8.524668230263037216e-01
1.117647058823529466e-02 2.842901558388090649e-03 8.489464426476931447e-01
1.117647058823529466e-02 2.892449314585950233e-03 8.520259106032108676e-01
1.117647058823529466e-02 2.918295125144442555e-03 8.571881271154795368e-01
1.117647058823529466e-02 2.966751834928174018e-03 8.688189645142988526e-01
1.117647058823529466e-02 2.990276489198525050e-03 8.825864887132747194e-01
1.117647058823529466e-02 3.037526443629669053e-03 9.013899226521288055e-01
1.117647058823529466e-02 3.058584745695067802e-03 9.244795137760469794e-01
1.117647058823529466e-02 3.104512130987122434e-03 9.484349922716764913e-01
1.117647058823529466e-02 3.150045597114486950e-03 9.762982577410257434e-01
1.117647058823529466e-02 3.195163471799219047e-03 1.007834507592158202e+00
1.117647058823529466e-02 3.239844076056287107e-03 1.042564287252260025e+00
1.117647058823529466e-02 3.255069974279982403e-03 1.078888847052101863e+00
1.117647058823529466e-02 3.298160058595747245e-03 1.116678122898074665e+00
1.117647058823529466e-02 3.340740474646356969e-03 1.157141297975173400e+00
1.117647058823529466e-02 3.382789510850624150e-03 1.199042383418497337e+00
1.117647058823529466e-02 3.424285448182207495e-03 1.243282212289806177e+00
1.117647058823529466e-02 3.465206560026760831e-03 1.289613648648423760e+00
1.117647058823529466e-02 3.505531112034524985e-03 1.337391813708622479e+00
1.117647058823529466e-02 3.545237361968228088e-03 1.386970966491798851e+00
1.117647058823529466e-02 3.584303559546024587e-03 1.437551613984517029e+00
1.091954022988505732e-02 1.989992372880960807e-03 3.205972038973551541e+00
1.091954022988505732e-02 2.054703363154144948e-03 2.727872515800068065e+00
1.091954022988505732e-02 2.120449729271699831e-03 2.319167348872390289e+00
1.091954022988505732e-02 2.187231471233626323e-03 1.977222038435042961e+00
1.091954022988505732e-02 2.255048589039922689e-03 1.698641968424078108e+00
1.091954022988505732e-02 2.323901082690590664e-03 1.481261942788060448e+00
1.091954022988505732e-02 2.393788952185630248e-03 1.321920626898164031e+00
1.091954022988505732e-02 2.464712197525040140e-03 1.218588165143430935e+00
1.091954022988505732e-02 2.502532604111536423e-03 1.147383853207224913e+00
1.091954022988505732e-02 2.539418407230252007e-03 1.086057790879186857e+00
1.091954022988505732e-02 2.557261286662353486e-03 1.032756255971460924e+00
1.091954022988505732e-02 2.591642646567895482e-03 9.866197973488559647e-01
1.091954022988505732e-02 2.624955170562789583e-03 9.479687229634350398e-01
1.091954022988505732e-02 2.676768648194896138e-03 9.170108616434505810e-01
1.091954022988505732e-02 2.708346018480790179e-03 8.915006455872556135e-01
1.091954022988505732e-02 2.738734444531687115e-03 8.721295768401440274e-01
1.091954022988505732e-02 2.767891445207681239e-03 8.594575953852459094e-01
1.091954022988505732e-02 2.817547167574120052e-03 8.522217018505298114e-01
1.091954022988505732e-02 2.844672310173415510e-03 8.489794881522474412e-01
1.091954022988505732e-02 2.870445645823789527e-03 8.521506147975668188e-01
1.091954022988505732e-02 2.918292508184130909e-03 8.575558291762972463e-01
1.091954022988505732e-02 2.965860583719168771e-03 8.696745203999789453e-01
1.091954022988505732e-02 2.988497672060451242e-03 8.833316832660582651e-01
1.091954022988505732e-02 3.034852590191127082e-03 9.019690881133655136e-01
1.091954022988505732e-02 3.055033187718607986e-03 9.245989937747350895e-01
1.091954022988505732e-02 3.100061926618796326e-03 9.482692458622576925e-01
1.091954022988505732e-02 3.144692020313138037e-03 9.759717328343260334e-01
1.091954022988505732e-02 3.188902318821691239e-03 1.007203458995530099e+00
1.091954022988505732e-02 3.232671665737328441e-03 1.041471350435090759e+00
1.091954022988505732e-02 3.247047066453903445e-03 1.077426294495000159e+00
1.091954022988505732e-02 3.289228747255700837e-03 1.114992144257779039e+00
1.091954022988505732e-02 3.330898825491347259e-03 1.154188970693071692e+00
1.091954022988505732e-02 3.372036113508470982e-03 1.195914980807531336e+00
1.091954022988505732e-02 3.412619416519156387e-03 1.239862087651251388e+00
1.091954022988505732e-02 3.452627532462843995e-03 1.285373703212303598e+00
1.091954022988505732e-02 3.492039251864877212e-03 1.332807437416570151e+00
1.091954022988505732e-02 3.530833357690517978e-03 1.381273145030162075e+00
1.067415730337078691e-02 1.942974123084857067e-03 3.579739034738321557e+00
1.067415730337078691e-02 2.006156164028043143e-03 3.057230118427487486e+00
1.067415730337078691e-02 2.070349117626320117e-03 2.604641220504296584e+00
1.067415730337078691e-02 2.135552983879687988e-03 2.219383943757741395e+00
1.067415730337078691e-02 2.201767762788146756e-03 1.898067114465545879e+00
1.067415730337078691e-02 2.268993454351696856e-03 1.638568466408253821e+00
1.067415730337078691e-02 2.337230058570338286e-03 1.437733481719164708e+00
1.067415730337078691e-02 2.406477575444070181e-03 1.293598251555015732e+00
1.067415730337078691e-02 2.476736004972892105e-03 1.202437595432519046e+00
1.067415730337078691e-02 2.496554653056791591e-03 1.134079712533387685e+00
1.067415730337078691e-02 2.532095386363755491e-03 1.074323758340385293e+00
1.067415730337078691e-02 2.566647555384743429e-03 1.022520562921235499e+00
1.067415730337078691e-02 2.600169794614892813e-03 9.781845508521789245e-01
1.067415730337078691e-02 2.632620715041181225e-03 9.419489454978399179e-01
1.067415730337078691e-02 2.663958903411601728e-03 9.121649940190112993e-01
1.067415730337078691e-02 2.694142921467141804e-03 8.889749087012308593e-01
1.067415730337078691e-02 2.743854027098764636e-03 8.705110869589827161e-01
1.067415730337078691e-02 2.772143548295808411e-03 8.577308750555623362e-01
1.067415730337078691e-02 2.799161473831042642e-03 8.519374622114287421e-01
1.067415730337078691e-02 2.847223020000970353e-03 8.488669617726347649e-01
1.067415730337078691e-02 2.872132468682621689e-03 8.518440221202501217e-01
1.067415730337078691e-02 2.919133179993932490e-03 8.581580775325581278e-01
1.067415730337078691e-02 2.941795997866835689e-03 8.703752198091173620e-01
1.067415730337078691e-02 2.987625646177940845e-03 8.840293502458276276e-01
1.067415730337078691e-02 3.033121015577878565e-03 9.027245460313197967e-01
1.067415730337078691e-02 3.052451799201123112e-03 9.247984538535830579e-01
1.067415730337078691e-02 3.096617567266672730e-03 9.485523588986252141e-01
1.067415730337078691e-02 3.140380194857471646e-03 9.761717755124041940e-01
1.067415730337078691e-02 3.183719029729088334e-03 1.007148093021452695e+00
1.067415730337078691e-02 3.226613413471378367e-03 1.040437051212856456e+00
1.067415730337078691e-02 3.269042681397822062e-03 1.076562564293650937e+00
1.067415730337078691e-02 3.281474431311459140e-03 1.113121073685388929e+00
1.067415730337078691e-02 3.322270448975431917e-03 1.152249807329933873e+00
1.067415730337078691e-02 3.362532340760090391e-03 1.193735628227647227e+00
1.067415730337078691e-02 3.402239411425774570e-03 1.236911971748295702e+00
1.067415730337078691e-02 3.441370958754787820e-03 1.282140619529473113e+00
1.067415730337078691e-02 3.479906273415490827e-03 1.328441660911811706e+00
1.043956043956044064e-02 1.959847644057929189e-03 3.409544730107315846e+00
1.043956043956044064e-02 2.022558818357590715e-03 2.914164085180144248e+00
1.043956043956044064e-02 2.086257570205278609e-03 2.486639385283671455e+00
1.043956043956044064e-02 2.150943899600992002e-03 2.123583866766541650e+00
1.043956043956044064e-02 2.216617806544732196e-03 1.822916886981569284e+00
1.043956043956044064e-02 2.283279291036499192e-03 1.581494112135678698e+00
1.043956043956044064e-02 2.350928353076291687e-03 1.397413976039603156e+00
1.043956043956044064e-02 2.419564992664109682e-03 1.266951750527878673e+00
1.043956043956044064e-02 2.472432129290733603e-03 1.185616945319974525e+00
1.043956043956044064e-02 2.508099993867148048e-03 1.120330126783450453e+00
1.043956043956044064e-02 2.542815430690678787e-03 1.063122966563758709e+00
1.043956043956044064e-02 2.576538045227682022e-03 1.013395881863716319e+00
1.043956043956044064e-02 2.609227420977779533e-03 9.717157578142081586e-01
1.043956043956044064e-02 2.640843118802387122e-03 9.363478854397592199e-01
1.043956043956044064e-02 2.671344676219611098e-03 9.073254470078964129e-01
1.043956043956044064e-02 2.700691606663216913e-03 8.851386156427856200e-01
1.043956043956044064e-02 2.749614531994388697e-03 8.691060005832145219e-01
1.043956043956044064e-02 2.777063262750929708e-03 8.568215459873611550e-01
1.043956043956044064e-02 2.803242639291888150e-03 8.505879008443052447e-01
1.043956043956044064e-02 2.850499849964284980e-03 8.491477211266490466e-01
1.043956043956044064e-02 2.874571964072125327e-03 8.517694268173761074e-01
1.043956043956044064e-02 2.920758913163320428e-03 8.593464096914554817e-01
1.043956043956044064e-02 2.942588787786808331e-03 8.708058206567107495e-01
1.043956043956044064e-02 2.987597780305526612e-03 8.848512628499816124e-01
1.043956043956044064e-02 3.032266629827597235e-03 9.036565824613230768e-01
1.043956043956044064e-02 3.050773551128426863e-03 9.253592327109081417e-01
1.043956043956044064e-02 3.094109551073117529e-03 9.492645208272870727e-01
1.043956043956044064e-02 3.137038129602761662e-03 9.768490619566496669e-01
1.043956043956044064e-02 3.179539109337253984e-03 1.007006589080142067e+00
1.043956043956044064e-02 3.221592306975402248e-03 1.040280180064891535e+00
1.043956043956044064e-02 3.263177533188521898e-03 1.075159855070722870e+00
1.043956043956044064e-02 3.274815730813423597e-03 1.112141882228342427e+00
1.043956043956044064e-02 3.314771447506285711e-03 1.151097827816919272e+00
1.043956043956044064e-02 3.354191771681179750e-03 1.191877848631089254e+00
1.043956043956044064e-02 3.393056484658972440e-03 1.234848673762896087e+00
1.043956043956044064e-02 3.431345361058145329e-03 1.278941530627340839e+00
1.021505376344086086e-02 1.976922782166283012e-03 3.245966532686173078e+00
1.021505376344086086e-02 2.039184266272594560e-03 2.777194018034179201e+00
1.021505376344086086e-02 2.102411044706134404e-03 2.373375780834371618e+00
1.021505376344086086e-02 2.166603117466905145e-03 2.032471520749653759e+00
1.021505376344086086e-02 2.231760484554905916e-03 1.751350188015751375e+00
1.021505376344086086e-02 2.297883145970135849e-03 1.528169073791918242e+00
1.021505376344086086e-02 2.364971101712594077e-03 1.359207794117410550e+00
1.021505376344086086e-02 2.433024351782283635e-03 1.243544028837998860e+00
1.021505376344086086e-02 2.485195476880485126e-03 1.170586542993414358e+00
1.021505376344086086e-02 2.502744818164290980e-03 1.107392161642052786e+00
1.021505376344086086e-02 2.536178695108686799e-03 1.051839760780215016e+00
1.021505376344086086e-02 2.568609014016171813e-03 1.004933939000076881e+00
1.021505376344086086e-02 2.599996257875899271e-03 9.648800054583051011e-01
1.021505376344086086e-02 2.649584842940692474e-03 9.315220359324795085e-01
1.021505376344086086e-02 2.679274437168786133e-03 9.036670604357268655e-01
1.021505376344086086e-02 2.707808977199490513e-03 8.816334020894417423e-01
1.021505376344086086e-02 2.735148861464266855e-03 8.664311894217002763e-01
1.021505376344086086e-02 2.782605552154227349e-03 8.560246682654151229e-01
1.021505376344086086e-02 2.807971168487815965e-03 8.496895677940030644e-01
1.021505376344086086e-02 2.854453801568404819e-03 8.498091598237980104e-01
1.021505376344086086e-02 2.877713332376502682e-03 8.523028279528943596e-01
1.021505376344086086e-02 2.923116715772798146e-03 8.605652896752008507e-01
1.021505376344086086e-02 2.944138218142392394e-03 8.713496866198047197e-01
1.021505376344086086e-02 2.988357076265610660e-03 8.858203006069164109e-01
1.021505376344086086e-02 3.032230197823776365e-03 9.050391610787495988e-01
1.021505376344086086e-02 3.049937444798234663e-03 9.262889219205285851e-01
1.021505376344086086e-02 3.092474629637401249e-03 9.503924707063104993e-01
1.021505376344086086e-02 3.134600311527728934e-03 9.773309982608603397e-01
1.021505376344086086e-02 3.176294766621873700e-03 1.007667772270701256e+00
1.021505376344086086e-02 3.217538265380643064e-03 1.039828756866288284e+00
1.021505376344086086e-02 3.258311072470566287e-03 1.074772063623131269e+00
1.021505376344086086e-02 3.269178592376374270e-03 1.111819026589297987e+00
1.021505376344086086e-02 3.308325477504170734e-03 1.150148762462972041e+00
1.021505376344086086e-02 3.346935767364666702e-03 1.190815432668537621e+00
1.021505376344086086e-02 3.384989698401094042e-03 1.232662320100417208e+00
1.000000000000000021e-02 1.933298691790217303e-03 3.598409634194557505e+00
1.000000000000000021e-02 1.994186272659586971e-03 3.089383927201743152e+00
1.000000000000000021e-02 2.056017847030806867e-03 2.645756608622841455e+00
1.000000000000000021e-02 2.118793414903877639e-03 2.265526466863235999e+00
1.000000000000000021e-02 2.182512976278800157e-03 1.945578589624851418e+00
1.000000000000000021e-02 2.247176531155572685e-03 1.684125758297723596e+00
1.000000000000000021e-02 2.312784079534195222e-03 1.477455524010515830e+00
1.000000000000000021e-02 2.379335621414669071e-03 1.324664137968504241e+00
1.000000000000000021e-02 2.446831156796992930e-03 1.222864784451607179e+00
1.000000000000000021e-02 2.481389214172719567e-03 1.153926916617916687e+00
1.000000000000000021e-02 2.515017227476629581e-03 1.093160194518866035e+00
1.000000000000000021e-02 2.547676587321048153e-03 1.041022735319991011e+00
1.000000000000000021e-02 2.579328664268942025e-03 9.956452186838469220e-01
1.000000000000000021e-02 2.609934808225069722e-03 9.568813653623237103e-01
1.000000000000000021e-02 2.639456347796827890e-03 9.251670846058612785e-01
1.000000000000000021e-02 2.667854589622795352e-03 8.996284513933547888e-01
1.000000000000000021e-02 2.715457522497304651e-03 8.793204619653179899e-01
1.000000000000000021e-02 2.742008547402264781e-03 8.638987285949826234e-01
1.000000000000000021e-02 2.767326630583628357e-03 8.550717558643818883e-01
1.000000000000000021e-02 2.813304340117177456e-03 8.492371117139452252e-01
1.000000000000000021e-02 2.836575403356421648e-03 8.497486034052744719e-01
1.000000000000000021e-02 2.881510241125461932e-03 8.528865324566987649e-01
1.000000000000000021e-02 2.902605290842949059e-03 8.619963706039939222e-01
1.000000000000000021e-02 2.946394326285391684e-03 8.720476585868651709e-01
1.000000000000000021e-02 2.989851550071508709e-03 8.872098659349301197e-01
1.000000000000000021e-02 3.032957695987214663e-03 9.069007353617201117e-01
1.000000000000000021e-02 3.049887849123892550e-03 9.276067775374556845e-01
1.000000000000000021e-02 3.091655120727695213e-03 9.512484365011804055e-01
1.000000000000000021e-02 3.133006993683217119e-03 9.785727184024282099e-01
1.000000000000000021e-02 3.173924177748900077e-03 1.007942954548923131e+00
1.000000000000000021e-02 3.214387377206458316e-03 1.040317331640194354e+00
1.000000000000000021e-02 3.254377290762193974e-03 1.075072399589806604e+00
1.000000000000000021e-02 3.293874611445363112e-03 1.111550352510675799e+00
1.000000000000000021e-02 3.302862918630086655e-03 1.149930060379654062e+00
1.000000000000000021e-02 3.340692614990206036e-03 1.189498489176547880e+00
