-1.666666666666666574e-01 1.702286717744115564e-03 3.435979972823014705e+00
-1.666666666666666574e-01 1.755732961889935623e-03 2.866746553565047151e+00
-1.666666666666666574e-01 1.760173543032602901e-03 2.354529724499080601e+00
-1.666666666666666574e-01 1.787977029582013110e-03 1.903100895596373743e+00
-1.666666666666666574e-01 1.846905476690410917e-03 1.508088685114290062e+00
-1.666666666666666574e-01 1.851308474890485303e-03 1.165356280794939359e+00
-1.666666666666666574e-01 1.891429897179903313e-03 8.753028758475215332e-01
-1.666666666666666574e-01 1.922773693283633860e-03 6.387956811675982172e-01
-1.666666666666666574e-01 1.944765080202624048e-03 4.535899371184039519e-01
-1.666666666666666574e-01 2.017063542049703662e-03 3.248886242202682628e-01
-1.666666666666666574e-01 2.022133279617472149e-03 2.139830977008975454e-01
-1.666666666666666574e-01 2.083679383375402344e-03 1.762464662679941729e-01
-1.666666666666666574e-01 2.069975762218683075e-03 1.490307987624283625e-01
-1.666666666666666574e-01 2.119207561578749337e-03 1.696595135530030163e-01
-1.666666666666666574e-01 2.163705881113703842e-03 2.322665726754313265e-01
-1.666666666666666574e-01 2.203177419756057777e-03 3.288116448350048016e-01
-1.666666666666666574e-01 2.237335737194449167e-03 4.539579918112918722e-01
-1.666666666666666574e-01 2.265901667932255364e-03 6.051190130055874583e-01
-1.666666666666666574e-01 2.288603780473230046e-03 7.823712818483289366e-01
-1.666666666666666574e-01 2.305178888604093260e-03 9.886606525650899480e-01
-1.666666666666666574e-01 2.315372623143556290e-03 1.229857992623272001e+00
-1.666666666666666574e-01 2.427514065565860007e-03 1.501193065719592434e+00
-1.666666666666666574e-01 2.428599082224261289e-03 1.748231863995127755e+00
-1.666666666666666574e-01 2.422620785472268286e-03 2.042073635709867219e+00
-1.666666666666666574e-01 2.532010484099782299e-03 2.379292664180610473e+00
-1.666666666666666574e-01 2.515748309962850902e-03 2.671772544807618832e+00
-1.666666666666666574e-01 2.491800698343208092e-03 3.041214711207806509e+00
-1.666666666666666574e-01 2.597177720061742863e-03 3.369008290204823730e+00
-1.610169491525423879e-01 1.765741530598182720e-03 3.225845054582849425e+00
-1.610169491525423879e-01 1.810996011519848056e-03 2.679196199717879256e+00
-1.610169491525423879e-01 1.844685642764359521e-03 2.194387841259570315e+00
-1.610169491525423879e-01 1.865925680987008586e-03 1.764802990274656924e+00
-1.610169491525423879e-01 1.920243717617478325e-03 1.398280544932101632e+00
-1.610169491525423879e-01 1.917117232933226176e-03 1.073450628347194291e+00
-1.610169491525423879e-01 1.951794204462391647e-03 8.020675478143617365e-01
-1.610169491525423879e-01 1.977327831919473925e-03 5.846177524558394678e-01
-1.610169491525423879e-01 2.052619592943577369e-03 4.159517004052460942e-01
-1.610169491525423879e-01 2.061620664775637435e-03 2.764863284832256851e-01
-1.610169491525423879e-01 2.059919997117863871e-03 2.074729052451819433e-01
-1.610169491525423879e-01 2.117098944305785893e-03 1.459850222285186960e-01
-1.610169491525423879e-01 2.169996367066582849e-03 1.402755251105126666e-01
-1.610169491525423879e-01 2.218311178162862222e-03 1.784925192142743366e-01
-1.610169491525423879e-01 2.261748234658239945e-03 2.513908802576949597e-01
-1.610169491525423879e-01 2.214103764472631283e-03 3.521660755514595675e-01
-1.610169491525423879e-01 2.332840265047957627e-03 4.771966685142116638e-01
-1.610169491525423879e-01 2.359937844838438676e-03 6.245096463300722212e-01
-1.610169491525423879e-01 2.381043736961751828e-03 7.953875057612527222e-01
-1.610169491525423879e-01 2.395898268319607890e-03 9.936846921527544563e-01
-1.610169491525423879e-01 2.404250326596578478e-03 1.226029729541905589e+00
-1.610169491525423879e-01 2.405857990419296016e-03 1.501977513246964602e+00
-1.610169491525423879e-01 2.516999694133502646e-03 1.748480912125091269e+00
-1.610169491525423879e-01 2.508879624182891455e-03 2.030985837212467615e+00
-1.610169491525423879e-01 2.619663371216885295e-03 2.372632724571814844e+00
-1.610169491525423879e-01 2.601086140955103775e-03 2.653638347872879333e+00
-1.610169491525423879e-01 2.574716926414672737e-03 3.014105108925569709e+00
-1.610169491525423879e-01 2.681346025343607237e-03 3.338636647910274036e+00
-1.557377049180327933e-01 1.859511924897706489e-03 3.021912061612055389e+00
-1.557377049180327933e-01 1.859083205486566004e-03 2.503084055715501410e+00
-1.557377049180327933e-01 1.883483364430680977e-03 2.047094579479840526e+00
-1.557377049180327933e-01 1.940561007441421546e-03 1.633587749474680884e+00
-1.557377049180327933e-01 1.989961363271462117e-03 1.289648088707951112e+00
-1.557377049180327933e-01 1.979004889809300814e-03 9.860843984061188339e-01
-1.557377049180327933e-01 2.007968415691496582e-03 7.360720743343462935e-01
-1.557377049180327933e-01 2.086132846793366420e-03 5.290276190904878995e-01
-1.557377049180327933e-01 2.098958084385896001e-03 3.613466120613060273e-01
-1.557377049180327933e-01 2.101279459471955009e-03 2.576885793380908618e-01
-1.557377049180327933e-01 2.161855427203441746e-03 1.689564605806422037e-01
-1.557377049180327933e-01 2.218302998160886531e-03 1.392304027700832225e-01
-1.557377049180327933e-01 2.193325274692483912e-03 1.517360193416871228e-01
-1.557377049180327933e-01 2.236636393307845239e-03 1.775912016860274334e-01
-1.557377049180327933e-01 2.274863174658707000e-03 2.422482461946290910e-01
-1.557377049180327933e-01 2.307725241649490402e-03 3.415111208560858147e-01
-1.557377049180327933e-01 2.334948951879290985e-03 4.736726181217253417e-01
-1.557377049180327933e-01 2.356267829575657731e-03 6.396685007442755033e-01
-1.557377049180327933e-01 2.473221802811302519e-03 8.188909183228625377e-01
-1.557377049180327933e-01 2.486279203708459049e-03 1.007916788608782976e+00
-1.557377049180327933e-01 2.492718151378920787e-03 1.230200793490377809e+00
-1.557377049180327933e-01 2.492299771084346451e-03 1.496106351585877459e+00
-1.557377049180327933e-01 2.604835716653389199e-03 1.757131052877468402e+00
-1.557377049180327933e-01 2.594515066651730071e-03 2.027335672345923268e+00
-1.557377049180327933e-01 2.576695048017947631e-03 2.363992355883399288e+00
-1.557377049180327933e-01 2.685662209885092064e-03 2.643884716208454666e+00
-1.557377049180327933e-01 2.656825722306049419e-03 2.994154414140343334e+00
-1.557377049180327933e-01 2.764623332443161014e-03 3.317590377194149731e+00
-1.507936507936507853e-01 1.869337925283944945e-03 3.360520161915014015e+00
-1.507936507936507853e-01 1.911496650292704392e-03 2.814888917159521942e+00
-1.507936507936507853e-01 1.941816089329356267e-03 2.324575774359750824e+00
-1.507936507936507853e-01 1.959438675788681070e-03 1.889884037685931162e+00
-1.507936507936507853e-01 2.011702079495128991e-03 1.507455886607889095e+00
-1.507936507936507853e-01 2.055898256180990064e-03 1.182272083188117939e+00
-1.507936507936507853e-01 2.091438956587955266e-03 9.016207303388993344e-01
-1.507936507936507853e-01 2.117754654973657679e-03 6.613948376411332708e-01
-1.507936507936507853e-01 2.134296217390407261e-03 4.660375137566310499e-01
-1.507936507936507853e-01 2.140536837633922034e-03 3.293204095106654350e-01
-1.507936507936507853e-01 2.204395795794615587e-03 2.153820245882520079e-01
-1.507936507936507853e-01 2.264279657342482648e-03 1.638343139321026265e-01
-1.507936507936507853e-01 2.243774775441411632e-03 1.289820734481382236e-01
-1.507936507936507853e-01 2.290850911372543063e-03 1.305602984928337373e-01
-1.507936507936507853e-01 2.332991720736346444e-03 1.704348831994190738e-01
-1.507936507936507853e-01 2.369914944949425440e-03 2.431190062454782752e-01
-1.507936507936507853e-01 2.401344481581314458e-03 3.455124683716263023e-01
-1.507936507936507853e-01 2.427010765705214790e-03 4.769765972219582872e-01
-1.507936507936507853e-01 2.446651193321440227e-03 6.393861393136144322e-01
-1.507936507936507853e-01 2.460010593402995466e-03 8.371620605673955051e-01
-1.507936507936507853e-01 2.576340603051490135e-03 1.031627394664109909e+00
-1.507936507936507853e-01 2.580800683643588635e-03 1.242728063628002699e+00
-1.507936507936507853e-01 2.578295359354059076e-03 1.497323570283003669e+00
-1.507936507936507853e-01 2.692144273473495199e-03 1.774129090491006533e+00
-1.507936507936507853e-01 2.679569170735007430e-03 2.031010155833489428e+00
-1.507936507936507853e-01 2.659394412469801624e-03 2.355823740748339556e+00
-1.507936507936507853e-01 2.769530337312293197e-03 2.641994847492305620e+00
-1.507936507936507853e-01 2.738184945870944780e-03 2.980844518615171523e+00
-1.507936507936507853e-01 2.847074786645131632e-03 3.305305415892361598e+00
-1.461538461538461620e-01 1.922976076388576740e-03 3.139925233879272248e+00
-1.461538461538461620e-01 1.956200861140762817e-03 2.620951117402917863e+00
-1.461538461538461620e-01 2.021496143067316471e-03 2.162594315494204444e+00
-1.461538461538461620e-01 2.032019933485861886e-03 1.742588158463375780e+00
-1.461538461538461620e-01 2.079185109917525923e-03 1.385256282445827214e+00
-1.461538461538461620e-01 2.117909856655789125e-03 1.076818749882106463e+00
-1.461538461538461620e-01 2.147623381455408906e-03 8.106677232629437846e-01
-1.461538461538461620e-01 2.167773742330663962e-03 5.883223265522523615e-01
-1.461538461538461620e-01 2.177829594191727121e-03 4.201570027292160781e-01
-1.461538461538461620e-01 2.244860378818699931e-03 2.829607119331105647e-01
-1.461538461538461620e-01 2.236713854663710012e-03 2.004930427493444856e-01
-1.461538461538461620e-01 2.291943343277094095e-03 1.338045351345905354e-01
-1.461538461538461620e-01 2.342676813992628209e-03 1.143621197632498504e-01
-1.461538461538461620e-01 2.388625444723615696e-03 1.332224836702015081e-01
-1.461538461538461620e-01 2.429505746827050495e-03 1.837396839425219086e-01
-1.461538461538461620e-01 2.465039871443858947e-03 2.615698681187851871e-01
-1.461538461538461620e-01 2.494955947293595218e-03 3.646685472580826204e-01
-1.461538461538461620e-01 2.518988454480580556e-03 4.933535704165654123e-01
-1.461538461538461620e-01 2.536878639723866551e-03 6.503283232678527259e-01
-1.461538461538461620e-01 2.548374979477519009e-03 8.407593248104924255e-01
-1.461538461538461620e-01 2.666100438772988235e-03 1.065174124039767412e+00
-1.461538461538461620e-01 2.668521021644944171e-03 1.263764017447933208e+00
-1.461538461538461620e-01 2.663872682964795249e-03 1.505895140102644802e+00
-1.461538461538461620e-01 2.778959765519273088e-03 1.799448038866530153e+00
-1.461538461538461620e-01 2.764080772754202997e-03 2.041964414236442593e+00
-1.461538461538461620e-01 2.741506489454386200e-03 2.353782190143421271e+00
-1.461538461538461620e-01 2.852739923118245008e-03 2.647574432751930384e+00
-1.461538461538461620e-01 2.818847615640377412e-03 2.974079721650130459e+00
-1.461538461538461620e-01 2.928759935065872351e-03 3.300883075873044081e+00
-1.417910447761193959e-01 1.971581198805895385e-03 3.465719290159935184e+00
-1.417910447761193959e-01 2.010433193695313533e-03 2.923549989385715087e+00
-1.417910447761193959e-01 2.037193908142901234e-03 2.430242842596554542e+00
-1.417910447761193959e-01 2.051032300176789183e-03 1.992305501245746679e+00
-1.417910447761193959e-01 2.101060178771336356e-03 1.602764957011416636e+00
-1.417910447761193959e-01 2.142861636040527349e-03 1.266546560527802789e+00
-1.417910447761193959e-01 2.175865552213519186e-03 9.747497181867026406e-01
-1.417910447761193959e-01 2.199518260044529445e-03 7.262162373453533437e-01
-1.417910447761193959e-01 2.213285123822814147e-03 5.282184266871218226e-01
-1.417910447761193959e-01 2.283379758806684465e-03 3.696229730741123487e-01
-1.417910447761193959e-01 2.279331819144827381e-03 2.497883736652260767e-01
-1.417910447761193959e-01 2.337960372307934520e-03 1.636842662959391015e-01
-1.417910447761193959e-01 2.392244315138717173e-03 1.261996922947027644e-01
-1.417910447761193959e-01 2.441894585358019010e-03 1.274622208507369403e-01
-1.417910447761193959e-01 2.400776867102231028e-03 1.465160320051661080e-01
-1.417910447761193959e-01 2.436228227627708267e-03 1.987379869214897787e-01
-1.417910447761193959e-01 2.466147411932831292e-03 2.851719916564407487e-01
-1.417910447761193959e-01 2.588555287128534686e-03 3.993482846106672923e-01
-1.417910447761193959e-01 2.610883078327233629e-03 5.231798525418280832e-01
-1.417910447761193959e-01 2.626956412833989386e-03 6.728754090416827482e-01
-1.417910447761193959e-01 2.636527393571183944e-03 8.544174586525550286e-01
-1.417910447761193959e-01 2.639355670257743317e-03 1.076210428676367403e+00
-1.417910447761193959e-01 2.755900803825800990e-03 1.293573894536725444e+00
-1.417910447761193959e-01 2.749057741214653086e-03 1.522050559800376845e+00
-1.417910447761193959e-01 2.734825872988053130e-03 1.809063409586380011e+00
-1.417910447761193959e-01 2.848085709660787800e-03 2.060141221695928948e+00
-1.417910447761193959e-01 2.823070795818658808e-03 2.357801035095602238e+00
-1.417910447761193959e-01 2.935336305829039805e-03 2.660579280600924523e+00
-1.417910447761193959e-01 2.898862316863712665e-03 2.973325752361696495e+00
-1.417910447761193959e-01 3.009733222653644766e-03 3.304163538200447725e+00
-1.376811594202898559e-01 2.022105195411672256e-03 3.228299492646437230e+00
-1.376811594202898559e-01 2.051800609685924901e-03 2.712007899740468631e+00
-1.376811594202898559e-01 2.068845086868416252e-03 2.254249524734601717e+00
-1.376811594202898559e-01 2.121633332143214347e-03 1.832630975377731675e+00
-1.376811594202898559e-01 2.166407490449231109e-03 1.468814634600125624e+00
-1.376811594202898559e-01 2.202596925063501736e-03 1.151793930597457605e+00
-1.376811594202898559e-01 2.229647182357310208e-03 8.779541546350294601e-01
-1.376811594202898559e-01 2.247021422072868931e-03 6.517286707673254353e-01
-1.376811594202898559e-01 2.320075331546367619e-03 4.735041897998831240e-01
-1.376811594202898559e-01 2.320025151971454817e-03 3.194186089228658321e-01
-1.376811594202898559e-01 2.381947769098315994e-03 2.163438654555205620e-01
-1.376811594202898559e-01 2.362726104738225794e-03 1.577800706485186777e-01
-1.376811594202898559e-01 2.412051077566835025e-03 1.122065525526427798e-01
-1.376811594202898559e-01 2.456538201796445303e-03 1.064538755512616230e-01
-1.376811594202898559e-01 2.495911073544163344e-03 1.349900383307511553e-01
-1.376811594202898559e-01 2.529898537502167383e-03 1.944237832972358082e-01
-1.376811594202898559e-01 2.558235005442933280e-03 2.835684992622476419e-01
-1.376811594202898559e-01 2.580660808889964804e-03 4.034550698279785186e-01
-1.376811594202898559e-01 2.596922591109479712e-03 5.573816498032819755e-01
-1.376811594202898559e-01 2.716890769754768190e-03 7.074245025274330523e-01
-1.376811594202898559e-01 2.724478585566258906e-03 8.783994304757839489e-01
-1.376811594202898559e-01 2.725222678310260625e-03 1.088748885228202123e+00
-1.376811594202898559e-01 2.842960259901044541e-03 1.332370488109599460e+00
-1.376811594202898559e-01 2.833874707926340927e-03 1.546002380723920266e+00
-1.376811594202898559e-01 2.817308047705180223e-03 1.818705437586231932e+00
-1.376811594202898559e-01 2.931617041333511777e-03 2.085508468482657918e+00
-1.376811594202898559e-01 2.904123706475351084e-03 2.368116646379420320e+00
-1.376811594202898559e-01 3.017361105583481282e-03 2.680563320250064052e+00
-1.376811594202898559e-01 2.978273587280774824e-03 2.978751667745714649e+00
-1.376811594202898559e-01 3.090044455183648276e-03 3.314548432468112260e+00
-1.338028169014084390e-01 2.065408643829712114e-03 3.005470586225429397e+00
-1.338028169014084390e-01 2.131085380775333150e-03 2.514359132917981299e+00
-1.338028169014084390e-01 2.141004241912934300e-03 2.072972241811295024e+00
-1.338028169014084390e-01 2.188650556382511561e-03 1.681881813438112827e+00
-1.338028169014084390e-01 2.227923475778971051e-03 1.340169828469506275e+00
-1.338028169014084390e-01 2.258268573563311770e-03 1.041963238793649715e+00
-1.338028169014084390e-01 2.279147749535798476e-03 7.890918634626585826e-01
-1.338028169014084390e-01 2.290040727695552818e-03 5.911057610469359069e-01
-1.338028169014084390e-01 2.358906080555392241e-03 4.075018183264886851e-01
-1.338028169014084390e-01 2.424020160885374722e-03 2.897208497978777109e-01
-1.338028169014084390e-01 2.409078064434227746e-03 1.858280349999471281e-01
-1.338028169014084390e-01 2.461925720450446921e-03 1.230646358076340485e-01
-1.338028169014084390e-01 2.510084777331030373e-03 9.962726043854075453e-02
-1.338028169014084390e-01 2.553278422918386047e-03 1.090036735204821250e-01
-1.338028169014084390e-01 2.591234668208642049e-03 1.466918853407864209e-01
-1.338028169014084390e-01 2.623686630480433126e-03 2.102808938447083831e-01
-1.338028169014084390e-01 2.650372845795644257e-03 2.994619489323824268e-01
-1.338028169014084390e-01 2.671037615155523112e-03 4.160472234780990264e-01
-1.338028169014084390e-01 2.685431389403485428e-03 5.641507796466617153e-01
-1.338028169014084390e-01 2.693311198962242831e-03 7.501135251983135355e-01
-1.338028169014084390e-01 2.812238828519932239e-03 9.130198651902419194e-01
-1.338028169014084390e-01 2.810848864752029004e-03 1.110484303389467131e+00
-1.338028169014084390e-01 2.802292162647586869e-03 1.358819714640848941e+00
-1.338028169014084390e-01 2.918346042269537310e-03 1.577891497163660839e+00
-1.338028169014084390e-01 2.899404194036012041e-03 1.835062540766643213e+00
-1.338028169014084390e-01 3.014705266560230822e-03 2.118281060115811520e+00
-1.338028169014084390e-01 2.984698711497803421e-03 2.384492428031981248e+00
-1.338028169014084390e-01 3.098852546168993742e-03 2.707681240704078007e+00
-1.338028169014084390e-01 3.057122276729989842e-03 2.990009213720545400e+00
-1.338028169014084390e-01 3.169739226592999115e-03 3.331819375355875579e+00
-1.301369863013698558e-01 2.120087847839458896e-03 3.296149728704968584e+00
-1.301369863013698558e-01 2.146105873398272256e-03 2.781454971463578563e+00
-1.301369863013698558e-01 2.159263443874011139e-03 2.322150909186445844e+00
-1.301369863013698558e-01 2.209684904345526370e-03 1.904221139885864611e+00
-1.301369863013698558e-01 2.251942300736609493e-03 1.538434974452909998e+00
-1.301369863013698558e-01 2.285481937710478941e-03 1.216839357098655539e+00
-1.301369863013698558e-01 2.309765276247792518e-03 9.388716650439836719e-01
-1.301369863013698558e-01 2.324270291326890805e-03 7.112909246373096961e-01
-1.301369863013698558e-01 2.396079566550890581e-03 5.123318608719096279e-01
-1.301369863013698558e-01 2.392995473288244725e-03 3.630349262968067259e-01
-1.301369863013698558e-01 2.453524238703101018e-03 2.374509932371677567e-01
-1.301369863013698558e-01 2.509794330479748689e-03 1.606123929291897456e-01
-1.301369863013698558e-01 2.561524738604996961e-03 1.230332783244735412e-01
-1.301369863013698558e-01 2.521903293434626242e-03 1.087626356118176346e-01
-1.301369863013698558e-01 2.559681851046919851e-03 1.215107525967669133e-01
-1.301369863013698558e-01 2.592040311845659854e-03 1.679089673383923897e-01
-1.301369863013698558e-01 2.717581719946306294e-03 2.462765918271658805e-01
-1.301369863013698558e-01 2.742554498325948126e-03 3.329227475299108008e-01
-1.301369863013698558e-01 2.761398872576479365e-03 4.439991919106187623e-01
-1.301369863013698558e-01 2.773869043771349380e-03 5.842153197671998699e-01
-1.301369863013698558e-01 2.779725631631566312e-03 7.605984026267402776e-01
-1.301369863013698558e-01 2.899817900039203169e-03 9.585105104160029921e-01
-1.301369863013698558e-01 2.896247528540745256e-03 1.141675084535335838e+00
-1.301369863013698558e-01 2.885420043378533056e-03 1.375495986176915597e+00
-1.301369863013698558e-01 3.002492601923302702e-03 1.617834003461865677e+00
-1.301369863013698558e-01 2.981138186223530450e-03 1.858500844601461477e+00
-1.301369863013698558e-01 3.097378528822292837e-03 2.158256525876486975e+00
-1.301369863013698558e-01 3.064826658016178533e-03 2.407282052791325455e+00
-1.301369863013698558e-01 3.179845753978780172e-03 2.741627335396974008e+00
-1.301369863013698558e-01 3.135445879074879455e-03 3.007100243738602963e+00
-1.301369863013698558e-01 3.248859310284975006e-03 3.355752239313047891e+00
-1.266666666666666774e-01 2.160198474226431020e-03 3.056835540367668358e+00
-1.266666666666666774e-01 2.176493283178834812e-03 2.578739086354691512e+00
-1.266666666666666774e-01 2.229596431989574676e-03 2.134490967516007309e+00
-1.266666666666666774e-01 2.274742439033904887e-03 1.745310944655205532e+00
-1.266666666666666774e-01 2.311378948851610781e-03 1.401326829162367726e+00
-1.266666666666666774e-01 2.338967696858402969e-03 1.099773354822068283e+00
-1.266666666666666774e-01 2.356985742352746358e-03 8.448452155245522732e-01
-1.266666666666666774e-01 2.431643710435681897e-03 6.323597336815149905e-01
-1.266666666666666774e-01 2.432459432170319159e-03 4.484447983507368618e-01
-1.266666666666666774e-01 2.496164749355875463e-03 3.105539151470007586e-01
-1.266666666666666774e-01 2.478069094119308112e-03 2.183320108819546135e-01
-1.266666666666666774e-01 2.529392866573110677e-03 1.375546697550843189e-01
-1.266666666666666774e-01 2.575977422094995369e-03 9.621201764821621372e-02
-1.266666666666666774e-01 2.617553169943804582e-03 8.876421366374072364e-02
-1.266666666666666774e-01 2.653855026503061133e-03 1.116397033692629603e-01
-1.266666666666666774e-01 2.684622682918714857e-03 1.632436255749287746e-01
-1.266666666666666774e-01 2.709600900653728189e-03 2.439536295185747439e-01
-1.266666666666666774e-01 2.728539839045108443e-03 3.562623733543499038e-01
-1.266666666666666774e-01 2.851742839892855777e-03 4.873564109448633719e-01
-1.266666666666666774e-01 2.862237456582107740e-03 6.177683981378202516e-01
-1.266666666666666774e-01 2.866022404662906670e-03 7.828322470730161298e-01
-1.266666666666666774e-01 2.862868571737064560e-03 9.925186370941849745e-01
-1.266666666666666774e-01 2.981431157404054733e-03 1.182486317302768875e+00
-1.266666666666666774e-01 2.968293163678308207e-03 1.400433303489683645e+00
-1.266666666666666774e-01 3.086333754928886029e-03 1.666125229179666878e+00
-1.266666666666666774e-01 3.062532130781211136e-03 1.888919611930855114e+00
-1.266666666666666774e-01 3.030794079358229906e-03 2.192332792135492259e+00
-1.266666666666666774e-01 3.144535975378617669e-03 2.436321847587725742e+00
-1.266666666666666774e-01 3.101107473056324230e-03 2.766289388480249301e+00
-1.266666666666666774e-01 3.213278836439690915e-03 3.029982821466711052e+00
-1.266666666666666774e-01 3.327443015430944524e-03 3.386198166609258209e+00
-1.233766233766233900e-01 2.173434986704365912e-03 3.339033240789607948e+00
-1.233766233766233900e-01 2.239300012403178369e-03 2.834762532076107178e+00
-1.233766233766233900e-01 2.248463665673478169e-03 2.371510438199437409e+00
-1.233766233766233900e-01 2.296405618588946620e-03 1.959662735696334757e+00
-1.233766233766233900e-01 2.336044124146630704e-03 1.594300942755466188e+00
-1.233766233766233900e-01 2.366841811147673939e-03 1.270628213715109034e+00
-1.233766233766233900e-01 2.388275549343323902e-03 9.904785529219536366e-01
-1.233766233766233900e-01 2.399837741031408695e-03 7.628494642599565889e-01
-1.233766233766233900e-01 2.470307167071987033e-03 5.511002411154232172e-01
-1.233766233766233900e-01 2.537094120966916326e-03 4.032352990927271508e-01
-1.233766233766233900e-01 2.523181456000538319e-03 2.655813065565192366e-01
-1.233766233766233900e-01 2.577912706904962430e-03 1.715603388613898272e-01
-1.233766233766233900e-01 2.628051174684407302e-03 1.161857890153819850e-01
-1.233766233766233900e-01 2.673327426868369727e-03 9.302566106836157589e-02
-1.233766233766233900e-01 2.713476185131649850e-03 9.752922818185733034e-02
-1.233766233766233900e-01 2.748236564051788171e-03 1.270394827881756727e-01
-1.233766233766233900e-01 2.777352333972329685e-03 1.807621741639071078e-01
-1.233766233766233900e-01 2.800572211384734240e-03 2.598617849068100560e-01
-1.233766233766233900e-01 2.817650180865436445e-03 3.674646213955597429e-01
-1.233766233766233900e-01 2.828345853369094044e-03 5.088085195060279009e-01
-1.233766233766233900e-01 2.950538657402440590e-03 6.649189225874654330e-01
-1.233766233766233900e-01 2.952206716304382316e-03 8.169814585980832433e-01
-1.233766233766233900e-01 2.946846595792941819e-03 1.012778868083895167e+00
-1.233766233766233900e-01 3.066411465178291943e-03 1.233038488690563650e+00
-1.233766233766233900e-01 3.050925984099968086e-03 1.433989406331592331e+00
-1.233766233766233900e-01 3.027804047930353955e-03 1.701638839982930529e+00
-1.233766233766233900e-01 3.143606504430478902e-03 1.926718409197824222e+00
-1.233766233766233900e-01 3.109313341371123043e-03 2.212210441588287502e+00
-1.233766233766233900e-01 3.223852883128715263e-03 2.471733492219272854e+00
-1.233766233766233900e-01 3.177750905078298351e-03 2.783842094395195588e+00
-1.233766233766233900e-01 3.290652816671797709e-03 3.058661240205451826e+00
-1.233766233766233900e-01 3.232124834486316701e-03 3.412914178467413517e+00
-1.202531645569620278e-01 2.254018178320514165e-03 3.094488273616077034e+00
-1.202531645569620278e-01 2.266358478930239652e-03 2.614238591951581814e+00
-1.202531645569620278e-01 2.317006931543284277e-03 2.180481092638561158e+00
-1.202531645569620278e-01 2.359555441433487145e-03 1.794752811698080874e+00
-1.202531645569620278e-01 2.393468067222999894e-03 1.450379869005978373e+00
-1.202531645569620278e-01 2.418222121388596910e-03 1.147018964387781503e+00
-1.202531645569620278e-01 2.433309344055709089e-03 8.911483211561556095e-01
-1.202531645569620278e-01 2.506625236215628393e-03 6.694602332382699750e-01
-1.202531645569620278e-01 2.504355209449805799e-03 4.870889563890384300e-01
-1.202531645569620278e-01 2.566574491805719699e-03 3.357663179081226690e-01
-1.202531645569620278e-01 2.624619049582348988e-03 2.316315807428138418e-01
-1.202531645569620278e-01 2.595015513199609540e-03 1.605100577264022554e-01
-1.202531645569620278e-01 2.639961639605956437e-03 1.065412775437502985e-01
-1.202531645569620278e-01 2.679859171884505908e-03 8.708647326246518605e-02
-1.202531645569620278e-01 2.714449791699068137e-03 9.943051120222812234e-02
-1.202531645569620278e-01 2.743479658586129698e-03 1.427014590045114495e-01
-1.202531645569620278e-01 2.766699690053699145e-03 2.179777262908108304e-01
-1.202531645569620278e-01 2.891625740016905925e-03 2.950620242149712968e-01
-1.202531645569620278e-01 2.906792093723827800e-03 3.956694865030551123e-01
-1.202531645569620278e-01 2.915480521148264108e-03 5.278333427988807225e-01
-1.202531645569620278e-01 2.917460144025565104e-03 6.995393438572345968e-01
-1.202531645569620278e-01 3.038283580235974415e-03 8.631209130578502142e-01
-1.202531645569620278e-01 3.030677974206728159e-03 1.043485311612724509e+00
-1.202531645569620278e-01 3.015742367186659625e-03 1.280315596843833115e+00
-1.202531645569620278e-01 3.133331993716335397e-03 1.476088700522356856e+00
-1.202531645569620278e-01 3.107750316462270287e-03 1.725935828446202525e+00
-1.202531645569620278e-01 3.224380283426977415e-03 1.971807595060849350e+00
-1.202531645569620278e-01 3.187505096648623765e-03 2.238364138651189439e+00
-1.202531645569620278e-01 3.302801582045862203e-03 2.513568608243015312e+00
-1.202531645569620278e-01 3.254003649947396354e-03 2.806832179966257890e+00
-1.202531645569620278e-01 3.367596965487188940e-03 3.093168923715222007e+00
-1.202531645569620278e-01 3.306266927931309461e-03 3.429543150465690804e+00
-1.172839506172839441e-01 2.267925115891033377e-03 3.359177370806948559e+00
-1.172839506172839441e-01 2.283346735999682540e-03 2.861756509678095917e+00
-1.172839506172839441e-01 2.336615444608926718e-03 2.406867292734521602e+00
-1.172839506172839441e-01 2.381984903939515005e-03 2.001776221373543940e+00
-1.172839506172839441e-01 2.418921066611508068e-03 1.638072322237416278e+00
-1.172839506172839441e-01 2.446902237850419846e-03 1.313400527563556963e+00
-1.172839506172839441e-01 2.465420144239500403e-03 1.031917031961494313e+00
-1.172839506172839441e-01 2.541494943705311423e-03 8.021205148352699155e-01
-1.172839506172839441e-01 2.543035158337541776e-03 5.860979113670009566e-01
-1.172839506172839441e-01 2.608332372730337145e-03 4.268761690628065097e-01
-1.172839506172839441e-01 2.591228022798394356e-03 2.947996505498912678e-01
-1.172839506172839441e-01 2.644358503333461580e-03 1.890270879467379483e-01
-1.172839506172839441e-01 2.692846754720300186e-03 1.209166882396487952e-01
-1.172839506172839441e-01 2.736430496592298731e-03 8.501025375939998130e-02
-1.172839506172839441e-01 2.774851345412585307e-03 7.764860385299005019e-02
-1.172839506172839441e-01 2.807855040752222503e-03 9.692060532653640204e-02
-1.172839506172839441e-01 2.835191694526287970e-03 1.427259674892119301e-01
-1.172839506172839441e-01 2.856616066448324897e-03 2.168111370437418028e-01
-1.172839506172839441e-01 2.871887869560949772e-03 3.228532889137393780e-01
-1.172839506172839441e-01 2.995961815904177664e-03 4.407742101331846296e-01
-1.172839506172839441e-01 3.002598541193777712e-03 5.617875175627513595e-01
-1.172839506172839441e-01 3.002437410957459630e-03 7.208512189428171180e-01
-1.172839506172839441e-01 3.124257812939470590e-03 9.212799900639638828e-01
-1.172839506172839441e-01 3.114370037150108496e-03 1.084893821914661327e+00
-1.172839506172839441e-01 3.097072070465962251e-03 1.304564528387483380e+00
-1.172839506172839441e-01 3.215523776071890858e-03 1.527079770938565728e+00
-1.172839506172839441e-01 3.187453045484853979e-03 1.757777449949486481e+00
-1.172839506172839441e-01 3.304871063909038242e-03 2.024334091026683158e+00
-1.172839506172839441e-01 3.265388840174145244e-03 2.270910816099163565e+00
-1.172839506172839441e-01 3.381404428923590402e-03 2.561898237228176889e+00
-1.172839506172839441e-01 3.329889721331266792e-03 2.835381433004680929e+00
-1.172839506172839441e-01 3.444138135037766793e-03 3.133445597552510620e+00
-1.172839506172839441e-01 3.379989330402614466e-03 3.450976225812483200e+00
-1.144578313253012125e-01 2.299488868082649306e-03 3.113251998467239101e+00
-1.144578313253012125e-01 2.355294750006191665e-03 2.638020002060598390e+00
-1.144578313253012125e-01 2.403399055396102709e-03 2.214556167270064879e+00
-1.144578313253012125e-01 2.443270031719228363e-03 1.832839425572545089e+00
-1.144578313253012125e-01 2.474387454831991282e-03 1.488652711728003064e+00
-1.144578313253012125e-01 2.496243603870440184e-03 1.184008018643192051e+00
-1.144578313253012125e-01 2.508344381012154144e-03 9.274824923813269617e-01
-1.144578313253012125e-01 2.580248035539191211e-03 7.018736085381864775e-01
-1.144578313253012125e-01 2.574849215676547950e-03 5.205716944800411472e-01
-1.144578313253012125e-01 2.635521864967961016e-03 3.608474704835901159e-01
-1.144578313253012125e-01 2.691960158135871771e-03 2.457613136594695991e-01
-1.144578313253012125e-01 2.743898946269860469e-03 1.673435097614282552e-01
-1.144578313253012125e-01 2.791076497325056111e-03 1.193406262655688083e-01
-1.144578313253012125e-01 2.740524121211253532e-03 9.580908326406625819e-02
-1.144578313253012125e-01 2.870119171865659694e-03 9.818809146638429741e-02
-1.144578313253012125e-01 2.901479670706452827e-03 1.210235133597912516e-01
-1.144578313253012125e-01 2.927070150771977301e-03 1.663613201864497237e-01
-1.144578313253012125e-01 2.946649128201834101e-03 2.365956331547636737e-01
-1.144578313253012125e-01 2.959979962814457237e-03 3.360057291798433932e-01
-1.144578313253012125e-01 2.966831193007450802e-03 4.708470059787346340e-01
-1.144578313253012125e-01 3.089699277471074767e-03 6.105820336847490593e-01
-1.144578313253012125e-01 3.087358543775491331e-03 7.552475049515577910e-01
-1.144578313253012125e-01 3.077915817163193960e-03 9.479094340221464465e-01
-1.144578313253012125e-01 3.197929706734152500e-03 1.136879096215734908e+00
-1.144578313253012125e-01 3.178237798750520142e-03 1.338302852026160616e+00
-1.144578313253012125e-01 3.297513072414145607e-03 1.586869905968542049e+00
-1.144578313253012125e-01 3.266925926194918454e-03 1.797341066760192563e+00
-1.144578313253012125e-01 3.385095173277667679e-03 2.084364563021376959e+00
-1.144578313253012125e-01 3.342982632258799120e-03 2.309974862946241103e+00
-1.144578313253012125e-01 3.459682096009050484e-03 2.616801973540162862e+00
-1.144578313253012125e-01 3.405431299498940835e-03 2.869503308519771867e+00
-1.144578313253012125e-01 3.520301090754205352e-03 3.179498022106826305e+00
-1.144578313253012125e-01 3.453318081037394169e-03 3.477198364559228594e+00
-1.117647058823529327e-01 2.314840389378249996e-03 3.368006416478153575e+00
-1.117647058823529327e-01 2.373103462450049713e-03 2.873223888338586995e+00
-1.117647058823529327e-01 2.423859449097853953e-03 2.432358840675331813e+00
-1.117647058823529327e-01 2.466579236940545303e-03 2.033895608535427169e+00
-1.117647058823529327e-01 2.500744487016703065e-03 1.671890935410260681e+00
-1.117647058823529327e-01 2.525848524628999340e-03 1.346373300915575388e+00
-1.117647058823529327e-01 2.541397359579910479e-03 1.063636892616053320e+00
-1.117647058823529327e-01 2.616066897316292675e-03 8.329491686397897388e-01
-1.117647058823529327e-01 2.614489271666908376e-03 6.155780664282713976e-01
-1.117647058823529327e-01 2.678240765944193188e-03 4.495558400597027826e-01
-1.117647058823529327e-01 2.657914355230100913e-03 3.216668495888042045e-01
-1.117647058823529327e-01 2.709396178184943563e-03 2.082556580232179377e-01
-1.117647058823529327e-01 2.756189599665296620e-03 1.313419540920688078e-01
-1.117647058823529327e-01 2.798039255906499111e-03 8.638719431634565848e-02
-1.117647058823529327e-01 2.834693448588433435e-03 7.050001925086298027e-02
-1.117647058823529327e-01 2.865904359719024814e-03 8.246818971564942591e-02
-1.117647058823529327e-01 2.891428288419070885e-03 1.228300968887892225e-01
-1.117647058823529327e-01 2.911025912727972873e-03 1.938954598836190590e-01
-1.117647058823529327e-01 3.036790736879959110e-03 2.769636030660957982e-01
-1.117647058823529327e-01 3.048136659283673562e-03 3.674755848415118820e-01
-1.117647058823529327e-01 3.052913870156259528e-03 4.913845629201363252e-01
-1.117647058823529327e-01 3.050899803328799027e-03 6.574511536657166033e-01
-1.117647058823529327e-01 3.172225426093408258e-03 8.028199216783642456e-01
-1.117647058823529327e-01 3.160486440744343043e-03 9.786472925787128574e-01
-1.117647058823529327e-01 3.281363514616974716e-03 1.199671702178427779e+00
-1.117647058823529327e-01 3.259248069192841307e-03 1.381422170432799801e+00
-1.117647058823529327e-01 3.229370875843415225e-03 1.636212215220403055e+00
-1.117647058823529327e-01 3.346181704607399058e-03 1.844714061710023945e+00
-1.117647058823529327e-01 3.304932053887497338e-03 2.123040852869638506e+00
-1.117647058823529327e-01 3.420303218157976031e-03 2.355678992788581727e+00
-1.117647058823529327e-01 3.367072978615424841e-03 2.669147186889261114e+00
-1.117647058823529327e-01 3.480648891966460143e-03 2.909264048468261254e+00
-1.117647058823529327e-01 3.596108698326079892e-03 3.231282697142940474e+00
-1.117647058823529327e-01 3.526277203339326684e-03 3.508216199441146710e+00
-1.091954022988505663e-01 2.390095667339825827e-03 3.111839726917100535e+00
-1.091954022988505663e-01 2.443423074518277956e-03 2.654522855483090193e+00
-1.091954022988505663e-01 2.433755342317811803e-03 2.233099191665709693e+00
-1.091954022988505663e-01 2.467730145081311124e-03 1.855212528972818964e+00
-1.091954022988505663e-01 2.554299353835645572e-03 1.518054837042012606e+00
-1.091954022988505663e-01 2.573206402020673886e-03 1.211952194694024820e+00
-1.091954022988505663e-01 2.582276235779990253e-03 9.542971642019233425e-01
-1.091954022988505663e-01 2.652711505775548484e-03 7.287736484800820813e-01
-1.091954022988505663e-01 2.644150443945334113e-03 5.475029856105986248e-01
-1.091954022988505663e-01 2.703228948103819640e-03 3.833528233189024137e-01
-1.091954022988505663e-01 2.758016990905317288e-03 2.611394772116796825e-01
-1.091954022988505663e-01 2.808256586426719111e-03 1.738911338286876218e-01
-1.091954022988505663e-01 2.853692963722498626e-03 1.163035704107968499e-01
-1.091954022988505663e-01 2.894074742522606720e-03 8.464660976223814526e-02
-1.091954022988505663e-01 2.929154125694809815e-03 7.675484994499856550e-02
-1.091954022988505663e-01 2.958687110707726615e-03 9.216318952578460288e-02
-1.091954022988505663e-01 2.982433722714969947e-03 1.320412689826470642e-01
-1.091954022988505663e-01 3.000158272346114575e-03 1.993091341784977433e-01
-1.091954022988505663e-01 3.011629641857535480e-03 2.987067715558356928e-01
-1.091954022988505663e-01 3.136353005317188240e-03 4.169642744196523920e-01
-1.091954022988505663e-01 3.139017513090577426e-03 5.279595193328467939e-01
-1.091954022988505663e-01 3.134807715637013929e-03 6.798492922408747585e-01
-1.091954022988505663e-01 3.257039930343067109e-03 8.633439017549718875e-01
-1.091954022988505663e-01 3.242972919317176853e-03 1.021066209106976874e+00
-1.091954022988505663e-01 3.221440823427910820e-03 1.239607852857042447e+00
-1.091954022988505663e-01 3.340110868934460277e-03 1.434021019096246130e+00
-1.091954022988505663e-01 3.307712937811943532e-03 1.668294735486438807e+00
-1.091954022988505663e-01 3.425232254094639269e-03 1.899982976214278363e+00
-1.091954022988505663e-01 3.381352052716315483e-03 2.156858492438562980e+00
-1.091954022988505663e-01 3.497366137426487307e-03 2.408034684583709950e+00
-1.091954022988505663e-01 3.441403517219301673e-03 2.699912566661036628e+00
-1.091954022988505663e-01 3.555561479150062994e-03 2.954670369459120760e+00
-1.091954022988505663e-01 3.671582092622835674e-03 3.288774381622027398e+00
-1.067415730337078622e-01 2.406321324944171725e-03 3.353295780588981589e+00
-1.067415730337078622e-01 2.462142745030272781e-03 2.880451542799667308e+00
-1.067415730337078622e-01 2.455894576198867398e-03 2.437153929736918023e+00
-1.067415730337078622e-01 2.492778956406434699e-03 2.040359415678208332e+00
-1.067415730337078622e-01 2.520933895366625401e-03 1.688188063493856639e+00
-1.067415730337078622e-01 2.603833898126991456e-03 1.371344424732127809e+00
-1.067415730337078622e-01 2.616370747372252000e-03 1.086706127189610793e+00
-1.067415730337078622e-01 2.689582332844231601e-03 8.585891570028137965e-01
-1.067415730337078622e-01 2.684854762673882355e-03 6.388734486667604351e-01
-1.067415730337078622e-01 2.747016458465261109e-03 4.696732737491526866e-01
-1.067415730337078622e-01 2.805025190905337164e-03 3.419453895999082227e-01
-1.067415730337078622e-01 2.773241390934758164e-03 2.263252299170096515e-01
-1.067415730337078622e-01 2.818306050470498897e-03 1.436731859648036624e-01
-1.067415730337078622e-01 2.858390390768060854e-03 9.252395966364650171e-02
-1.067415730337078622e-01 2.893249174702257082e-03 7.068336597024607593e-02
-1.067415730337078622e-01 2.922640826229829999e-03 7.762771218279301833e-02
-1.067415730337078622e-01 2.946327655774903451e-03 1.144632791653216186e-01
-1.067415730337078622e-01 3.073617618362499068e-03 1.657601128060015583e-01
-1.067415730337078622e-01 3.089425425299974735e-03 2.266708369969018255e-01
-1.067415730337078622e-01 3.098890643787407476e-03 3.171896273747021877e-01
-1.067415730337078622e-01 3.101790402986216114e-03 4.444005800933473194e-01
-1.067415730337078622e-01 3.225139800405622120e-03 5.804591840471204911e-01
-1.067415730337078622e-01 3.218700359911891642e-03 7.163216380727441823e-01
-1.067415730337078622e-01 3.205095740583096403e-03 9.036890661006609093e-01
-1.067415730337078622e-01 3.325378959078094214e-03 1.074972039184980410e+00
-1.067415730337078622e-01 3.301416857415126905e-03 1.273742830743171739e+00
-1.067415730337078622e-01 3.420833689372939235e-03 1.496113938973602453e+00
-1.067415730337078622e-01 3.385891289656441008e-03 1.708775357547446028e+00
-1.067415730337078622e-01 3.504088642525297545e-03 1.963227546969874782e+00
-1.067415730337078622e-01 3.457557737422046595e-03 2.197617660574833209e+00
-1.067415730337078622e-01 3.574185823740843020e-03 2.467095368373831921e+00
-1.067415730337078622e-01 3.515474113409650363e-03 2.736430199365792681e+00
-1.067415730337078622e-01 3.630186646346343724e-03 3.005738263195164794e+00
-1.067415730337078622e-01 3.558719235678632544e-03 3.329205672389046633e+00
-1.043956043956044133e-01 2.429394982374702937e-03 3.105689164533421032e+00
-1.043956043956044133e-01 2.477148148734542241e-03 2.645896664982744895e+00
-1.043956043956044133e-01 2.516861507357237831e-03 2.231921883557681507e+00
-1.043956043956044133e-01 2.548037194116841916e-03 1.860179214575469420e+00
-1.043956043956044133e-01 2.570187997816968627e-03 1.532781931300203793e+00
-1.043956043956044133e-01 2.649254910875300725e-03 1.232396249781330111e+00
-1.043956043956044133e-01 2.655258151296226166e-03 9.727459623502499042e-01
-1.043956043956044133e-01 2.724180024847700377e-03 7.500830288801978440e-01
-1.043956043956044133e-01 2.712430836947824463e-03 5.676894786725678044e-01
-1.043956043956044133e-01 2.769878009783277410e-03 4.019809298634509642e-01
-1.043956043956044133e-01 2.822981849555759523e-03 2.755425956448884217e-01
-1.043956043956044133e-01 2.871491248548740504e-03 1.823722018918897958e-01
-1.043956043956044133e-01 2.915158131712842181e-03 1.179614248832601825e-01
-1.043956043956044133e-01 2.953737623861168136e-03 7.925922774847486696e-02
-1.043956043956044133e-01 2.986988232885022781e-03 6.484717132291989428e-02
-1.043956043956044133e-01 3.014672051132825329e-03 7.481402955905563923e-02
-1.043956043956044133e-01 3.036554977463752636e-03 1.108821146388410395e-01
-1.043956043956044133e-01 3.052406962934593303e-03 1.764584394759118879e-01
-1.043956043956044133e-01 3.178819074760552178e-03 2.754459819035805501e-01
-1.043956043956044133e-01 3.186239460957594142e-03 3.548745924327257883e-01
-1.043956043956044133e-01 3.187010958197308060e-03 4.692470945042165886e-01
-1.043956043956044133e-01 3.180919023257309207e-03 6.279791734255830704e-01
-1.043956043956044133e-01 3.302577568853403301e-03 7.668897318990839373e-01
-1.043956043956044133e-01 3.286636399445230696e-03 9.359436749573079029e-01
-1.043956043956044133e-01 3.407708091418955917e-03 1.140348534817946069e+00
-1.043956043956044133e-01 3.381290127839157566e-03 1.318090541080509714e+00
-1.043956043956044133e-01 3.501423558837539647e-03 1.567712562390143560e+00
-1.043956043956044133e-01 3.463914398003931257e-03 1.757726197990125305e+00
-1.043956043956044133e-01 3.582761194236222003e-03 2.034420902747783533e+00
-1.043956043956044133e-01 3.533560703201886737e-03 2.245379442636810108e+00
-1.043956043956044133e-01 3.650775695927324649e-03 2.532854183678804549e+00
-1.043956043956044133e-01 3.589299287347968558e-03 2.778738326244676315e+00
-1.043956043956044133e-01 3.704540703291784275e-03 3.062699030324250948e+00
-1.043956043956044133e-01 3.630220805884279856e-03 3.363478823831925535e+00
-1.021505376344086086e-01 2.447246904585342539e-03 3.333753444370364249e+00
-1.021505376344086086e-01 2.497564006768181796e-03 2.858775483419421448e+00
-1.021505376344086086e-01 2.540028187564152308e-03 2.429244319098350591e+00
-1.021505376344086086e-01 2.574143818607231137e-03 2.040007522654458505e+00
-1.021505376344086086e-01 2.599425237060278785e-03 1.691388602719617440e+00
-1.021505376344086086e-01 2.615397607584908374e-03 1.389187518919373199e+00
-1.021505376344086086e-01 2.690476116674240820e-03 1.102678869422559549e+00
-1.021505376344086086e-01 2.689791592392617569e-03 8.726668057500930331e-01
-1.021505376344086086e-01 2.754284706422605814e-03 6.562971549058191911e-01
-1.021505376344086086e-01 2.814821953311780981e-03 4.864707437552042713e-01
-1.021505376344086086e-01 2.871150582321700239e-03 3.549854998480132529e-01
-1.021505376344086086e-01 2.836071195993081478e-03 2.416156748672629306e-01
-1.021505376344086086e-01 2.879381547155819652e-03 1.555469915355705834e-01
-1.021505376344086086e-01 2.917677441654031954e-03 1.003448059551496907e-01
-1.021505376344086086e-01 2.950719872722825949e-03 7.454795608857869849e-02
-1.021505376344086086e-01 2.978273296014809918e-03 7.819920922166515020e-02
-1.021505376344086086e-01 3.106943403591712598e-03 1.005706936425045245e-01
-1.021505376344086086e-01 3.126978840006947990e-03 1.330257679164306983e-01
-1.021505376344086086e-01 3.140893491417856564e-03 1.920286489265654595e-01
-1.021505376344086086e-01 3.148464971579882643e-03 2.831918307894277786e-01
-1.021505376344086086e-01 3.273670484069248019e-03 4.114197696163776063e-01
-1.021505376344086086e-01 3.272279573120603392e-03 5.109480314886418739e-01
-1.021505376344086086e-01 3.263947425592295028e-03 6.537254067291216053e-01
-1.021505376344086086e-01 3.386439273925436790e-03 8.312474433612786484e-01
-1.021505376344086086e-01 3.368133608202697991e-03 9.805933374181202700e-01
-1.021505376344086086e-01 3.342316730854371504e-03 1.194833705646370259e+00
-1.021505376344086086e-01 3.461065480940904437e-03 1.372635582204058791e+00
-1.021505376344086086e-01 3.424302474317403224e-03 1.606545878380519987e+00
-1.021505376344086086e-01 3.541790186668909886e-03 1.815110899872565797e+00
-1.021505376344086086e-01 3.493486116317482196e-03 2.077104061590333561e+00
-1.021505376344086086e-01 3.609371758055437539e-03 2.300141814512020044e+00
-1.021505376344086086e-01 3.548946718872083694e-03 2.603891855609748340e+00
-1.021505376344086086e-01 3.662892537331307978e-03 2.827094484307981492e+00
-1.021505376344086086e-01 3.778638792471955207e-03 3.125385187700906009e+00
-1.021505376344086086e-01 3.701454806472164946e-03 3.402635260669925277e+00
-1.000000000000000056e-01 2.517186909700238132e-03 3.075286936682535721e+00
-1.000000000000000056e-01 2.562326186180014301e-03 2.631726228427002212e+00
-1.000000000000000056e-01 2.599303255019635474e-03 2.226933996373435587e+00
-1.000000000000000056e-01 2.627634318874123506e-03 1.859571012496299636e+00
-1.000000000000000056e-01 2.646845703817328737e-03 1.533517575500586760e+00
-1.000000000000000056e-01 2.724509569072513029e-03 1.247196786484636277e+00
-1.000000000000000056e-01 2.727417641133387041e-03 9.841406218596976396e-01
-1.000000000000000056e-01 2.794790002681646259e-03 7.665305583926653732e-01
-1.000000000000000056e-01 2.779832793713121579e-03 5.814374482528018584e-01
-1.000000000000000056e-01 2.835619636264181259e-03 4.162670039233631325e-01
-1.000000000000000056e-01 2.887013245383142097e-03 2.878334572955122961e-01
-1.000000000000000056e-01 2.933769109943722229e-03 1.909380547167099651e-01
-1.000000000000000056e-01 2.975645586288194061e-03 1.217422675265011217e-01
-1.000000000000000056e-01 3.012404057625926810e-03 7.798402510336106819e-02
-1.000000000000000056e-01 3.043809108765888841e-03 5.879416673734431942e-02
-1.000000000000000056e-01 3.069628718239259327e-03 6.483531206285479687e-02
-1.000000000000000056e-01 3.089634470222852366e-03 9.833711665764174881e-02
-1.000000000000000056e-01 3.103601789103717801e-03 1.631421105219709733e-01
-1.000000000000000056e-01 3.229526817935588108e-03 2.301003654097236728e-01
-1.000000000000000056e-01 3.235038172768486993e-03 3.100578906464512285e-01
-1.000000000000000056e-01 3.233907714140205145e-03 4.277890897318342711e-01
-1.000000000000000056e-01 3.357592883809003368e-03 5.693159633067488290e-01
-1.000000000000000056e-01 3.346990497462759995e-03 6.943768767962568145e-01
-1.000000000000000056e-01 3.329168266201396401e-03 8.738721909343285521e-01
-1.000000000000000056e-01 3.449588905149586320e-03 1.037504654304144847e+00
-1.000000000000000056e-01 3.421313587185546325e-03 1.230511088667737729e+00
-1.000000000000000056e-01 3.540747489441934369e-03 1.437356227411254128e+00
-1.000000000000000056e-01 3.501418506721903651e-03 1.648239938499483470e+00
-1.000000000000000056e-01 3.619526075952163042e-03 1.880926528256467556e+00
-1.000000000000000056e-01 3.568556339342381957e-03 2.118948337303680596e+00
-1.000000000000000056e-01 3.685000984760699108e-03 2.361902262451336831e+00
-1.000000000000000056e-01 3.621818107949249538e-03 2.641708549037891540e+00
-1.000000000000000056e-01 3.736266424006355873e-03 2.881336178090737832e+00
-1.000000000000000056e-01 3.852494987261148845e-03 3.193780778333231485e+00
-1.000000000000000056e-01 3.772436090531648689e-03 3.446958720951990962e+00
