-1.000000000000000056e-01 2.507889828409050684e-03 3.103880943552546956e+00
-1.000000000000000056e-01 2.575024575565556563e-03 2.441936507307246984e+00
-1.000000000000000056e-01 2.623186356372403383e-03 1.869995760793435657e+00
-1.000000000000000056e-01 2.650730977794857682e-03 1.394129895921776496e+00
-1.000000000000000056e-01 2.727417641133387041e-03 9.841406218596976396e-01
-1.000000000000000056e-01 2.790787434365782794e-03 6.600796546423520761e-01
-1.000000000000000056e-01 2.839733701209381025e-03 4.113888845887141987e-01
-1.000000000000000056e-01 2.873176543826782073e-03 2.407149357032432047e-01
-1.000000000000000056e-01 2.983704203008883792e-03 1.201881152707178629e-01
-1.000000000000000056e-01 2.988860750754244230e-03 7.156706589512099037e-02
-1.000000000000000056e-01 3.081318820204553138e-03 6.645125424142941939e-02
-1.000000000000000056e-01 3.166872352121868819e-03 1.302282065536969069e-01
-1.000000000000000056e-01 3.244960615876178907e-03 2.477141636315529083e-01
-1.000000000000000056e-01 3.189506761976422869e-03 4.069358102399807109e-01
-1.000000000000000056e-01 3.244125387951597109e-03 6.010677361361269622e-01
-1.000000000000000056e-01 3.428939373725257110e-03 8.252081776096269472e-01
-1.000000000000000056e-01 3.471713416521738510e-03 1.078563171897603645e+00
-1.000000000000000056e-01 3.504339016745207629e-03 1.364494548076521596e+00
-1.000000000000000056e-01 3.526307922733010452e-03 1.690140199700191470e+00
-1.000000000000000056e-01 3.537123160363114804e-03 2.066826249479384980e+00
-1.000000000000000056e-01 3.713511524423059301e-03 2.432995452010452642e+00
-1.000000000000000056e-01 3.708357902281063032e-03 2.816366079810673995e+00
-1.000000000000000056e-01 3.690725095734740616e-03 3.277251388288020095e+00
-9.499999999999998723e-02 2.603041310508916704e-03 2.939531392785165398e+00
-9.499999999999998723e-02 2.659679062510690063e-03 2.311998536665233139e+00
-9.499999999999998723e-02 2.696687119500902792e-03 1.771904119444644543e+00
-9.499999999999998723e-02 2.781641341082578909e-03 1.313075416840891796e+00
-9.499999999999998723e-02 2.854051247939069259e-03 9.392667857232199768e-01
-9.499999999999998723e-02 2.912824880226049223e-03 6.333440437148839530e-01
-9.499999999999998723e-02 2.956893110848078481e-03 3.902204130829098894e-01
-9.499999999999998723e-02 2.985212017911206047e-03 2.171589534269728894e-01
-9.499999999999998723e-02 3.093412829761944295e-03 1.222370775752056049e-01
-9.499999999999998723e-02 3.093053630354720366e-03 6.015106236154538905e-02
-9.499999999999998723e-02 3.182841025342075716e-03 6.324527051840395098e-02
-9.499999999999998723e-02 3.265578517663295793e-03 1.273670732478462964e-01
-9.499999999999998723e-02 3.340723194587919432e-03 2.394990211968764937e-01
-9.499999999999998723e-02 3.279280459367827933e-03 3.893363289611276867e-01
-9.499999999999998723e-02 3.466097187974031320e-03 5.728255852927275349e-01
-9.499999999999998723e-02 3.515276836949331792e-03 7.851019257811902019e-01
-9.499999999999998723e-02 3.554765415595824776e-03 1.027575083981183468e+00
-9.499999999999998723e-02 3.584059428472426059e-03 1.304603795622425899e+00
-9.499999999999998723e-02 3.602665143766747326e-03 1.624359654793112062e+00
-9.499999999999998723e-02 3.610099422432392312e-03 1.999073960055298471e+00
-9.499999999999998723e-02 3.785747982071357726e-03 2.324009253105133954e+00
-9.499999999999998723e-02 3.777168288874303403e-03 2.709508851024441611e+00
-9.499999999999998723e-02 3.952419868643848241e-03 3.136180661140141712e+00
-9.499999999999998723e-02 3.926452373193497353e-03 3.523947410917742662e+00
-9.047619047619047394e-02 2.628035609466994153e-03 3.451202522099771741e+00
-9.047619047619047394e-02 2.692581429529953586e-03 2.773528273560700530e+00
-9.047619047619047394e-02 2.738444690004063035e-03 2.178090797155874281e+00
-9.047619047619047394e-02 2.764069980862858458e-03 1.674510914330778366e+00
-9.047619047619047394e-02 2.839892832390315206e-03 1.232696029091791656e+00
-9.047619047619047394e-02 2.902690823143469923e-03 8.720374723102808368e-01
-9.047619047619047394e-02 2.951415524648044394e-03 5.839700060990004049e-01
-9.047619047619047394e-02 2.985040883884257021e-03 3.715592949087919705e-01
-9.047619047619047394e-02 3.096234852048844032e-03 2.020676186926821105e-01
-9.047619047619047394e-02 3.102384915672732214e-03 1.086216035606066971e-01
-9.047619047619047394e-02 3.196087908698526381e-03 5.268710257193317398e-02
-9.047619047619047394e-02 3.283136874184041428e-03 6.476277045104243679e-02
-9.047619047619047394e-02 3.362999755483126775e-03 1.305535083943447916e-01
-9.047619047619047394e-02 3.310475768073142637e-03 2.354383881878827633e-01
-9.047619047619047394e-02 3.367702873361123200e-03 3.750717504753435794e-01
-9.047619047619047394e-02 3.554244389383843118e-03 5.556856807175001300e-01
-9.047619047619047394e-02 3.600169378882423117e-03 7.579009208617344395e-01
-9.047619047619047394e-02 3.636347153573723026e-03 9.908469222007552091e-01
-9.047619047619047394e-02 3.662288742186985135e-03 1.259971729124004458e+00
-9.047619047619047394e-02 3.677514364780454324e-03 1.574414359191052881e+00
-9.047619047619047394e-02 3.856442982981795643e-03 1.918689858783159785e+00
-9.047619047619047394e-02 3.856425813980762698e-03 2.239786468855125889e+00
-9.047619047619047394e-02 3.844411857129226371e-03 2.626381519198964121e+00
-9.047619047619047394e-02 4.018739688733046628e-03 3.013634138392954132e+00
-9.047619047619047394e-02 3.989336885592813069e-03 3.408218963631819864e+00
-8.636363636363636465e-02 2.722358482836877494e-03 3.249367662677613566e+00
-8.636363636363636465e-02 2.776515801325542612e-03 2.606672440764339793e+00
-8.636363636363636465e-02 2.811363118532989296e-03 2.043117103929762202e+00
-8.636363636363636465e-02 2.895235762572396197e-03 1.564276992612752881e+00
-8.636363636363636465e-02 2.966809074057133629e-03 1.162761279666874259e+00
-8.636363636363636465e-02 3.025049633514549120e-03 8.241047481853398526e-01
-8.636363636363636465e-02 3.068943249009002845e-03 5.444539561074707157e-01
-8.636363636363636465e-02 3.097496923480753603e-03 3.309252379529785681e-01
-8.636363636363636465e-02 3.206382374028978605e-03 1.984973136820963602e-01
-8.636363636363636465e-02 3.207073466387533583e-03 8.956014831016209654e-02
-8.636363636363636465e-02 3.298128585046909353e-03 5.131167719874633881e-02
-8.636363636363636465e-02 3.382385505303029359e-03 7.234245942843622879e-02
-8.636363636363636465e-02 3.338270439678885700e-03 1.321293999967260713e-01
-8.636363636363636465e-02 3.400860992245836184e-03 2.251940410314324237e-01
-8.636363636363636465e-02 3.454985701650224728e-03 3.640770750784170784e-01
-8.636363636363636465e-02 3.500151610146911250e-03 5.471361916661579006e-01
-8.636363636363636465e-02 3.683855773959018171e-03 7.411980025109257131e-01
-8.636363636363636465e-02 3.716707311734227057e-03 9.654236830910587486e-01
-8.636363636363636465e-02 3.739284899595057571e-03 1.227199060129703367e+00
-8.636363636363636465e-02 3.751122135800275502e-03 1.536290990085337649e+00
-8.636363636363636465e-02 3.929298163542777750e-03 1.857467718006428736e+00
-8.636363636363636465e-02 3.925834835077544882e-03 2.174562391768752878e+00
-8.636363636363636465e-02 3.910385498140285694e-03 2.561367219850060994e+00
-8.636363636363636465e-02 4.083774205689020588e-03 2.916763377078810837e+00
-8.636363636363636465e-02 4.050937752313045308e-03 3.316500307506946577e+00
-8.260869565217392185e-02 2.752852586365428945e-03 3.050791822394030017e+00
-8.260869565217392185e-02 2.854850199351741634e-03 2.440191949763882651e+00
-8.260869565217392185e-02 2.878470487885728072e-03 1.909755495119389357e+00
-8.260869565217392185e-02 2.953362411125669273e-03 1.452525325244947041e+00
-8.260869565217392185e-02 3.015492716075525090e-03 1.068067667973500168e+00
-8.260869565217392185e-02 3.063867079053879828e-03 7.494071503813211077e-01
-8.260869565217392185e-02 3.097510109111602065e-03 4.999197128608501295e-01
-8.260869565217392185e-02 3.209263736417721034e-03 3.074318139782005188e-01
-8.260869565217392185e-02 3.216170855819064020e-03 1.664345740848322541e-01
-8.260869565217392185e-02 3.310955685403437539e-03 7.985093924169722746e-02
-8.260869565217392185e-02 3.399311894318161106e-03 5.797032993208142693e-02
-8.260869565217392185e-02 3.363129221798808778e-03 7.320811843601071622e-02
-8.260869565217392185e-02 3.430748690122675110e-03 1.228120201589991273e-01
-8.260869565217392185e-02 3.490301142354657916e-03 2.183882079662448072e-01
-8.260869565217392185e-02 3.541301460817222226e-03 3.565293945980245738e-01
-8.260869565217392185e-02 3.583270961421892997e-03 5.369108426285476021e-01
-8.260869565217392185e-02 3.766529258474512424e-03 7.334867211379425544e-01
-8.260869565217392185e-02 3.796046575892859411e-03 9.493790132891938294e-01
-8.260869565217392185e-02 3.815255508918876694e-03 1.203781875440373961e+00
-8.260869565217392185e-02 3.823702466278312406e-03 1.507642552222780319e+00
-8.260869565217392185e-02 4.001113120645446476e-03 1.811754031404858356e+00
-8.260869565217392185e-02 3.994206390929559702e-03 2.124309499256094025e+00
-8.260869565217392185e-02 3.975325746008348884e-03 2.510412214607564252e+00
-8.260869565217392185e-02 4.147771216211329839e-03 2.840322270541977723e+00
-8.260869565217392185e-02 4.111507294229736417e-03 3.243573661988074619e+00
-7.916666666666666297e-02 2.786498398909703980e-03 3.492441778071835756e+00
-7.916666666666666297e-02 2.833735220171455273e-03 2.847504617845036723e+00
-7.916666666666666297e-02 2.927590412972246557e-03 2.275210422355932849e+00
-7.916666666666666297e-02 2.939798357685948545e-03 1.780647194437753544e+00
-7.916666666666666297e-02 3.005552480078333300e-03 1.348798132414212425e+00
-7.916666666666666297e-02 3.058113090984742634e-03 9.891771946091807433e-01
-7.916666666666666297e-02 3.096522802161748040e-03 7.017931119636462434e-01
-7.916666666666666297e-02 3.210934927508781508e-03 4.517668907431626191e-01
-7.916666666666666297e-02 3.223684441852005603e-03 2.771311526688708393e-01
-7.916666666666666297e-02 3.321948232432372743e-03 1.443676352968460141e-01
-7.916666666666666297e-02 3.414135368093446348e-03 8.159348735570250144e-02
-7.916666666666666297e-02 3.385440784955623481e-03 5.333603593480833183e-02
-7.916666666666666297e-02 3.457781447178967949e-03 6.254610499607558827e-02
-7.916666666666666297e-02 3.522437140017619685e-03 1.183746467006485115e-01
-7.916666666666666297e-02 3.578930980385794380e-03 2.158716044857266203e-01
-7.916666666666666297e-02 3.626791771341267203e-03 3.529458329422149321e-01
-7.916666666666666297e-02 3.665554409684002122e-03 5.304326422752705383e-01
-7.916666666666666297e-02 3.848347350835223078e-03 7.338796623748613523e-01
-7.916666666666666297e-02 3.874528061029630047e-03 9.413111224619759021e-01
-7.916666666666666297e-02 3.890368847591742837e-03 1.188404853074065404e+00
-7.916666666666666297e-02 3.895428375532641700e-03 1.486467384052973628e+00
-7.916666666666666297e-02 4.072069590655126581e-03 1.778745252717226277e+00
-7.916666666666666297e-02 4.061726384700951528e-03 2.086138337389711772e+00
-7.916666666666666297e-02 4.237919824181706971e-03 2.469804313184829958e+00
-7.916666666666666297e-02 4.210928712877686636e-03 2.780324351197694721e+00
-7.916666666666666297e-02 4.171246765650995711e-03 3.185507065550244654e+00
-7.916666666666666297e-02 4.341137718238726427e-03 3.538750357488502196e+00
-7.599999999999999811e-02 2.872522948865614302e-03 3.259832854541777181e+00
-7.599999999999999811e-02 2.909231183153245578e-03 2.651456879360071461e+00
-7.599999999999999811e-02 2.994742168626275593e-03 2.112914121116229893e+00
-7.599999999999999811e-02 3.068687820970609700e-03 1.651204812009328338e+00
-7.599999999999999811e-02 3.130108983175276371e-03 1.251645106197027291e+00
-7.599999999999999811e-02 3.178061238366346446e-03 9.085189109179946376e-01
-7.599999999999999811e-02 3.211616356072589419e-03 6.256063238964792994e-01
-7.599999999999999811e-02 3.229863985048920822e-03 4.164793259164616401e-01
-7.599999999999999811e-02 3.331378850213356172e-03 2.397835282401625523e-01
-7.599999999999999811e-02 3.427152200229402652e-03 1.382306552360156038e-01
-7.599999999999999811e-02 3.405532065862536956e-03 6.789361081146108590e-02
-7.599999999999999811e-02 3.482310770481882468e-03 3.970220755515373873e-02
-7.599999999999999811e-02 3.551770134050890280e-03 5.918078864010672957e-02
-7.599999999999999811e-02 3.613441749312277813e-03 1.200255494024665415e-01
-7.599999999999999811e-02 3.666862256141898823e-03 2.185942437309406350e-01
-7.599999999999999811e-02 3.711573689943200791e-03 3.539710922948471894e-01
-7.599999999999999811e-02 3.747123871306390960e-03 5.280725759205493475e-01
-7.599999999999999811e-02 3.929439324086992334e-03 7.417612108460439613e-01
-7.599999999999999811e-02 3.952285231827129368e-03 9.406372026848541790e-01
-7.599999999999999811e-02 3.964762211127985034e-03 1.179878676512643221e+00
-7.599999999999999811e-02 3.966440647485640521e-03 1.471594683589691366e+00
-7.599999999999999811e-02 4.142314872101954260e-03 1.756451448493345335e+00
-7.599999999999999811e-02 4.128545123284329751e-03 2.057930205281034652e+00
-7.599999999999999811e-02 4.303835551599752632e-03 2.426758148554540639e+00
-7.599999999999999811e-02 4.273405810349332860e-03 2.733757281973155706e+00
-7.599999999999999811e-02 4.230317592811599220e-03 3.139302786700809644e+00
-7.599999999999999811e-02 4.399176057240564153e-03 3.472259946996627988e+00
-7.307692307692308098e-02 2.953356385664083865e-03 3.038160304707338888e+00
-7.307692307692308098e-02 2.979324248866133205e-03 2.462389966423053522e+00
-7.307692307692308098e-02 3.056311090628516334e-03 1.954984332939281533e+00
-7.307692307692308098e-02 3.121281919896929952e-03 1.516805224277341768e+00
-7.307692307692308098e-02 3.173311021962250001e-03 1.139578478505910208e+00
-7.307692307692308098e-02 3.211487268117626040e-03 8.240421412480501973e-01
-7.307692307692308098e-02 3.234915601027468779e-03 5.801284382010436502e-01
-7.307692307692308098e-02 3.339474018030627600e-03 3.617860369412542743e-01
-7.307692307692308098e-02 3.438610062816378765e-03 2.236129405847303298e-01
-7.307692307692308098e-02 3.423679585723835104e-03 1.128646937094247155e-01
-7.307692307692308098e-02 3.504635617185533885e-03 5.016719729605633588e-02
-7.307692307692308098e-02 3.578622026077164352e-03 3.652578488275665808e-02
-7.307692307692308098e-02 3.645179005203339189e-03 6.444439211524141675e-02
-7.307692307692308098e-02 3.703851245391764826e-03 1.289133604832106150e-01
-7.307692307692308098e-02 3.754188234846275989e-03 2.274753134768446594e-01
-7.307692307692308098e-02 3.795744592692435696e-03 3.603091700158805866e-01
-7.307692307692308098e-02 3.828080442166446017e-03 5.301604658374794443e-01
-7.307692307692308098e-02 3.850761830019412864e-03 7.428446638150107972e-01
-7.307692307692308098e-02 4.029427974182210950e-03 9.467635722469336379e-01
-7.307692307692308098e-02 4.038548304345739894e-03 1.177593717915937921e+00
-7.307692307692308098e-02 4.036854524760003123e-03 1.462318620013186576e+00
-7.307692307692308098e-02 4.211969048987928600e-03 1.743423067655339054e+00
-7.307692307692308098e-02 4.194784824178332365e-03 2.038123181917738780e+00
-7.307692307692308098e-02 4.369185690295587440e-03 2.396047971185589986e+00
-7.307692307692308098e-02 4.335331055514198700e-03 2.698307204828837236e+00
-7.307692307692308098e-02 4.288849917585064314e-03 3.102765770336188833e+00
-7.307692307692308098e-02 4.456695209864811394e-03 3.419726984109733525e+00
-7.037037037037037479e-02 2.934074403240289307e-03 3.431009566470115235e+00
-7.037037037037037479e-02 3.028963443033605863e-03 2.825329322918405772e+00
-7.037037037037037479e-02 3.044000957018878906e-03 2.280711885558643903e+00
-7.037037037037037479e-02 3.112302686950251841e-03 1.803430326704252629e+00
-7.037037037037037479e-02 3.168165086108815087e-03 1.391523913670707158e+00
-7.037037037037037479e-02 3.210694130963831841e-03 1.042968718887723245e+00
-7.037037037037037479e-02 3.327985775019881055e-03 7.579105679981791299e-01
-7.037037037037037479e-02 3.346422896658735480e-03 5.066942983681368418e-01
-7.037037037037037479e-02 3.448717117815207692e-03 3.340641075254984216e-01
-7.037037037037037479e-02 3.440118441316755964e-03 1.847428184436261667e-01
-7.037037037037037479e-02 3.525011525581674739e-03 9.032320922346208369e-02
-7.037037037037037479e-02 3.603269395266879213e-03 4.662255374248328033e-02
-7.037037037037037479e-02 3.674440878359896273e-03 4.509105252642042760e-02
-7.037037037037037479e-02 3.738078826725985560e-03 7.950903279581447713e-02
-7.037037037037037479e-02 3.793740374593585624e-03 1.460566527853950636e-01
-7.037037037037037479e-02 3.840987225546026868e-03 2.433798297016745438e-01
-7.037037037037037479e-02 3.879385972404358375e-03 3.725424978294513134e-01
-7.037037037037037479e-02 3.908508455255685354e-03 5.373835704184664053e-01
-7.037037037037037479e-02 3.927932163963877496e-03 7.442591649987922997e-01
-7.037037037037037479e-02 4.106047288533817320e-03 9.594809920717773943e-01
-7.037037037037037479e-02 4.111820174949249070e-03 1.181242091169589115e+00
-7.037037037037037479e-02 4.106764869755669123e-03 1.458195380253305418e+00
-7.037037037037037479e-02 4.281130548587713629e-03 1.738593442791648735e+00
-7.037037037037037479e-02 4.260545386044868078e-03 2.025584706246112532e+00
-7.037037037037037479e-02 4.434073387346285436e-03 2.375916108370970115e+00
-7.037037037037037479e-02 4.396808799416213227e-03 2.672286660743097730e+00
-7.037037037037037479e-02 4.568879091503215244e-03 3.064950118111449573e+00
-7.037037037037037479e-02 4.513803515927899621e-03 3.378446348866890769e+00
-6.785714285714285199e-02 3.012344994832264009e-03 3.185817690949989789e+00
-6.785714285714285199e-02 3.099313859604038365e-03 2.620139237025894019e+00
-6.785714285714285199e-02 3.103250147718529355e-03 2.107290877346541080e+00
-6.785714285714285199e-02 3.162722350681307099e-03 1.660523967380566290e+00
-6.785714285714285199e-02 3.209357150310379950e-03 1.278936145397155055e+00
-6.785714285714285199e-02 3.328921059603587133e-03 9.528446677673669818e-01
-6.785714285714285199e-02 3.352384278918226976e-03 6.713521389570624720e-01
-6.785714285714285199e-02 3.457649210485475976e-03 4.664041957874288657e-01
-6.785714285714285199e-02 3.455049493803850642e-03 2.804546135892801439e-01
-6.785714285714285199e-02 3.543657958671990287e-03 1.569768796531381405e-01
-6.785714285714285199e-02 3.625950957360219058e-03 8.611026620645438612e-02
-6.785714285714285199e-02 3.701485920565500149e-03 5.837051556121114482e-02
-6.785714285714285199e-02 3.644157546601576800e-03 5.635144900827777220e-02
-6.785714285714285199e-02 3.698725360613838199e-03 9.604076292128457815e-02
-6.785714285714285199e-02 3.883172462364948251e-03 1.723496117767254754e-01
-6.785714285714285199e-02 3.927325352839435360e-03 2.670143905045728738e-01
-6.785714285714285199e-02 3.962566415359941585e-03 3.914459235658759306e-01
-6.785714285714285199e-02 3.988478655253599806e-03 5.501266675637934700e-01
-6.785714285714285199e-02 4.004650476636542958e-03 7.502265331336332999e-01
-6.785714285714285199e-02 4.182218946716707332e-03 9.787591077451958110e-01
-6.785714285714285199e-02 4.184655052052161858e-03 1.190668233740641568e+00
-6.785714285714285199e-02 4.176250175073919178e-03 1.458965513192553853e+00
-6.785714285714285199e-02 4.349880451281922834e-03 1.741199533792744392e+00
-6.785714285714285199e-02 4.325908859056809032e-03 2.019475940258606439e+00
-6.785714285714285199e-02 4.498582969492687621e-03 2.365089299614227869e+00
-6.785714285714285199e-02 4.457924120549403187e-03 2.654684441154029351e+00
-6.785714285714285199e-02 4.629038182340937738e-03 3.037424268368630997e+00
-6.785714285714285199e-02 4.570588672113613457e-03 3.347203229334576591e+00
-6.551724137931033698e-02 3.085515985297416185e-03 2.953616771015151077e+00
-6.551724137931033698e-02 3.164381594005399520e-03 2.422017258718805799e+00
-6.551724137931033698e-02 3.157062592063231751e-03 1.943374388009644571e+00
-6.551724137931033698e-02 3.207575371251108250e-03 1.529033662930799675e+00
-6.551724137931033698e-02 3.329271464222520634e-03 1.164099961154435592e+00
-6.551724137931033698e-02 3.357492100447529750e-03 8.530418760439713033e-01
-6.551724137931033698e-02 3.370953483907581424e-03 6.146774037579201266e-01
-6.551724137931033698e-02 3.468645152612012238e-03 3.972967436939998098e-01
-6.551724137931033698e-02 3.560764245358438111e-03 2.473005090312632159e-01
-6.551724137931033698e-02 3.535955436964585957e-03 1.480842576080781126e-01
-6.551724137931033698e-02 3.609867785775659060e-03 6.944712948768287653e-02
-6.551724137931033698e-02 3.676779002910239135e-03 3.650111986909124195e-02
-6.551724137931033698e-02 3.736264102846778828e-03 4.420654199946499885e-02
-6.551724137931033698e-02 3.787901943751823420e-03 8.980681699833166498e-02
-6.551724137931033698e-02 3.831275487327886684e-03 1.727809708956506429e-01
-6.551724137931033698e-02 3.865972088568158088e-03 2.951278629805336173e-01
-6.551724137931033698e-02 4.045343952369453988e-03 4.175137418755412444e-01
-6.551724137931033698e-02 4.068050700993991291e-03 5.689088021463881706e-01
-6.551724137931033698e-02 4.080977816224431315e-03 7.612137715818553252e-01
-6.551724137931033698e-02 4.258006362655725706e-03 1.004641127938899814e+00
-6.551724137931033698e-02 4.257117355021888122e-03 1.205815759036217516e+00
-6.551724137931033698e-02 4.245375702961138101e-03 1.464503828832844468e+00
-6.551724137931033698e-02 4.418285857356261601e-03 1.750673133225070011e+00
-6.551724137931033698e-02 4.390942933402607919e-03 2.019262898343377799e+00
-6.551724137931033698e-02 4.562783663249277491e-03 2.362829930396695310e+00
-6.551724137931033698e-02 4.518746656375906452e-03 2.644080172851022148e+00
-6.551724137931033698e-02 4.688929460250612462e-03 3.019966549390705080e+00
-6.551724137931033698e-02 4.627121898470924928e-03 3.324164597081571415e+00
-6.333333333333333870e-02 3.072009591244449344e-03 3.300159347862327230e+00
-6.333333333333333870e-02 3.153548159078879785e-03 2.732511394907527702e+00
-6.333333333333333870e-02 3.224144187186239567e-03 2.230879769279202396e+00
-6.333333333333333870e-02 3.282950632052980457e-03 1.784374177804897377e+00
-6.333333333333333870e-02 3.329130899370185120e-03 1.389152979922947617e+00
-6.333333333333333870e-02 3.361859837318406478e-03 1.049414385610858425e+00
-6.333333333333333870e-02 3.380324892196623094e-03 7.773135968883639890e-01
-6.333333333333333870e-02 3.481054057023104040e-03 5.328836338319564714e-01
-6.333333333333333870e-02 3.576494414734485844e-03 3.587828312665118924e-01
-6.333333333333333870e-02 3.558024417144922246e-03 2.131783020706372045e-01
-6.333333333333333870e-02 3.635979323763523490e-03 1.085510561141436875e-01
-6.333333333333333870e-02 3.707243181097521784e-03 4.938490471868380027e-02
-6.333333333333333870e-02 3.771398504754678617e-03 2.958690575443872345e-02
-6.333333333333333870e-02 3.828031264787715594e-03 4.521890745131724315e-02
-6.333333333333333870e-02 3.876731110987063304e-03 9.447925547776223065e-02
-6.333333333333333870e-02 3.917091623202811554e-03 1.778458363544873355e-01
-6.333333333333333870e-02 3.948710590563916586e-03 2.980078945588459649e-01
-6.333333333333333870e-02 4.127767928972523107e-03 4.512917847888228140e-01
-6.333333333333333870e-02 4.147275152205461522e-03 5.942380494066104024e-01
-6.333333333333333870e-02 4.156965746249322198e-03 7.776486590156429513e-01
-6.333333333333333870e-02 4.156453837816954759e-03 1.012712216335654336e+00
-6.333333333333333870e-02 4.329261068622566877e-03 1.226703461853400290e+00
-6.333333333333333870e-02 4.314195960157545320e-03 1.474761015293992283e+00
-6.333333333333333870e-02 4.486402535454808542e-03 1.766673173091721116e+00
-6.333333333333333870e-02 4.455703680426839966e-03 2.024819834348245973e+00
-6.333333333333333870e-02 4.626732512295643127e-03 2.367994754548865544e+00
-6.333333333333333870e-02 4.579333605488182697e-03 2.640215950342881257e+00
-6.333333333333333870e-02 4.748610854386194936e-03 3.011038916753684624e+00
-6.333333333333333870e-02 4.683461195079695327e-03 3.308904871653907342e+00
-6.129032258064515126e-02 3.142873979853707308e-03 3.053510895401933656e+00
-6.129032258064515126e-02 3.216407228374463991e-03 2.521252908979470408e+00
-6.129032258064515126e-02 3.278582241124644060e-03 2.047352460576767008e+00
-6.129032258064515126e-02 3.328578032455332698e-03 1.625840117440297217e+00
-6.129032258064515126e-02 3.365584037040932411e-03 1.258431977346189834e+00
-6.129032258064515126e-02 3.388801135252125785e-03 9.543560753297011257e-01
-6.129032258064515126e-02 3.492404887468885874e-03 6.851038573256318376e-01
-6.129032258064515126e-02 3.490781018167203077e-03 4.832344616479758992e-01
-6.129032258064515126e-02 3.578554158302617826e-03 3.011483785281086623e-01
-6.129032258064515126e-02 3.660346538155098695e-03 1.737218576670916392e-01
-6.129032258064515126e-02 3.735745199818753508e-03 9.191045320650448325e-02
-6.129032258064515126e-02 3.804340122581217551e-03 4.867915061890828315e-02
-6.129032258064515126e-02 3.865724400716138726e-03 3.903455173026262187e-02
-6.129032258064515126e-02 3.919494439687262223e-03 6.003847554078277360e-02
-6.129032258064515126e-02 3.965250173416962239e-03 1.108115428334824626e-01
-6.129032258064515126e-02 4.002595305763544109e-03 1.926179930623833914e-01
-6.129032258064515126e-02 4.031137579955477480e-03 3.089364844227221463e-01
-6.129032258064515126e-02 4.050489080477410325e-03 4.656118352362652590e-01
-6.129032258064515126e-02 4.226195057462146451e-03 6.265571165799637132e-01
-6.129032258064515126e-02 4.232658019547062139e-03 7.999210668971732385e-01
-6.129032258064515126e-02 4.228892808785059479e-03 1.025068647578740277e+00
-6.129032258064515126e-02 4.401131630422782520e-03 1.253377692663825815e+00
-6.129032258064515126e-02 4.382756661753834694e-03 1.489813199618784223e+00
-6.129032258064515126e-02 4.554277019663046169e-03 1.789173468830998814e+00
-6.129032258064515126e-02 4.520237720570604786e-03 2.035483077728694745e+00
-6.129032258064515126e-02 4.474336127915583272e-03 2.376956418473263888e+00
-6.129032258064515126e-02 4.639732095021105278e-03 2.642088514395143584e+00
-6.129032258064515126e-02 4.808129803816381907e-03 3.010331570662989620e+00
-6.129032258064515126e-02 4.739653903586827678e-03 3.300032193507839384e+00
-5.937500000000000416e-02 3.132382545226357947e-03 3.382698404854087126e+00
-5.937500000000000416e-02 3.208695779783143562e-03 2.820247671150673430e+00
-5.937500000000000416e-02 3.274063146305418968e-03 2.319422965944494042e+00
-5.937500000000000416e-02 3.327678990300516650e-03 1.872300362189262657e+00
-5.937500000000000416e-02 3.368747170404434114e-03 1.478321431673544240e+00
-5.937500000000000416e-02 3.396481970958794942e-03 1.144039607269405234e+00
-5.937500000000000416e-02 3.502809485495287593e-03 8.520835352416118447e-01
-5.937500000000000416e-02 3.506546773513451350e-03 6.129235364573457634e-01
-5.937500000000000416e-02 3.597688923857022495e-03 4.097499193756092839e-01
-5.937500000000000416e-02 3.683127802777966947e-03 2.624740277860287962e-01
-5.937500000000000416e-02 3.762458117233304436e-03 1.612968764293565560e-01
-5.937500000000000416e-02 3.715882648387311069e-03 8.443032426196168949e-02
-5.937500000000000416e-02 3.776062181788653743e-03 4.528613723678226455e-02
-5.937500000000000416e-02 3.828817889533961231e-03 4.507235279988136556e-02
-5.937500000000000416e-02 3.873758351844906658e-03 8.288697942985814859e-02
-5.937500000000000416e-02 4.053491479650184366e-03 1.393121720334885294e-01
-5.937500000000000416e-02 4.087820169772216940e-03 2.176887562387396224e-01
-5.937500000000000416e-02 4.113287735806915590e-03 3.285228790727188208e-01
-5.937500000000000416e-02 4.129515598591849100e-03 4.783067079072478300e-01
-5.937500000000000416e-02 4.304847231502897248e-03 6.662475992794316682e-01
-5.937500000000000416e-02 4.308091922300014143e-03 8.283823968681819361e-01
-5.937500000000000416e-02 4.301084235800054986e-03 1.042443454261550606e+00
-5.937500000000000416e-02 4.472767440075534062e-03 1.285969667421531293e+00
-5.937500000000000416e-02 4.451096299307761607e-03 1.509984484240997293e+00
-5.937500000000000416e-02 4.418188322920414343e-03 1.813272950939734285e+00
-5.937500000000000416e-02 4.584583948526057759e-03 2.051521304057109862e+00
-5.937500000000000416e-02 4.535371101498223735e-03 2.382170477524921282e+00
-5.937500000000000416e-02 4.699981058794720605e-03 2.649859087340833863e+00
-5.937500000000000416e-02 4.867525239928946652e-03 3.016658834029612102e+00
-5.937500000000000416e-02 4.795738733906155377e-03 3.297206546625762957e+00
-5.757575757575757874e-02 3.201038741251457150e-03 3.126037904190101635e+00
-5.757575757575757874e-02 3.269435157443277389e-03 2.598880128470781870e+00
-5.757575757575757874e-02 3.326489535381928209e-03 2.126928330071773843e+00
-5.757575757575757874e-02 3.371419947665121788e-03 1.707535158499695616e+00
-5.757575757575757874e-02 3.403453986974268666e-03 1.344804598555317865e+00
-5.757575757575757874e-02 3.512365421317648669e-03 1.032155450658841289e+00
-5.757575757575757874e-02 3.521211534689679904e-03 7.587035668078935258e-01
-5.757575757575757874e-02 3.615556160054940894e-03 5.369631915916711629e-01
-5.757575757575757874e-02 3.598661465934962448e-03 3.717012342992106477e-01
-5.757575757575757874e-02 3.676358809225717915e-03 2.220317174446131137e-01
-5.757575757575757874e-02 3.747707009238765864e-03 1.184946134555913133e-01
-5.757575757575757874e-02 3.812315014460083886e-03 5.517852334349835491e-02
-5.757575757575757874e-02 3.869794604067529255e-03 2.810917935869243142e-02
-5.757575757575757874e-02 3.919760567572760056e-03 3.518933141628603767e-02
-5.757575757575757874e-02 3.961830903820210033e-03 7.633969013579879059e-02
-5.757575757575757874e-02 3.995627042239382858e-03 1.535032304949032755e-01
-5.757575757575757874e-02 4.172795408128152778e-03 2.535437983196625056e-01
-5.757575757575757874e-02 4.195191061593452585e-03 3.572592766294954147e-01
-5.757575757575757874e-02 4.208300499908028056e-03 4.986643141981061400e-01
-5.757575757575757874e-02 4.211758406105014542e-03 6.871957754803090790e-01
-5.757575757575757874e-02 4.383299359657515798e-03 8.633321499310693259e-01
-5.757575757575757874e-02 4.373060189550186973e-03 1.065177233328515216e+00
-5.757575757575757874e-02 4.544201073418016774e-03 1.324792687289581217e+00
-5.757575757575757874e-02 4.519247400368809828e-03 1.535025120782223640e+00
-5.757575757575757874e-02 4.483056590841432223e-03 1.826276964223866983e+00
-5.757575757575757874e-02 4.648774914014534680e-03 2.072424901632236693e+00
-5.757575757575757874e-02 4.596265780476853705e-03 2.391723110226622762e+00
-5.757575757575757874e-02 4.760112735779847143e-03 2.662689392428179591e+00
-5.757575757575757874e-02 4.690302920358260449e-03 3.022913828100040945e+00
-5.757575757575757874e-02 4.851747376667111568e-03 3.300154773596029933e+00
-5.588235294117646634e-02 3.193458815892973122e-03 3.437073583772621621e+00
-5.588235294117646634e-02 3.264732709982053407e-03 2.884263808483811253e+00
-5.588235294117646634e-02 3.325056827586230293e-03 2.388335526882401805e+00
-5.588235294117646634e-02 3.373663209694615240e-03 1.944718891546110440e+00
-5.588235294117646634e-02 3.409792610885768651e-03 1.555269739211748492e+00
-5.588235294117646634e-02 3.521158117464296897e-03 1.223832851061412041e+00
-5.588235294117646634e-02 3.534876908309134667e-03 9.189252820370967800e-01
-5.588235294117646634e-02 3.632268815968882434e-03 6.809673333380958926e-01
-5.588235294117646634e-02 3.621065552981840140e-03 4.714914633905252228e-01
-5.588235294117646634e-02 3.702439491509714083e-03 3.033851259205238571e-01
-5.588235294117646634e-02 3.777735247723564699e-03 1.810430761322557869e-01
-5.588235294117646634e-02 3.846568537638203351e-03 9.771753984269529458e-02
-5.588235294117646634e-02 3.908557644177597552e-03 4.854588748629325851e-02
-5.588235294117646634e-02 3.963323574634435020e-03 3.035532937715524834e-02
-5.588235294117646634e-02 4.010490234541608592e-03 4.196318532656678757e-02
-5.588235294117646634e-02 4.049684620330069006e-03 8.403688381461196788e-02
-5.588235294117646634e-02 4.080537033588620133e-03 1.592327890158010684e-01
-5.588235294117646634e-02 4.102681320283517105e-03 2.723053108829442959e-01
-5.588235294117646634e-02 4.276873619119789770e-03 3.955444272460587052e-01
-5.588235294117646634e-02 4.286870295297091384e-03 5.270909597353236054e-01
-5.588235294117646634e-02 4.287179556189728291e-03 7.051183102648339585e-01
-5.588235294117646634e-02 4.458307737633974629e-03 9.050805256300676893e-01
-5.588235294117646634e-02 4.444848115452108318e-03 1.093762655194139732e+00
-5.588235294117646634e-02 4.420745608948337298e-03 1.350570213218519777e+00
-5.588235294117646634e-02 4.587237545796818416e-03 1.565445175024355873e+00
-5.588235294117646634e-02 4.547777682497643713e-03 1.843209043620262388e+00
-5.588235294117646634e-02 4.712837932994588808e-03 2.098659888873353641e+00
-5.588235294117646634e-02 4.657047173096294339e-03 2.405021259091972397e+00
-5.588235294117646634e-02 4.820153872047932761e-03 2.680620670763621316e+00
-5.588235294117646634e-02 4.747071694740731367e-03 3.029921271016125406e+00
-5.588235294117646634e-02 4.907705792784691247e-03 3.308257386009848311e+00
-5.428571428571429131e-02 3.259984175869117071e-03 3.174321366274311274e+00
-5.428571428571429131e-02 3.323420857598283294e-03 2.655318229792450246e+00
-5.428571428571429131e-02 3.375529479899851571e-03 2.188684675854846162e+00
-5.428571428571429131e-02 3.415563773783193702e-03 1.774208867865563644e+00
-5.428571428571429131e-02 3.442786217714041436e-03 1.418074740192503569e+00
-5.428571428571429131e-02 3.547632896212117755e-03 1.092103532903951235e+00
-5.428571428571429131e-02 3.551844120897536521e-03 8.293187039695458784e-01
-5.428571428571429131e-02 3.642163259559147524e-03 5.907953065120969960e-01
-5.428571428571429131e-02 3.727044419978298769e-03 4.072634807112549549e-01
-5.428571428571429131e-02 3.806107785928634652e-03 2.694687393191560476e-01
-5.428571428571429131e-02 3.762222941795544291e-03 1.641757209870205181e-01
-5.428571428571429131e-02 3.823035001085170383e-03 8.730670931217091035e-02
-5.428571428571429131e-02 3.876793072211004443e-03 4.857558264929219549e-02
-5.428571428571429131e-02 3.923128814316110755e-03 4.674644100541303776e-02
-5.428571428571429131e-02 4.101026127278020392e-03 6.558187231691300911e-02
-5.428571428571429131e-02 4.137339816005316563e-03 1.062485720068264278e-01
-5.428571428571429131e-02 4.165246857526528138e-03 1.774143365930207217e-01
-5.428571428571429131e-02 4.184389459739130609e-03 2.844394922139115156e-01
-5.428571428571429131e-02 4.194413511037328041e-03 4.348129251733210965e-01
-5.428571428571429131e-02 4.365248023347885649e-03 5.639130050758762724e-01
-5.428571428571429131e-02 4.362416349077275803e-03 7.301005051811251256e-01
-5.428571428571429131e-02 4.533140683392314699e-03 9.540396939172546276e-01
-5.428571428571429131e-02 4.516471583794378492e-03 1.128141179247673431e+00
-5.428571428571429131e-02 4.489146747099394784e-03 1.371375923178799860e+00
-5.428571428571429131e-02 4.655090195800690514e-03 1.601005083842139687e+00
-5.428571428571429131e-02 4.612374780186687638e-03 1.864744638629335149e+00
-5.428571428571429131e-02 4.776795986562506514e-03 2.129724341546447963e+00
-5.428571428571429131e-02 4.717737896809388529e-03 2.422355762692494086e+00
-5.428571428571429131e-02 4.880126689748987348e-03 2.703692092057248253e+00
-5.428571428571429131e-02 4.803786353673428211e-03 3.040748208681424813e+00
-5.428571428571429131e-02 4.963635249865220624e-03 3.321183898619949115e+00
-5.277777777777778456e-02 3.255212925462669989e-03 3.467976249421016011e+00
-5.277777777777778456e-02 3.321615618685218492e-03 2.926830724173860698e+00
-5.277777777777778456e-02 3.377064243897383560e-03 2.438388168378420318e+00
-5.277777777777778456e-02 3.420825293502364074e-03 2.000531310082552139e+00
-5.277777777777778456e-02 3.452173284624371168e-03 1.617201792345022149e+00
-5.277777777777778456e-02 3.559559462127589134e-03 1.276898692155848503e+00
-5.277777777777778456e-02 3.568635143615525845e-03 9.798623384073349429e-01
-5.277777777777778456e-02 3.662059289169305315e-03 7.277943237748624172e-01
-5.277777777777778456e-02 3.750289005805878314e-03 5.316016751426150266e-01
-5.277777777777778456e-02 3.723968992048556827e-03 3.526371537264156864e-01
-5.277777777777778456e-02 3.795425633431952130e-03 2.158915954596553055e-01
-5.277777777777778456e-02 3.860463671041465625e-03 1.185563345662449392e-01
-5.277777777777778456e-02 3.918717987272490703e-03 5.652392943045250057e-02
-5.277777777777778456e-02 3.969825960848659928e-03 2.758883510393972394e-02
-5.277777777777778456e-02 4.013427627218540093e-03 3.124820047472564102e-02
-5.277777777777778456e-02 4.049165856339711350e-03 6.882065520785995982e-02
-5.277777777777778456e-02 4.224814433246266467e-03 1.431477060366229404e-01
-5.277777777777778456e-02 4.249775159208542957e-03 2.082929554180009135e-01
-5.277777777777778456e-02 4.265917674377744766e-03 3.074686931802246281e-01
-5.277777777777778456e-02 4.272895751309130005e-03 4.486592196280010381e-01
-5.277777777777778456e-02 4.443453776658608939e-03 6.094334523666748993e-01
-5.277777777777778456e-02 4.437488962905415842e-03 7.626224774109290339e-01
-5.277777777777778456e-02 4.421433076514546222e-03 9.745855198495440019e-01
-5.277777777777778456e-02 4.587950904426829797e-03 1.168874909384119753e+00
-5.277777777777778456e-02 4.557415318376276288e-03 1.397092902783565682e+00
-5.277777777777778456e-02 4.722825364026675930e-03 1.642283393246569467e+00
-5.277777777777778456e-02 4.676867570448432765e-03 1.890512099494464637e+00
-5.277777777777778456e-02 4.840668451671338579e-03 2.165855428001785210e+00
-5.277777777777778456e-02 4.778356926572611268e-03 2.443946610770304950e+00
-5.277777777777778456e-02 4.940049671993433297e-03 2.731564439611031680e+00
-5.277777777777778456e-02 4.860464951915402509e-03 3.055269486933455791e+00
-5.277777777777778456e-02 5.019553158987603847e-03 3.338769260947874962e+00
-5.135135135135135420e-02 3.319670068955382029e-03 3.201962898023326787e+00
-5.135135135135135420e-02 3.378307009540048537e-03 2.692909473266109188e+00
-5.135135135135135420e-02 3.425628029957725543e-03 2.233265094002457651e+00
-5.135135135135135420e-02 3.460919524387007142e-03 1.824904833185653885e+00
-5.135135135135135420e-02 3.570727856209193925e-03 1.472100497969930810e+00
-5.135135135135135420e-02 3.584457947971097114e-03 1.144113693784528651e+00
-5.135135135135135420e-02 3.680847789193447683e-03 8.808392857904480122e-01
-5.135135135135135420e-02 3.670652768608084239e-03 6.434080327153336443e-01
-5.135135135135135420e-02 3.751702404282531485e-03 4.473740418609535308e-01
-5.135135135135135420e-02 3.826949322358099044e-03 2.956935147047657364e-01
-5.135135135135135420e-02 3.896032184565865423e-03 1.820097742334527424e-01
-5.135135135135135420e-02 3.958591795265643289e-03 1.013473592465216344e-01
-5.135135135135135420e-02 4.014271229465944321e-03 5.063243260827319375e-02
-5.135135135135135420e-02 4.062715973806138754e-03 2.835523602316137454e-02
-5.135135135135135420e-02 4.103574082319708799e-03 3.470036517209157401e-02
-5.135135135135135420e-02 4.136496349124969309e-03 7.167203788963483202e-02
-5.135135135135135420e-02 4.161136500589515327e-03 1.431366593809301202e-01
-5.135135135135135420e-02 4.334138416099468649e-03 2.520333822581453109e-01
-5.135135135135135420e-02 4.347282853197976735e-03 3.416064346455898182e-01
-5.135135135135135420e-02 4.351219014374008848e-03 4.720353771985269509e-01
-5.135135135135135420e-02 4.345611949447071402e-03 6.541894975297268822e-01
-5.135135135135135420e-02 4.512414993090638551e-03 8.026730222185328723e-01
-5.135135135135135420e-02 4.493209984681359632e-03 1.000450075567655528e+00
-5.135135135135135420e-02 4.659303632896110575e-03 1.215845848526196260e+00
-5.135135135135135420e-02 4.625568631561691874e-03 1.428413720086027849e+00
-5.135135135135135420e-02 4.790460170263744800e-03 1.688967135002812370e+00
-5.135135135135135420e-02 4.741272811944709752e-03 1.920900575144112610e+00
-5.135135135135135420e-02 4.904471697887430662e-03 2.207252613662040730e+00
-5.135135135135135420e-02 4.838920205120937623e-03 2.469615376541397289e+00
-5.135135135135135420e-02 4.999938201468185663e-03 2.764120989805611828e+00
-5.135135135135135420e-02 4.917122425246147656e-03 3.073499889047523581e+00
-5.135135135135135420e-02 5.075473753234100577e-03 3.360918228802518559e+00
-5.000000000000000278e-02 3.317608924950360763e-03 3.479921401269136183e+00
-5.000000000000000278e-02 3.379292188834374239e-03 2.951436889722371948e+00
-5.000000000000000278e-02 3.430016854266990187e-03 2.471542561827222872e+00
-5.000000000000000278e-02 3.469081005601249226e-03 2.040205186112582503e+00
-5.000000000000000278e-02 3.495790153734335080e-03 1.663800798952952853e+00
-5.000000000000000278e-02 3.599388712686556711e-03 1.320750651818016319e+00
-5.000000000000000278e-02 3.603951234744432863e-03 1.031616795127578312e+00
-5.000000000000000278e-02 3.693597051657655870e-03 7.716213966188368856e-01
-5.000000000000000278e-02 3.778036498951030473e-03 5.643448980956918826e-01
-5.000000000000000278e-02 3.856912418583823086e-03 4.010525937141368180e-01
-5.000000000000000278e-02 3.815328620709207332e-03 2.569873456652220778e-01
-5.000000000000000278e-02 3.876744211311570348e-03 1.504214683940708619e-01
-5.000000000000000278e-02 3.931431019157726608e-03 8.003038852414050275e-02
-5.000000000000000278e-02 3.979041495452323267e-03 4.429395368225990531e-02
-5.000000000000000278e-02 4.019230538577336746e-03 4.336523039939161467e-02
-5.000000000000000278e-02 4.193580552730289193e-03 5.697556523468710887e-02
-5.000000000000000278e-02 4.223681502038136720e-03 9.098565605931711875e-02
-5.000000000000000278e-02 4.245438523540099977e-03 1.570472147419923192e-01
-5.000000000000000278e-02 4.258515891453347815e-03 2.614708374094673049e-01
-5.000000000000000278e-02 4.428499926552524613e-03 3.870320086479958066e-01
-5.000000000000000278e-02 4.429398419198745350e-03 5.052936315743111750e-01
-5.000000000000000278e-02 4.420718900780514111e-03 6.744686735559709545e-01
-5.000000000000000278e-02 4.587209831759173767e-03 8.507410488382597391e-01
-5.000000000000000278e-02 4.564864574897697230e-03 1.032840281647701142e+00
-5.000000000000000278e-02 4.730544989117821224e-03 1.269613869734111056e+00
-5.000000000000000278e-02 4.693621626576138448e-03 1.465076312608030396e+00
-5.000000000000000278e-02 4.858009295668582438e-03 1.741360544271228550e+00
-5.000000000000000278e-02 4.805604802419754552e-03 1.956209258647125804e+00
-5.000000000000000278e-02 4.968219576881168983e-03 2.253736293584017503e+00
-5.000000000000000278e-02 4.899441142830354354e-03 2.499369809265801212e+00
-5.000000000000000278e-02 5.059805082243496420e-03 2.801361904154116012e+00
-5.000000000000000278e-02 4.973771121402822785e-03 3.095500396456662084e+00
-5.000000000000000278e-02 5.131408640133252458e-03 3.387679056465839444e+00
