-1.000000000000000021e-02 4.179414204383388037e-03 3.359426730915874515e+00
-1.000000000000000021e-02 4.237295247193908869e-03 2.797011250890634848e+00
-1.000000000000000021e-02 4.350082459328680033e-03 2.286772753706773909e+00
-1.000000000000000021e-02 4.453695995752684003e-03 1.844474363153470575e+00
-1.000000000000000021e-02 4.467702615348915531e-03 1.451663652780736280e+00
-1.000000000000000021e-02 4.546484843722132900e-03 1.111848773953563629e+00
-1.000000000000000021e-02 4.613875501947388089e-03 8.261768806978728730e-01
-1.000000000000000021e-02 4.762384027600267272e-03 5.858333827918105197e-01
-1.000000000000000021e-02 4.809616470594835734e-03 3.864452183009920438e-01
-1.000000000000000021e-02 4.843478093532922746e-03 2.404337761443854360e-01
-1.000000000000000021e-02 4.971002787888900362e-03 1.254876340197269291e-01
-1.000000000000000021e-02 4.981098044419951000e-03 6.416817006316996586e-02
-1.000000000000000021e-02 5.093839331477268556e-03 1.986194325634092414e-02
-1.000000000000000021e-02 5.201146910738994877e-03 1.880647020166144670e-02
-1.000000000000000021e-02 5.302670320427913149e-03 5.478166660870177618e-02
-1.000000000000000021e-02 5.398059414809853324e-03 1.225278564230689038e-01
-1.000000000000000021e-02 5.486964380397492576e-03 2.178763996335266739e-01
-1.000000000000000021e-02 5.569035753538646369e-03 3.373126189437634093e-01
-1.000000000000000021e-02 5.643924439551611938e-03 4.789038765618157112e-01
-1.000000000000000021e-02 5.711281733594307172e-03 6.417505114178161385e-01
-1.000000000000000021e-02 5.770759343482863117e-03 8.251789090531747028e-01
-1.000000000000000021e-02 5.822009414709288996e-03 1.030046572201902766e+00
-1.000000000000000021e-02 5.864684557948687468e-03 1.259886544359833715e+00
-1.000000000000000021e-02 5.898437879395277382e-03 1.516041117248049019e+00
-1.000000000000000021e-02 6.112261275575442583e-03 1.777356538863075208e+00
-1.000000000000000021e-02 6.133811864904760956e-03 2.043814074718585339e+00
-1.000000000000000021e-02 6.145514786165448204e-03 2.342659415312759119e+00
-1.000000000000000021e-02 6.356806536141759029e-03 2.652519689683873416e+00
-1.000000000000000021e-02 6.354797202579523172e-03 2.955182986300683545e+00
-1.000000000000000021e-02 6.342017583887724769e-03 3.304885300085100841e+00
-9.743589743589744015e-03 4.264164567991607716e-03 3.040335320903638561e+00
-9.743589743589744015e-03 4.312511832460075474e-03 2.512058264857555123e+00
-9.743589743589744015e-03 4.417657744675968640e-03 2.047330042308516784e+00
-9.743589743589744015e-03 4.435523584559296177e-03 1.635902158442900323e+00
-9.743589743589744015e-03 4.516678476137755624e-03 1.274047565929288250e+00
-9.743589743589744015e-03 4.586836344842540325e-03 9.660206247093210408e-01
-9.743589743589744015e-03 4.736226360229980024e-03 7.083284594019839675e-01
-9.743589743589744015e-03 4.786950386214461339e-03 4.865180379665507981e-01
-9.743589743589744015e-03 4.824745300339014151e-03 3.146768707877229954e-01
-9.743589743589744015e-03 4.954011501573553009e-03 1.858876007312579570e-01
-9.743589743589744015e-03 4.968850285982292884e-03 9.318190226543288102e-02
-9.743589743589744015e-03 5.083924616362810699e-03 3.520787449097621813e-02
-9.743589743589744015e-03 5.193813034379568885e-03 2.104974857654001372e-02
-9.743589743589744015e-03 5.172605863483042271e-03 3.719914027506728005e-02
-9.743589743589744015e-03 5.265688096622786300e-03 7.518747161227892772e-02
-9.743589743589744015e-03 5.352447159572009880e-03 1.453830067850473418e-01
-9.743589743589744015e-03 5.432542116235570921e-03 2.442702444927690453e-01
-9.743589743589744015e-03 5.505632381177566828e-03 3.699138733540563440e-01
-9.743589743589744015e-03 5.571377739458948687e-03 5.214598643229499952e-01
-9.743589743589744015e-03 5.629438368328418610e-03 6.981291750884760505e-01
-9.743589743589744015e-03 5.845244029219712895e-03 8.986685755073704485e-01
-9.743589743589744015e-03 5.893104273043589178e-03 1.100171755127318018e+00
-9.743589743589744015e-03 5.932372978246969533e-03 1.323261007406750789e+00
-9.743589743589744015e-03 5.962711802038484984e-03 1.572886756406559394e+00
-9.743589743589744015e-03 5.983782911645604483e-03 1.853302342848131001e+00
-9.743589743589744015e-03 6.193112348262026605e-03 2.113890816622891577e+00
-9.743589743589744015e-03 6.201374414416591270e-03 2.402665988277112419e+00
-9.743589743589744015e-03 6.410983617962459288e-03 2.727640190663967346e+00
-9.743589743589744015e-03 6.405529495354269839e-03 3.019175540554746018e+00
-9.743589743589744015e-03 6.389342505298520151e-03 3.355218145441042576e+00
-9.499999999999999764e-03 4.225656653634745664e-03 3.286355306757603234e+00
-9.499999999999999764e-03 4.276720431689736389e-03 2.741376428715145419e+00
-9.499999999999999764e-03 4.383323349309692016e-03 2.254930973723085152e+00
-9.499999999999999764e-03 4.404861303678958215e-03 1.825164594024756726e+00
-9.499999999999999764e-03 4.488273348925266373e-03 1.442183863262571863e+00
-9.499999999999999764e-03 4.561064101272570281e-03 1.112857375132762616e+00
-9.499999999999999764e-03 4.622567441938530211e-03 8.350805420444233906e-01
-9.499999999999999764e-03 4.765338544939543182e-03 5.960819493820326276e-01
-9.499999999999999764e-03 4.806876929587589053e-03 4.000874478561053937e-01
-9.499999999999999764e-03 4.937799799573712456e-03 2.588004213817032273e-01
-9.499999999999999764e-03 4.957153860885884882e-03 1.370596826192544415e-01
-9.499999999999999764e-03 5.074448274961584383e-03 6.704587098432575332e-02
-9.499999999999999764e-03 5.069404778066507501e-03 2.926530338847668430e-02
-9.499999999999999764e-03 5.171294680321515159e-03 1.679122684245555608e-02
-9.499999999999999764e-03 5.267457215829435616e-03 4.036662616325184527e-02
-9.499999999999999764e-03 5.357559057586524544e-03 9.540647534439619659e-02
-9.499999999999999764e-03 5.441267182874820821e-03 1.780251682566779403e-01
-9.499999999999999764e-03 5.518248889431659303e-03 2.857081051300461305e-01
-9.499999999999999764e-03 5.588171813044045567e-03 4.169879445424332642e-01
-9.499999999999999764e-03 5.650703946740148927e-03 5.706523780335923668e-01
-9.499999999999999764e-03 5.705513661776756389e-03 7.468463635549112967e-01
-9.499999999999999764e-03 5.752269730652897518e-03 9.482069078681855112e-01
-9.499999999999999764e-03 5.790641352417569970e-03 1.175391617016930734e+00
-9.499999999999999764e-03 6.000557032696324060e-03 1.396602699605530740e+00
-9.499999999999999764e-03 6.027533018917499361e-03 1.637934351375208930e+00
-9.499999999999999764e-03 6.045241709585299182e-03 1.908978987228175939e+00
-9.499999999999999764e-03 6.253085925129860112e-03 2.191499073030539702e+00
-9.499999999999999764e-03 6.257959967363944595e-03 2.467652280405744580e+00
-9.499999999999999764e-03 6.252686634566390241e-03 2.785406520022694288e+00
-9.499999999999999764e-03 6.457120713283111615e-03 3.086963146556742643e+00
-9.499999999999999764e-03 6.437577487007074308e-03 3.411208546887524395e+00
-9.268292682926828827e-03 4.188933810385962048e-03 3.535635755698121496e+00
-9.268292682926828827e-03 4.242584826772050760e-03 2.973992454960359577e+00
-9.268292682926828827e-03 4.350574784082783357e-03 2.466549569257074470e+00
-9.268292682926828827e-03 4.375610995440411786e-03 2.018785603960120856e+00
-9.268292682926828827e-03 4.461172888469725969e-03 1.615586468619461424e+00
-9.268292682926828827e-03 4.536471710747285932e-03 1.265999026186706677e+00
-9.268292682926828827e-03 4.600856531446081976e-03 9.669914208429170044e-01
-9.268292682926828827e-03 4.744708961164734867e-03 7.143596773467298933e-01
-9.268292682926828827e-03 4.789814359548222669e-03 4.958178439650243186e-01
-9.268292682926828827e-03 4.822164485068752837e-03 3.286102073447177419e-01
-9.268292682926828827e-03 4.945972180868019215e-03 1.947531835705324232e-01
-9.268292682926828827e-03 4.955686035695520270e-03 1.077521142581307489e-01
-9.268292682926828827e-03 5.065427271914914147e-03 4.147120177026328985e-02
-9.268292682926828827e-03 5.170009894733584681e-03 1.685802986474762427e-02
-9.268292682926828827e-03 5.269107900459451231e-03 2.817408699933553196e-02
-9.268292682926828827e-03 5.362395551244297440e-03 7.042141305425334008e-02
-9.268292682926828827e-03 5.314093633865491981e-03 1.346678288627536357e-01
-9.268292682926828827e-03 5.389308059190409290e-03 2.245586671337448381e-01
-9.268292682926828827e-03 5.457630338385751484e-03 3.423316309909496535e-01
-9.268292682926828827e-03 5.670937929967195291e-03 4.805708500146009809e-01
-9.268292682926828827e-03 5.730298040349743501e-03 6.344672899183920745e-01
-9.268292682926828827e-03 5.781899782064348244e-03 8.097030067897017513e-01
-9.268292682926828827e-03 5.825419722983079737e-03 1.006520869491418724e+00
-9.268292682926828827e-03 5.860534842971662668e-03 1.228870080246366348e+00
-9.268292682926828827e-03 6.069202329249097708e-03 1.479286355225067018e+00
-9.268292682926828827e-03 6.092863551995181780e-03 1.711024189220755609e+00
-9.268292682926828827e-03 6.107257850084410467e-03 1.972712450343515167e+00
-9.268292682926828827e-03 6.112063765940183718e-03 2.269368531559457836e+00
-9.268292682926828827e-03 6.315221059935477790e-03 2.540174567794160065e+00
-9.268292682926828827e-03 6.306629890168864196e-03 2.844147159862766117e+00
-9.268292682926828827e-03 6.509511233115956169e-03 3.161062349267430349e+00
-9.268292682926828827e-03 6.486659369586098359e-03 3.471615142537253895e+00
-9.047619047619047394e-03 4.209992734481452295e-03 3.209261474523241287e+00
-9.047619047619047394e-03 4.319304666754917275e-03 2.681542664493627548e+00
-9.047619047619047394e-03 4.347677305948256625e-03 2.216171912215372242e+00
-9.047619047619047394e-03 4.435289187192185609e-03 1.793651717175327232e+00
-9.047619047619047394e-03 4.512979903104003335e-03 1.424821474371194885e+00
-9.047619047619047394e-03 4.580113045533659548e-03 1.105784102701538485e+00
-9.047619047619047394e-03 4.636053120091963506e-03 8.356329982073809060e-01
-9.047619047619047394e-03 4.773504148004636786e-03 6.010863357666282880e-01
-9.047619047619047394e-03 4.809654307195069742e-03 4.092937901727562444e-01
-9.047619047619047394e-03 4.935271823264392177e-03 2.652920468162848211e-01
-9.047619047619047394e-03 4.949514583301462163e-03 1.477165709054064635e-01
-9.047619047619047394e-03 5.061600140064550536e-03 7.090373843324095093e-02
-9.047619047619047394e-03 5.168751561920378358e-03 3.599021558759667866e-02
-9.047619047619047394e-03 5.148682673133194929e-03 2.049125725692984429e-02
-9.047619047619047394e-03 5.239865705580353493e-03 3.518977641717534188e-02
-9.047619047619047394e-03 5.325054730313463422e-03 8.067661139805533399e-02
-9.047619047619047394e-03 5.403931979135234535e-03 1.539121912818595950e-01
-9.047619047619047394e-03 5.476179978790293029e-03 2.529267647448593115e-01
-9.047619047619047394e-03 5.541481567218214249e-03 3.760455864440865881e-01
-9.047619047619047394e-03 5.599519911284534662e-03 5.227862266613458875e-01
-9.047619047619047394e-03 5.649978526173926423e-03 6.949702437792848464e-01
-9.047619047619047394e-03 5.858575666138630782e-03 8.848747747898308980e-01
-9.047619047619047394e-03 5.898900766375309024e-03 1.076933976029365025e+00
-9.047619047619047394e-03 5.930801579488776711e-03 1.292557872254104234e+00
-9.047619047619047394e-03 5.953962934163057816e-03 1.535666936089796542e+00
-9.047619047619047394e-03 6.158668852450882407e-03 1.793097875481694636e+00
-9.047619047619047394e-03 6.169793527475327978e-03 2.042864421000704311e+00
-9.047619047619047394e-03 6.171337520651271925e-03 2.329548777605257470e+00
-9.047619047619047394e-03 6.373111857703389962e-03 2.617539058572174504e+00
-9.047619047619047394e-03 6.361247702779856440e-03 2.909384784078064445e+00
-9.047619047619047394e-03 6.562646817297295918e-03 3.240313195582803285e+00
-9.047619047619047394e-03 6.536530697479009042e-03 3.536160897905672673e+00
-8.837209302325581620e-03 4.242145834845479323e-03 3.445957545180705406e+00
-8.837209302325581620e-03 4.289415086741971660e-03 2.899340882921883633e+00
-8.837209302325581620e-03 4.320973270111498794e-03 2.416793623489244425e+00
-8.837209302325581620e-03 4.410542054288165911e-03 1.975835720885812608e+00
-8.837209302325581620e-03 4.490516347597289445e-03 1.588757692510983421e+00
-8.837209302325581620e-03 4.560273641351975972e-03 1.250854019186092403e+00
-8.837209302325581620e-03 4.619192274065851006e-03 9.602626677917430742e-01
-8.837209302325581620e-03 4.757897473691000134e-03 7.151710930060715121e-01
-8.837209302325581620e-03 4.797676810106602310e-03 5.006252683829910399e-01
-8.837209302325581620e-03 4.824858889447190824e-03 3.377752916539731309e-01
-8.837209302325581620e-03 4.943590752346059027e-03 2.021309374419951177e-01
-8.837209302325581620e-03 5.057914975370634246e-03 1.163862648183791315e-01
-8.837209302325581620e-03 5.053206491383665719e-03 4.895252546765271884e-02
-8.837209302325581620e-03 5.152851745400032456e-03 1.734487637858998094e-02
-8.837209302325581620e-03 5.247051686591446863e-03 2.022910526433979034e-02
-8.837209302325581620e-03 5.335495181575506361e-03 5.312253184706323961e-02
-8.837209302325581620e-03 5.417871354364150321e-03 1.124847719774130367e-01
-8.837209302325581620e-03 5.493869599707460090e-03 1.958294528471752893e-01
-8.837209302325581620e-03 5.563179597583762549e-03 3.011605872377486337e-01
-8.837209302325581620e-03 5.625491328971053348e-03 4.274695169575083442e-01
-8.837209302325581620e-03 5.680495093054966325e-03 5.757414179880722127e-01
-8.837209302325581620e-03 5.727881526052468718e-03 7.457298710447607393e-01
-8.837209302325581620e-03 5.767341621858890384e-03 9.404750819559033470e-01
-8.837209302325581620e-03 5.972690913516082341e-03 1.158763228914472698e+00
-8.837209302325581620e-03 6.001416812972045454e-03 1.366203846248279730e+00
-8.837209302325581620e-03 6.021391714248743553e-03 1.600954383251046664e+00
-8.837209302325581620e-03 6.032307963293157688e-03 1.867114375322779019e+00
-8.837209302325581620e-03 6.232814274957985783e-03 2.121780333373098237e+00
-8.837209302325581620e-03 6.231137778333457021e-03 2.394954118439967861e+00
-8.837209302325581620e-03 6.431590575242838656e-03 2.702105433863243089e+00
-8.837209302325581620e-03 6.416495317268679568e-03 2.979943396446931736e+00
-8.837209302325581620e-03 6.391007023872254632e-03 3.307655121221970695e+00
-8.636363636363636465e-03 4.260816584656784527e-03 3.119439502934131969e+00
-8.636363636363636465e-03 4.295419410223723020e-03 2.620176721517275986e+00
-8.636363636363636465e-03 4.386858188349114507e-03 2.161647645090103431e+00
-8.636363636363636465e-03 4.469014910922987534e-03 1.757291686088485516e+00
-8.636363636363636465e-03 4.541280384158544355e-03 1.401646952100080501e+00
-8.636363636363636465e-03 4.603046201086292977e-03 1.091957015529178010e+00
-8.636363636363636465e-03 4.653704803501345147e-03 8.287005630903632181e-01
-8.636363636363636465e-03 4.786198530166881071e-03 6.018433147484899548e-01
-8.636363636363636465e-03 4.817226498375897815e-03 4.138559053282581113e-01
-8.636363636363636465e-03 4.937899796609765066e-03 2.700080344557783674e-01
-8.636363636363636465e-03 4.947272598725585557e-03 1.561804006943749712e-01
-8.636363636363636465e-03 5.054501621437230974e-03 7.533356020155654309e-02
-8.636363636363636465e-03 5.156810729424860310e-03 3.434768968847544401e-02
-8.636363636363636465e-03 5.132364437014182157e-03 2.683716011127135551e-02
-8.636363636363636465e-03 5.218899680201907754e-03 3.530862976660249092e-02
-8.636363636363636465e-03 5.299501601666125640e-03 7.401774820650398878e-02
-8.636363636363636465e-03 5.373866352934206746e-03 1.405484059837893152e-01
-8.636363636363636465e-03 5.441690358167100040e-03 2.328284063223745037e-01
-8.636363636363636465e-03 5.502670329236828209e-03 3.498214537102536936e-01
-8.636363636363636465e-03 5.556503282177410741e-03 4.926026460901539172e-01
-8.636363636363636465e-03 5.761649317245902055e-03 6.437365285903071666e-01
-8.636363636363636465e-03 5.805995964169337678e-03 8.109625743635486828e-01
-8.636363636363636465e-03 5.842387096340170317e-03 1.000730886847008394e+00
-8.636363636363636465e-03 5.870520873467149035e-03 1.216137663100400834e+00
-8.636363636363636465e-03 6.072357932165576080e-03 1.450566857108193330e+00
-8.636363636363636465e-03 6.089183698228138250e-03 1.674382821147097244e+00
-8.636363636363636465e-03 6.096946511115563724e-03 1.931077749894823281e+00
-8.636363636363636465e-03 6.296288604495792543e-03 2.206891750384006201e+00
-8.636363636363636465e-03 6.291430363834028643e-03 2.467971421547396904e+00
-8.636363636363636465e-03 6.276705954484293297e-03 2.772569720701691942e+00
-8.636363636363636465e-03 6.472331846837626503e-03 3.055541397164295958e+00
-8.636363636363636465e-03 6.443676570930064254e-03 3.370360524795064094e+00
-8.444444444444445391e-03 4.233427260812435561e-03 3.341390590869816712e+00
-8.444444444444445391e-03 4.270942948154078482e-03 2.825896578818752669e+00
-8.444444444444445391e-03 4.364170454026444594e-03 2.350643860818760977e+00
-8.444444444444445391e-03 4.448415008280366678e-03 1.929953202100456622e+00
-8.444444444444445391e-03 4.523080183036138832e-03 1.557654151048828428e+00
-8.444444444444445391e-03 4.587570282336061664e-03 1.230151863844420213e+00
-8.444444444444445391e-03 4.641290398591931335e-03 9.469486345664357430e-01
-8.444444444444445391e-03 4.683646476263176109e-03 7.119696491923188653e-01
-8.444444444444445391e-03 4.809897296998388166e-03 5.011534956692567100e-01
-8.444444444444445391e-03 4.832152845610504510e-03 3.421057909056457458e-01
-8.444444444444445391e-03 4.946142637647445855e-03 2.072767273095108831e-01
-8.444444444444445391e-03 5.055716012369356437e-03 1.186900407648474876e-01
-8.444444444444445391e-03 5.046458904329111789e-03 5.605320340656055889e-02
-8.444444444444445391e-03 5.141488208472906087e-03 2.001851004812078491e-02
-8.444444444444445391e-03 5.231107988377906026e-03 1.703740165172231563e-02
-8.444444444444445391e-03 5.315020463010358513e-03 4.312711061774030658e-02
-8.444444444444445391e-03 5.392928089648843862e-03 9.539785032970396483e-02
-8.444444444444445391e-03 5.464533576283158063e-03 1.715047442967312374e-01
-8.444444444444445391e-03 5.529539895080190504e-03 2.699385226061671306e-01
-8.444444444444445391e-03 5.587650297042601882e-03 3.909895803159041394e-01
-8.444444444444445391e-03 5.638568328004914081e-03 5.340078998246503561e-01
-8.444444444444445391e-03 5.681997846134101415e-03 7.012043092754999263e-01
-8.444444444444445391e-03 5.884308426883999056e-03 8.899041753717791270e-01
-8.444444444444445391e-03 5.917662161849134538e-03 1.073083764061559142e+00
-8.444444444444445391e-03 5.942737090568780793e-03 1.281342065530463259e+00
-8.444444444444445391e-03 5.959238248190092992e-03 1.517988268973125887e+00
-8.444444444444445391e-03 6.157315814645149092e-03 1.758041477840385891e+00
-8.444444444444445391e-03 6.161960302496425658e-03 2.001806758123659158e+00
-8.444444444444445391e-03 6.157243709796591906e-03 2.284799119890863484e+00
-8.444444444444445391e-03 6.352183993363792226e-03 2.547463150438472379e+00
-8.444444444444445391e-03 6.334327230518695118e-03 2.837694893788779815e+00
-8.444444444444445391e-03 6.528719864483698704e-03 3.137979721742703454e+00
-8.444444444444445391e-03 6.496933203836545608e-03 3.435454138507306965e+00
-8.260869565217390798e-03 4.247477114815130864e-03 3.033572324167990164e+00
-8.260869565217390798e-03 4.342417247815141129e-03 2.542422842739486821e+00
-8.260869565217390798e-03 4.428661034167353377e-03 2.106313082209835930e+00
-8.260869565217390798e-03 4.505624295691181350e-03 1.718408012725388234e+00
-8.260869565217390798e-03 4.572723536120608737e-03 1.374325800480148851e+00
-8.260869565217390798e-03 4.629375992639108740e-03 1.072651093493735441e+00
-8.260869565217390798e-03 4.674999693887336473e-03 8.164084651132083037e-01
-8.260869565217390798e-03 4.802853429378812176e-03 5.988963647990149797e-01
-8.260869565217390798e-03 4.828992053850687631e-03 4.140587988089752813e-01
-8.260869565217390798e-03 4.945037056026284523e-03 2.726484541384034399e-01
-8.260869565217390798e-03 4.949751216536897418e-03 1.615570115408821172e-01
-8.260869565217390798e-03 5.052431967695581241e-03 7.933974601682146355e-02
-8.260869565217390798e-03 5.150205697733217271e-03 3.458941730618162597e-02
-8.260869565217390798e-03 5.242780491015968172e-03 2.238271048568069369e-02
-8.260869565217390798e-03 5.203729223187564604e-03 3.819551741648064686e-02
-8.260869565217390798e-03 5.280029126228769076e-03 7.238512826919080156e-02
-8.260869565217390798e-03 5.350160072228123294e-03 1.339023836910698262e-01
-8.260869565217390798e-03 5.413831218377994532e-03 2.212208945314088071e-01
-8.260869565217390798e-03 5.617468633520874242e-03 3.281050415310891033e-01
-8.260869565217390798e-03 5.672732087258614171e-03 4.500723138595582040e-01
-8.260869565217390798e-03 5.720759705047571281e-03 5.924140642115061084e-01
-8.260869565217390798e-03 5.761261590765751582e-03 7.565065191196003180e-01
-8.260869565217390798e-03 5.793948170053983202e-03 9.447172227504962994e-01
-8.260869565217390798e-03 5.993152547672380391e-03 1.158081809903093840e+00
-8.260869565217390798e-03 6.015199110675457234e-03 1.356611949735631262e+00
-8.260869565217390798e-03 6.028657544744945966e-03 1.584534889321465023e+00
-8.260869565217390798e-03 6.033239490995755475e-03 1.845586893714174836e+00
-8.260869565217390798e-03 6.227325992276375351e-03 2.081465934184723032e+00
-8.260869565217390798e-03 6.219526202582549221e-03 2.351349158633248226e+00
-8.260869565217390798e-03 6.413369975449731766e-03 2.633116380905125009e+00
-8.260869565217390798e-03 6.392414322204380273e-03 2.910038526627501732e+00
-8.260869565217390798e-03 6.585625045093005184e-03 3.223701254797486815e+00
-8.260869565217390798e-03 6.550740387967616575e-03 3.509003127126902655e+00
-8.085106382978723277e-03 4.224960543198396680e-03 3.242861940011302124e+00
-8.085106382978723277e-03 4.321541940426013029e-03 2.736620704293041495e+00
-8.085106382978723277e-03 4.409701861729804079e-03 2.285979169553142398e+00
-8.085106382978723277e-03 4.488867892683260329e-03 1.883478246411390611e+00
-8.085106382978723277e-03 4.558468255130960177e-03 1.523996432241820909e+00
-8.085106382978723277e-03 4.617931854325392146e-03 1.205254567252126652e+00
-8.085106382978723277e-03 4.666688331870920935e-03 9.294419839931726823e-01
-8.085106382978723277e-03 4.704168125464225705e-03 7.002055681805733345e-01
-8.085106382978723277e-03 4.825940228951392484e-03 4.979627809687160456e-01
-8.085106382978723277e-03 4.843481264685195811e-03 3.420625476497873851e-01
-8.085106382978723277e-03 4.953021825164433470e-03 2.095692861501576021e-01
-8.085106382978723277e-03 5.058137793123261387e-03 1.206742469947921365e-01
-8.085106382978723277e-03 5.044512528639473470e-03 6.169925062044201436e-02
-8.085106382978723277e-03 5.135207957885004962e-03 2.332465853656162658e-02
-8.085106382978723277e-03 5.220526586877200989e-03 1.644452157720852764e-02
-8.085106382978723277e-03 5.300182889121722064e-03 3.780893826382740464e-02
-8.085106382978723277e-03 5.373891559601801093e-03 8.477326867381222708e-02
-8.085106382978723277e-03 5.441367526341658531e-03 1.553849338700715454e-01
-8.085106382978723277e-03 5.502325962966693983e-03 2.492923259113673795e-01
-8.085106382978723277e-03 5.556482302378095393e-03 3.655159613485968739e-01
-8.085106382978723277e-03 5.603552251677187263e-03 5.055063851538534880e-01
-8.085106382978723277e-03 5.803069734963549331e-03 6.669631586282771529e-01
-8.085106382978723277e-03 5.840668516153645247e-03 8.261933445175968505e-01
-8.085106382978723277e-03 5.870422266065564686e-03 1.008622485202156138e+00
-8.085106382978723277e-03 5.892047722089397040e-03 1.216880033674852868e+00
-8.085106382978723277e-03 6.087891960165125148e-03 1.443747118462015866e+00
-8.085106382978723277e-03 6.098336867514968923e-03 1.659565621551989389e+00
-8.085106382978723277e-03 6.099897447440596684e-03 1.909873558475099653e+00
-8.085106382978723277e-03 6.293022130201317288e-03 2.168939170665381333e+00
-8.085106382978723277e-03 6.282169956193869517e-03 2.424530302764016820e+00
-8.085106382978723277e-03 6.474961948201574113e-03 2.726558870925793521e+00
-8.085106382978723277e-03 6.450938830334390466e-03 2.985913191549439460e+00
-8.085106382978723277e-03 6.416806379413173347e-03 3.302839666413539099e+00
-7.916666666666665603e-03 4.203336733429528273e-03 3.453457983173802148e+00
-7.916666666666665603e-03 4.301492385186378095e-03 2.932907279213467611e+00
-7.916666666666665603e-03 4.391490401238653044e-03 2.468592692965921209e+00
-7.916666666666665603e-03 4.472769672943972818e-03 2.052468461770581953e+00
-7.916666666666665603e-03 4.544769686192749909e-03 1.678717027083004742e+00
-7.916666666666665603e-03 4.606930564598906222e-03 1.344244834886772821e+00
-7.916666666666665603e-03 4.658693117911567004e-03 1.050465932765412891e+00
-7.916666666666665603e-03 4.699498896520330933e-03 8.000292893347906720e-01
-7.916666666666665603e-03 4.822991773830997975e-03 5.930154170186457963e-01
-7.916666666666665603e-03 4.844446009095762853e-03 4.106182602592550746e-01
-7.916666666666665603e-03 4.956140662300342545e-03 2.727988468140700729e-01
-7.916666666666665603e-03 4.956382247949353385e-03 1.640859432680656649e-01
-7.916666666666665603e-03 5.054785976151381956e-03 8.214129769777102352e-02
-7.916666666666665603e-03 5.148294426366061688e-03 3.563066616591992891e-02
-7.916666666666665603e-03 5.236627465466050027e-03 1.975184214193619406e-02
-7.916666666666665603e-03 5.319505155418955029e-03 3.084887356446630591e-02
-7.916666666666665603e-03 5.396647762897516069e-03 6.608035772821833909e-02
-7.916666666666665603e-03 5.467775769674543089e-03 1.231039537466134121e-01
-7.916666666666665603e-03 5.532609883890358439e-03 2.008636288249356083e-01
-7.916666666666665603e-03 5.590871052293047358e-03 2.982362323767593915e-01
-7.916666666666665603e-03 5.642280473566484156e-03 4.159214700390693187e-01
-7.916666666666665603e-03 5.686559612878231557e-03 5.547636397217002857e-01
-7.916666666666665603e-03 5.723430217799991421e-03 7.164847613263058967e-01
-7.916666666666665603e-03 5.752614335777440219e-03 9.046239075891748804e-01
-7.916666666666665603e-03 5.947055249782838213e-03 1.084658000567806146e+00
-7.916666666666665603e-03 5.965749307423141856e-03 1.285114605534521282e+00
-7.916666666666665603e-03 5.976015069467287277e-03 1.514994848533008698e+00
-7.916666666666665603e-03 6.168260687789615254e-03 1.744992385797188073e+00
-7.916666666666665603e-03 6.166827653821873104e-03 1.982586332494689518e+00
-7.916666666666665603e-03 6.156226444652474449e-03 2.260333017512925036e+00
-7.916666666666665603e-03 6.345153386742740341e-03 2.506014922685892543e+00
-7.916666666666665603e-03 6.321647257985407893e-03 2.792496067783045710e+00
-7.916666666666665603e-03 6.509874615736097221e-03 3.070997764517773732e+00
-7.916666666666665603e-03 6.472721420273459120e-03 3.370314019921098136e+00
-7.755102040816326710e-03 4.282220483537735670e-03 3.130982673156699647e+00
-7.755102040816326710e-03 4.373983209718396853e-03 2.653825064297513414e+00
-7.755102040816326710e-03 4.384376361457292641e-03 2.220217541756320578e+00
-7.755102040816326710e-03 4.454977626661005795e-03 1.830022819682345148e+00
-7.755102040816326710e-03 4.515935714646664330e-03 1.484830052405339718e+00
-7.755102040816326710e-03 4.650996230049718114e-03 1.178917422433176654e+00
-7.755102040816326710e-03 4.694996295440006552e-03 9.091093561735983375e-01
-7.755102040816326710e-03 4.727799986614408638e-03 6.844287583208987780e-01
-7.755102040816326710e-03 4.845354266357339464e-03 4.919713935387495796e-01
-7.755102040816326710e-03 4.858367920711923089e-03 3.378158766340761954e-01
-7.755102040816326710e-03 4.963717588593403486e-03 2.096139582004858670e-01
-7.755102040816326710e-03 5.064635033696288438e-03 1.217956084391450255e-01
-7.755102040816326710e-03 5.046800985538385000e-03 6.551117684235868710e-02
-7.755102040816326710e-03 5.133411435236529159e-03 2.619447551111150907e-02
-7.755102040816326710e-03 5.214675121206445267e-03 1.706710422534975236e-02
-7.755102040816326710e-03 5.290317803652047797e-03 3.522671033337772262e-02
-7.755102040816326710e-03 5.360065449321193762e-03 7.832744672256093665e-02
-7.755102040816326710e-03 5.423644242326375146e-03 1.454214849393653808e-01
-7.755102040816326710e-03 5.480780595899691771e-03 2.352641483426213820e-01
-7.755102040816326710e-03 5.531201165192561366e-03 3.486059655504048505e-01
-7.755102040816326710e-03 5.728142549240421676e-03 4.849880702775978825e-01
-7.755102040816326710e-03 5.769649086504306280e-03 6.207863337613117594e-01
-7.755102040816326710e-03 5.803710441588487250e-03 7.782068497923545491e-01
-7.755102040816326710e-03 5.830054176172308825e-03 9.592956143518878154e-01
-7.755102040816326710e-03 5.848408162458839168e-03 1.169824547554850325e+00
-7.755102040816326710e-03 6.039624195586418970e-03 1.363679512160962171e+00
-7.755102040816326710e-03 6.046965836644736629e-03 1.583413942819354547e+00
-7.755102040816326710e-03 6.045591413211046442e-03 1.839034188224583088e+00
-7.755102040816326710e-03 6.234014166099146118e-03 2.063336144644622561e+00
-7.755102040816326710e-03 6.220443683996041209e-03 2.328474567498260317e+00
-7.755102040816326710e-03 6.408456594344819762e-03 2.592324502595630076e+00
-7.755102040816326710e-03 6.381961687375042533e-03 2.866702668282004041e+00
-7.755102040816326710e-03 6.569197579089199046e-03 3.160064288551879486e+00
-7.755102040816326710e-03 6.529050770224856769e-03 3.442854555049075227e+00
-7.600000000000000852e-03 4.263681800051648263e-03 3.330574221027958970e+00
-7.600000000000000852e-03 4.289183568684532856e-03 2.841372605075159097e+00
-7.600000000000000852e-03 4.370898422036926904e-03 2.389501376710644998e+00
-7.600000000000000852e-03 4.443785198623582434e-03 1.985007314985403504e+00
-7.600000000000000852e-03 4.507305403214314880e-03 1.624068386643075179e+00
-7.600000000000000852e-03 4.560921155864868654e-03 1.307374473974226126e+00
-7.600000000000000852e-03 4.690651457017768790e-03 1.026817537527882962e+00
-7.600000000000000852e-03 4.726831248685269340e-03 7.808533210535537616e-01
-7.600000000000000852e-03 4.751584538610919423e-03 5.833194519906048647e-01
-7.600000000000000852e-03 4.863161295884196010e-03 4.037689192869392540e-01
-7.600000000000000852e-03 4.970751419996011743e-03 2.713866153584080232e-01
-7.600000000000000852e-03 4.966685112616850938e-03 1.637959738060843773e-01
-7.600000000000000852e-03 5.061051745902869423e-03 8.368950876937085448e-02
-7.600000000000000852e-03 5.150533840290890363e-03 3.656448069701047354e-02
-7.600000000000000852e-03 5.234862131698093252e-03 1.847284008094357208e-02
-7.600000000000000852e-03 5.313767538212384872e-03 2.634817542816687147e-02
-7.600000000000000852e-03 5.386981169096797216e-03 5.749211897165454332e-02
-7.600000000000000852e-03 5.454234334530404758e-03 1.102877956479444144e-01
-7.600000000000000852e-03 5.515258556168174328e-03 1.833969808044557115e-01
-7.600000000000000852e-03 5.569785578614070559e-03 2.768639742803570836e-01
-7.600000000000000852e-03 5.617547381915314123e-03 3.910642701701014246e-01
-7.600000000000000852e-03 5.658276195202059655e-03 5.271469012260987519e-01
-7.600000000000000852e-03 5.691704511615915119e-03 6.878961269192614969e-01
-7.600000000000000852e-03 5.884086646570505647e-03 8.542174203530030763e-01
-7.600000000000000852e-03 5.907609760540230050e-03 1.028565088484342915e+00
-7.600000000000000852e-03 5.923118479003893627e-03 1.229152811077436791e+00
-7.600000000000000852e-03 6.113662438675335382e-03 1.454211092897042423e+00
-7.600000000000000852e-03 6.118102928430503747e-03 1.661830916863829666e+00
-7.600000000000000852e-03 6.113816816800045351e-03 1.904370189794699408e+00
-7.600000000000000852e-03 6.301442260094355756e-03 2.153584611876014687e+00
-7.600000000000000852e-03 6.284927186390300811e-03 2.401889509075693319e+00
-7.600000000000000852e-03 6.472061202204830443e-03 2.688699079609433884e+00
-7.600000000000000852e-03 6.442602928950567909e-03 2.945223819815608213e+00
-7.600000000000000852e-03 6.628885465963562165e-03 3.254817302183095951e+00
-7.600000000000000852e-03 6.585770618538777828e-03 3.522492710489280920e+00
-7.450980392156862815e-03 4.245835220511235894e-03 3.531433795597429981e+00
-7.450980392156862815e-03 4.274262189614260951e-03 3.026431346573848380e+00
-7.450980392156862815e-03 4.357918977704162977e-03 2.561910071590280502e+00
-7.450980392156862815e-03 4.433003861027306342e-03 2.144227549169376967e+00
-7.450980392156862815e-03 4.498988343813205976e-03 1.768838479233908023e+00
-7.450980392156862815e-03 4.555344505721037329e-03 1.435767615395985075e+00
-7.450980392156862815e-03 4.601545045718720764e-03 1.145843108154507961e+00
-7.450980392156862815e-03 4.725883537072740614e-03 8.872750039441901215e-01
-7.450980392156862815e-03 4.754188648577663268e-03 6.660724937678421664e-01
-7.450980392156862815e-03 4.867756392216154512e-03 4.834382238909225027e-01
-7.450980392156862815e-03 4.876408655224814120e-03 3.306934962803637079e-01
-7.450980392156862815e-03 4.977796480091653541e-03 2.075513774692729907e-01
-7.450980392156862815e-03 5.074744946165422009e-03 1.223012799971957276e-01
-7.450980392156862815e-03 5.052843553203256212e-03 6.714671252528975343e-02
-7.450980392156862815e-03 5.135589742614636750e-03 2.812617705825395248e-02
-7.450980392156862815e-03 5.213016835105191600e-03 1.801112193382877272e-02
-7.450980392156862815e-03 5.284861019978417430e-03 3.410630741301310526e-02
-7.450980392156862815e-03 5.350858679767774191e-03 7.490759811187859551e-02
-7.450980392156862815e-03 5.410746400393824131e-03 1.389609466694871620e-01
-7.450980392156862815e-03 5.464260982199799221e-03 2.263696940844134309e-01
-7.450980392156862815e-03 5.511139451969488713e-03 3.374711794543560073e-01
-7.450980392156862815e-03 5.703934500457979659e-03 4.527207939009803006e-01
-7.450980392156862815e-03 5.741974635705678585e-03 5.860645950451327524e-01
-7.450980392156862815e-03 5.772676932662003206e-03 7.412629076646461979e-01
-7.450980392156862815e-03 5.795779266338967409e-03 9.231508575831519625e-01
-7.450980392156862815e-03 5.985274576756302936e-03 1.110100177770267260e+00
-7.450980392156862815e-03 5.997957600114137144e-03 1.301300877028620295e+00
-7.450980392156862815e-03 6.002341076009790055e-03 1.524009652620989197e+00
-7.450980392156862815e-03 6.189415847031137265e-03 1.749788881933018514e+00
-7.450980392156862815e-03 6.182240109823202052e-03 1.979884647585064661e+00
-7.450980392156862815e-03 6.369098317142606568e-03 2.250069683872070403e+00
-7.450980392156862815e-03 6.349661941628020716e-03 2.485963896637500614e+00
-7.450980392156862815e-03 6.320792077484508817e-03 2.769385051298522971e+00
-7.450980392156862815e-03 6.503552554439316624e-03 3.029803265461066264e+00
-7.450980392156862815e-03 6.461285974254397414e-03 3.328799237772364972e+00
-7.307692307692307578e-03 4.259885080742499205e-03 3.213394740811929218e+00
-7.307692307692307578e-03 4.345410799355188015e-03 2.737149511042845429e+00
-7.307692307692307578e-03 4.422611286887361860e-03 2.307338222860428889e+00
-7.307692307692307578e-03 4.490967688433857019e-03 1.918730389392633295e+00
-7.307692307692307578e-03 4.549961687962110826e-03 1.570731746204383050e+00
-7.307692307692307578e-03 4.599075548591014841e-03 1.263353818637180215e+00
-7.307692307692307578e-03 4.637792157853375292e-03 9.993540042663567879e-01
-7.307692307692307578e-03 4.756680747164150971e-03 7.603707051790002946e-01
-7.307692307692307578e-03 4.777059900732082837e-03 5.647249985796489735e-01
-7.307692307692307578e-03 4.884774288963633117e-03 3.950573059625532846e-01
-7.307692307692307578e-03 4.988478341105642179e-03 2.686295092691448616e-01
-7.307692307692307578e-03 4.980250590844870727e-03 1.613668620517201002e-01
-7.307692307692307578e-03 5.070793376716728647e-03 8.369493984468213965e-02
-7.307692307692307578e-03 5.156461481449623428e-03 3.700121250723781979e-02
-7.307692307692307578e-03 5.236995698756723855e-03 1.802610063113888050e-02
-7.307692307692307578e-03 5.312136992974448614e-03 2.375490395572855268e-02
-7.307692307692307578e-03 5.381626507524471699e-03 5.204570330522311633e-02
-7.307692307692307578e-03 5.445205574069015252e-03 1.013949950577034131e-01
-7.307692307692307578e-03 5.502615722437120306e-03 1.712393053958465583e-01
-7.307692307692307578e-03 5.553598691410676844e-03 2.615401958458278275e-01
-7.307692307692307578e-03 5.597896440472004999e-03 3.729372283619329376e-01
-7.307692307692307578e-03 5.635251162630034415e-03 5.075241353380898213e-01
-7.307692307692307578e-03 5.825725149369785118e-03 6.614868579457883202e-01
-7.307692307692307578e-03 5.853716228106613587e-03 8.111074724144831105e-01
-7.307692307692307578e-03 5.874076296179924113e-03 9.842385276363405655e-01
-7.307692307692307578e-03 5.886548423150048982e-03 1.186893823242143764e+00
-7.307692307692307578e-03 6.072918408313236587e-03 1.385093332942910038e+00
-7.307692307692307578e-03 6.074476723256048462e-03 1.595292839447403521e+00
-7.307692307692307578e-03 6.067461327509790676e-03 1.844066756108680760e+00
-7.307692307692307578e-03 6.250850346133770587e-03 2.062165483958465551e+00
-7.307692307692307578e-03 6.231803538613097000e-03 2.321212053668015862e+00
-7.307692307692307578e-03 6.414634045861030906e-03 2.575597214625659603e+00
-7.307692307692307578e-03 6.382868119083108700e-03 2.842635262217598324e+00
-7.307692307692307578e-03 6.564793494228742324e-03 3.122299431154700766e+00
-7.307692307692307578e-03 6.519621547236891836e-03 3.402373967778435926e+00
-7.169811320754717818e-03 4.246022934794382864e-03 3.402029546843331698e+00
-7.169811320754717818e-03 4.333348606144951827e-03 2.914947029503430098e+00
-7.169811320754717818e-03 4.412586738407275021e-03 2.474017848260229080e+00
-7.169811320754717818e-03 4.483227777581661605e-03 2.073361493221794305e+00
-7.169811320754717818e-03 4.544762674954128980e-03 1.711807231209254265e+00
-7.169811320754717818e-03 4.596682924130671664e-03 1.388598669356554627e+00
-7.169811320754717818e-03 4.638480602567498015e-03 1.105618892909019380e+00
-7.169811320754717818e-03 4.759067571508865911e-03 8.654599401499083466e-01
-7.169811320754717818e-03 4.783032260199225442e-03 6.456612707049579347e-01
-7.169811320754717818e-03 4.892819463084420277e-03 4.741026718622797786e-01
-7.169811320754717818e-03 4.897258249914182050e-03 3.212503256964868714e-01
-7.169811320754717818e-03 4.994888255558813106e-03 2.042682290849391624e-01
-7.169811320754717818e-03 5.088072215701019453e-03 1.219247186868020472e-01
-7.169811320754717818e-03 5.062229573780014508e-03 6.671422589091713373e-02
-7.169811320754717818e-03 5.141308141389932564e-03 2.899710524611867971e-02
-7.169811320754717818e-03 5.215093178756319281e-03 1.873654808498034091e-02
-7.169811320754717818e-03 5.283330540803934765e-03 3.390708207511247685e-02
-7.169811320754717818e-03 5.345766263762345358e-03 7.289383902425518313e-02
-7.169811320754717818e-03 5.402146574727547702e-03 1.351995070449282799e-01
-7.169811320754717818e-03 5.452217902051784484e-03 2.207524681259488419e-01
-7.169811320754717818e-03 5.642951710179294061e-03 3.183628289487624996e-01
-7.169811320754717818e-03 5.684677982162388704e-03 4.286377848041125205e-01
-7.169811320754717818e-03 5.719418655604216299e-03 5.592550798883030305e-01
-7.169811320754717818e-03 5.746920910823177277e-03 7.141783460142595574e-01
-7.169811320754717818e-03 5.934818777856372754e-03 8.952120861633735549e-01
-7.169811320754717818e-03 5.952451704156223010e-03 1.059841174816930298e+00
-7.169811320754717818e-03 5.962171493570125359e-03 1.252161032078055847e+00
-7.169811320754717818e-03 5.963726235049066071e-03 1.477408584828241445e+00
-7.169811320754717818e-03 6.146745584837607496e-03 1.678095073621906463e+00
-7.169811320754717818e-03 6.136910558085763995e-03 1.911150604155950061e+00
-7.169811320754717818e-03 6.319637371519025958e-03 2.156105335787426913e+00
-7.169811320754717818e-03 6.297736750376901199e-03 2.397914341464954635e+00
-7.169811320754717818e-03 6.479830601610299563e-03 2.672359071055540714e+00
-7.169811320754717818e-03 6.445189289613207154e-03 2.924271000396890141e+00
-7.169811320754717818e-03 6.626309914539276272e-03 3.219163481327245613e+00
-7.169811320754717818e-03 6.578253599574628713e-03 3.482696006646619935e+00
-7.037037037037036959e-03 4.321708894401083204e-03 3.095049677962522505e+00
-7.037037037037036959e-03 4.333199484824423048e-03 2.642835624581699516e+00
-7.037037037037036959e-03 4.402588595110646340e-03 2.226991927804139237e+00
-7.037037037037036959e-03 4.463036559946445200e-03 1.855130237618273004e+00
-7.037037037037036959e-03 4.594363585510611095e-03 1.521057265827596705e+00
-7.037037037037036959e-03 4.639131385523569129e-03 1.220913855045303587e+00
-7.037037037037036959e-03 4.673543064164870954e-03 9.621901217150913288e-01
-7.037037037037036959e-03 4.788776674284599306e-03 7.390171704364901784e-01
-7.037037037037036959e-03 4.804928065439433363e-03 5.448687982909355965e-01
-7.037037037037036959e-03 4.908973453729755659e-03 3.850340607320940078e-01
-7.037037037037036959e-03 4.905203166710227561e-03 2.642952549759359782e-01
-7.037037037037036959e-03 4.996728060177832963e-03 1.568863522369145225e-01
-7.037037037037036959e-03 5.083637377627105158e-03 8.230077011874527282e-02
-7.037037037037036959e-03 5.165681093962226980e-03 3.711304094210548382e-02
-7.037037037037036959e-03 5.242609336962687425e-03 1.802714219224071934e-02
-7.037037037037036959e-03 5.314172394667671627e-03 2.240757105558816020e-02
-7.037037037037036959e-03 5.380120723350322737e-03 4.862885050093864597e-02
-7.037037037037036959e-03 5.440204956146354499e-03 9.556183810938966017e-02
-7.037037037037036959e-03 5.494175912410440184e-03 1.628019637480533077e-01
-7.037037037037036959e-03 5.541784607884245664e-03 2.505351181360526147e-01
-7.037037037037036959e-03 5.582782265772328299e-03 3.602207992582123208e-01
-7.037037037037036959e-03 5.616920328836466809e-03 4.928865497375068405e-01
-7.037037037037036959e-03 5.803619679218332932e-03 6.293693808053022476e-01
-7.037037037037036959e-03 5.828481680200283191e-03 7.768261107077223393e-01
-7.037037037037036959e-03 5.845820783288507676e-03 9.505522461204582996e-01
-7.037037037037036959e-03 6.030901318490344311e-03 1.148785088126942355e+00
-7.037037037037036959e-03 6.037883983433433611e-03 1.329316936207760591e+00
-7.037037037037036959e-03 6.036681848988242893e-03 1.543398223499387267e+00
-7.037037037037036959e-03 6.219140557873910000e-03 1.769228208966949101e+00
-7.037037037037036959e-03 6.206503506060874996e-03 1.990602322130396562e+00
-7.037037037037036959e-03 6.185021356601034907e-03 2.254983080843892651e+00
-7.037037037037036959e-03 6.363856135415327589e-03 2.482246598941252991e+00
-7.037037037037036959e-03 6.329862749578390145e-03 2.760854113812630573e+00
-7.037037037037036959e-03 6.507742505375087652e-03 3.010634000127942134e+00
-7.037037037037036959e-03 6.460575563131961720e-03 3.304822022538079995e+00
-6.909090909090908131e-03 4.310469784237106611e-03 3.277222653412647624e+00
-6.909090909090908131e-03 4.325087819360184764e-03 2.807326859420417264e+00
-6.909090909090908131e-03 4.396661373059858671e-03 2.379599595945361301e+00
-6.909090909090908131e-03 4.459533603329927584e-03 1.994398617707672683e+00
-6.909090909090908131e-03 4.513213698426070744e-03 1.650251584239015301e+00
-6.909090909090908131e-03 4.639747003028461651e-03 1.344646442277025677e+00
-6.909090909090908131e-03 4.677287900853418362e-03 1.067035773183644176e+00
-6.909090909090908131e-03 4.704247539115427590e-03 8.320748887805370364e-01
-6.909090909090908131e-03 4.814071463523696484e-03 6.252638027305955637e-01
-6.909090909090908131e-03 4.822358897502793985e-03 4.585979828889542587e-01
-6.909090909090908131e-03 4.920620066165785206e-03 3.108094815099098351e-01
-6.909090909090908131e-03 5.014674766094522236e-03 1.998026746960255284e-01
-6.909090909090908131e-03 5.104277143215790735e-03 1.208260004016093181e-01
-6.909090909090908131e-03 5.074606144915339012e-03 6.465239297095094761e-02
-6.909090909090908131e-03 5.150193026284925583e-03 2.879148214301766387e-02
-6.909090909090908131e-03 5.220510074174487987e-03 1.909644384455086094e-02
-6.909090909090908131e-03 5.285312126491734097e-03 3.383385565815769797e-02
-6.909090909090908131e-03 5.344354191722098212e-03 7.194693998644575983e-02
-6.909090909090908131e-03 5.397391457953577484e-03 1.330019358391197892e-01
-6.909090909090908131e-03 5.586207283957700387e-03 2.145086740474527187e-01
-6.909090909090908131e-03 5.631358117165350709e-03 3.027713684472122524e-01
-6.909090909090908131e-03 5.669850931786343112e-03 4.101275912483126063e-01
-6.909090909090908131e-03 5.701441585360522007e-03 5.397263542181943707e-01
-6.909090909090908131e-03 5.725886162841470686e-03 6.930471756885918655e-01
-6.909090909090908131e-03 5.910085250866335335e-03 8.557126156142301765e-01
-6.909090909090908131e-03 5.924764319264786382e-03 1.020013901929992306e+00
-6.909090909090908131e-03 5.931646354851965140e-03 1.213146430532305198e+00
-6.909090909090908131e-03 6.113681212968092096e-03 1.419373269914044666e+00
-6.909090909090908131e-03 6.109737306632993803e-03 1.618345745876675013e+00
-6.909090909090908131e-03 6.097346863065348371e-03 1.858934862429239665e+00
-6.909090909090908131e-03 6.276232640342103639e-03 2.077466832766162508e+00
-6.909090909090908131e-03 6.251957781934373848e-03 2.325991207529541693e+00
-6.909090909090908131e-03 6.430151932847907696e-03 2.575902556959848599e+00
-6.909090909090908131e-03 6.393341316089329492e-03 2.835779617240309136e+00
-6.909090909090908131e-03 6.570515596732574674e-03 3.104574738915969245e+00
-6.909090909090908131e-03 6.520518614308084757e-03 3.381819219664230936e+00
-6.785714285714285546e-03 4.235578803688794594e-03 3.456829523402639381e+00
-6.785714285714285546e-03 4.317247425544104913e-03 2.974886470797005078e+00
-6.785714285714285546e-03 4.390929240532023131e-03 2.536390213721143816e+00
-6.785714285714285546e-03 4.456141291367831173e-03 2.139144122013103555e+00
-6.785714285714285546e-03 4.512401081425305820e-03 1.780998484197614751e+00
-6.785714285714285546e-03 4.559226608645883250e-03 1.462239879961229505e+00
-6.785714285714285546e-03 4.680891170739260795e-03 1.181674743529170568e+00
-6.785714285714285546e-03 4.711134664934922729e-03 9.255899844819147626e-01
-6.785714285714285546e-03 4.730579738120592806e-03 7.166332208865153763e-01
-6.785714285714285546e-03 4.834940635790887196e-03 5.244567903975311252e-01
-6.785714285714285546e-03 4.935490345941749915e-03 3.751514902431749565e-01
-6.785714285714285546e-03 4.927752980264680713e-03 2.525247758262637032e-01
-6.785714285714285546e-03 5.015815375207997341e-03 1.508467427923024795e-01
-6.785714285714285546e-03 5.099261889830839986e-03 8.018084329927464837e-02
-6.785714285714285546e-03 5.177851193677049900e-03 3.698072156728899468e-02
-6.785714285714285546e-03 5.251342100234937527e-03 1.814507795772937748e-02
-6.785714285714285546e-03 5.319493573912984635e-03 2.196414865444771755e-02
-6.785714285714285546e-03 5.382064737573700672e-03 4.678051986898454362e-02
-6.785714285714285546e-03 5.438814880686610592e-03 9.186521103315967163e-02
-6.785714285714285546e-03 5.489503468169985162e-03 1.569996125490135674e-01
-6.785714285714285546e-03 5.533890150000735433e-03 2.430584761192292609e-01
-6.785714285714285546e-03 5.571734771683605099e-03 3.507143967707643251e-01
-6.785714285714285546e-03 5.756932211111924144e-03 4.803298589974628330e-01
-6.785714285714285546e-03 5.785983076687525005e-03 6.038344832174856736e-01
-6.785714285714285546e-03 5.807851027249520508e-03 7.507642719542674259e-01
-6.785714285714285546e-03 5.822296639967602591e-03 9.244936946310134962e-01
-6.785714285714285546e-03 6.003759971848832318e-03 1.103024434889391836e+00
-6.785714285714285546e-03 6.007967990538310571e-03 1.285495781733137388e+00
-6.785714285714285546e-03 6.004114660634667262e-03 1.500317622073084944e+00
-6.785714285714285546e-03 6.182887469695766414e-03 1.706739514012021619e+00
-6.785714285714285546e-03 6.167755398631177138e-03 1.931035877830023839e+00
-6.785714285714285546e-03 6.346090946546087581e-03 2.173144944478090146e+00
-6.785714285714285546e-03 6.319039448946824414e-03 2.406890660267178905e+00
-6.785714285714285546e-03 6.496615051849625143e-03 2.675444284261374595e+00
-6.785714285714285546e-03 6.457004109477375645e-03 2.918749080903341842e+00
-6.785714285714285546e-03 6.633497229727828258e-03 3.205670499444613242e+00
-6.785714285714285546e-03 6.580687541678074785e-03 3.462333049932489804e+00
-6.666666666666667095e-03 4.309664849786580890e-03 3.145256591506514710e+00
-6.666666666666667095e-03 4.385382646946045515e-03 2.697049944535080179e+00
-6.666666666666667095e-03 4.452854394363941690e-03 2.288984464515642081e+00
-6.666666666666667095e-03 4.511605638673132739e-03 1.918271007156283625e+00
-6.666666666666667095e-03 4.561162391021128353e-03 1.584469510342557230e+00
-6.666666666666667095e-03 4.601051162085425909e-03 1.290038426827954110e+00
-6.666666666666667095e-03 4.717775850791152380e-03 1.030393979846157215e+00
-6.666666666666667095e-03 4.740655122686666251e-03 7.977886034049205266e-01
-6.666666666666667095e-03 4.847082174261078610e-03 6.055070974182892307e-01
-6.666666666666667095e-03 4.851373696054649652e-03 4.383561739534392321e-01
-6.666666666666667095e-03 4.946237794581119680e-03 2.995519424794985675e-01
-6.666666666666667095e-03 5.036881111510915082e-03 1.946130681043766464e-01
-6.666666666666667095e-03 5.123066202232154538e-03 1.199011488311357565e-01
-6.666666666666667095e-03 5.089668316502767020e-03 6.130945654481314427e-02
-6.666666666666667095e-03 5.161921550282857346e-03 2.758733442081738249e-02
-6.666666666666667095e-03 5.228926975207571007e-03 1.895862826789782019e-02
-6.666666666666667095e-03 5.290447799350397710e-03 3.384372085418282244e-02
-6.666666666666667095e-03 5.346247391674681555e-03 7.148760468482676100e-02
-6.666666666666667095e-03 5.396089290572747034e-03 1.316401517257553833e-01
-6.666666666666667095e-03 5.581614700388732621e-03 2.056558919578889699e-01
-6.666666666666667095e-03 5.623602741745895722e-03 2.910660664822316557e-01
-6.666666666666667095e-03 5.659002146799982542e-03 3.969357797659031073e-01
-6.666666666666667095e-03 5.687577085248001450e-03 5.244216103331722501e-01
-6.666666666666667095e-03 5.709091941446885199e-03 6.777646492559967761e-01
-6.666666666666667095e-03 5.889843598264711717e-03 8.244273060486086990e-01
-6.666666666666667095e-03 5.901689587740749192e-03 9.881833120575094220e-01
-6.666666666666667095e-03 5.905846685116736099e-03 1.183434772713200189e+00
-6.666666666666667095e-03 6.084350901174388239e-03 1.368457845641916082e+00
-6.666666666666667095e-03 6.077814806233520009e-03 1.572557344405451030e+00
-6.666666666666667095e-03 6.256127546212800900e-03 1.803973110491669418e+00
-6.666666666666667095e-03 6.238267922784396236e-03 2.012536225641498699e+00
-6.666666666666667095e-03 6.211699822410668426e-03 2.269035325690799798e+00
-6.666666666666667095e-03 6.386259001844124712e-03 2.494129139490609770e+00
-6.666666666666667095e-03 6.347346025121365296e-03 2.763897902983258881e+00
-6.666666666666667095e-03 6.520841795960149664e-03 3.009308344022195936e+00
-6.666666666666667095e-03 6.468955431834121604e-03 3.295996453017936645e+00
