-1.666666666666666644e-02 1.735209435725013722e-03 3.418531652718002967e+00
-1.666666666666666644e-02 1.781931306959286818e-03 2.947406573480169545e+00
-1.666666666666666644e-02 1.849132269210856591e-03 2.541180696001668959e+00
-1.666666666666666644e-02 1.885378375660094882e-03 2.190015842522954337e+00
-1.666666666666666644e-02 1.944652829071964349e-03 1.895461719877518991e+00
-1.666666666666666644e-02 2.000311141397590961e-03 1.648914794506482817e+00
-1.666666666666666644e-02 2.018607383824539813e-03 1.441176735066345138e+00
-1.666666666666666644e-02 2.099511430753266909e-03 1.268929459740507859e+00
-1.666666666666666644e-02 2.142421071128277135e-03 1.128728459364026548e+00
-1.666666666666666644e-02 2.180449988207116500e-03 1.022985203946368937e+00
-1.666666666666666644e-02 2.254653600228197999e-03 9.439195700392088995e-01
-1.666666666666666644e-02 2.284088399681529716e-03 8.881601217576007290e-01
-1.666666666666666644e-02 2.353405604783794913e-03 8.511172136414995038e-01
-1.666666666666666644e-02 2.421076542827723180e-03 8.378604633743640395e-01
-1.666666666666666644e-02 2.486942459677369752e-03 8.436285016264846170e-01
-1.666666666666666644e-02 2.498356545914111847e-03 8.608761728843599137e-01
-1.666666666666666644e-02 2.557755074164729577e-03 8.898967009582605669e-01
-1.666666666666666644e-02 2.614821801077615079e-03 9.324259689199971834e-01
-1.666666666666666644e-02 2.729187013565805703e-03 9.856236858681360902e-01
-1.666666666666666644e-02 2.783652797672642957e-03 1.042457020695190417e+00
-1.666666666666666644e-02 2.835364915546261140e-03 1.107244533088293847e+00
-1.666666666666666644e-02 2.884165983541069934e-03 1.182429464767731586e+00
-1.666666666666666644e-02 2.929898850691404696e-03 1.269189637353089095e+00
-1.666666666666666644e-02 3.045415070123570680e-03 1.358323005027858299e+00
-1.666666666666666644e-02 3.087333386310170749e-03 1.443236159263792118e+00
-1.666666666666666644e-02 3.125764018747593815e-03 1.544020146019443818e+00
-1.666666666666666644e-02 3.242121760392133525e-03 1.640764112818160925e+00
-1.666666666666666644e-02 3.276053722612179853e-03 1.739701307107174300e+00
-1.666666666666666644e-02 3.393629601227232066e-03 1.850119388468283610e+00
-1.666666666666666644e-02 3.422641993109116782e-03 1.947139254550517506e+00
-1.666666666666666644e-02 3.541223345013313518e-03 2.062594765033927580e+00
-1.666666666666666644e-02 3.564895944124361806e-03 2.161802751559901203e+00
-1.666666666666666644e-02 3.684270276589713278e-03 2.275263811648893686e+00
-1.666666666666666644e-02 3.702183575909538324e-03 2.381200118087086537e+00
-1.666666666666666644e-02 3.822138573724642545e-03 2.487705563827137034e+00
-1.666666666666666644e-02 3.833873822885502155e-03 2.608333442796821444e+00
-1.666666666666666644e-02 3.954197355389167320e-03 2.703314539785298898e+00
-1.666666666666666644e-02 4.076379963931515103e-03 2.816758568781019711e+00
-1.666666666666666644e-02 4.079816734518021057e-03 2.927572474927985446e+00
-1.666666666666666644e-02 4.202102560334283407e-03 3.024898504806381005e+00
-1.666666666666666644e-02 4.326194083332410636e-03 3.136843962547893661e+00
-1.666666666666666644e-02 4.320545206461899948e-03 3.247932148374784944e+00
-1.666666666666666644e-02 4.444474881269708591e-03 3.339900245694089609e+00
-1.666666666666666644e-02 4.570156900261758935e-03 3.443921990889750262e+00
-1.666666666666666644e-02 4.697591263438051848e-03 3.558874439713827886e+00
-1.666666666666666644e-02 4.679892111042562031e-03 3.650593779236531944e+00
-1.666666666666666644e-02 4.806846497189811926e-03 3.742733471128266487e+00
-1.610169491525423671e-02 1.725400068802840359e-03 3.684915263752597259e+00
-1.610169491525423671e-02 1.773775151431950534e-03 3.186176220484385091e+00
-1.610169491525423671e-02 1.816589087794196790e-03 2.753483650034219021e+00
-1.610169491525423671e-02 1.853382366450381964e-03 2.383521557807411817e+00
-1.610169491525423671e-02 1.912526004685230832e-03 2.059947620655313560e+00
-1.610169491525423671e-02 1.968219872213316981e-03 1.788987045157859779e+00
-1.610169491525423671e-02 2.020156549230295740e-03 1.561137206521618914e+00
-1.610169491525423671e-02 2.068029191927748308e-03 1.370285100558600755e+00
-1.610169491525423671e-02 2.111531571123361536e-03 1.213691807238347131e+00
-1.610169491525423671e-02 2.150358115268506329e-03 1.091995989786199717e+00
-1.610169491525423671e-02 2.224270636789170853e-03 9.956989738739248086e-01
-1.610169491525423671e-02 2.254876065464846927e-03 9.247161365201310712e-01
-1.610169491525423671e-02 2.324159722216596544e-03 8.743891889048325261e-01
-1.610169491525423671e-02 2.391900888298084150e-03 8.498056112125520478e-01
-1.610169491525423671e-02 2.409363396932832392e-03 8.405211784318633583e-01
-1.610169491525423671e-02 2.471300287601296570e-03 8.426346244888376358e-01
-1.610169491525423671e-02 2.531183309609477596e-03 8.608759328840878133e-01
-1.610169491525423671e-02 2.588859172706583622e-03 8.925123507228993613e-01
-1.610169491525423671e-02 2.644174768769385828e-03 9.364470575800984964e-01
-1.610169491525423671e-02 2.696977179765498635e-03 9.920882689420285061e-01
-1.610169491525423671e-02 2.809993175432688121e-03 1.056667639132478520e+00
-1.610169491525423671e-02 2.859868404763178489e-03 1.119574504606820176e+00
-1.610169491525423671e-02 2.906822361002270056e-03 1.191769983771741703e+00
-1.610169491525423671e-02 2.950702828868972949e-03 1.275619732048349109e+00
-1.610169491525423671e-02 3.064790438019583674e-03 1.368406065857883380e+00
-1.610169491525423671e-02 3.104823975247968364e-03 1.449598796078319429e+00
-1.610169491525423671e-02 3.141377706025476682e-03 1.547662893571092546e+00
-1.610169491525423671e-02 3.256180067689594827e-03 1.644874582898461224e+00
-1.610169491525423671e-02 3.288224231076746894e-03 1.741114192594823695e+00
-1.610169491525423671e-02 3.404156683842506689e-03 1.849724296302835747e+00
-1.610169491525423671e-02 3.431283583763640108e-03 1.945436608954121738e+00
-1.610169491525423671e-02 3.548140162768505679e-03 2.058064444085084599e+00
-1.610169491525423671e-02 3.569942742562273817e-03 2.156650669564558864e+00
-1.610169491525423671e-02 3.687517643444945294e-03 2.266181647774905272e+00
-1.610169491525423671e-02 3.703589521557697824e-03 2.373342468634490832e+00
-1.610169491525423671e-02 3.821677106631378960e-03 2.475794873712437116e+00
-1.610169491525423671e-02 3.831612615641942238e-03 2.598111992044842555e+00
-1.610169491525423671e-02 3.950007420510457355e-03 2.689052265421544963e+00
-1.610169491525423671e-02 4.070203667887539213e-03 2.798080636264888010e+00
-1.610169491525423671e-02 4.071898390577173912e-03 2.912667009130281315e+00
-1.610169491525423671e-02 4.192144878026102424e-03 3.005549397602198525e+00
-1.610169491525423671e-02 4.314141112260866037e-03 3.112754834614304578e+00
-1.610169491525423671e-02 4.306832470085765474e-03 3.228951359023093381e+00
-1.610169491525423671e-02 4.428622201102595628e-03 3.316739560436233969e+00
-1.610169491525423671e-02 4.552110007377601839e-03 3.416424018701930798e+00
-1.610169491525423671e-02 4.677295888910780637e-03 3.526637092667344486e+00
-1.610169491525423671e-02 4.658061675235195681e-03 3.625819001459049673e+00
-1.610169491525423671e-02 4.782732910461659666e-03 3.713716747581408129e+00
-1.557377049180327759e-02 1.742905264140707459e-03 3.436418881889673038e+00
-1.557377049180327759e-02 1.810709473949401399e-03 2.977676844500216191e+00
-1.557377049180327759e-02 1.849605164021375951e-03 2.576979503588146869e+00
-1.557377049180327759e-02 1.882317899664734092e-03 2.235781638415472727e+00
-1.557377049180327759e-02 1.938042475060934664e-03 1.939818406798369699e+00
-1.557377049180327759e-02 1.990175228541689757e-03 1.690598681514669410e+00
-1.557377049180327759e-02 2.038418413702240174e-03 1.481090616438651697e+00
-1.557377049180327759e-02 2.082474846438160405e-03 1.307538182724042652e+00
-1.557377049180327759e-02 2.122047943565173213e-03 1.169487795991859924e+00
-1.557377049180327759e-02 2.195684542556446215e-03 1.056162155620464560e+00
-1.557377049180327759e-02 2.227386986200233059e-03 9.699011920100369943e-01
-1.557377049180327759e-02 2.296636639318333419e-03 9.066073487251560259e-01
-1.557377049180327759e-02 2.364441277584093410e-03 8.710624601625982510e-01
-1.557377049180327759e-02 2.383549742967787117e-03 8.435278944911335230e-01
-1.557377049180327759e-02 2.445826770669472152e-03 8.352174377212786549e-01
-1.557377049180327759e-02 2.506162534870690420e-03 8.435538008546019650e-01
-1.557377049180327759e-02 2.564408271691299025e-03 8.653479614460267699e-01
-1.557377049180327759e-02 2.620415382901110195e-03 8.990573575778924020e-01
-1.557377049180327759e-02 2.674035442992108227e-03 9.436141948273010227e-01
-1.557377049180327759e-02 2.725120206759193246e-03 9.983886652128872718e-01
-1.557377049180327759e-02 2.773521617439807761e-03 1.065090045261664953e+00
-1.557377049180327759e-02 2.885071205947633416e-03 1.133764186900699800e+00
-1.557377049180327759e-02 2.930239280057586344e-03 1.202635332277886659e+00
-1.557377049180327759e-02 2.972328850795053976e-03 1.283935218140696444e+00
-1.557377049180327759e-02 3.085073207681875412e-03 1.379904099894896152e+00
-1.557377049180327759e-02 3.123285334631162573e-03 1.457483264901446196e+00
-1.557377049180327759e-02 3.158025007075987000e-03 1.553010233458559819e+00
-1.557377049180327759e-02 3.271364895958884470e-03 1.650519016780255033e+00
-1.557377049180327759e-02 3.301584667067339503e-03 1.743799786176467359e+00
-1.557377049180327759e-02 3.415971849260289114e-03 1.851733795126202953e+00
-1.557377049180327759e-02 3.441276426695959872e-03 1.945404787720547590e+00
-1.557377049180327759e-02 3.556511228133196409e-03 2.055904012327956387e+00
-1.557377049180327759e-02 3.576505924134837887e-03 2.152960339273918944e+00
-1.557377049180327759e-02 3.692388821759627366e-03 2.260318541694973593e+00
-1.557377049180327759e-02 3.706679586982308729e-03 2.367418869356582523e+00
-1.557377049180327759e-02 3.823011214565520156e-03 2.466346307936008841e+00
-1.557377049180327759e-02 3.941140240686496869e-03 2.585484354901497639e+00
-1.557377049180327759e-02 3.947785829460889392e-03 2.677518588196973415e+00
-1.557377049180327759e-02 4.066114245101939625e-03 2.782811952854787219e+00
-1.557377049180327759e-02 4.066120975110680026e-03 2.900315410362612312e+00
-1.557377049180327759e-02 4.184449768923756072e-03 2.989184279785388920e+00
-1.557377049180327759e-02 4.304475708783552998e-03 3.092011542409368818e+00
-1.557377049180327759e-02 4.426198794690069938e-03 3.208058097984148205e+00
-1.557377049180327759e-02 4.415333627752905665e-03 3.297151989401560179e+00
-1.557377049180327759e-02 4.536758073022795386e-03 3.392622461379171561e+00
-1.557377049180327759e-02 4.659829571808026157e-03 3.498593968675386634e+00
-1.557377049180327759e-02 4.639101494244368164e-03 3.604453890902437063e+00
-1.507936507936508130e-02 1.736313116290008401e-03 3.684765766110586149e+00
-1.507936507936508130e-02 1.781158818104970403e-03 3.201110583285164068e+00
-1.507936507936508130e-02 1.820485945781040015e-03 2.780189385426274917e+00
-1.507936507936508130e-02 1.880980746369892518e-03 2.415603527307665921e+00
-1.507936507936508130e-02 1.909613390940174873e-03 2.100158176376919705e+00
-1.507936507936508130e-02 1.961928265827702668e-03 1.829072367474238181e+00
-1.507936507936508130e-02 2.010517749599547658e-03 1.600410076894376754e+00
-1.507936507936508130e-02 2.055093192418203357e-03 1.409468543745262092e+00
-1.507936507936508130e-02 2.095366494925228387e-03 1.254776457070749363e+00
-1.507936507936508130e-02 2.168741219450303487e-03 1.124667641420659558e+00
-1.507936507936508130e-02 2.201473762005582129e-03 1.023144503158440743e+00
-1.507936507936508130e-02 2.270689208390125682e-03 9.472196016389080597e-01
-1.507936507936508130e-02 2.294921143982603298e-03 8.957304161984962487e-01
-1.507936507936508130e-02 2.359206768531826696e-03 8.560702285095297404e-01
-1.507936507936508130e-02 2.421801770614254602e-03 8.380297390365969434e-01
-1.507936507936508130e-02 2.482561512648309536e-03 8.372853453170421290e-01
-1.507936507936508130e-02 2.541341502234143075e-03 8.502189105690517446e-01
-1.507936507936508130e-02 2.597997398050173011e-03 8.748672810216401308e-01
-1.507936507936508130e-02 2.652385016154380944e-03 9.097117796887598251e-01
-1.507936507936508130e-02 2.704360336728609242e-03 9.537106529162161506e-01
-1.507936507936508130e-02 2.753779511308745813e-03 1.008072860898526102e+00
-1.507936507936508130e-02 2.800498870548896214e-03 1.072764758180705158e+00
-1.507936507936508130e-02 2.844374932573754105e-03 1.149470068185817651e+00
-1.507936507936508130e-02 2.954351421026051722e-03 1.215825610212416752e+00
-1.507936507936508130e-02 2.994706299774870482e-03 1.293276561478407860e+00
-1.507936507936508130e-02 3.031834906270939982e-03 1.386175600037964362e+00
-1.507936507936508130e-02 3.142634001441189234e-03 1.467411278193542445e+00
-1.507936507936508130e-02 3.175617057017176940e-03 1.559281110849586982e+00
-1.507936507936508130e-02 3.287579334706563355e-03 1.657684759673243358e+00
-1.507936507936508130e-02 3.316032677558221776e-03 1.748266023418264314e+00
-1.507936507936508130e-02 3.428964245325280547e-03 1.855681161759220377e+00
-1.507936507936508130e-02 3.452504256940702992e-03 1.946937847040977498e+00
-1.507936507936508130e-02 3.566211359569316716e-03 2.055387238182537768e+00
-1.507936507936508130e-02 3.584454994201173583e-03 2.151662490836782293e+00
-1.507936507936508130e-02 3.698744018837058986e-03 2.256529996442305119e+00
-1.507936507936508130e-02 3.711308835649223831e-03 2.363065056226825611e+00
-1.507936507936508130e-02 3.825986317294865265e-03 2.459267032559588895e+00
-1.507936507936508130e-02 3.942408680318040294e-03 2.575165704655002497e+00
-1.507936507936508130e-02 3.947363142921760104e-03 2.668495998539822445e+00
-1.507936507936508130e-02 4.063932002724379884e-03 2.770268711000936968e+00
-1.507936507936508130e-02 4.182197094925095907e-03 2.887729484094139210e+00
-1.507936507936508130e-02 4.178822448510791446e-03 2.975243731057310548e+00
-1.507936507936508130e-02 4.296992278776115386e-03 3.074648317917389129e+00
-1.507936507936508130e-02 4.416809713181468582e-03 3.186963026362370499e+00
-1.507936507936508130e-02 4.404388426377538711e-03 3.280362002046700365e+00
-1.507936507936508130e-02 4.523869050237529221e-03 3.372095988203002825e+00
-1.507936507936508130e-02 4.644948671294157720e-03 3.474270606728294908e+00
-1.461538461538461516e-02 1.753280483551139524e-03 3.435703316426806264e+00
-1.461538461538461516e-02 1.817799401409999575e-03 2.990047449309861882e+00
-1.461538461538461516e-02 1.853345411697536471e-03 2.599661634473249272e+00
-1.461538461538461516e-02 1.910716908292347171e-03 2.267158467342894390e+00
-1.461538461538461516e-02 1.935269969715745948e-03 1.975591808855426734e+00
-1.461538461538461516e-02 1.984183786891157309e-03 1.727407920799772789e+00
-1.461538461538461516e-02 2.029246396531028240e-03 1.518764855957068338e+00
-1.461538461538461516e-02 2.070177719236271970e-03 1.347242339644664444e+00
-1.461538461538461516e-02 2.143303599484027572e-03 1.200630622616189136e+00
-1.461538461538461516e-02 2.177005236698839434e-03 1.083921032776747229e+00
-1.461538461538461516e-02 2.246186472096846267e-03 9.957151414769234155e-01
-1.461538461538461516e-02 2.271725248094112141e-03 9.275392829000870254e-01
-1.461538461538461516e-02 2.336212837404736970e-03 8.776236600695317414e-01
-1.461538461538461516e-02 2.399105716813538982e-03 8.505157024513907427e-01
-1.461538461538461516e-02 2.460263298230980569e-03 8.414682786449729779e-01
-1.461538461538461516e-02 2.519545126437240223e-03 8.464596475758325855e-01
-1.461538461538461516e-02 2.523894232282430320e-03 8.620312931191637107e-01
-1.461538461538461516e-02 2.631920398703332768e-03 8.895319709137147202e-01
-1.461538461538461516e-02 2.684733645972400481e-03 9.242400284390150933e-01
-1.461538461538461516e-02 2.735110758910728329e-03 9.679816213521725832e-01
-1.461538461538461516e-02 2.782912033411020277e-03 1.020335686435603906e+00
-1.461538461538461516e-02 2.827997935933672640e-03 1.082549376974927258e+00
-1.461538461538461516e-02 2.870229111488904229e-03 1.157188807225800087e+00
-1.461538461538461516e-02 2.979100690488681140e-03 1.230517238806320135e+00
-1.461538461538461516e-02 3.017772373357918095e-03 1.304172558825229533e+00
-1.461538461538461516e-02 3.053217360862663533e-03 1.394109508908537132e+00
-1.461538461538461516e-02 3.162795757373182328e-03 1.478618551212472765e+00
-1.461538461538461516e-02 3.194074834016810780e-03 1.566557972706630331e+00
-1.461538461538461516e-02 3.304737214909538815e-03 1.666813454344076462e+00
-1.461538461538461516e-02 3.331477252897386849e-03 1.754018246966144945e+00
-1.461538461538461516e-02 3.443035312212864175e-03 1.861396453926916994e+00
-1.461538461538461516e-02 3.464863699341411054e-03 1.949405702695486964e+00
-1.461538461538461516e-02 3.577129260722176560e-03 2.057499394124802983e+00
-1.461538461538461516e-02 3.593673928423029781e-03 2.151737333543933595e+00
-1.461538461538461516e-02 3.706458949973045255e-03 2.254571609010268762e+00
-1.461538461538461516e-02 3.717348403904944306e-03 2.360318941895883871e+00
-1.461538461538461516e-02 3.830464983388437526e-03 2.454287721676705392e+00
-1.461538461538461516e-02 3.945276898784256386e-03 2.567600188806509198e+00
-1.461538461538461516e-02 3.948588717309908791e-03 2.661413934257320868e+00
-1.461538461538461516e-02 4.063497187334089329e-03 2.760145128566863448e+00
-1.461538461538461516e-02 4.180053746968179565e-03 2.874009088381918708e+00
-1.461538461538461516e-02 4.175089742050913655e-03 2.963908857602384650e+00
-1.461538461538461516e-02 4.291508043236954249e-03 3.060259815255694349e+00
-1.461538461538461516e-02 4.409527207235330350e-03 3.168985707061046320e+00
-1.461538461538461516e-02 4.395590350240485486e-03 3.266051061414105838e+00
-1.461538461538461516e-02 4.513236641063016370e-03 3.354486918682039409e+00
-1.417910447761194098e-02 1.749567136883205124e-03 3.668907777891120325e+00
-1.417910447761194098e-02 1.791137764844130892e-03 3.200693270549749947e+00
-1.417910447761194098e-02 1.827227298556003982e-03 2.792255118555132309e+00
-1.417910447761194098e-02 1.884574118685147619e-03 2.434860311146643586e+00
-1.417910447761194098e-02 1.910070447877902557e-03 2.129297044867823452e+00
-1.417910447761194098e-02 1.959288636601886225e-03 1.861336497749081165e+00
-1.417910447761194098e-02 2.004809393181936853e-03 1.634780384260241082e+00
-1.417910447761194098e-02 2.046360230794689889e-03 1.446322968154695188e+00
-1.417910447761194098e-02 2.119249370721709106e-03 1.283516789520774859e+00
-1.417910447761194098e-02 2.153864335618442018e-03 1.151746890402529644e+00
-1.417910447761194098e-02 2.223011512186939993e-03 1.051620558724004173e+00
-1.417910447761194098e-02 2.249782683569921671e-03 9.673155346318581538e-01
-1.417910447761194098e-02 2.314459284280136805e-03 9.076979353663221506e-01
-1.417910447761194098e-02 2.377631762420721016e-03 8.721553856791759429e-01
-1.417910447761194098e-02 2.391960848765925431e-03 8.484324194401327013e-01
-1.417910447761194098e-02 2.449617876965168306e-03 8.379924970194129186e-01
-1.417910447761194098e-02 2.505316190562944818e-03 8.430857987965205691e-01
-1.417910447761194098e-02 2.558919499500642881e-03 8.615622652526752079e-01
-1.417910447761194098e-02 2.610291654982847299e-03 8.917656393710262641e-01
-1.417910447761194098e-02 2.659296655555505942e-03 9.342643545492627100e-01
-1.417910447761194098e-02 2.766252175852218064e-03 9.856220368896013717e-01
-1.417910447761194098e-02 2.812479343619174021e-03 1.035430110812771920e+00
-1.417910447761194098e-02 2.855976416141802095e-03 1.095290027511449882e+00
-1.417910447761194098e-02 2.896607935409119781e-03 1.166416552707379317e+00
-1.417910447761194098e-02 3.004435255633025343e-03 1.247215359984221950e+00
-1.417910447761194098e-02 3.041471038791001245e-03 1.317272348262659376e+00
-1.417910447761194098e-02 3.075279694095636642e-03 1.403065019442309769e+00
-1.417910447761194098e-02 3.183704391690087357e-03 1.491189669426453701e+00
-1.417910447761194098e-02 3.213327842054819299e-03 1.575499048729287477e+00
-1.417910447761194098e-02 3.322761670439165586e-03 1.677583122748152800e+00
-1.417910447761194098e-02 3.347837207800001807e-03 1.761033785196914003e+00
-1.417910447761194098e-02 3.458097135273205218e-03 1.868291004278546108e+00
-1.417910447761194098e-02 3.478262541724085489e-03 1.953946860558065879e+00
-1.417910447761194098e-02 3.589165659203392457e-03 2.061161022091024364e+00
-1.417910447761194098e-02 3.604059233726424668e-03 2.152994651926484870e+00
-1.417910447761194098e-02 3.715422759352598071e-03 2.254468965417772530e+00
-1.417910447761194098e-02 3.724683346980017535e-03 2.359034371466419255e+00
-1.417910447761194098e-02 3.836324631044542473e-03 2.451374396341281958e+00
-1.417910447761194098e-02 3.949614432839307528e-03 2.562135954208801358e+00
-1.417910447761194098e-02 3.951328184983428360e-03 2.656027781270655197e+00
-1.417910447761194098e-02 4.064667310863082778e-03 2.751911690785226128e+00
-1.417910447761194098e-02 4.179609032395394455e-03 2.863156621253768463e+00
-1.417910447761194098e-02 4.173097187101115595e-03 2.954887970461281377e+00
-1.417910447761194098e-02 4.287859978256031504e-03 3.048239481224155778e+00
-1.417910447761194098e-02 4.404179461378386271e-03 3.153800964279676489e+00
-1.417910447761194098e-02 4.388764357333510731e-03 3.253964888533886768e+00
-1.376811594202898524e-02 1.765903499311415438e-03 3.419769607620515295e+00
-1.376811594202898524e-02 1.827402902850089935e-03 2.990017219134451842e+00
-1.376811594202898524e-02 1.859826972114646780e-03 2.609910888298513587e+00
-1.376811594202898524e-02 1.914172226845575102e-03 2.283612722850025811e+00
-1.376811594202898524e-02 1.935717899496594823e-03 2.001525368104526414e+00
-1.376811594202898524e-02 1.981670283446213161e-03 1.756931322531219752e+00
-1.376811594202898524e-02 2.056688321223639794e-03 1.550802481033847435e+00
-1.376811594202898524e-02 2.096469055474167471e-03 1.372836958910711669e+00
-1.376811594202898524e-02 2.131946237152784838e-03 1.226175288998682333e+00
-1.376811594202898524e-02 2.201059629571202030e-03 1.114496397192692889e+00
-1.376811594202898524e-02 2.228994906447182272e-03 1.014618056112928546e+00
-1.376811594202898524e-02 2.293848743234179303e-03 9.458342958774101916e-01
-1.376811594202898524e-02 2.313360706360134428e-03 8.957906522609803135e-01
-1.376811594202898524e-02 2.373247450669626821e-03 8.584035812571838564e-01
-1.376811594202898524e-02 2.431405999225181528e-03 8.395334755444829877e-01
-1.376811594202898524e-02 2.487703531312408962e-03 8.362516571747673488e-01
-1.376811594202898524e-02 2.542007350600362751e-03 8.460168860900192378e-01
-1.376811594202898524e-02 2.594184890232505581e-03 8.668273029798859719e-01
-1.376811594202898524e-02 2.644103718268485566e-03 8.987988783084748245e-01
-1.376811594202898524e-02 2.691631543509952641e-03 9.408704547075457114e-01
-1.376811594202898524e-02 2.736636221747669896e-03 9.937025325642209195e-01
-1.376811594202898524e-02 2.842447040986904091e-03 1.054110089384240556e+00
-1.376811594202898524e-02 2.884396360798925901e-03 1.110159709810582207e+00
-1.376811594202898524e-02 2.923469858361926830e-03 1.177727853128356594e+00
-1.376811594202898524e-02 2.959535932063000682e-03 1.260323515845142683e+00
-1.376811594202898524e-02 3.065752150406229719e-03 1.331857007175559104e+00
-1.376811594202898524e-02 3.097968006347436021e-03 1.413177466499632162e+00
-1.376811594202898524e-02 3.205300656121571039e-03 1.505690098083149575e+00
-1.376811594202898524e-02 3.233312998170511862e-03 1.585715928551171272e+00
-1.376811594202898524e-02 3.341583923004744650e-03 1.689882140428223600e+00
-1.376811594202898524e-02 3.365039898329844330e-03 1.768783338060015753e+00
-1.376811594202898524e-02 3.474071053964185567e-03 1.877538197351483529e+00
-1.376811594202898524e-02 3.492618276480922209e-03 1.959572753854122551e+00
-1.376811594202898524e-02 3.602231734859361739e-03 2.066292600403466739e+00
-1.376811594202898524e-02 3.615518310749040939e-03 2.155558583846196807e+00
-1.376811594202898524e-02 3.725536264391011466e-03 2.256057354794682723e+00
-1.376811594202898524e-02 3.733210819943953707e-03 2.359269873381914184e+00
-1.376811594202898524e-02 3.843455586621680447e-03 2.449961368107188786e+00
-1.376811594202898524e-02 3.955304561707004458e-03 2.558701480568219111e+00
-1.376811594202898524e-02 3.955461326448452865e-03 2.651916817513952473e+00
-1.376811594202898524e-02 4.067314892692705172e-03 2.745927694838836253e+00
-1.376811594202898524e-02 4.180727997428357323e-03 2.854800299129908403e+00
-1.376811594202898524e-02 4.172706586869186912e-03 2.947597363810816162e+00
-1.376811594202898524e-02 4.285902231285560436e-03 3.038345898919964760e+00
-1.376811594202898524e-02 4.400612761649511616e-03 3.141120165772691486e+00
-1.338028169014084633e-02 1.764794655752330126e-03 3.641020256431267477e+00
-1.338028169014084633e-02 1.803304717826417162e-03 3.187902832504602824e+00
-1.338028169014084633e-02 1.836366933355450953e-03 2.791467108988471502e+00
-1.338028169014084633e-02 1.890809889525943378e-03 2.443594441424611130e+00
-1.338028169014084633e-02 1.942139889727530645e-03 2.144238593535322757e+00
-1.338028169014084633e-02 1.959728655647101272e-03 1.884689554205299267e+00
-1.338028169014084633e-02 2.034425514653871031e-03 1.660518800110484694e+00
-1.338028169014084633e-02 2.074864379210189774e-03 1.468142378281319882e+00
-1.338028169014084633e-02 2.111156819933761395e-03 1.306792980870223886e+00
-1.338028169014084633e-02 2.143045573533644294e-03 1.180032657914598992e+00
-1.338028169014084633e-02 2.209273387476783611e-03 1.069034475967162612e+00
-1.338028169014084633e-02 2.274293726031534086e-03 9.916029777590651406e-01
-1.338028169014084633e-02 2.295215589004498142e-03 9.233247815017925353e-01
-1.338028169014084633e-02 2.355486953164861227e-03 8.778820391381423338e-01
-1.338028169014084633e-02 2.414119277889799006e-03 8.514825943488782967e-01
-1.338028169014084633e-02 2.470983164954027381e-03 8.408566641564603206e-01
-1.338028169014084633e-02 2.525949330499209586e-03 8.430917622450514459e-01
-1.338028169014084633e-02 2.578888609610978117e-03 8.558636242967554431e-01
-1.338028169014084633e-02 2.629671961204591273e-03 8.788516215990045399e-01
-1.338028169014084633e-02 2.678170473247842073e-03 9.106703332342257484e-01
-1.338028169014084633e-02 2.724255368353209993e-03 9.515995049279931672e-01
-1.338028169014084633e-02 2.767798009775094929e-03 1.003121808185352792e+00
-1.338028169014084633e-02 2.808669907852414521e-03 1.065844429481098476e+00
-1.338028169014084633e-02 2.913223701914458355e-03 1.127681653881068335e+00
-1.338028169014084633e-02 2.950777586384667733e-03 1.191826298169876397e+00
-1.338028169014084633e-02 2.985317777510169447e-03 1.270177160043911346e+00
-1.338028169014084633e-02 3.090570700641463633e-03 1.348042639919878605e+00
-1.338028169014084633e-02 3.121233921443077389e-03 1.425185666235833981e+00
-1.338028169014084633e-02 3.227531378190652903e-03 1.521892316795223632e+00
-1.338028169014084633e-02 3.253973688397788708e-03 1.597206526374236102e+00
-1.338028169014084633e-02 3.276846543813663297e-03 1.697275226821310046e+00
-1.338028169014084633e-02 3.383020133519309362e-03 1.778557171044060858e+00
-1.338028169014084633e-02 3.401115168187761589e-03 1.884301986284837582e+00
-1.338028169014084633e-02 3.507856863505252280e-03 1.966229036504467453e+00
-1.338028169014084633e-02 3.616247786733227561e-03 2.072991947415294689e+00
-1.338028169014084633e-02 3.627968064895994039e-03 2.159360865030601317e+00
-1.338028169014084633e-02 3.736710466753719734e-03 2.259454103924083412e+00
-1.338028169014084633e-02 3.742838534854755605e-03 2.360531294286390303e+00
-1.338028169014084633e-02 3.851759438088434625e-03 2.450015580878752264e+00
-1.338028169014084633e-02 3.962242553480046017e-03 2.556762367089422838e+00
-1.338028169014084633e-02 3.960880265767100991e-03 2.649549069474807617e+00
-1.338028169014084633e-02 4.071325544846396936e-03 2.741915720373179433e+00
-1.338028169014084633e-02 4.183289551980258134e-03 2.848485168215344920e+00
-1.338028169014084633e-02 4.173793935269076889e-03 2.941867762853769719e+00
-1.338028169014084633e-02 4.285503930063090314e-03 3.030377342734644319e+00
-1.301369863013698662e-02 1.780430422178119884e-03 3.392259225004632839e+00
-1.301369863013698662e-02 1.814096397738592780e-03 2.978777565168177155e+00
-1.301369863013698662e-02 1.868630649246095935e-03 2.609282702136941801e+00
-1.301369863013698662e-02 1.920175081999317586e-03 2.291146887109924535e+00
-1.301369863013698662e-02 1.968477255543291549e-03 2.015324842208261025e+00
-1.301369863013698662e-02 2.013285088358960414e-03 1.775734356139517800e+00
-1.301369863013698662e-02 2.054346880525014310e-03 1.569020609208022776e+00
-1.301369863013698662e-02 2.091411338788924917e-03 1.393217106720708198e+00
-1.301369863013698662e-02 2.124227604401911565e-03 1.251032378283100321e+00
-1.301369863013698662e-02 2.190538378958198275e-03 1.130178838478687497e+00
-1.301369863013698662e-02 2.215910354591832648e-03 1.036777965533020041e+00
-1.301369863013698662e-02 2.277973571969661715e-03 9.591193732270943961e-01
-1.301369863013698662e-02 2.338608592021344974e-03 9.063663256563450066e-01
-1.301369863013698662e-02 2.397689168358441928e-03 8.732818661097350166e-01
-1.301369863013698662e-02 2.407632511882649810e-03 8.489996849593351991e-01
-1.301369863013698662e-02 2.461207190251016308e-03 8.395748160025592322e-01
-1.301369863013698662e-02 2.512808053015500899e-03 8.439461873824365412e-01
-1.301369863013698662e-02 2.562309358608119356e-03 8.616677589133729942e-01
-1.301369863013698662e-02 2.609585487739764578e-03 8.911021283417948080e-01
-1.301369863013698662e-02 2.712472810883226511e-03 9.275526017168538306e-01
-1.301369863013698662e-02 2.757146430877282887e-03 9.671358588905558662e-01
-1.301369863013698662e-02 2.799259650453043112e-03 1.015718112157635522e+00
-1.301369863013698662e-02 2.838687300479510959e-03 1.075454710363550781e+00
-1.301369863013698662e-02 2.942427772532872372e-03 1.148561921676748643e+00
-1.301369863013698662e-02 2.978497550091404808e-03 1.207982851123794887e+00
-1.301369863013698662e-02 3.011547663823309091e-03 1.281675087402943447e+00
-1.301369863013698662e-02 3.115886181850925814e-03 1.366454304462582536e+00
-1.301369863013698662e-02 3.145033900497385630e-03 1.438766659755287947e+00
-1.301369863013698662e-02 3.170828751852493559e-03 1.532511428087345973e+00
-1.301369863013698662e-02 3.275258963511127296e-03 1.609502305108127418e+00
-1.301369863013698662e-02 3.296608115152062281e-03 1.706015375586999339e+00
-1.301369863013698662e-02 3.401719248280248454e-03 1.789358621354895540e+00
-1.301369863013698662e-02 3.418288372345152770e-03 1.891013644989002707e+00
-1.301369863013698662e-02 3.523911676532002091e-03 1.974085801836682474e+00
-1.301369863013698662e-02 3.631142097773259504e-03 2.081163040116806418e+00
-1.301369863013698662e-02 3.641333723371368951e-03 2.164588459696099143e+00
-1.301369863013698662e-02 3.748865284295871663e-03 2.264062810625813604e+00
-1.301369863013698662e-02 3.753483446732566470e-03 2.362809484606226640e+00
-1.301369863013698662e-02 3.861147632783517095e-03 2.451091784710397015e+00
-1.301369863013698662e-02 3.970334171818691062e-03 2.556833660553349041e+00
-1.301369863013698662e-02 3.967487933707733970e-03 2.648730178452314288e+00
-1.301369863013698662e-02 4.076596341379888806e-03 2.739427338532052225e+00
-1.301369863013698662e-02 4.187184742524613888e-03 2.844025690421518426e+00
-1.301369863013698662e-02 4.176247649879548732e-03 2.937574022754506409e+00
-1.266666666666666635e-02 1.758689309315931938e-03 3.602284058359329411e+00
-1.266666666666666635e-02 1.817333155864454992e-03 3.165510003060619137e+00
-1.266666666666666635e-02 1.847547076438963180e-03 2.780075286777722532e+00
-1.266666666666666635e-02 1.899293930599496366e-03 2.443136857699952813e+00
-1.266666666666666635e-02 1.947921691789086113e-03 2.150701506795098084e+00
-1.266666666666666635e-02 1.993184468224247843e-03 1.896028728226576199e+00
-1.266666666666666635e-02 2.034836721888045805e-03 1.675091907910644551e+00
-1.266666666666666635e-02 2.072633291367247110e-03 1.485092402074610796e+00
-1.266666666666666635e-02 2.106329417164448485e-03 1.327938139285284924e+00
-1.266666666666666635e-02 2.172717858188262866e-03 1.197689504168641506e+00
-1.266666666666666635e-02 2.199238753772496738e-03 1.088027532855306401e+00
-1.266666666666666635e-02 2.261569043622948302e-03 1.002745923452351473e+00
-1.266666666666666635e-02 2.280099004608470998e-03 9.432140581212584696e-01
-1.266666666666666635e-02 2.337716497178761801e-03 8.903450573971125603e-01
-1.266666666666666635e-02 2.393696459881283507e-03 8.571025229666375811e-01
-1.266666666666666635e-02 2.447916003864586236e-03 8.400711208815309083e-01
-1.266666666666666635e-02 2.500252344182744921e-03 8.364497101369513521e-01
-1.266666666666666635e-02 2.550582803969597516e-03 8.453794293460922260e-01
-1.266666666666666635e-02 2.598784818894984625e-03 8.649329943394254983e-01
-1.266666666666666635e-02 2.644735941929180975e-03 8.948860039709508607e-01
-1.266666666666666635e-02 2.688313848444777443e-03 9.361606247149484306e-01
-1.266666666666666635e-02 2.790285141382895830e-03 9.865903661929337209e-01
-1.266666666666666635e-02 2.830999147424315653e-03 1.031972233232065550e+00
-1.266666666666666635e-02 2.869013480587379906e-03 1.088768806310543846e+00
-1.266666666666666635e-02 2.904206267197255529e-03 1.158596782072560227e+00
-1.266666666666666635e-02 3.006599453377145712e-03 1.226295582292519892e+00
-1.266666666666666635e-02 3.038192655974626937e-03 1.295581563216879672e+00
-1.266666666666666635e-02 3.066638986697473295e-03 1.383504979885433972e+00
-1.266666666666666635e-02 3.169328654975898506e-03 1.453888878114907746e+00
-1.266666666666666635e-02 3.193645084267927436e-03 1.542263772531626387e+00
-1.266666666666666635e-02 3.297122851172412054e-03 1.623999091403170336e+00
-1.266666666666666635e-02 3.316983044949252998e-03 1.715644763418125995e+00
-1.266666666666666635e-02 3.421084310577936216e-03 1.801239027093324951e+00
-1.266666666666666635e-02 3.436162338200132380e-03 1.898677134552088308e+00
-1.266666666666666635e-02 3.540722602134204096e-03 1.983121599677269309e+00
-1.266666666666666635e-02 3.646849964112250288e-03 2.091048165341249820e+00
-1.266666666666666635e-02 3.655547823641249264e-03 2.170696987206213180e+00
-1.266666666666666635e-02 3.761928466850151306e-03 2.270044196570392359e+00
-1.266666666666666635e-02 3.765070629975927462e-03 2.365737418656145508e+00
-1.266666666666666635e-02 3.871540278486542558e-03 2.453796014128593495e+00
-1.266666666666666635e-02 3.979494399245950623e-03 2.558628447870066935e+00
-1.266666666666666635e-02 3.975196753708431889e-03 2.649007642419582531e+00
-1.266666666666666635e-02 4.083034424258741128e-03 2.738334614478670659e+00
-1.266666666666666635e-02 4.192315275530167536e-03 2.841254328713649357e+00
-1.233766233766233657e-02 1.796583931202693114e-03 3.356360763683829518e+00
-1.233766233766233657e-02 1.827480122246931578e-03 2.955431050532739246e+00
-1.233766233766233657e-02 1.879418354728862924e-03 2.599724892058626669e+00
-1.233766233766233657e-02 1.928354631793895374e-03 2.290705783551156394e+00
-1.233766233766233657e-02 1.974048958473564354e-03 2.021017091437670388e+00
-1.233766233766233657e-02 2.016261668343991356e-03 1.786006034104554496e+00
-1.233766233766233657e-02 2.054753444370549780e-03 1.582088713835978711e+00
-1.233766233766233657e-02 2.089285341973840925e-03 1.410421701901982017e+00
-1.233766233766233657e-02 2.155746618925876313e-03 1.271227252637300520e+00
-1.233766233766233657e-02 2.183359270185219851e-03 1.146102963091554239e+00
-1.233766233766233657e-02 2.245942570261184965e-03 1.053801770505895297e+00
-1.233766233766233657e-02 2.265839624382153580e-03 9.753057213754644517e-01
-1.233766233766233657e-02 2.323905926722481547e-03 9.155495130352142574e-01
-1.233766233766233657e-02 2.380415049163599715e-03 8.757671238051727425e-01
-1.233766233766233657e-02 2.435247040810675345e-03 8.522194480034781527e-01
-1.233766233766233657e-02 2.488282046761123266e-03 8.418370938358545885e-01
-1.233766233766233657e-02 2.539400311876766417e-03 8.433613828422236169e-01
-1.233766233766233657e-02 2.588482184805474332e-03 8.545960979600065732e-01
-1.233766233766233657e-02 2.635408122274977578e-03 8.749841384715146830e-01
-1.233766233766233657e-02 2.680058693684121349e-03 9.050289694510607053e-01
-1.233766233766233657e-02 2.722314586019866298e-03 9.444950436252836923e-01
-1.233766233766233657e-02 2.762056609131714833e-03 9.950025326410514293e-01
-1.233766233766233657e-02 2.862996595167171653e-03 1.052574174297170373e+00
-1.233766233766233657e-02 2.899626314868183809e-03 1.105007342370068812e+00
-1.233766233766233657e-02 2.933424049878654606e-03 1.170284468013752965e+00
-1.233766233766233657e-02 3.035055885823877402e-03 1.247398259345003257e+00
-1.233766233766233657e-02 3.065222956802325996e-03 1.311609641381918934e+00
-1.233766233766233657e-02 3.092240702862134819e-03 1.394502826108960258e+00
-1.233766233766233657e-02 3.194082642736898858e-03 1.470114379270482718e+00
-1.233766233766233657e-02 3.216952424577817701e-03 1.554197408502927535e+00
-1.233766233766233657e-02 3.319523765409223420e-03 1.639661451546125637e+00
-1.233766233766233657e-02 3.337927252793987214e-03 1.726203554319695410e+00
-1.233766233766233657e-02 3.441067440856457587e-03 1.814381061905552928e+00
-1.233766233766233657e-02 3.454686689940384119e-03 1.907333134784500173e+00
-1.233766233766233657e-02 3.558235266336357353e-03 1.993629392640462905e+00
-1.233766233766233657e-02 3.566752740956156964e-03 2.098140142933430319e+00
-1.233766233766233657e-02 3.670549345201393893e-03 2.177854327517626309e+00
-1.233766233766233657e-02 3.775834665682818378e-03 2.276902244524264596e+00
-1.233766233766233657e-02 3.777532313970687235e-03 2.370000585062602028e+00
-1.233766233766233657e-02 3.882865114422495018e-03 2.457910046505420887e+00
-1.233766233766233657e-02 3.989646341465693732e-03 2.561821356977877606e+00
-1.233766233766233657e-02 3.983927514077155799e-03 2.650302300500682939e+00
-1.233766233766233657e-02 4.090555806886871613e-03 2.738533828679761140e+00
-1.202531645569620243e-02 1.776813438967875637e-03 3.551694983762772040e+00
-1.202531645569620243e-02 1.808358141296903792e-03 3.134862940442630475e+00
-1.202531645569620243e-02 1.860477576471995277e-03 2.760473318789886221e+00
-1.202531645569620243e-02 1.909706595572603768e-03 2.434945743486039760e+00
-1.202531645569620243e-02 1.955810827625225398e-03 2.150346588505816836e+00
-1.202531645569620243e-02 1.998556207291711431e-03 1.901439429927053171e+00
-1.202531645569620243e-02 2.037708993932335361e-03 1.683898786831516059e+00
-1.202531645569620243e-02 2.073035792666918196e-03 1.498175732843145980e+00
-1.202531645569620243e-02 2.104303577723821549e-03 1.344490658745496336e+00
-1.202531645569620243e-02 2.168216873515033463e-03 1.210654351671478057e+00
-1.202531645569620243e-02 2.192382049621764261e-03 1.106241587086734146e+00
-1.202531645569620243e-02 2.252238285799789373e-03 1.015674156600279376e+00
-1.202531645569620243e-02 2.310731110787138907e-03 9.498416354352323676e-01
-1.202531645569620243e-02 2.367743291029633830e-03 9.044248260195347777e-01
-1.202531645569620243e-02 2.377239718362213639e-03 8.682087280740506952e-01
-1.202531645569620243e-02 2.429026055011994888e-03 8.463377068818696003e-01
-1.202531645569620243e-02 2.478942201252613570e-03 8.393619411470213398e-01
-1.202531645569620243e-02 2.526871348906993119e-03 8.448682211345143189e-01
-1.202531645569620243e-02 2.572696792618058177e-03 8.621737011917414151e-01
-1.202531645569620243e-02 2.616301934217715036e-03 8.916769343311388152e-01
-1.202531645569620243e-02 2.715541720191000721e-03 9.205404897424945831e-01
-1.202531645569620243e-02 2.756499341246603386e-03 9.577728024485058222e-01
-1.202531645569620243e-02 2.794925502578317258e-03 1.006072524305863025e+00
-1.202531645569620243e-02 2.830704000328484061e-03 1.066531739829219116e+00
-1.202531645569620243e-02 2.930505727567890399e-03 1.124213257973792235e+00
-1.202531645569620243e-02 2.962935576538150862e-03 1.185120363035184310e+00
-1.202531645569620243e-02 2.992407592539939303e-03 1.262556826532790222e+00
-1.202531645569620243e-02 3.092611543629301615e-03 1.329658240442325834e+00
-1.202531645569620243e-02 3.118229420924949983e-03 1.406674750579477662e+00
-1.202531645569620243e-02 3.219263633763019047e-03 1.488906205249497905e+00
-1.202531645569620243e-02 3.240716311935790388e-03 1.567308146707597771e+00
-1.202531645569620243e-02 3.342423997819121348e-03 1.656622655371151165e+00
-1.202531645569620243e-02 3.359400768183128452e-03 1.737913778571895218e+00
-1.202531645569620243e-02 3.461625225705569544e-03 1.828784586091379172e+00
-1.202531645569620243e-02 3.473815750099390476e-03 1.917313685205070506e+00
-1.202531645569620243e-02 3.576400368360212970e-03 2.004988226458495060e+00
-1.202531645569620243e-02 3.583494699609966316e-03 2.105397794775596410e+00
-1.202531645569620243e-02 3.686282961640869726e-03 2.185628286263527009e+00
-1.202531645569620243e-02 3.790524631933010237e-03 2.285364154760463062e+00
-1.202531645569620243e-02 3.790807052328969053e-03 2.375441035740345708e+00
-1.202531645569620243e-02 3.895056624900563626e-03 2.463092173214768810e+00
-1.202531645569620243e-02 4.000720283611034975e-03 2.566309308890135643e+00
-1.202531645569620243e-02 3.993608396512002973e-03 2.652566273777569705e+00
-1.172839506172839406e-02 1.757954156862455907e-03 3.750986195607899809e+00
-1.172839506172839406e-02 1.814137950540106866e-03 3.315030527207493805e+00
-1.172839506172839406e-02 1.842407289361912802e-03 2.924985396637818535e+00
-1.172839506172839406e-02 1.891914446751006814e-03 2.583063893162247826e+00
-1.172839506172839406e-02 1.938408518275422984e-03 2.283693133551779830e+00
-1.172839506172839406e-02 1.981660787238329318e-03 2.021092719596000897e+00
-1.172839506172839406e-02 2.021442839190854858e-03 1.790236286081876571e+00
-1.172839506172839406e-02 2.057526581199412008e-03 1.590912150320323626e+00
-1.172839506172839406e-02 2.089684263171033216e-03 1.422548902101153256e+00
-1.172839506172839406e-02 2.153761497230482613e-03 1.281352280672765964e+00
-1.172839506172839406e-02 2.179058760963741449e-03 1.160568465449165698e+00
-1.172839506172839406e-02 2.239250537384530459e-03 1.063894717986464400e+00
-1.172839506172839406e-02 2.256928288264777125e-03 9.915672911027350045e-01
-1.172839506172839406e-02 2.312625510765968159e-03 9.274249700223694548e-01
-1.172839506172839406e-02 2.366762966486647343e-03 8.828403192531939503e-01
-1.172839506172839406e-02 2.419226319755637782e-03 8.543511601474855777e-01
-1.172839506172839406e-02 2.469901322784450251e-03 8.402219271014178537e-01
-1.172839506172839406e-02 2.518673819133394713e-03 8.378006706120815217e-01
-1.172839506172839406e-02 2.565429747407359674e-03 8.460973152119308782e-01
-1.172839506172839406e-02 2.610055145202145894e-03 8.651113483300029161e-01
-1.172839506172839406e-02 2.652436153324680412e-03 8.941423086243738272e-01
-1.172839506172839406e-02 2.692459020313167292e-03 9.343110076783079920e-01
-1.172839506172839406e-02 2.790855546659847669e-03 9.766315346209333281e-01
-1.172839506172839406e-02 2.827988762146849567e-03 1.021166195122778397e+00
-1.172839506172839406e-02 2.862460253893521489e-03 1.077425960689937012e+00
-1.172839506172839406e-02 2.961633467849908528e-03 1.146988618326261644e+00
-1.172839506172839406e-02 2.992720728850008487e-03 1.202832896021519327e+00
-1.172839506172839406e-02 3.020843362268868168e-03 1.275000019156212305e+00
-1.172839506172839406e-02 3.120333853997571752e-03 1.349297646302016096e+00
-1.172839506172839406e-02 3.144578606307876605e-03 1.421534154752366330e+00
-1.172839506172839406e-02 3.244842334653527498e-03 1.509166477076131052e+00
-1.172839506172839406e-02 3.264905425482037861e-03 1.581702064909563887e+00
-1.172839506172839406e-02 3.365789277671605868e-03 1.675050245361125123e+00
-1.172839506172839406e-02 3.381367264292188968e-03 1.750821809842269872e+00
-1.172839506172839406e-02 3.482718210966731596e-03 1.844830247069999984e+00
-1.172839506172839406e-02 3.493508006384188087e-03 1.928025483536848661e+00
-1.172839506172839406e-02 3.595173104668802824e-03 2.017531223775374638e+00
-1.172839506172839406e-02 3.600871997310946780e-03 2.113092500477595337e+00
-1.172839506172839406e-02 3.702698394094335651e-03 2.194811860673737236e+00
-1.172839506172839406e-02 3.805944523753094187e-03 2.295169833307384444e+00
-1.172839506172839406e-02 3.804839004752925882e-03 2.381692751347148196e+00
-1.172839506172839406e-02 3.908055273157437330e-03 2.469276982319706271e+00
-1.172839506172839406e-02 4.012652874522007126e-03 2.571995555127659205e+00
-1.144578313253012160e-02 1.796164716288965475e-03 3.497459487149077173e+00
-1.144578313253012160e-02 1.825148937594106915e-03 3.092900924303572108e+00
-1.144578313253012160e-02 1.874920687104246085e-03 2.734733621937675885e+00
-1.144578313253012160e-02 1.921785961661727753e-03 2.420758589395112459e+00
-1.144578313253012160e-02 1.965521157273457300e-03 2.144688487857360659e+00
-1.144578313253012160e-02 2.005902951738059402e-03 1.900834025495568236e+00
-1.144578313253012160e-02 2.042708322304486335e-03 1.688360628753590387e+00
-1.144578313253012160e-02 2.075714565185781627e-03 1.505949598286118851e+00
-1.144578313253012160e-02 2.104699317197388387e-03 1.356630190603108410e+00
-1.144578313253012160e-02 2.166324545189030060e-03 1.221695766297113739e+00
-1.144578313253012160e-02 2.226835828702868406e-03 1.119568104439574885e+00
-1.144578313253012160e-02 2.245841394945361728e-03 1.028097332790130158e+00
-1.144578313253012160e-02 2.302035495603529588e-03 9.583108227570940052e-01
-1.144578313253012160e-02 2.356742879881404927e-03 9.082650504929054014e-01
-1.144578313253012160e-02 2.409851761453018874e-03 8.742764377048320990e-01
-1.144578313253012160e-02 2.461250435517647450e-03 8.542398527123149510e-01
-1.144578313253012160e-02 2.510827281946221776e-03 8.452830010518279646e-01
-1.144578313253012160e-02 2.558470768631910912e-03 8.461244941919340290e-01
-1.144578313253012160e-02 2.604069455063084959e-03 8.563768869064269929e-01
-1.144578313253012160e-02 2.647511996138909168e-03 8.750973698352604302e-01
-1.144578313253012160e-02 2.688687146250168594e-03 9.030527853063142762e-01
-1.144578313253012160e-02 2.727483763650579568e-03 9.419459139451399343e-01
-1.144578313253012160e-02 2.763790815146915155e-03 9.923859755607997712e-01
-1.144578313253012160e-02 2.861233393759183164e-03 1.040243880787885100e+00
-1.144578313253012160e-02 2.894419881965706268e-03 1.092390400194830802e+00
-1.144578313253012160e-02 2.924820454438311051e-03 1.159306949766594874e+00
-1.144578313253012160e-02 3.022761178319759677e-03 1.223219469614055033e+00
-1.144578313253012160e-02 3.049558322564645523e-03 1.289240098176205107e+00
-1.144578313253012160e-02 3.148367512984222381e-03 1.372026077261236265e+00
-1.144578313253012160e-02 3.171264087964990788e-03 1.438000269374530182e+00
-1.144578313253012160e-02 3.190894288813791134e-03 1.528265928239456173e+00
-1.144578313253012160e-02 3.289491235994182385e-03 1.597570799147117526e+00
-1.144578313253012160e-02 3.304739498659827086e-03 1.693170606778461984e+00
-1.144578313253012160e-02 3.403793653539403594e-03 1.765333564353525064e+00
-1.144578313253012160e-02 3.504310462059532193e-03 1.861798414489004960e+00
-1.144578313253012160e-02 3.513725649197926848e-03 1.939785545792952259e+00
-1.144578313253012160e-02 3.614512669414190159e-03 2.030741217063919635e+00
-1.144578313253012160e-02 3.618841975189080341e-03 2.122074095337834088e+00
-1.144578313253012160e-02 3.719749850478317171e-03 2.205194570488681283e+00
-1.144578313253012160e-02 3.822045305412477469e-03 2.306079951819912210e+00
-1.144578313253012160e-02 3.819577314187569839e-03 2.388721292815024988e+00
-1.144578313253012160e-02 3.921806836895360207e-03 2.476413681065647410e+00
-1.117647058823529466e-02 1.778982751210496068e-03 3.683143486796081501e+00
-1.117647058823529466e-02 1.808649089150672368e-03 3.263892385587666922e+00
-1.117647058823529466e-02 1.858672842856398189e-03 2.889656071272243665e+00
-1.117647058823529466e-02 1.905891981218604033e-03 2.561268268803595483e+00
-1.117647058823529466e-02 1.921676792826176004e-03 2.271083234501798387e+00
-1.117647058823529466e-02 1.991041826571672470e-03 2.015442377801481832e+00
-1.117647058823529466e-02 2.028535914892579377e-03 1.790267244390732593e+00
-1.117647058823529466e-02 2.062352184631095937e-03 1.594419609820452166e+00
-1.117647058823529466e-02 2.092273080351765568e-03 1.430193331597980455e+00
-1.117647058823529466e-02 2.154141224750618332e-03 1.289283310828494233e+00
-1.117647058823529466e-02 2.177255063106738487e-03 1.172373522987703698e+00
-1.117647058823529466e-02 2.235230748241878989e-03 1.073055708537011377e+00
-1.117647058823529466e-02 2.291898951066300479e-03 9.984701215926968798e-01
-1.117647058823529466e-02 2.304313749130815648e-03 9.398362801196351590e-01
-1.117647058823529466e-02 2.356252920720847740e-03 8.919008156912221486e-01
-1.117647058823529466e-02 2.406520660426227694e-03 8.607526199014954305e-01
-1.117647058823529466e-02 2.455007827247477487e-03 8.433329868576158184e-01
-1.117647058823529466e-02 2.501605364213631971e-03 8.382581829941262441e-01
-1.117647058823529466e-02 2.546204301793869671e-03 8.450552233671094760e-01
-1.117647058823529466e-02 2.588695761540862721e-03 8.626064995001011537e-01
-1.117647058823529466e-02 2.628970959987399041e-03 8.915662697279741478e-01
-1.117647058823529466e-02 2.725047300751526520e-03 9.189669659739100327e-01
-1.117647058823529466e-02 2.762635639793997126e-03 9.548878685277903955e-01
-1.117647058823529466e-02 2.797717408379970811e-03 1.001681563832491850e+00
-1.117647058823529466e-02 2.830184172180208804e-03 1.062323577022229681e+00
-1.117647058823529466e-02 2.926569572057865012e-03 1.111155050453668469e+00
-1.117647058823529466e-02 2.955695329804183032e-03 1.172774305271543138e+00
-1.117647058823529466e-02 3.053040192313568203e-03 1.245842418650684902e+00
-1.117647058823529466e-02 3.078534169982266935e-03 1.306808310347274960e+00
-1.117647058823529466e-02 3.100942812587460188e-03 1.388378480084710320e+00
-1.117647058823529466e-02 3.198263801889490807e-03 1.456229799837592598e+00
-1.117647058823529466e-02 3.216569510743629099e-03 1.540556369803452341e+00
-1.117647058823529466e-02 3.314447702721546631e-03 1.614948395701610195e+00
-1.117647058823529466e-02 3.328360528939419867e-03 1.705177496203308829e+00
-1.117647058823529466e-02 3.426649735638384337e-03 1.780745720834094437e+00
-1.117647058823529466e-02 3.526369181400065226e-03 1.880177965099079085e+00
-1.117647058823529466e-02 3.534434169206935282e-03 1.952122086713539373e+00
-1.117647058823529466e-02 3.634381819772463783e-03 2.045505932538161709e+00
-1.117647058823529466e-02 3.637365698516959161e-03 2.132175471940176870e+00
-1.117647058823529466e-02 3.737395537578275858e-03 2.216503589825578047e+00
-1.117647058823529466e-02 3.838782224494232016e-03 2.318030007529282344e+00
-1.117647058823529466e-02 3.834975564895171021e-03 2.396515663985749001e+00
-1.091954022988505732e-02 1.792858888915738148e-03 3.437661556885561964e+00
-1.091954022988505732e-02 1.843122929165447480e-03 3.047557369648400183e+00
-1.091954022988505732e-02 1.890679771985354259e-03 2.704968717417858493e+00
-1.091954022988505732e-02 1.907527098994421175e-03 2.399949870208958558e+00
-1.091954022988505732e-02 1.947601943582520471e-03 2.130509890784721083e+00
-1.091954022988505732e-02 2.014968088950932785e-03 1.896393246195758442e+00
-1.091954022988505732e-02 2.049558406446383863e-03 1.687701360827899455e+00
-1.091954022988505732e-02 2.080374007726346758e-03 1.509349625812326456e+00
-1.091954022988505732e-02 2.142473841512588552e-03 1.363010301919929779e+00
-1.091954022988505732e-02 2.166702239643509414e-03 1.229948073441708534e+00
-1.091954022988505732e-02 2.225066324348308564e-03 1.126009923239066346e+00
-1.091954022988505732e-02 2.241997701797226149e-03 1.039232472803943708e+00
-1.091954022988505732e-02 2.296056576210768214e-03 9.670102249234583391e-01
-1.091954022988505732e-02 2.348623113111636147e-03 9.137801430621127485e-01
-1.091954022988505732e-02 2.399590419202570282e-03 8.770110211315829130e-01
-1.091954022988505732e-02 2.448851676317810068e-03 8.534503868315390651e-01
-1.091954022988505732e-02 2.496300144332950447e-03 8.414451638594229177e-01
-1.091954022988505732e-02 2.541829164263944684e-03 8.401519656291258631e-01
-1.091954022988505732e-02 2.585332161572157644e-03 8.482381777475911377e-01
-1.091954022988505732e-02 2.626702649694237501e-03 8.660229402266709231e-01
-1.091954022988505732e-02 2.665834233817767837e-03 8.947992752653630699e-01
-1.091954022988505732e-02 2.702620614926134080e-03 9.347325112491771115e-01
-1.091954022988505732e-02 2.797906524512990510e-03 9.729945812889169154e-01
-1.091954022988505732e-02 2.831780555413891849e-03 1.016115175504466395e+00
-1.091954022988505732e-02 2.863025684706649830e-03 1.072552135258672212e+00
-1.091954022988505732e-02 2.958897144996064463e-03 1.133390238519060622e+00
-1.091954022988505732e-02 2.986767760547419728e-03 1.188796884063576531e+00
-1.091954022988505732e-02 3.011726377856028310e-03 1.263125654974825984e+00
-1.091954022988505732e-02 3.107754161927018133e-03 1.326532538741530987e+00
-1.091954022988505732e-02 3.128876923807982855e-03 1.401922681210484356e+00
-1.091954022988505732e-02 3.225557567185022897e-03 1.476363803712313238e+00
-1.091954022988505732e-02 3.242560565560282868e-03 1.554468202587011127e+00
-1.091954022988505732e-02 3.339751008739743482e-03 1.634302056613245568e+00
-1.091954022988505732e-02 3.352350633889538984e-03 1.718130275352464986e+00
-1.091954022988505732e-02 3.449907890393903026e-03 1.797520625770923308e+00
-1.091954022988505732e-02 3.457820847014034336e-03 1.890840425816674886e+00
-1.091954022988505732e-02 3.555602006087965356e-03 1.965969081408330377e+00
-1.091954022988505732e-02 3.654746496581983382e-03 2.061548739211790160e+00
-1.091954022988505732e-02 3.656407560269186487e-03 2.143084342953884835e+00
-1.091954022988505732e-02 3.755597235224050149e-03 2.228696917958275403e+00
-1.091954022988505732e-02 3.856114355642991515e-03 2.330954872036969050e+00
-1.067415730337078691e-02 1.777733580162777069e-03 3.613936514985661042e+00
-1.067415730337078691e-02 1.828226981456146242e-03 3.208186184968038646e+00
-1.067415730337078691e-02 1.876106444888458753e-03 2.851625742185286860e+00
-1.067415730337078691e-02 1.893970229314068197e-03 2.531997168882446303e+00
-1.067415730337078691e-02 1.934597923807422192e-03 2.249071625576724465e+00
-1.067415730337078691e-02 1.971949570680185584e-03 2.002500820233979351e+00
-1.067415730337078691e-02 2.037297729218539698e-03 1.785551754920991829e+00
-1.067415730337078691e-02 2.068969277645006741e-03 1.593822621811301854e+00
-1.067415730337078691e-02 2.096773421254125892e-03 1.433717952128981565e+00
-1.067415730337078691e-02 2.156585210662207222e-03 1.294431889842318828e+00
-1.067415730337078691e-02 2.177630918117153761e-03 1.180762668333523280e+00
-1.067415730337078691e-02 2.233543688679539771e-03 1.080835268847033959e+00
-1.067415730337078691e-02 2.288135761150280559e-03 1.004209395436244989e+00
-1.067415730337078691e-02 2.341302407731994835e-03 9.467000515799220972e-01
-1.067415730337078691e-02 2.348485974498816693e-03 9.020918773690012049e-01
-1.067415730337078691e-02 2.396709224801312453e-03 8.686286465079129382e-01
-1.067415730337078691e-02 2.443158942512979517e-03 8.491799022254901130e-01
-1.067415730337078691e-02 2.487730734732722642e-03 8.428286545743325364e-01
-1.067415730337078691e-02 2.530320289340394924e-03 8.480843760302172463e-01
-1.067415730337078691e-02 2.624512414126249204e-03 8.603417348557923505e-01
-1.067415730337078691e-02 2.664774702563124393e-03 8.780117091835184517e-01
-1.067415730337078691e-02 2.702776402163477483e-03 9.047671756365615048e-01
-1.067415730337078691e-02 2.738413497029237084e-03 9.417739012263195431e-01
-1.067415730337078691e-02 2.771582068112873280e-03 9.915568043341580484e-01
-1.067415730337078691e-02 2.865971701322860606e-03 1.035409847023947671e+00
-1.067415730337078691e-02 2.896012218560520702e-03 1.086701051572753984e+00
-1.067415730337078691e-02 2.923306845509277690e-03 1.153207269152966674e+00
-1.067415730337078691e-02 3.018025343140718231e-03 1.208899937060127439e+00
-1.067415730337078691e-02 3.041740004994637758e-03 1.276980464069291887e+00
-1.067415730337078691e-02 3.137202954289931324e-03 1.348608415234928914e+00
-1.067415730337078691e-02 3.157059548821764764e-03 1.417547506045736982e+00
-1.067415730337078691e-02 3.253126889997877760e-03 1.498409288321444599e+00
-1.067415730337078691e-02 3.268847588334145796e-03 1.570475273619261536e+00
-1.067415730337078691e-02 3.365379329256925484e-03 1.654802154271417525e+00
-1.067415730337078691e-02 3.376686590155249159e-03 1.732457900113411053e+00
-1.067415730337078691e-02 3.473542808768574283e-03 1.815076125213820557e+00
-1.067415730337078691e-02 3.480159394132536967e-03 1.902973564832887821e+00
-1.067415730337078691e-02 3.577200241049165435e-03 1.981085423701527626e+00
-1.067415730337078691e-02 3.675575492277862941e-03 2.078684411354857708e+00
-1.067415730337078691e-02 3.675934934097388907e-03 2.154776158893308313e+00
-1.067415730337078691e-02 3.774319923562538016e-03 2.241741572240950831e+00
-1.043956043956044064e-02 1.813944644096762530e-03 3.371311553359222390e+00
-1.043956043956044064e-02 1.862132626691900480e-03 3.001022654362595521e+00
-1.043956043956044064e-02 1.880969732177222844e-03 2.667025986807507021e+00
-1.043956043956044064e-02 1.922126583006267958e-03 2.371032195870907522e+00
-1.043956043956044064e-02 1.960110302288838643e-03 2.111458724679065924e+00
-1.043956043956044064e-02 1.994716431699150930e-03 1.884868004017270504e+00
-1.043956043956044064e-02 2.058028730900376621e-03 1.683351090164038055e+00
-1.043956043956044064e-02 2.086767488641756187e-03 1.509008792584642933e+00
-1.043956043956044064e-02 2.146877534361540853e-03 1.365481721758538658e+00
-1.043956043956044064e-02 2.169067399523366430e-03 1.234923705713142583e+00
-1.043956043956044064e-02 2.225428630066363447e-03 1.131071926649513948e+00
-1.043956043956044064e-02 2.240389543857721627e-03 1.048223234013097915e+00
-1.043956043956044064e-02 2.292456390309136147e-03 9.748050957789571314e-01
-1.043956043956044064e-02 2.343025682169428466e-03 9.203076783999604160e-01
-1.043956043956044064e-02 2.391995009385241341e-03 8.811412538633875968e-01
-1.043956043956044064e-02 2.439262031419847394e-03 8.553148364099767420e-01
-1.043956043956044064e-02 2.484724479954784036e-03 8.415559433500682252e-01
-1.043956043956044064e-02 2.528280161767417974e-03 8.381845097810169953e-01
-1.043956043956044064e-02 2.569826961800140714e-03 8.451003494231106306e-01
-1.043956043956044064e-02 2.609262846438702762e-03 8.632165382400988074e-01
-1.043956043956044064e-02 2.646485867019170071e-03 8.922908792278404499e-01
-1.043956043956044064e-02 2.739792641804714851e-03 9.212108073817842913e-01
-1.043956043956044064e-02 2.774294135462698416e-03 9.551368122225144530e-01
-1.043956043956044064e-02 2.806310690573014799e-03 1.001193979489890529e+00
-1.043956043956044064e-02 2.900282988959362006e-03 1.059088463707216654e+00
-1.043956043956044064e-02 2.929134865405599517e-03 1.104276234446150973e+00
-1.043956043956044064e-02 2.955230261894192193e-03 1.166133204122250522e+00
-1.043956043956044064e-02 3.049456688157806215e-03 1.231809256717576906e+00
-1.043956043956044064e-02 3.071944982391845453e-03 1.293443579723511094e+00
-1.043956043956044064e-02 3.166866458866878474e-03 1.373109600616736481e+00
-1.043956043956044064e-02 3.185475383051726301e-03 1.435277479151623847e+00
-1.043956043956044064e-02 3.280954791363891940e-03 1.522884533730396894e+00
-1.043956043956044064e-02 3.295412341448804728e-03 1.587750529906264418e+00
-1.043956043956044064e-02 3.391312628200540257e-03 1.677050390284585246e+00
-1.043956043956044064e-02 3.401347077685083070e-03 1.747610320857543087e+00
-1.043956043956044064e-02 3.497531256791985149e-03 1.834420508788860538e+00
-1.043956043956044064e-02 3.502871171730448721e-03 1.916419755403441449e+00
-1.043956043956044064e-02 3.599202326913328569e-03 1.997239583246602113e+00
-1.043956043956044064e-02 3.599576582259500761e-03 2.095640269371917164e+00
-1.043956043956044064e-02 3.695917869707114004e-03 2.167245337456656706e+00
-1.021505376344086086e-02 1.800238808423461649e-03 3.536720949192144747e+00
-1.021505376344086086e-02 1.848722107866662776e-03 3.152958700473715847e+00
-1.021505376344086086e-02 1.868492078159060847e-03 2.804850226908099486e+00
-1.021505376344086086e-02 1.910155875888002071e-03 2.496201539302465022e+00
-1.021505376344086086e-02 1.948745261522731847e-03 2.224132917687606348e+00
-1.021505376344086086e-02 1.984059865107280773e-03 1.984626840231036304e+00
-1.021505376344086086e-02 2.047524607016683231e-03 1.777688006989406322e+00
-1.021505376344086086e-02 2.077159255873282928e-03 1.589979481181579946e+00
-1.021505376344086086e-02 2.102952097512041357e-03 1.433229341319216976e+00
-1.021505376344086086e-02 2.160841651073848197e-03 1.296537713391396673e+00
-1.021505376344086086e-02 2.179920542174438279e-03 1.186067312014525754e+00
-1.021505376344086086e-02 2.233904924333511306e-03 1.086591384709926222e+00
-1.021505376344086086e-02 2.286556415863001505e-03 1.009136645339203220e+00
-1.021505376344086086e-02 2.337774595350295467e-03 9.504429082114053129e-01
-1.021505376344086086e-02 2.387459103895258911e-03 9.067663857429890673e-01
-1.021505376344086086e-02 2.435509647431749469e-03 8.758794368468320046e-01
-1.021505376344086086e-02 2.481825999194077308e-03 8.561631454239924111e-01
-1.021505376344086086e-02 2.526308002340810818e-03 8.457643889568791096e-01
-1.021505376344086086e-02 2.568855572749711470e-03 8.442764627855089410e-01
-1.021505376344086086e-02 2.609368701999091166e-03 8.523677953620013570e-01
-1.021505376344086086e-02 2.647747460552615784e-03 8.695431904020236580e-01
-1.021505376344086086e-02 2.683892001166583111e-03 8.965484969660059145e-01
-1.021505376344086086e-02 2.717702562540900806e-03 9.354805820657429161e-01
-1.021505376344086086e-02 2.810257262978381292e-03 9.745329037132048899e-01
-1.021505376344086086e-02 2.841135323437912145e-03 1.015748447150395029e+00
-1.021505376344086086e-02 2.869413149786359876e-03 1.070350533217198086e+00
-1.021505376344086086e-02 2.962385429808615019e-03 1.126776637112424151e+00
-1.021505376344086086e-02 2.987297025747739313e-03 1.182257031592289120e+00
-1.021505376344086086e-02 3.009342671336553109e-03 1.257043302479126323e+00
-1.021505376344086086e-02 3.102329769484441901e-03 1.312585187826282640e+00
-1.021505376344086086e-02 3.120576188865629205e-03 1.390061595985860210e+00
-1.021505376344086086e-02 3.214110350106104321e-03 1.455629186093456706e+00
-1.021505376344086086e-02 3.228291071139132232e-03 1.537717015610898130e+00
-1.021505376344086086e-02 3.322238051778343259e-03 1.606854580348835437e+00
-1.021505376344086086e-02 3.332086868340884602e-03 1.696233204020242802e+00
-1.021505376344086086e-02 3.426312489197659746e-03 1.764626816368764395e+00
-1.021505376344086086e-02 3.521851867742601186e-03 1.855228427975540662e+00
-1.021505376344086086e-02 3.525933624364069319e-03 1.930896745849237206e+00
-1.021505376344086086e-02 3.621583850535067123e-03 2.014382987951467641e+00
-1.021505376344086086e-02 3.620701784802401492e-03 2.106881778981193776e+00
-1.000000000000000021e-02 1.787075293361281396e-03 3.704218566057170925e+00
-1.000000000000000021e-02 1.811573494251159664e-03 3.306602026403996142e+00
-1.000000000000000021e-02 1.856506373679479242e-03 2.945295790526194057e+00
-1.000000000000000021e-02 1.898656271883342964e-03 2.624400831744036378e+00
-1.000000000000000021e-02 1.937826531356177289e-03 2.340331708311513381e+00
-1.000000000000000021e-02 1.973820712648813053e-03 2.088522368992603795e+00
-1.000000000000000021e-02 2.006442607928844192e-03 1.868514203158639919e+00
-1.000000000000000021e-02 2.067925475419793348e-03 1.676354080298735560e+00
-1.000000000000000021e-02 2.094687626518469074e-03 1.505146272150311493e+00
-1.000000000000000021e-02 2.152934064524375871e-03 1.365231342329745301e+00
-1.000000000000000021e-02 2.173182418321102649e-03 1.237138165503039122e+00
-1.000000000000000021e-02 2.227667905312072285e-03 1.134293776459102787e+00
-1.000000000000000021e-02 2.280880209820928314e-03 1.053724065414761490e+00
-1.000000000000000021e-02 2.290950709297255843e-03 9.817156367458763633e-01
-1.000000000000000021e-02 2.339649239184264911e-03 9.261754076355119825e-01
-1.000000000000000021e-02 2.386747073592136118e-03 8.857739241958015874e-01
-1.000000000000000021e-02 2.432145989835674937e-03 8.588338330496396722e-01
-1.000000000000000021e-02 2.475747832304186873e-03 8.433668258058971690e-01
-1.000000000000000021e-02 2.517454515142993933e-03 8.388793322413163889e-01
-1.000000000000000021e-02 2.557168025113827105e-03 8.459317053346431248e-01
-1.000000000000000021e-02 2.594790424650433337e-03 8.639081538663243576e-01
-1.000000000000000021e-02 2.686274580596916678e-03 8.837589328893096230e-01
-1.000000000000000021e-02 2.721350973061579213e-03 9.084019756847412363e-01
-1.000000000000000021e-02 2.754074897020198157e-03 9.442272114185427112e-01
-1.000000000000000021e-02 2.784348692464034755e-03 9.926758030698636937e-01
-1.000000000000000021e-02 2.876050309309657535e-03 1.034693690078521744e+00
-1.000000000000000021e-02 2.903189241991684533e-03 1.084778095996697944e+00
-1.000000000000000021e-02 2.927617381425756411e-03 1.151460994233654223e+00
-1.000000000000000021e-02 3.019498669497765620e-03 1.201742259750852249e+00
-1.000000000000000021e-02 3.040367264909215207e-03 1.270051730712066229e+00
-1.000000000000000021e-02 3.132883733104351899e-03 1.334383569330256814e+00
-1.000000000000000021e-02 3.149931431709543459e-03 1.405539314688818875e+00
-1.000000000000000021e-02 3.242951481336654555e-03 1.477629459538554180e+00
-1.000000000000000021e-02 3.255917174683527725e-03 1.552955999189497671e+00
-1.000000000000000021e-02 3.349309266972297534e-03 1.627108311636103366e+00
-1.000000000000000021e-02 3.357932103761369393e-03 1.710234330797649305e+00
-1.000000000000000021e-02 3.451564762020335134e-03 1.783207262237575863e+00
-1.000000000000000021e-02 3.546484958742753078e-03 1.877345608592630999e+00
-1.000000000000000021e-02 3.549325973957896847e-03 1.946363199310298775e+00
-1.000000000000000021e-02 3.644322323136197240e-03 2.032473109963496505e+00
