-2.500000000000000139e-02 1.663124218163453648e-03 2.793671497810995330e+00
-2.500000000000000139e-02 1.717873630159971266e-03 2.364371501830169642e+00
-2.500000000000000139e-02 1.773509672310278999e-03 2.003448061902304733e+00
-2.500000000000000139e-02 1.830032344614376414e-03 1.707590962570165516e+00
-2.500000000000000139e-02 1.887441647072263728e-03 1.473984358226742675e+00
-2.500000000000000139e-02 1.945737579683940290e-03 1.299977420579145893e+00
-2.500000000000000139e-02 2.004920142449406750e-03 1.182935084537198867e+00
-2.500000000000000139e-02 2.050591827305417794e-03 1.112219822534692870e+00
-2.500000000000000139e-02 2.066670438583330296e-03 1.051712922168233977e+00
-2.500000000000000139e-02 2.096305052987499935e-03 9.996580423016871997e-01
-2.500000000000000139e-02 2.125064621661008554e-03 9.556877717357391555e-01
-2.500000000000000139e-02 2.152913186175481504e-03 9.190097011061459931e-01
-2.500000000000000139e-02 2.179814837015280841e-03 8.893144076911996265e-01
-2.500000000000000139e-02 2.205733715060307493e-03 8.662242890028640785e-01
-2.500000000000000139e-02 2.230634013143593421e-03 8.495779235507090466e-01
-2.500000000000000139e-02 2.272395212835665729e-03 8.375208057346099633e-01
-2.500000000000000139e-02 2.295616981011269504e-03 8.308459126820877394e-01
-2.500000000000000139e-02 2.317718753027740719e-03 8.304803030426262112e-01
-2.500000000000000139e-02 2.357998576912993111e-03 8.332915931631872386e-01
-2.500000000000000139e-02 2.378236580818088655e-03 8.414716580288169601e-01
-2.500000000000000139e-02 2.417562994287645976e-03 8.528004168619502945e-01
-2.500000000000000139e-02 2.435817935647278248e-03 8.697602485842301778e-01
-2.500000000000000139e-02 2.474094895902520606e-03 8.879912037114121581e-01
-2.500000000000000139e-02 2.512066373662396896e-03 9.110455656758141840e-01
-2.500000000000000139e-02 2.527379437712690049e-03 9.379295866960712935e-01
-2.500000000000000139e-02 2.564163579925346839e-03 9.656955350030187457e-01
-2.500000000000000139e-02 2.600582150804885660e-03 9.969085159508049854e-01
-2.500000000000000139e-02 2.636617111104825380e-03 1.031275464278550880e+00
-2.500000000000000139e-02 2.672250434443717258e-03 1.068189102005557833e+00
-2.500000000000000139e-02 2.707464107530565319e-03 1.107312231018407145e+00
-2.500000000000000139e-02 2.742240130396914142e-03 1.148472126627873457e+00
-2.500000000000000139e-02 2.750453661784856875e-03 1.190976484832584115e+00
-2.500000000000000139e-02 2.783737543116302036e-03 1.235376486933719153e+00
-2.500000000000000139e-02 2.816524044899466461e-03 1.281494129819602090e+00
-2.500000000000000139e-02 2.876608200167815165e-03 1.328565028141132087e+00
-2.500000000000000139e-02 2.908926455839288237e-03 1.376953504083022750e+00
-2.500000000000000139e-02 2.940699355161733967e-03 1.426484228742042060e+00
-2.500000000000000139e-02 2.971908998543839296e-03 1.477237719850847286e+00
-2.500000000000000139e-02 3.002537501849262234e-03 1.529109721397035715e+00
-2.500000000000000139e-02 3.032566996702755046e-03 1.582250006059744862e+00
-2.500000000000000139e-02 3.061979630806401734e-03 1.637254481509727633e+00
-2.500000000000000139e-02 3.122761863258195769e-03 1.692789452841528375e+00
-2.500000000000000139e-02 3.151508107087067859e-03 1.746951526973280266e+00
-2.500000000000000139e-02 3.179589750986956675e-03 1.802629961740124243e+00
-2.500000000000000139e-02 3.240881637450784142e-03 1.863301160076690000e+00
-2.500000000000000139e-02 3.302758649322378240e-03 1.934077104719336582e+00
-2.500000000000000139e-02 3.365220786601743307e-03 2.014102349481678544e+00
-2.500000000000000139e-02 3.428268049288877607e-03 2.102911980886048138e+00
-2.500000000000000139e-02 3.491900437383781142e-03 2.199939902169188777e+00
-2.500000000000000139e-02 3.556117950886453476e-03 2.304951582479311867e+00
-2.435897435897435917e-02 1.625456939337001361e-03 3.192722972796426806e+00
-2.435897435897435917e-02 1.678966358947662444e-03 2.712033505367439368e+00
-2.435897435897435917e-02 1.733342327863759058e-03 2.300402182192160083e+00
-2.435897435897435917e-02 1.788584846085291636e-03 1.954551140366176165e+00
-2.435897435897435917e-02 1.844693913612259961e-03 1.671714192285992606e+00
-2.435897435897435917e-02 1.901669530444663383e-03 1.449249390248526614e+00
-2.435897435897435917e-02 1.959511696582503203e-03 1.284546626428252125e+00
-2.435897435897435917e-02 2.018220412025778770e-03 1.174970824350679788e+00
-2.435897435897435917e-02 2.048842555898360267e-03 1.106859691699710879e+00
-2.435897435897435917e-02 2.078656801127550489e-03 1.047865915518450652e+00
-2.435897435897435917e-02 2.107627924290767125e-03 9.972881189357650777e-01
-2.435897435897435917e-02 2.135720746236276137e-03 9.542696997987512031e-01
-2.435897435897435917e-02 2.162900133378904861e-03 9.183775727853326076e-01
-2.435897435897435917e-02 2.189130999059026549e-03 8.891500979944729766e-01
-2.435897435897435917e-02 2.214378304969020442e-03 8.663355832406136603e-01
-2.435897435897435917e-02 2.238607062651785766e-03 8.501103684346646983e-01
-2.435897435897435917e-02 2.279744313608826189e-03 8.380157299217066980e-01
-2.435897435897435917e-02 2.302292275617312447e-03 8.313264813983620716e-01
-2.435897435897435917e-02 2.323722589251731030e-03 8.312169318727491429e-01
-2.435897435897435917e-02 2.363366052995463911e-03 8.330884121419592780e-01
-2.435897435897435917e-02 2.382934562863277435e-03 8.414087157257208460e-01
-2.435897435897435917e-02 2.421617521283631752e-03 8.519632135207806378e-01
-2.435897435897435917e-02 2.460031628293499369e-03 8.683277187744102843e-01
-2.435897435897435917e-02 2.476836256735541735e-03 8.861892292224234913e-01
-2.435897435897435917e-02 2.514154856382682431e-03 9.081434054466391848e-01
-2.435897435897435917e-02 2.551145780739311197e-03 9.341770033984648780e-01
-2.435897435897435917e-02 2.564941817733533934e-03 9.621947390540764866e-01
-2.435897435897435917e-02 2.600702605035746205e-03 9.922806164503648052e-01
-2.435897435897435917e-02 2.636077042693778325e-03 1.025292409900120827e+00
-2.435897435897435917e-02 2.671047515521204462e-03 1.060884857018210559e+00
-2.435897435897435917e-02 2.705596420857166173e-03 1.098841155863382379e+00
-2.435897435897435917e-02 2.739706168788936125e-03 1.138791639417584767e+00
-2.435897435897435917e-02 2.773359182381128843e-03 1.180699900707577576e+00
-2.435897435897435917e-02 2.806537897911876803e-03 1.224109925472170568e+00
-2.435897435897435917e-02 2.839224765116201733e-03 1.268721966545919511e+00
-2.435897435897435917e-02 2.871402247436932384e-03 1.315058594850209372e+00
-2.435897435897435917e-02 2.903052822283445911e-03 1.362664862299192592e+00
-2.435897435897435917e-02 2.934158981298601483e-03 1.411605283137650657e+00
-2.435897435897435917e-02 2.964703230634193991e-03 1.461729641342475183e+00
-2.435897435897435917e-02 2.994668091235296037e-03 1.513168172942157330e+00
-2.435897435897435917e-02 3.024036099133911495e-03 1.566484367442148251e+00
-2.435897435897435917e-02 3.084065128481754299e-03 1.619462400162420712e+00
-2.435897435897435917e-02 3.112794067332006615e-03 1.672251966641059351e+00
-2.435897435897435917e-02 3.140879457593641431e-03 1.726488538130840578e+00
-2.435897435897435917e-02 3.168303888296242470e-03 1.782427516522286259e+00
-2.435897435897435917e-02 3.228795198760493756e-03 1.838825098095207444e+00
-2.435897435897435917e-02 3.289858531073107037e-03 1.904899838793806310e+00
-2.435897435897435917e-02 3.351493885234083179e-03 1.980164535703426099e+00
-2.435897435897435917e-02 3.413701261243420881e-03 2.064060963417740258e+00
-2.435897435897435917e-02 3.476480659101119277e-03 2.156329233987296590e+00
-2.374999999999999681e-02 1.589444838113726610e-03 3.621921054156139519e+00
-2.374999999999999681e-02 1.641768753151006668e-03 3.091290081092367803e+00
-2.374999999999999681e-02 1.694940019039092817e-03 2.630334282801191748e+00
-2.374999999999999681e-02 1.748958635777985056e-03 2.235809455299318849e+00
-2.374999999999999681e-02 1.803824603367683386e-03 1.904998687515082167e+00
-2.374999999999999681e-02 1.859537921808187156e-03 1.635270296660496836e+00
-2.374999999999999681e-02 1.916098591099498101e-03 1.424040056617673411e+00
-2.374999999999999681e-02 1.973506611241614920e-03 1.268710908262712600e+00
-2.374999999999999681e-02 2.031761982234537613e-03 1.166839988546926055e+00
-2.374999999999999681e-02 2.061746671880784233e-03 1.100961442774335275e+00
-2.374999999999999681e-02 2.090918756522571788e-03 1.043847602628706239e+00
-2.374999999999999681e-02 2.119243804449620020e-03 9.945840312700653385e-01
-2.374999999999999681e-02 2.146687426466505327e-03 9.526176222434323826e-01
-2.374999999999999681e-02 2.173215277140371458e-03 9.174083883278127960e-01
-2.374999999999999681e-02 2.198793056109637871e-03 8.886197810709790534e-01
-2.374999999999999681e-02 2.223386509457789696e-03 8.663027678244635821e-01
-2.374999999999999681e-02 2.246961431156636012e-03 8.502796180779323976e-01
-2.374999999999999681e-02 2.287496046301207200e-03 8.384175198216379243e-01
-2.374999999999999681e-02 2.309387979478589367e-03 8.318993102604378409e-01
-2.374999999999999681e-02 2.349098860647673339e-03 8.315454996625835093e-01
-2.374999999999999681e-02 2.369193420363925866e-03 8.330357623709263581e-01
-2.374999999999999681e-02 2.388109981518723741e-03 8.416642826088462925e-01
-2.374999999999999681e-02 2.426171594679598937e-03 8.513839729464331985e-01
-2.374999999999999681e-02 2.463959100716457684e-03 8.667435379838624998e-01
-2.374999999999999681e-02 2.480116774794120446e-03 8.850391556016042882e-01
-2.374999999999999681e-02 2.516804983461441714e-03 9.058795270747079798e-01
-2.374999999999999681e-02 2.553161576654354448e-03 9.307385502097533791e-01
-2.374999999999999681e-02 2.589169290616752557e-03 9.592336823656892886e-01
-2.374999999999999681e-02 2.601446769676174237e-03 9.885510409626675488e-01
-2.374999999999999681e-02 2.636183457409771794e-03 1.020415576293306037e+00
-2.374999999999999681e-02 2.670513942435343967e-03 1.054973359475111616e+00
-2.374999999999999681e-02 2.704421014565304513e-03 1.091817533764225079e+00
-2.374999999999999681e-02 2.737887475824769389e-03 1.130889554228660998e+00
-2.374999999999999681e-02 2.770896140671641559e-03 1.171694238481147732e+00
-2.374999999999999681e-02 2.803429836223322869e-03 1.213910765358930721e+00
-2.374999999999999681e-02 2.835471402490403418e-03 1.258030181193443120e+00
-2.374999999999999681e-02 2.867003692617558705e-03 1.303555819786158976e+00
-2.374999999999999681e-02 2.898009573131988051e-03 1.350537382640981443e+00
-2.374999999999999681e-02 2.928471924199729098e-03 1.398779357186986871e+00
-2.374999999999999681e-02 2.958373639890137657e-03 1.448393707189875368e+00
-2.374999999999999681e-02 2.987697628448952696e-03 1.499911736131683604e+00
-2.374999999999999681e-02 3.047005316168688652e-03 1.550325879062646628e+00
-2.374999999999999681e-02 3.075716339542466232e-03 1.601646572819731107e+00
-2.374999999999999681e-02 3.103803939613771368e-03 1.654359948895639754e+00
-2.374999999999999681e-02 3.131251074419525923e-03 1.708701823138919274e+00
-2.374999999999999681e-02 3.191034948556071508e-03 1.763805652712352234e+00
-2.374999999999999681e-02 3.217765933168128308e-03 1.817343952634194792e+00
-2.374999999999999681e-02 3.278050635693999411e-03 1.879022222298038614e+00
-2.374999999999999681e-02 3.338894825018254471e-03 1.949735688046436266e+00
-2.374999999999999681e-02 3.400298501140892188e-03 2.029199763299549542e+00
-2.317073170731707293e-02 1.606171543245426495e-03 3.499471987978952647e+00
-2.317073170731707293e-02 1.658189937446114025e-03 2.990538946110824270e+00
-2.317073170731707293e-02 1.711037310040437872e-03 2.548628616876190467e+00
-2.317073170731707293e-02 1.764713661028398037e-03 2.171072893744102394e+00
-2.317073170731707293e-02 1.819218990409994302e-03 1.855251567138937130e+00
-2.317073170731707293e-02 1.874553298185227318e-03 1.598607056843169838e+00
-2.317073170731707293e-02 1.930716584354097301e-03 1.398580166360209098e+00
-2.317073170731707293e-02 1.987708848916603169e-03 1.252752317830676088e+00
-2.317073170731707293e-02 2.045530091872745787e-03 1.158673974524261352e+00
-2.317073170731707293e-02 2.074893308558875028e-03 1.095105403284161394e+00
-2.317073170731707293e-02 2.103439406159524332e-03 1.039699198995245322e+00
-2.317073170731707293e-02 2.131134710129656707e-03 9.917856145231231935e-01
-2.317073170731707293e-02 2.157945586797934117e-03 9.507517141449960407e-01
-2.317073170731707293e-02 2.183838444569467189e-03 9.161812204749810729e-01
-2.317073170731707293e-02 2.208779735187450105e-03 8.880031364783947945e-01
-2.317073170731707293e-02 2.232735955057600294e-03 8.659694612963202420e-01
-2.317073170731707293e-02 2.255673646639680310e-03 8.501612206189935739e-01
-2.317073170731707293e-02 2.295625608254549081e-03 8.389022571749294999e-01
-2.317073170731707293e-02 2.316878188611478512e-03 8.321227121637541080e-01
-2.317073170731707293e-02 2.355996734976413456e-03 8.316387118480350615e-01
-2.317073170731707293e-02 2.375452321605330593e-03 8.332833246737570976e-01
-2.317073170731707293e-02 2.413647444915431421e-03 8.413832584201245135e-01
-2.317073170731707293e-02 2.431194396279711973e-03 8.509958728892135227e-01
-2.317073170731707293e-02 2.468376249840865868e-03 8.657209982153925010e-01
-2.317073170731707293e-02 2.483903177739369642e-03 8.841943184646452458e-01
-2.317073170731707293e-02 2.519982083764324074e-03 9.041513359599357980e-01
-2.317073170731707293e-02 2.555725592991900386e-03 9.281745932960037138e-01
-2.317073170731707293e-02 2.591116819337045338e-03 9.555055341396546664e-01
-2.317073170731707293e-02 2.602776131127922978e-03 9.855797439849354191e-01
-2.317073170731707293e-02 2.636896428180203217e-03 1.016563469650332507e+00
-2.317073170731707293e-02 2.670608369761566514e-03 1.050128653469904361e+00
-2.317073170731707293e-02 2.703895121168992371e-03 1.086195800771144304e+00
-2.317073170731707293e-02 2.736739859412265063e-03 1.124231734843171182e+00
-2.317073170731707293e-02 2.769125773425458979e-03 1.163895781944282337e+00
-2.317073170731707293e-02 2.801036064284862827e-03 1.205647881179358949e+00
-2.317073170731707293e-02 2.832453945433560400e-03 1.248951067560414518e+00
-2.317073170731707293e-02 2.863362642912984507e-03 1.293841381839648808e+00
-2.317073170731707293e-02 2.893745395601715967e-03 1.340078671357654905e+00
-2.317073170731707293e-02 2.923585455461842966e-03 1.387757857744298384e+00
-2.317073170731707293e-02 2.982202252051472779e-03 1.436733317809734123e+00
-2.317073170731707293e-02 3.011482347399097124e-03 1.485225411508483750e+00
-2.317073170731707293e-02 3.040174979881080444e-03 1.534989974680127656e+00
-2.317073170731707293e-02 3.068263447409937551e-03 1.586106890516549850e+00
-2.317073170731707293e-02 3.095731062124119654e-03 1.638793312701407601e+00
-2.317073170731707293e-02 3.154836765173796558e-03 1.692595313136633139e+00
-2.317073170731707293e-02 3.181615372911766187e-03 1.744663091622041140e+00
-2.317073170731707293e-02 3.207728504086339912e-03 1.798467577377264259e+00
-2.317073170731707293e-02 3.267267438072976680e-03 1.855962740567246971e+00
-2.317073170731707293e-02 3.327353856510064604e-03 1.922577983783969158e+00
-2.261904761904761849e-02 1.622988588986284996e-03 3.378534053108790403e+00
-2.261904761904761849e-02 1.674714076363560331e-03 2.890494055511550364e+00
-2.261904761904761849e-02 1.727250943934989036e-03 2.467393712799949679e+00
-2.261904761904761849e-02 1.780599191700570679e-03 2.106625340140228175e+00
-2.261904761904761849e-02 1.834758819660306127e-03 1.805658625710787391e+00
-2.261904761904761849e-02 1.889729827814194945e-03 1.561971989289715479e+00
-2.261904761904761849e-02 1.945512216162237134e-03 1.373172258826101944e+00
-2.261904761904761849e-02 2.002105984704432261e-03 1.236814000723634788e+00
-2.261904761904761849e-02 2.059511133440781409e-03 1.150817144822313676e+00
-2.261904761904761849e-02 2.088267881003395224e-03 1.089376968880796159e+00
-2.261904761904761849e-02 2.101071021552436413e-03 1.035427191898919297e+00
-2.261904761904761849e-02 2.127740900167718937e-03 9.884739659509277354e-01
-2.261904761904761849e-02 2.153518167039226733e-03 9.486841437945467970e-01
-2.261904761904761849e-02 2.194751049536828192e-03 9.149700804059303083e-01
-2.261904761904761849e-02 2.219071437904734587e-03 8.871922031448842283e-01
-2.261904761904761849e-02 2.242406030667100109e-03 8.654412475267663218e-01
-2.261904761904761849e-02 2.264722086975532508e-03 8.499868116495623571e-01
-2.261904761904761849e-02 2.304110153515147048e-03 8.390869583912242691e-01
-2.261904761904761849e-02 2.324739043316217946e-03 8.322560919714533378e-01
-2.261904761904761849e-02 2.363284402526192717e-03 8.320469385834832199e-01
-2.261904761904761849e-02 2.382116639420288080e-03 8.334931339328155442e-01
-2.261904761904761849e-02 2.419731214756856881e-03 8.412190373298111812e-01
-2.261904761904761849e-02 2.436657544093241874e-03 8.509063021004958927e-01
-2.261904761904761849e-02 2.473253413825533646e-03 8.649830371420609287e-01
-2.261904761904761849e-02 2.488164824626190423e-03 8.836170162777914339e-01
-2.261904761904761849e-02 2.523654229345741792e-03 9.030017596064909835e-01
-2.261904761904761849e-02 2.558804605595774075e-03 9.260815849870475125e-01
-2.261904761904761849e-02 2.593599428903069562e-03 9.525092929461544955e-01
-2.261904761904761849e-02 2.628022185156745228e-03 9.819273045918006648e-01
-2.261904761904761849e-02 2.638179189127445520e-03 1.013456316433767990e+00
-2.261904761904761849e-02 2.671292726264528142e-03 1.046366362364837821e+00
-2.261904761904761849e-02 2.703979360589629788e-03 1.081485797304537977e+00
-2.261904761904761849e-02 2.736222628211913872e-03 1.118455279621157317e+00
-2.261904761904761849e-02 2.768006076689289406e-03 1.157704030124187877e+00
-2.261904761904761849e-02 2.799313265238054065e-03 1.198656180152670725e+00
-2.261904761904761849e-02 2.830127764948978716e-03 1.241335223363320805e+00
-2.261904761904761849e-02 2.860433159010093186e-03 1.285457015313580698e+00
-2.261904761904761849e-02 2.890213042936443880e-03 1.331100631100214038e+00
-2.261904761904761849e-02 2.948160735117632148e-03 1.377165868798012616e+00
-2.261904761904761849e-02 2.977403974276886592e-03 1.424014132608000915e+00
-2.261904761904761849e-02 3.006077855342380919e-03 1.472143731541557976e+00
-2.261904761904761849e-02 3.034166017116516137e-03 1.521598381847325765e+00
-2.261904761904761849e-02 3.061652111793540781e-03 1.572577475624408194e+00
-2.261904761904761849e-02 3.120107157444993676e-03 1.625072179015804918e+00
-2.261904761904761849e-02 3.146930233768802532e-03 1.675632328926557335e+00
-2.261904761904761849e-02 3.173107532832152196e-03 1.727811604513750598e+00
-2.261904761904761849e-02 3.198622753825240000e-03 1.781792700550209219e+00
-2.261904761904761849e-02 3.257446767730293180e-03 1.835529243428895452e+00
-2.209302325581395318e-02 1.639890793434013770e-03 3.259093330723376702e+00
-2.209302325581395318e-02 1.691335232017418489e-03 2.791619612440918274e+00
-2.209302325581395318e-02 1.743574179304812873e-03 2.387024503154847821e+00
-2.209302325581395318e-02 1.796607635296198872e-03 2.042805456710059531e+00
-2.209302325581395318e-02 1.850435599991575837e-03 1.756478184528561304e+00
-2.209302325581395318e-02 1.905058073390943334e-03 1.525675885205167948e+00
-2.209302325581395318e-02 1.960475055494301580e-03 1.347958212615588458e+00
-2.209302325581395318e-02 2.016686546301651225e-03 1.221275728194490817e+00
-2.209302325581395318e-02 2.059275218902032519e-03 1.142907879316714670e+00
-2.209302325581395318e-02 2.087042242984710801e-03 1.082283401086687746e+00
-2.209302325581395318e-02 2.113978438743190948e-03 1.029438682023914087e+00
-2.209302325581395318e-02 2.140051562898059347e-03 9.838357800248526130e-01
-2.209302325581395318e-02 2.165229410476823824e-03 9.452053090689469528e-01
-2.209302325581395318e-02 2.189479815956432013e-03 9.131880850218543344e-01
-2.209302325581395318e-02 2.229650083115958248e-03 8.863162373672202055e-01
-2.209302325581395318e-02 2.252377721803823160e-03 8.649415831437110569e-01
-2.209302325581395318e-02 2.274086805819423591e-03 8.494041823097927546e-01
-2.209302325581395318e-02 2.312928608418789427e-03 8.392282164520801224e-01
-2.209302325581395318e-02 2.332948535412921950e-03 8.325593130173248868e-01
-2.209302325581395318e-02 2.351859110016491991e-03 8.324025148598798163e-01
-2.209302325581395318e-02 2.389162285102232417e-03 8.337119578369084349e-01
-2.209302325581395318e-02 2.426214596135537957e-03 8.413343490868734342e-01
-2.209302325581395318e-02 2.442534862070512309e-03 8.508819575832312632e-01
-2.209302325581395318e-02 2.478563237406826002e-03 8.645231536126517513e-01
-2.209302325581395318e-02 2.514286771679177714e-03 8.827534287851239725e-01
-2.209302325581395318e-02 2.527791975846595089e-03 9.020620655086107886e-01
-2.209302325581395318e-02 2.562367975643698500e-03 9.244709008932651129e-01
-2.209302325581395318e-02 2.596585278493488465e-03 9.502127332503518264e-01
-2.209302325581395318e-02 2.630427716428170980e-03 9.787514885965163947e-01
-2.209302325581395318e-02 2.663879131607491471e-03 1.009993690925640397e+00
-2.209302325581395318e-02 2.672531904639993683e-03 1.043233880058024088e+00
-2.209302325581395318e-02 2.704637419087218241e-03 1.077380430263675581e+00
-2.209302325581395318e-02 2.736298259754333349e-03 1.114002782206126252e+00
-2.209302325581395318e-02 2.767498317948786837e-03 1.152487533480397008e+00
-2.209302325581395318e-02 2.798221496183206976e-03 1.192846706545710456e+00
-2.209302325581395318e-02 2.828451708383511627e-03 1.234752804401375359e+00
-2.209302325581395318e-02 2.885735352421352467e-03 1.277467515573250001e+00
-2.209302325581395318e-02 2.915478178985011267e-03 1.321430484042377618e+00
-2.209302325581395318e-02 2.944685048713098930e-03 1.366552310483533539e+00
-2.209302325581395318e-02 2.973339915609120830e-03 1.412975906872426579e+00
-2.209302325581395318e-02 3.001426746053246705e-03 1.460709386169371182e+00
-2.209302325581395318e-02 3.028929519047221953e-03 1.509935255855017644e+00
-2.209302325581395318e-02 3.086759803758183825e-03 1.561119581703772408e+00
-2.209302325581395318e-02 3.113624463896300012e-03 1.610139776915979759e+00
-2.209302325581395318e-02 3.139862234181218462e-03 1.660676186505562368e+00
-2.209302325581395318e-02 3.165457137900698232e-03 1.712887817973128168e+00
-2.209302325581395318e-02 3.223671222219656306e-03 1.766367703230425024e+00
-2.159090909090909116e-02 1.606477122321342760e-03 3.652297708333446025e+00
-2.159090909090909116e-02 1.656873352354345684e-03 3.141592456264465927e+00
-2.159090909090909116e-02 1.708047902542298140e-03 2.694264792580345347e+00
-2.159090909090909116e-02 1.760000772885200997e-03 2.307840323466546550e+00
-2.159090909090909116e-02 1.812731963383053821e-03 1.979871660788703247e+00
-2.159090909090909116e-02 1.866241474035856395e-03 1.708019198950731177e+00
-2.159090909090909116e-02 1.920529304843608719e-03 1.489848547619391450e+00
-2.159090909090909116e-02 1.975595455806311226e-03 1.323341339053906829e+00
-2.159090909090909116e-02 2.031439926923963267e-03 1.206273035361703716e+00
-2.159090909090909116e-02 2.073552589714745559e-03 1.133419652780231157e+00
-2.159090909090909116e-02 2.100743417113903715e-03 1.074861555227473620e+00
-2.159090909090909116e-02 2.127099520942885968e-03 1.023651612040759051e+00
-2.159090909090909116e-02 2.152589323526172323e-03 9.794071459683955094e-01
-2.159090909090909116e-02 2.177181284129610286e-03 9.417140842486840802e-01
-2.159090909090909116e-02 2.200843900065006971e-03 9.104058101728549346e-01
-2.159090909090909116e-02 2.223545707849442638e-03 8.855768641510319839e-01
-2.159090909090909116e-02 2.262633462570154495e-03 8.641676155982387364e-01
-2.159090909090909116e-02 2.283749377124274799e-03 8.486985667950164292e-01
-2.159090909090909116e-02 2.322061506946048338e-03 8.396307696706926116e-01
-2.159090909090909116e-02 2.341486336158295906e-03 8.327247278683929110e-01
-2.159090909090909116e-02 2.359803650294698893e-03 8.324544521957782939e-01
-2.159090909090909116e-02 2.396567009755363239e-03 8.340533536352987554e-01
-2.159090909090909116e-02 2.433074263211233105e-03 8.415572247723832611e-01
-2.159090909090909116e-02 2.448802174628697276e-03 8.509671942626021446e-01
-2.159090909090909116e-02 2.484280456903984000e-03 8.644327778543955398e-01
-2.159090909090909116e-02 2.519449766951926441e-03 8.820196171839927990e-01
-2.159090909090909116e-02 2.532368130891740707e-03 9.014082719673310873e-01
-2.159090909090909116e-02 2.566387408439472183e-03 9.233384040497100154e-01
-2.159090909090909116e-02 2.600044964094638464e-03 9.483752380079175648e-01
-2.159090909090909116e-02 2.633324961910079188e-03 9.764078726225448035e-01
-2.159090909090909116e-02 2.666211575679797597e-03 1.006771328867230419e+00
-2.159090909090909116e-02 2.698688989108074393e-03 1.039068508472613672e+00
-2.159090909090909116e-02 2.730741395983537264e-03 1.073660582604191394e+00
-2.159090909090909116e-02 2.762353000358351747e-03 1.109872441585574077e+00
-2.159090909090909116e-02 2.793508016732763714e-03 1.147740791957122752e+00
-2.159090909090909116e-02 2.824190670245198178e-03 1.186849996619075309e+00
-2.159090909090909116e-02 2.854385196868137325e-03 1.227273601028759931e+00
-2.159090909090909116e-02 2.884075843610040598e-03 1.269386080450193077e+00
-2.159090909090909116e-02 2.913246868723523651e-03 1.312706902775147899e+00
-2.159090909090909116e-02 2.941882541920105409e-03 1.357360674187793714e+00
-2.159090909090909116e-02 2.969967144591755676e-03 1.403320460960419069e+00
-2.159090909090909116e-02 2.997484970039582426e-03 1.450752739135602098e+00
-2.159090909090909116e-02 3.024420323709929408e-03 1.500112926520315693e+00
-2.159090909090909116e-02 3.081618495755842572e-03 1.548078121848331268e+00
-2.159090909090909116e-02 3.107913330789958267e-03 1.596957544801183015e+00
-2.159090909090909116e-02 3.133583735232546835e-03 1.647400150541672437e+00
-2.159090909090909116e-02 3.158614057134117876e-03 1.699776164990352445e+00
-2.111111111111111174e-02 1.623779403441325811e-03 3.515321200823132930e+00
-2.111111111111111174e-02 1.673931806736058845e-03 3.026328715338757025e+00
-2.111111111111111174e-02 1.724846984225389488e-03 2.598722240491930791e+00
-2.111111111111111174e-02 1.776524935909316221e-03 2.230090841088340881e+00
-2.111111111111111174e-02 1.828965661787840128e-03 1.918122807294862842e+00
-2.111111111111111174e-02 1.882169161860960775e-03 1.660390468316867096e+00
-2.111111111111111174e-02 1.936135436128677946e-03 1.454906877179471980e+00
-2.111111111111111174e-02 1.990864484590992075e-03 1.299458379428879207e+00
-2.111111111111111174e-02 2.046356307247902510e-03 1.191998621982771400e+00
-2.111111111111111174e-02 2.088006517401147857e-03 1.124544372710494011e+00
-2.111111111111111174e-02 2.114633536688137819e-03 1.067929272945786989e+00
-2.111111111111111174e-02 2.140422084673541513e-03 1.018300804033730245e+00
-2.111111111111111174e-02 2.165341222536483045e-03 9.751951301886734313e-01
-2.111111111111111174e-02 2.189360047113334071e-03 9.383671761735831174e-01
-2.111111111111111174e-02 2.212447691966574516e-03 9.077957001322802810e-01
-2.111111111111111174e-02 2.234573328506664694e-03 8.831835872434030676e-01
-2.111111111111111174e-02 2.273157003274068558e-03 8.633881957750636493e-01
-2.111111111111111174e-02 2.293692756117110283e-03 8.482150038758221600e-01
-2.111111111111111174e-02 2.313179171129119832e-03 8.392319892623951727e-01
-2.111111111111111174e-02 2.350333642423719713e-03 8.328895724319553828e-01
-2.111111111111111174e-02 2.368070681442307861e-03 8.325272030536013945e-01
-2.111111111111111174e-02 2.404310235582865496e-03 8.343782898504759071e-01
-2.111111111111111174e-02 2.440288643111337714e-03 8.419543414930595882e-01
-2.111111111111111174e-02 2.455437123051541163e-03 8.512748368849599734e-01
-2.111111111111111174e-02 2.490381708133967541e-03 8.643629750959823665e-01
-2.111111111111111174e-02 2.525013346638402875e-03 8.816265086158767694e-01
-2.111111111111111174e-02 2.537357547184211203e-03 9.010584676441900642e-01
-2.111111111111111174e-02 2.570836737943903855e-03 9.224724693560107935e-01
-2.111111111111111174e-02 2.603951294422735940e-03 9.471759541123691006e-01
-2.111111111111111174e-02 2.636685699413264007e-03 9.744703333977985382e-01
-2.111111111111111174e-02 2.669024445086258090e-03 1.003943548648575490e+00
-2.111111111111111174e-02 2.700952033153854182e-03 1.035926716723564400e+00
-2.111111111111111174e-02 2.732452975037459857e-03 1.069709843354944567e+00
-2.111111111111111174e-02 2.763511792040627274e-03 1.105320638929467636e+00
-2.111111111111111174e-02 2.794113015527080034e-03 1.142301137916655662e+00
-2.111111111111111174e-02 2.824241187104104250e-03 1.180712754636095818e+00
-2.111111111111111174e-02 2.853880858811542760e-03 1.220898447939207765e+00
-2.111111111111111174e-02 2.883016593316586364e-03 1.262351146531822454e+00
-2.111111111111111174e-02 2.911632964114653933e-03 1.305177952059648927e+00
-2.111111111111111174e-02 2.939714555736568698e-03 1.349317432995262411e+00
-2.111111111111111174e-02 2.967245963962348177e-03 1.394920863290584068e+00
-2.111111111111111174e-02 2.994211796041846684e-03 1.442413569093398795e+00
-2.111111111111111174e-02 3.050838661067611837e-03 1.489344379025403287e+00
-2.111111111111111174e-02 3.077187416035595622e-03 1.536555950595392295e+00
-2.111111111111111174e-02 3.102929446420085290e-03 1.585232386015454464e+00
-2.111111111111111174e-02 3.128049399699878597e-03 1.635722977512696019e+00
-2.065217391304348046e-02 1.641144123129390344e-03 3.381351083199744867e+00
-2.065217391304348046e-02 1.691062013439171554e-03 2.913562197515537466e+00
-2.065217391304348046e-02 1.741727737311646188e-03 2.505225609649692764e+00
-2.065217391304348046e-02 1.793141294746814027e-03 2.154058093268333085e+00
-2.065217391304348046e-02 1.845302685744675290e-03 1.857639366588179630e+00
-2.065217391304348046e-02 1.898211910305229759e-03 1.614014174241163335e+00
-2.065217391304348046e-02 1.951868968428478084e-03 1.420979869819127384e+00
-2.065217391304348046e-02 2.006273860114419182e-03 1.276511605074663658e+00
-2.065217391304348046e-02 2.061426585363053919e-03 1.178575841200927510e+00
-2.065217391304348046e-02 2.087929190619412703e-03 1.115837319250575055e+00
-2.065217391304348046e-02 2.113615161578024509e-03 1.060704487021190134e+00
-2.065217391304348046e-02 2.138454150238597307e-03 1.012677302843588478e+00
-2.065217391304348046e-02 2.178295252544710636e-03 9.713640931107138110e-01
-2.065217391304348046e-02 2.201752968949437141e-03 9.353755281219026108e-01
-2.065217391304348046e-02 2.224277734678409453e-03 9.051173257481637258e-01
-2.065217391304348046e-02 2.245839331089084009e-03 8.808030998845253201e-01
-2.065217391304348046e-02 2.266407577250081299e-03 8.629802826767871693e-01
-2.065217391304348046e-02 2.303901154826249603e-03 8.476545340894736658e-01
-2.065217391304348046e-02 2.322820244988952048e-03 8.386005949822723515e-01
-2.065217391304348046e-02 2.359473039009250643e-03 8.331480035937378625e-01
-2.065217391304348046e-02 2.376642055250990839e-03 8.325094588852184341e-01
-2.065217391304348046e-02 2.412372904902842195e-03 8.347928828548986102e-01
-2.065217391304348046e-02 2.447837757433114943e-03 8.426446216021502567e-01
-2.065217391304348046e-02 2.462419001204716861e-03 8.514742252563400893e-01
-2.065217391304348046e-02 2.496845354552501648e-03 8.645135844096613065e-01
-2.065217391304348046e-02 2.530954935147117051e-03 8.815876019840814815e-01
-2.065217391304348046e-02 2.542736937400312622e-03 9.008249826584394659e-01
-2.065217391304348046e-02 2.575691734023275933e-03 9.220920043007224676e-01
-2.065217391304348046e-02 2.608279090484538071e-03 9.462118979045921474e-01
-2.065217391304348046e-02 2.640483795811875492e-03 9.727586835225255912e-01
-2.065217391304348046e-02 2.672290648069904941e-03 1.002033701077265304e+00
-2.065217391304348046e-02 2.703684454517588532e-03 1.033293374733460723e+00
-2.065217391304348046e-02 2.734650031770350168e-03 1.066557369200270777e+00
-2.065217391304348046e-02 2.765172205966986724e-03 1.101326009668083250e+00
-2.065217391304348046e-02 2.795235812941557901e-03 1.137649627161146260e+00
-2.065217391304348046e-02 2.824825698400475465e-03 1.175839823813001894e+00
-2.065217391304348046e-02 2.853926718104977077e-03 1.215364178554417141e+00
-2.065217391304348046e-02 2.882523738059243612e-03 1.256313065713968724e+00
-2.065217391304348046e-02 2.910601634704359456e-03 1.298591096613342932e+00
-2.065217391304348046e-02 2.938145295118398115e-03 1.342335148686525370e+00
-2.065217391304348046e-02 2.965139617222861679e-03 1.387940730029249448e+00
-2.065217391304348046e-02 3.021216665983737955e-03 1.433839664271777892e+00
-2.065217391304348046e-02 3.047616432531881792e-03 1.479375517987583155e+00
-2.065217391304348046e-02 3.073426492639154059e-03 1.526290849856285936e+00
-2.065217391304348046e-02 3.098631782253460486e-03 1.574914560302723920e+00
-2.021276595744680993e-02 1.658567945957587766e-03 3.250610291029265575e+00
-2.021276595744680993e-02 1.708260118631211048e-03 2.803504622230609478e+00
-2.021276595744680993e-02 1.758685755108135157e-03 2.414034715402001652e+00
-2.021276595744680993e-02 1.809844855388359659e-03 2.079788262234693264e+00
-2.021276595744680993e-02 1.861737419471885422e-03 1.798841899800988742e+00
-2.021276595744680993e-02 1.914363447358711362e-03 1.569004046200446645e+00
-2.021276595744680993e-02 1.967722939048838129e-03 1.388272345179240252e+00
-2.021276595744680993e-02 2.021815894542265939e-03 1.254620898777885518e+00
-2.021276595744680993e-02 2.076642313838993927e-03 1.166212597279746577e+00
-2.021276595744680993e-02 2.102610367617312442e-03 1.105775410342654475e+00
-2.021276595744680993e-02 2.127757814548155140e-03 1.052451097646894596e+00
-2.021276595744680993e-02 2.152054897364719024e-03 1.005857268957127459e+00
-2.021276595744680993e-02 2.175471891503021581e-03 9.658105102589826796e-01
-2.021276595744680993e-02 2.197979106076847038e-03 9.319170176401322392e-01
-2.021276595744680993e-02 2.236321545467341750e-03 9.026263728088645966e-01
-2.021276595744680993e-02 2.257330557835516161e-03 8.788460754843230305e-01
-2.021276595744680993e-02 2.277345681538707044e-03 8.610369430336437535e-01
-2.021276595744680993e-02 2.314359930482476867e-03 8.472267328416617227e-01
-2.021276595744680993e-02 2.332723256394324263e-03 8.380404136264277826e-01
-2.021276595744680993e-02 2.368888375227814515e-03 8.334405930304675802e-01
-2.021276595744680993e-02 2.385500941488982729e-03 8.325411366661750190e-01
-2.021276595744680993e-02 2.420737344837023148e-03 8.354276494913441820e-01
-2.021276595744680993e-02 2.435500379417282913e-03 8.431017716224411540e-01
-2.021276595744680993e-02 2.469728608323712611e-03 8.518151131838835877e-01
-2.021276595744680993e-02 2.503651333269408998e-03 8.649111378141139950e-01
-2.021276595744680993e-02 2.537253599436978518e-03 8.817044525212072159e-01
-2.021276595744680993e-02 2.548484708348022765e-03 9.009619904655241651e-01
-2.021276595744680993e-02 2.580929929768650127e-03 9.218128674783299115e-01
-2.021276595744680993e-02 2.613005006020136922e-03 9.453411632411072851e-01
-2.021276595744680993e-02 2.644695020578488424e-03 9.718186928397601898e-01
-2.021276595744680993e-02 2.675985065635016168e-03 1.000469574434997178e+00
-2.021276595744680993e-02 2.706860242248534335e-03 1.031306343673744852e+00
-2.021276595744680993e-02 2.737305660502017436e-03 1.063788224183805475e+00
-2.021276595744680993e-02 2.767306439663874511e-03 1.097955478540376006e+00
-2.021276595744680993e-02 2.796847708354071455e-03 1.134088498881247409e+00
-2.021276595744680993e-02 2.825914604715245877e-03 1.171630683565780373e+00
-2.021276595744680993e-02 2.854492276589066027e-03 1.210656432956385808e+00
-2.021276595744680993e-02 2.882565881698013772e-03 1.251036933217684499e+00
-2.021276595744680993e-02 2.910120587832857458e-03 1.292895447211025450e+00
-2.021276595744680993e-02 2.937141573046006798e-03 1.336597929378581018e+00
-2.021276595744680993e-02 2.992689119695280797e-03 1.381468980449699568e+00
-2.021276595744680993e-02 3.019137203627397358e-03 1.425324010358727689e+00
-2.021276595744680993e-02 3.045011950351144813e-03 1.470485327761714256e+00
-2.021276595744680993e-02 3.070298573900065008e-03 1.517261968481896428e+00
-1.979166666666666574e-02 1.627292628126166115e-03 3.608244098699591618e+00
-1.979166666666666574e-02 1.676047764425796270e-03 3.123283830591705446e+00
-1.979166666666666574e-02 1.725522533733538869e-03 2.696389292305774177e+00
-1.979166666666666574e-02 1.775716936049394129e-03 2.325156656802109367e+00
-1.979166666666666574e-02 1.826630971373362049e-03 2.007694592536133360e+00
-1.979166666666666574e-02 1.878264639705442846e-03 1.741822578382131503e+00
-1.979166666666666574e-02 1.930617941045635654e-03 1.525561642839031506e+00
-1.979166666666666574e-02 1.983690875393941989e-03 1.356893930059059006e+00
-1.979166666666666574e-02 2.037483442750359468e-03 1.234007593085285404e+00
-1.979166666666666574e-02 2.091995643114890474e-03 1.155049127189548663e+00
-1.979166666666666574e-02 2.117439332962324419e-03 1.096683442473401771e+00
-1.979166666666666574e-02 2.142058587159656902e-03 1.045014076491852739e+00
-1.979166666666666574e-02 2.165824216746986466e-03 9.997487388072572312e-01
-1.979166666666666574e-02 2.188707064409635417e-03 9.604598529326506817e-01
-1.979166666666666574e-02 2.210678005423826527e-03 9.271835565077319874e-01
-1.979166666666666574e-02 2.231707948649003844e-03 9.003719496340690798e-01
-1.979166666666666574e-02 2.269034788818253406e-03 8.770054146893040414e-01
-1.979166666666666574e-02 2.288507633342492121e-03 8.592712693385649025e-01
-1.979166666666666574e-02 2.325055485321785281e-03 8.469852599481870747e-01
-1.979166666666666574e-02 2.342873976592417702e-03 8.375124383412968498e-01
-1.979166666666666574e-02 2.378564654122540534e-03 8.339188121354879080e-01
-1.979166666666666574e-02 2.394631712404883712e-03 8.327598398265606550e-01
-1.979166666666666574e-02 2.429387145870181685e-03 8.359469865832445112e-01
-1.979166666666666574e-02 2.443605874985128792e-03 8.433067467720836152e-01
-1.979166666666666574e-02 2.477348116907986206e-03 8.523327307105599271e-01
-1.979166666666666574e-02 2.510781016877221966e-03 8.653734921374536260e-01
-1.979166666666666574e-02 2.543889904728248615e-03 8.822838874410274812e-01
-1.979166666666666574e-02 2.554580812165547794e-03 9.011003303928006858e-01
-1.979166666666666574e-02 2.586530466567633999e-03 9.215276943310948266e-01
-1.979166666666666574e-02 2.618107366414062880e-03 9.451275637397701379e-01
-1.979166666666666574e-02 2.649296878506033313e-03 9.710929988083676356e-01
-1.979166666666666574e-02 2.680084378056843322e-03 9.994302898080330566e-01
-1.979166666666666574e-02 2.710455248839070078e-03 1.029558154873640108e+00
-1.979166666666666574e-02 2.740394883336051170e-03 1.061507770494436675e+00
-1.979166666666666574e-02 2.769888682897872229e-03 1.095528452570457612e+00
-1.979166666666666574e-02 2.798922057902001465e-03 1.131040567823467402e+00
-1.979166666666666574e-02 2.827480427918800058e-03 1.168103272370222268e+00
-1.979166666666666574e-02 2.855549221882070204e-03 1.206554850238058307e+00
-1.979166666666666574e-02 2.883113878264893185e-03 1.246505708255822409e+00
-1.979166666666666574e-02 2.910159845260931830e-03 1.288292502063255185e+00
-1.979166666666666574e-02 2.936672580971475769e-03 1.331650422370867837e+00
-1.979166666666666574e-02 2.991691011968861547e-03 1.374312658943787957e+00
-1.979166666666666574e-02 3.017627332660261907e-03 1.417728899040502588e+00
-1.979166666666666574e-02 3.042991554833944512e-03 1.462679421789578660e+00
-1.938775510204081634e-02 1.645021758800131869e-03 3.463036090024410818e+00
-1.938775510204081634e-02 1.693580680419371322e-03 2.999575145317685987e+00
-1.938775510204081634e-02 1.742845913625799608e-03 2.592180420043180611e+00
-1.938775510204081634e-02 1.792817458419416728e-03 2.238992698336617959e+00
-1.938775510204081634e-02 1.843495314800223332e-03 1.937842463043514929e+00
-1.938775510204081634e-02 1.894879482768218335e-03 1.686774933844647162e+00
-1.938775510204081634e-02 1.946969962323402388e-03 1.483780632781354747e+00
-1.938775510204081634e-02 1.999766753465775058e-03 1.327072621334093983e+00
-1.938775510204081634e-02 2.053269856195337213e-03 1.214806865717742657e+00
-1.938775510204081634e-02 2.092865688370834469e-03 1.143806617282183247e+00
-1.938775510204081634e-02 2.117417854529520839e-03 1.087226488123999468e+00
-1.938775510204081634e-02 2.141137256284779845e-03 1.037527588280126034e+00
-1.938775510204081634e-02 2.179753137742530909e-03 9.941984651448837473e-01
-1.938775510204081634e-02 2.202111822672189571e-03 9.556151924230447126e-01
-1.938775510204081634e-02 2.223556546673224714e-03 9.231967257498887580e-01
-1.938775510204081634e-02 2.244058762649446363e-03 8.966191845084765522e-01
-1.938775510204081634e-02 2.280940661226256872e-03 8.755488685918260128e-01
-1.938775510204081634e-02 2.299881487445436593e-03 8.577356546546557325e-01
-1.938775510204081634e-02 2.317798933455167583e-03 8.462310157384685949e-01
-1.938775510204081634e-02 2.353259176348176419e-03 8.371936627676997977e-01
-1.938775510204081634e-02 2.369467538475220677e-03 8.343988761594853809e-01
-1.938775510204081634e-02 2.404019838908708854e-03 8.328363818312820577e-01
-1.938775510204081634e-02 2.438307052699718088e-03 8.367047332570065610e-01
-1.938775510204081634e-02 2.451991775076194785e-03 8.436520423400103441e-01
-1.938775510204081634e-02 2.485260953997489499e-03 8.528575151611705873e-01
-1.938775510204081634e-02 2.518217089286499746e-03 8.662361739299919705e-01
-1.938775510204081634e-02 2.550845784849681708e-03 8.829405555625334800e-01
-1.938775510204081634e-02 2.561006612611705507e-03 9.011638105062370618e-01
-1.938775510204081634e-02 2.592473954897351381e-03 9.218143291017548702e-01
-1.938775510204081634e-02 2.623566023960000135e-03 9.450257051354459259e-01
-1.938775510204081634e-02 2.654268459418343204e-03 9.707988352222545192e-01
-1.938775510204081634e-02 2.684566909016894518e-03 9.985125163007783078e-01
-1.938775510204081634e-02 2.714447028768414774e-03 1.028189789232015539e+00
-1.938775510204081634e-02 2.743894483100527224e-03 1.060049014554063085e+00
-1.938775510204081634e-02 2.772894945006672447e-03 1.093488656034899531e+00
-1.938775510204081634e-02 2.801434096201586843e-03 1.128553331940935323e+00
-1.938775510204081634e-02 2.829497627281481360e-03 1.165048937971769005e+00
-1.938775510204081634e-02 2.857071237889132094e-03 1.203073760343626564e+00
-1.938775510204081634e-02 2.884140636884052322e-03 1.242935400944297664e+00
-1.938775510204081634e-02 2.910691542518008788e-03 1.284351334749650686e+00
-1.938775510204081634e-02 2.965223219908385242e-03 1.326255992682669138e+00
-1.938775510204081634e-02 2.991218212159142600e-03 1.367937780036809547e+00
-1.938775510204081634e-02 3.016656541880477060e-03 1.411084158503288721e+00
-1.899999999999999953e-02 1.662794311920614762e-03 3.322152987512394517e+00
-1.899999999999999953e-02 1.711163988368982498e-03 2.879402600929511724e+00
-1.899999999999999953e-02 1.760227136881126284e-03 2.491263510786989155e+00
-1.899999999999999953e-02 1.809983757457045905e-03 2.155577100412694236e+00
-1.899999999999999953e-02 1.860433850096741360e-03 1.870413508119447066e+00
-1.899999999999999953e-02 1.911577414800212866e-03 1.633771910596479193e+00
-1.899999999999999953e-02 1.963414451567459338e-03 1.443889894869831547e+00
-1.899999999999999953e-02 2.015944960398482512e-03 1.298934128898469709e+00
-1.899999999999999953e-02 2.069168941293281303e-03 1.197127603091693970e+00
-1.899999999999999953e-02 2.108370170370938313e-03 1.132009223211005056e+00
-1.899999999999999953e-02 2.132418942962009765e-03 1.077308958483232715e+00
-1.899999999999999953e-02 2.155631472384112162e-03 1.028885331527437108e+00
-1.899999999999999953e-02 2.177979653419463962e-03 9.866037822882989250e-01
-1.899999999999999953e-02 2.199435410879471958e-03 9.508324205217019154e-01
-1.899999999999999953e-02 2.236605316566072418e-03 9.196282804393316468e-01
-1.899999999999999953e-02 2.256589379372543613e-03 8.933584507479516157e-01
-1.899999999999999953e-02 2.275601482861273027e-03 8.731237319890354787e-01
-1.899999999999999953e-02 2.311456123607855649e-03 8.564539492248112174e-01
-1.899999999999999953e-02 2.328851293023547105e-03 8.447892822095700582e-01
-1.899999999999999953e-02 2.363866541007286770e-03 8.372167083893362616e-01
-1.899999999999999953e-02 2.379551189273063083e-03 8.337333616684603488e-01
-1.899999999999999953e-02 2.413651797114241097e-03 8.331637166442468212e-01
-1.899999999999999953e-02 2.447482865988519999e-03 8.377232130267240340e-01
-1.899999999999999953e-02 2.460643338599864931e-03 8.439773394002980655e-01
-1.899999999999999953e-02 2.493451694319334493e-03 8.537503108882777969e-01
-1.899999999999999953e-02 2.525943433983574016e-03 8.671230916427108415e-01
-1.899999999999999953e-02 2.558104425564832786e-03 8.836222003988420948e-01
-1.899999999999999953e-02 2.567744764739878036e-03 9.017406208110180232e-01
-1.899999999999999953e-02 2.598742349057780315e-03 9.221367742079956686e-01
-1.899999999999999953e-02 2.629362227625547856e-03 9.452880763086255467e-01
-1.899999999999999953e-02 2.659590302942685999e-03 9.705339753251394086e-01
-1.899999999999999953e-02 2.689412485363903548e-03 9.978902956719190032e-01
-1.899999999999999953e-02 2.718814693237065795e-03 1.027544550661871003e+00
-1.899999999999999953e-02 2.747782853045171655e-03 1.058874409632451163e+00
-1.899999999999999953e-02 2.776302899552570043e-03 1.091910636428806924e+00
-1.899999999999999953e-02 2.804360775955539505e-03 1.126427242857096722e+00
-1.899999999999999953e-02 2.831942434037437121e-03 1.162511107157460089e+00
-1.899999999999999953e-02 2.859033834328596636e-03 1.200441012536149543e+00
-1.899999999999999953e-02 2.885620946271177500e-03 1.239917557992242569e+00
-1.899999999999999953e-02 2.911689748389158661e-03 1.280927206701708343e+00
-1.899999999999999953e-02 2.965733880708357716e-03 1.321031176871287682e+00
-1.899999999999999953e-02 2.991243050640944763e-03 1.362396297794486122e+00
-1.862745098039215660e-02 1.633102170851925697e-03 3.662782460533802187e+00
-1.862745098039215660e-02 1.680608120953471516e-03 3.185465067766533931e+00
-1.862745098039215660e-02 1.728795159945362061e-03 2.763132921665124364e+00
-1.862745098039215660e-02 1.777663287827597549e-03 2.393638161588183877e+00
-1.862745098039215660e-02 1.827212504600177114e-03 2.075076499650953643e+00
-1.862745098039215660e-02 1.877442810263102056e-03 1.805455990789482712e+00
-1.862745098039215660e-02 1.928354204816371074e-03 1.583038340757929596e+00
-1.862745098039215660e-02 1.979946688259985252e-03 1.406002063440087380e+00
-1.862745098039215660e-02 2.032220260593943940e-03 1.272585180752751732e+00
-1.862745098039215660e-02 2.085174921818248005e-03 1.181100515431933839e+00
-1.862745098039215660e-02 2.109172931077108078e-03 1.121656112741359346e+00
-1.862745098039215660e-02 2.147544808972640107e-03 1.068460537380041098e+00
-1.862745098039215660e-02 2.170259159346179818e-03 1.021169378078043755e+00
-1.862745098039215660e-02 2.192106309957289959e-03 9.801401083804397452e-01
-1.862745098039215660e-02 2.213058692604207012e-03 9.448982124327827137e-01
-1.862745098039215660e-02 2.233088769093293218e-03 9.157791564518703575e-01
-1.862745098039215660e-02 2.269290526692453736e-03 8.905762236756795680e-01
-1.862745098039215660e-02 2.287792644016447673e-03 8.702888994253337174e-01
-1.862745098039215660e-02 2.323221177576536255e-03 8.556285005748698325e-01
-1.862745098039215660e-02 2.340103278581108764e-03 8.437435137860280765e-01
-1.862745098039215660e-02 2.374684593914158041e-03 8.372298356098737404e-01
-1.862745098039215660e-02 2.389854777309323962e-03 8.333604016888503940e-01
-1.862745098039215660e-02 2.423514984087006205e-03 8.337627998547357810e-01
-1.862745098039215660e-02 2.436881512202249914e-03 8.385638603914384870e-01
-1.862745098039215660e-02 2.469546828826266281e-03 8.446657527287790845e-01
-1.862745098039215660e-02 2.501905963977350648e-03 8.546414227573426725e-01
-1.862745098039215660e-02 2.533945033320381731e-03 8.680085138017489266e-01
-1.862745098039215660e-02 2.543873173706246316e-03 8.847752003448219327e-01
-1.862745098039215660e-02 2.574779106456615355e-03 9.023018687651951364e-01
-1.862745098039215660e-02 2.605318834283227702e-03 9.227801788330343147e-01
-1.862745098039215660e-02 2.635478505691101966e-03 9.455107906843938093e-01
-1.862745098039215660e-02 2.665244276654478179e-03 9.705032008621949924e-01
-1.862745098039215660e-02 2.694602310746721692e-03 9.979141710454514369e-01
-1.862745098039215660e-02 2.723538779274010078e-03 1.027101664651666857e+00
-1.862745098039215660e-02 2.752039861412944408e-03 1.058083251970386218e+00
-1.862745098039215660e-02 2.780091744352250569e-03 1.090601555869257666e+00
-1.862745098039215660e-02 2.807680623438732394e-03 1.124732736845252656e+00
-1.862745098039215660e-02 2.834792702327647036e-03 1.160726984397764117e+00
-1.862745098039215660e-02 2.861414193137692095e-03 1.198268844293132185e+00
-1.862745098039215660e-02 2.887531316610787973e-03 1.237321541456845253e+00
-1.862745098039215660e-02 2.941127042129647838e-03 1.276931146830049713e+00
-1.862745098039215660e-02 2.966703990265990958e-03 1.316538709930673789e+00
-1.826923076923077024e-02 1.651119624759302389e-03 3.509100892930346660e+00
-1.826923076923077024e-02 1.698461158306940541e-03 3.053317899616987852e+00
-1.826923076923077024e-02 1.746471830137937865e-03 2.650728167291573012e+00
-1.826923076923077024e-02 1.795151640252293712e-03 2.299453570869565588e+00
-1.826923076923077024e-02 1.844500588650008731e-03 1.997511219280544204e+00
-1.826923076923077024e-02 1.894518675331081838e-03 1.743186510379169052e+00
-1.826923076923077024e-02 1.945205900295514118e-03 1.534670867581026776e+00
-1.826923076923077024e-02 1.996562263543305571e-03 1.370217078303312963e+00
-1.826923076923077024e-02 2.048587765074455763e-03 1.248129918639939273e+00
-1.826923076923077024e-02 2.101282404888964693e-03 1.166820169454915845e+00
-1.826923076923077024e-02 2.124799434463661360e-03 1.109227311190109866e+00
-1.826923076923077024e-02 2.147496353778745488e-03 1.057957536076870486e+00
-1.826923076923077024e-02 2.169346036815805560e-03 1.013305251584622146e+00
-1.826923076923077024e-02 2.206368026303455725e-03 9.744860100031136341e-01
-1.826923076923077024e-02 2.226825455608463702e-03 9.398574341390503184e-01
-1.826923076923077024e-02 2.246358800263047618e-03 9.109841404861559466e-01
-1.826923076923077024e-02 2.264941040318871855e-03 8.882075895577686842e-01
-1.826923076923077024e-02 2.300154322985535019e-03 8.680162633934598304e-01
-1.826923076923077024e-02 2.317154374810725947e-03 8.540866730917664462e-01
-1.826923076923077024e-02 2.351544749486516803e-03 8.427399464503519955e-01
-1.826923076923077024e-02 2.366872277490661858e-03 8.371113763153471554e-01
-1.826923076923077024e-02 2.400367123157188046e-03 8.332967055347815233e-01
-1.826923076923077024e-02 2.433597641781981742e-03 8.344566084350366619e-01
-1.826923076923077024e-02 2.446458746688229789e-03 8.388307097497820219e-01
-1.826923076923077024e-02 2.478689430379801308e-03 8.453514169072180451e-01
-1.826923076923077024e-02 2.510610353518329986e-03 8.555291120976410424e-01
-1.826923076923077024e-02 2.542207877615099837e-03 8.694806076769424630e-01
-1.826923076923077024e-02 2.551632673894504294e-03 8.854028247052564415e-01
-1.826923076923077024e-02 2.582094560648397121e-03 9.031630077975235649e-01
-1.826923076923077024e-02 2.612187724859914902e-03 9.233364786138221758e-01
-1.826923076923077024e-02 2.641898559835094678e-03 9.459272644944232145e-01
-1.826923076923077024e-02 2.671213466110529487e-03 9.710614587653760843e-01
-1.826923076923077024e-02 2.700118851579337911e-03 9.980783876186053449e-01
-1.826923076923077024e-02 2.728601131620820783e-03 1.026983066528427857e+00
-1.826923076923077024e-02 2.756646729233909552e-03 1.057487214847439461e+00
-1.826923076923077024e-02 2.784242075174611468e-03 1.089656943573251935e+00
-1.826923076923077024e-02 2.811373608097550870e-03 1.123714063316683553e+00
-1.826923076923077024e-02 2.838027774701828640e-03 1.159327872637913703e+00
-1.826923076923077024e-02 2.864191029881345101e-03 1.196438972753879781e+00
-1.826923076923077024e-02 2.889849836879777607e-03 1.235044567215212385e+00
-1.826923076923077024e-02 2.942995387346721437e-03 1.273436893782554424e+00
-1.792452830188679194e-02 1.669168862801230372e-03 3.360619624399004746e+00
-1.792452830188679194e-02 1.716351524654005211e-03 2.925633707704212938e+00
-1.792452830188679194e-02 1.764191784581382741e-03 2.542318223379307796e+00
-1.792452830188679194e-02 1.812689642583364047e-03 2.208699467050883047e+00
-1.792452830188679194e-02 1.861845098659947826e-03 1.923086085880952423e+00
-1.792452830188679194e-02 1.911658152811134730e-03 1.683683401444376226e+00
-1.792452830188679194e-02 1.962128805036925192e-03 1.488758672200473310e+00
-1.792452830188679194e-02 2.013257055337318996e-03 1.336609729142411496e+00
-1.792452830188679194e-02 2.065042903712315490e-03 1.225695491085057931e+00
-1.792452830188679194e-02 2.117486350161915543e-03 1.154207136759749286e+00
-1.792452830188679194e-02 2.140529931749291827e-03 1.098227100854392457e+00
-1.792452830188679194e-02 2.162749867823305239e-03 1.048661839404047669e+00
-1.792452830188679194e-02 2.184119505875296071e-03 1.004896726882433144e+00
-1.792452830188679194e-02 2.204612220346150505e-03 9.671929786510047311e-01
-1.792452830188679194e-02 2.224201413439359874e-03 9.354564074426452436e-01
-1.792452830188679194e-02 2.259773211771342726e-03 9.068835738525885537e-01
-1.792452830188679194e-02 2.277865523566867823e-03 8.842219993021531721e-01
-1.792452830188679194e-02 2.312678002700615642e-03 8.664133370533531053e-01
-1.792452830188679194e-02 2.329184525583168335e-03 8.518198162821366548e-01
-1.792452830188679194e-02 2.363166233619264436e-03 8.422927967203661659e-01
-1.792452830188679194e-02 2.377998203999236431e-03 8.361599547751515926e-01
-1.792452830188679194e-02 2.411077784963506273e-03 8.333669796754014092e-01
-1.792452830188679194e-02 2.443888788277229912e-03 8.356911320492923512e-01
-1.792452830188679194e-02 2.456252788707482485e-03 8.391165553888353390e-01
-1.792452830188679194e-02 2.488059174201669513e-03 8.460543075945223812e-01
-1.792452830188679194e-02 2.519552339349466052e-03 8.570027958696220249e-01
-1.792452830188679194e-02 2.550718882989732109e-03 8.709923818793413597e-01
-1.792452830188679194e-02 2.559648563795013584e-03 8.863297841022922396e-01
-1.792452830188679194e-02 2.589677046719171365e-03 9.039095023370377069e-01
-1.792452830188679194e-02 2.619334372043671116e-03 9.240658146122959771e-01
-1.792452830188679194e-02 2.648607169410755694e-03 9.468942171403196273e-01
-1.792452830188679194e-02 2.677482075466882001e-03 9.717164480025417550e-01
-1.792452830188679194e-02 2.705945733984983868e-03 9.985255849391385663e-01
-1.792452830188679194e-02 2.733984795990274629e-03 1.027002919671829329e+00
-1.792452830188679194e-02 2.761585919889777627e-03 1.057205160395960020e+00
-1.792452830188679194e-02 2.788735771605687416e-03 1.089325943482259529e+00
-1.792452830188679194e-02 2.815421024712760293e-03 1.123020109911793796e+00
-1.792452830188679194e-02 2.841628360579862532e-03 1.158206239039535568e+00
-1.792452830188679194e-02 2.867344468515867131e-03 1.194864577768907310e+00
-1.792452830188679194e-02 2.920076135820129631e-03 1.233018861141858213e+00
-1.759259259259259370e-02 1.640865764286346699e-03 3.683917212147236331e+00
-1.759259259259259370e-02 1.687248377949645672e-03 3.217219240795651469e+00
-1.759259259259259370e-02 1.734277439190133044e-03 2.802521674392384643e+00
-1.759259259259259370e-02 1.781952948007810116e-03 2.437860089279383580e+00
-1.759259259259259370e-02 1.830274904402674936e-03 2.121565926191829377e+00
-1.759259259259259370e-02 1.879243308374729023e-03 1.851859323689088566e+00
-1.759259259259259370e-02 1.928858159923972160e-03 1.627021692359748251e+00
-1.759259259259259370e-02 1.979119459050404130e-03 1.445344947848416384e+00
-1.759259259259259370e-02 2.030027205754025149e-03 1.305335316164731863e+00
-1.759259259259259370e-02 2.081581400034834568e-03 1.205165510655024308e+00
-1.759259259259259370e-02 2.119012037943897135e-03 1.140251601083770439e+00
-1.759259259259259370e-02 2.141227182985362860e-03 1.086837376907485941e+00
-1.759259259259259370e-02 2.162611019202672052e-03 1.039528783507195353e+00
-1.759259259259259370e-02 2.199006528884947433e-03 9.978547322750175308e-01
-1.759259259259259370e-02 2.219024067918168482e-03 9.606213535937021541e-01
-1.759259259259259370e-02 2.238136036292257339e-03 9.292216547610293587e-01
-1.759259259259259370e-02 2.273324912527340761e-03 9.037062226356092909e-01
-1.759259259259259370e-02 2.290934990247108383e-03 8.810269992983681409e-01
-1.759259259259259370e-02 2.307565433793865549e-03 8.642919321372467545e-01
-1.759259259259259370e-02 2.341376520649665789e-03 8.502155738200340984e-01
-1.759259259259259370e-02 2.356369822927162697e-03 8.421967196173961723e-01
-1.759259259259259370e-02 2.389303155278839873e-03 8.354037183317204462e-01
-1.759259259259259370e-02 2.421976999318722120e-03 8.340327651365164741e-01
-1.759259259259259370e-02 2.434557661735389962e-03 8.358074477086852028e-01
-1.759259259259259370e-02 2.466252959967640910e-03 8.394610385940490804e-01
-1.759259259259259370e-02 2.497644869620552904e-03 8.473623866745543243e-01
-1.759259259259259370e-02 2.528720212604078366e-03 8.585177920333633139e-01
-1.759259259259259370e-02 2.537942646719500497e-03 8.721787657764229484e-01
-1.759259259259259370e-02 2.567908206277457177e-03 8.871329834614587462e-01
-1.759259259259259370e-02 2.597513400519920260e-03 9.048264867886095519e-01
-1.759259259259259370e-02 2.626745080716303207e-03 9.253242343491591138e-01
-1.759259259259259370e-02 2.655590104810016776e-03 9.479314059198444831e-01
-1.759259259259259370e-02 2.684035337533855880e-03 9.726297374161271270e-01
-1.759259259259259370e-02 2.712067650528696312e-03 9.990705593034751031e-01
-1.759259259259259370e-02 2.739673922465673921e-03 1.027301802589666080e+00
-1.759259259259259370e-02 2.766841039171946421e-03 1.057489123911101947e+00
-1.759259259259259370e-02 2.793555893760222598e-03 1.089273680232198283e+00
-1.759259259259259370e-02 2.819805386762168180e-03 1.122552618249299750e+00
-1.759259259259259370e-02 2.845576426265868358e-03 1.157289849050444630e+00
-1.759259259259259370e-02 2.870855928057530412e-03 1.193656245285726003e+00
-1.727272727272727293e-02 1.659111947175346624e-03 3.524421413370327549e+00
-1.727272727272727293e-02 1.705356755223911506e-03 3.078987244773821796e+00
-1.727272727272727293e-02 1.752237230737062074e-03 2.683904384771261586e+00
-1.727272727272727293e-02 1.799753373714796812e-03 2.337526601845526741e+00
-1.727272727272727293e-02 1.847905184157117020e-03 2.038089705356163073e+00
-1.727272727272727293e-02 1.896692662064022481e-03 1.783888918237989341e+00
-1.727272727272727293e-02 1.946115807435513413e-03 1.573211203426928773e+00
-1.727272727272727293e-02 1.996174620271589165e-03 1.404609274251320539e+00
-1.727272727272727293e-02 2.046869100572249953e-03 1.276238553164461997e+00
-1.727272727272727293e-02 2.098199248337495777e-03 1.186604319553167475e+00
-1.727272727272727293e-02 2.135286318770376109e-03 1.127846020161191731e+00
-1.727272727272727293e-02 2.157043756139697711e-03 1.075728284728657558e+00
-1.727272727272727293e-02 2.177966647589556128e-03 1.029677699816264447e+00
-1.727272727272727293e-02 2.198029248169536352e-03 9.894069928400470726e-01
-1.727272727272727293e-02 2.233551083980587961e-03 9.551556023260407979e-01
-1.727272727272727293e-02 2.252192987250336686e-03 9.240786067196112841e-01
-1.727272727272727293e-02 2.269901660846216675e-03 8.990349357635141203e-01
-1.727272727272727293e-02 2.304142426986017633e-03 8.782259274057664378e-01
-1.727272727272727293e-02 2.320297218230087024e-03 8.613240898214542529e-01
-1.727272727272727293e-02 2.353722524206553531e-03 8.492460487753918930e-01
-1.727272727272727293e-02 2.368237601100785933e-03 8.404262172602565695e-01
-1.727272727272727293e-02 2.400778458011031125e-03 8.353176927416720021e-01
-1.727272727272727293e-02 2.433055627645081247e-03 8.349032817484256519e-01
-1.727272727272727293e-02 2.445155640429718877e-03 8.356324580598005758e-01
-1.727272727272727293e-02 2.476449265915220323e-03 8.404481702710296931e-01
-1.727272727272727293e-02 2.507436042772472670e-03 8.487318267876192701e-01
-1.727272727272727293e-02 2.538103014659754200e-03 8.605075278597316135e-01
-1.727272727272727293e-02 2.546845378726947644e-03 8.729144334923844006e-01
-1.727272727272727293e-02 2.576399774112311629e-03 8.881209812011101601e-01
-1.727272727272727293e-02 2.605591301772524487e-03 9.062670639122030192e-01
-1.727272727272727293e-02 2.634407033845315941e-03 9.266423138910536705e-01
-1.727272727272727293e-02 2.662834048941568454e-03 9.492177004699567933e-01
-1.727272727272727293e-02 2.690859432257403355e-03 9.736150497846213225e-01
-1.727272727272727293e-02 2.718470275689526070e-03 9.998741206686394545e-01
-1.727272727272727293e-02 2.745653677953923712e-03 1.028132774448809128e+00
-1.727272727272727293e-02 2.772396744708078946e-03 1.058019241918633391e+00
-1.727272727272727293e-02 2.798686588676814642e-03 1.089409813760948476e+00
-1.727272727272727293e-02 2.824510329781930625e-03 1.122252670999501323e+00
-1.727272727272727293e-02 2.849855095275785188e-03 1.156702528765968685e+00
-1.696428571428571300e-02 1.677381239918631544e-03 3.370705210382899164e+00
-1.696428571428571300e-02 1.723492664934741245e-03 2.945810508818882845e+00
-1.696428571428571300e-02 1.770229329612085355e-03 2.569935373202016482e+00
-1.696428571428571300e-02 1.817591233950665392e-03 2.241332076936283446e+00
-1.696428571428571300e-02 1.865578377950480923e-03 1.958309297862312670e+00
-1.696428571428571300e-02 1.914190761611531946e-03 1.719149946096088177e+00
-1.696428571428571300e-02 1.963428384933818462e-03 1.522452414502154294e+00
-1.696428571428571300e-02 2.013291247917339821e-03 1.366355922893362163e+00
-1.696428571428571300e-02 2.063779350562097107e-03 1.249389742769041467e+00
-1.696428571428571300e-02 2.114892692868089452e-03 1.170566498772878994e+00
-1.696428571428571300e-02 2.136656700585148286e-03 1.114726480500238814e+00
-1.696428571428571300e-02 2.157604260862120999e-03 1.065243192524070182e+00
-1.696428571428571300e-02 2.193417743381720353e-03 1.021212555338273820e+00
-1.696428571428571300e-02 2.213023218889362525e-03 9.815563498835095935e-01
-1.696428571428571300e-02 2.231740403976696131e-03 9.478371963035303605e-01
-1.696428571428571300e-02 2.266366445571295699e-03 9.200895609718964252e-01
-1.696428571428571300e-02 2.283610372516817460e-03 8.945512953529221045e-01
-1.696428571428571300e-02 2.299894350167601322e-03 8.754669025248684733e-01
-1.696428571428571300e-02 2.333167389520999363e-03 8.591050801113342406e-01
-1.696428571428571300e-02 2.347847253812814644e-03 8.483013596157764624e-01
-1.696428571428571300e-02 2.380259111709929088e-03 8.394188329666247839e-01
-1.696428571428571300e-02 2.412415985439183164e-03 8.355076265503813548e-01
-1.696428571428571300e-02 2.424733418177780694e-03 8.344575521604356005e-01
-1.696428571428571300e-02 2.455931605723613801e-03 8.361543615069741975e-01
-1.696428571428571300e-02 2.486832342437344124e-03 8.415336980485965679e-01
-1.696428571428571300e-02 2.517422880699922774e-03 8.506196938453493006e-01
-1.696428571428571300e-02 2.526454990024579270e-03 8.611655038511388804e-01
-1.696428571428571300e-02 2.555959873896639957e-03 8.738648361881110604e-01
-1.696428571428571300e-02 2.585112186766524642e-03 8.896418198091274876e-01
-1.696428571428571300e-02 2.613899208195693147e-03 9.077715315675345398e-01
-1.696428571428571300e-02 2.642308223921795932e-03 9.282147293013840450e-01
-1.696428571428571300e-02 2.670326525964608014e-03 9.505641823830397463e-01
-1.696428571428571300e-02 2.697941412735013408e-03 9.748520623773361260e-01
-1.696428571428571300e-02 2.725140189147121170e-03 1.001188609736253454e+00
-1.696428571428571300e-02 2.751910166733682189e-03 1.029189871568754855e+00
-1.696428571428571300e-02 2.778238663764894326e-03 1.058711846744060159e+00
-1.696428571428571300e-02 2.804113005370755494e-03 1.089687577097163462e+00
-1.696428571428571300e-02 2.829520523667114311e-03 1.122256025596087392e+00
-1.666666666666666644e-02 1.650305490836662895e-03 3.676728073485547643e+00
-1.666666666666666644e-02 1.695672600044394662e-03 3.222618797529765988e+00
-1.666666666666666644e-02 1.741654856495620119e-03 2.817821571358688715e+00
-1.666666666666666644e-02 1.788252260190340568e-03 2.460605869204890439e+00
-1.666666666666666644e-02 1.835464811128556008e-03 2.149293451595060134e+00
-1.666666666666666644e-02 1.883292509310266222e-03 1.882164017029490433e+00
-1.666666666666666644e-02 1.931735354735470778e-03 1.657860843210966717e+00
-1.666666666666666644e-02 1.980793347404170325e-03 1.474507954967063217e+00
-1.666666666666666644e-02 2.030466487316364213e-03 1.330658655266661938e+00
-1.666666666666666644e-02 2.080754774472052659e-03 1.225332748728397370e+00
-1.666666666666666644e-02 2.131658208871236096e-03 1.156586731683369118e+00
-1.666666666666666644e-02 2.152982092699933566e-03 1.102441831546068896e+00
-1.666666666666666644e-02 2.173486146217642242e-03 1.053953006985129504e+00
-1.666666666666666644e-02 2.193145448944969818e-03 1.011323841944055779e+00
-1.666666666666666644e-02 2.211935104348848082e-03 9.748078109914763978e-01
-1.666666666666666644e-02 2.246378646731948207e-03 9.418373409793951989e-01
-1.666666666666666644e-02 2.263727444076359986e-03 9.139123851239226992e-01
-1.666666666666666644e-02 2.297436670227102039e-03 8.912375418932225735e-01
-1.666666666666666644e-02 2.313261398615924173e-03 8.718251089220802053e-01
-1.666666666666666644e-02 2.346169452906126177e-03 8.574224068419336042e-01
-1.666666666666666644e-02 2.360387025375055604e-03 8.462156715266295759e-01
-1.666666666666666644e-02 2.392427134642184910e-03 8.387753485970607104e-01
-1.666666666666666644e-02 2.404954594203634593e-03 8.358307862085769813e-01
-1.666666666666666644e-02 2.436060071541148314e-03 8.343802758296505750e-01
-1.666666666666666644e-02 2.466877191087848368e-03 8.368273596616699894e-01
-1.666666666666666644e-02 2.497393407411117091e-03 8.431968220252898938e-01
-1.666666666666666644e-02 2.506705544625536641e-03 8.518017529185615277e-01
-1.666666666666666644e-02 2.536162160927344159e-03 8.619772169814490237e-01
-1.666666666666666644e-02 2.565276170195334403e-03 8.753709850907968049e-01
-1.666666666666666644e-02 2.594035052956052915e-03 8.912445524284103859e-01
-1.666666666666666644e-02 2.622426295633106721e-03 9.095490007971920310e-01
-1.666666666666666644e-02 2.650437390647351985e-03 9.298484811227012425e-01
-1.666666666666666644e-02 2.678055836519956535e-03 9.521681430003331448e-01
-1.666666666666666644e-02 2.705269137978384524e-03 9.765907705681229345e-01
-1.666666666666666644e-02 2.732064806065479749e-03 1.002720954741368242e+00
-1.666666666666666644e-02 2.758430358251716570e-03 1.030394954466948843e+00
-1.666666666666666644e-02 2.784353318550774562e-03 1.059531248614841825e+00
-1.666666666666666644e-02 2.809821217638573069e-03 1.090253439634116361e+00
