-1.000000000000000021e-02 2.252377504989168389e-03 1.065412283368284196e+00
-1.000000000000000021e-02 2.277708935243635824e-03 1.022907301591888807e+00
-1.000000000000000021e-02 2.302448534446669554e-03 9.859445219310190023e-01
-1.000000000000000021e-02 2.326576908232106614e-03 9.535287077532037525e-01
-1.000000000000000021e-02 2.350074670574830646e-03 9.253327106586165529e-01
-1.000000000000000021e-02 2.372922443993649103e-03 9.013830508172123723e-01
-1.000000000000000021e-02 2.395100859762286372e-03 8.818276873566388563e-01
-1.000000000000000021e-02 2.416590558128952921e-03 8.662839347405690837e-01
-1.000000000000000021e-02 2.452498587237553294e-03 8.546800231100875056e-01
-1.000000000000000021e-02 2.472867017782427561e-03 8.454917177765600700e-01
-1.000000000000000021e-02 2.492491874115931871e-03 8.404509927635921418e-01
-1.000000000000000021e-02 2.527433372498199757e-03 8.385305219237967345e-01
-1.000000000000000021e-02 2.545836848071347195e-03 8.395240499769819342e-01
-1.000000000000000021e-02 2.563441962886030961e-03 8.440669515894461128e-01
-1.000000000000000021e-02 2.597290741114571117e-03 8.498532550687432074e-01
-1.000000000000000021e-02 2.630970180079387436e-03 8.596218415401750690e-01
-1.000000000000000021e-02 2.646737264303708394e-03 8.704875951686957825e-01
-1.000000000000000021e-02 2.679708038623574221e-03 8.845620020410389639e-01
-1.000000000000000021e-02 2.694060212327267605e-03 9.012590618307120272e-01
-1.000000000000000021e-02 2.726270610087453469e-03 9.191203296890262386e-01
-1.000000000000000021e-02 2.758256629331771320e-03 9.394522032696973612e-01
-1.000000000000000021e-02 2.790008554737403220e-03 9.618516767179863258e-01
-1.000000000000000021e-02 2.801693142738139516e-03 9.861656536835546882e-01
-1.000000000000000021e-02 2.832587750935548678e-03 1.010920663972819433e+00
-1.000000000000000021e-02 2.863215928601302307e-03 1.037477064874937405e+00
-1.000000000000000021e-02 2.893567970460020605e-03 1.066427443507246053e+00
-1.000000000000000021e-02 2.923634173505180751e-03 1.096520454940799194e+00
-1.000000000000000021e-02 2.953404837031832920e-03 1.128029650639226666e+00
-1.000000000000000021e-02 2.982870262670118174e-03 1.161007358977252935e+00
-1.000000000000000021e-02 3.012020754419592571e-03 1.194702139836481436e+00
-1.000000000000000021e-02 3.040846618684397377e-03 1.229400110080842268e+00
-1.000000000000000021e-02 3.092516834590477905e-03 1.272511352888479053e+00
-1.000000000000000021e-02 3.144622351388775411e-03 1.325380603670481383e+00
-1.000000000000000021e-02 3.197163169079288592e-03 1.388169927377168600e+00
-1.000000000000000021e-02 3.250139287662019184e-03 1.460439461223898672e+00
-1.000000000000000021e-02 3.303550707136965452e-03 1.541629414267227993e+00
-1.000000000000000021e-02 3.357397427504128697e-03 1.630890013702315233e+00
-1.000000000000000021e-02 3.411679448763507618e-03 1.728323355560222652e+00
-1.000000000000000021e-02 3.466396770915103082e-03 1.834027960587282235e+00
-1.000000000000000021e-02 3.521549393958915957e-03 1.946816011292841653e+00
-1.000000000000000021e-02 3.577137317894942773e-03 2.066827648565878750e+00
-1.000000000000000021e-02 3.633160542723187867e-03 2.193635803859030897e+00
-1.000000000000000021e-02 3.689619068443647770e-03 2.328190404915091882e+00
-1.000000000000000021e-02 3.746512895056326384e-03 2.468071121803023793e+00
-1.000000000000000021e-02 3.803842022561220240e-03 2.614582192860590570e+00
-1.000000000000000021e-02 3.861606450958330206e-03 2.766371879716723381e+00
-1.000000000000000021e-02 3.919806180247655848e-03 2.924489850894665288e+00
-1.000000000000000021e-02 3.978441210429198467e-03 3.087277978994434680e+00
-1.000000000000000021e-02 4.037511541502957629e-03 3.254821139967185140e+00
-1.000000000000000021e-02 4.097017173468933335e-03 3.427816224253316779e+00
-9.743589743589744015e-03 2.222168598017877032e-03 1.121325901032902861e+00
-9.743589743589744015e-03 2.247450864687005820e-03 1.072918558196135574e+00
-9.743589743589744015e-03 2.272162200584153333e-03 1.030427037916660904e+00
-9.743589743589744015e-03 2.296283679159354715e-03 9.928116568936858899e-01
-9.743589743589744015e-03 2.319796381652253041e-03 9.596853861439084143e-01
-9.743589743589744015e-03 2.342681397279091238e-03 9.310559471636735696e-01
-9.743589743589744015e-03 2.364919823427096956e-03 9.070128995990153209e-01
-9.743589743589744015e-03 2.400944436242635673e-03 8.871050796705566288e-01
-9.743589743589744015e-03 2.422136480722615875e-03 8.700767890294678342e-01
-9.743589743589744015e-03 2.442628374533835443e-03 8.569762828794993403e-01
-9.743589743589744015e-03 2.462401246878044396e-03 8.480505379830524104e-01
-9.743589743589744015e-03 2.497121310235066085e-03 8.417016343218746144e-01
-9.743589743589744015e-03 2.515715431283108584e-03 8.390146485984975033e-01
-9.743589743589744015e-03 2.549857965460197023e-03 8.397088894808987236e-01
-9.743589743589744015e-03 2.567210328517895070e-03 8.418500616609175813e-01
-9.743589743589744015e-03 2.600724805855292223e-03 8.482430954806587931e-01
-9.743589743589744015e-03 2.616772449896667511e-03 8.554131324917219059e-01
-9.743589743589744015e-03 2.649608373102968571e-03 8.664852551269833780e-01
-9.743589743589744015e-03 2.664288384666285269e-03 8.792192935284032229e-01
-9.743589743589744015e-03 2.696395288004076619e-03 8.943414346791410674e-01
-9.743589743589744015e-03 2.728289689745651714e-03 9.121198858126573494e-01
-9.743589743589744015e-03 2.740972253768101091e-03 9.313496637087647079e-01
-9.743589743589744015e-03 2.772065113755332617e-03 9.520274889177660071e-01
-9.743589743589744015e-03 2.802913907961083681e-03 9.744504407402565516e-01
-9.743589743589744015e-03 2.833509163222204096e-03 9.987895024073039085e-01
-9.743589743589744015e-03 2.863841408459384154e-03 1.025628952449427755e+00
-9.743589743589744015e-03 2.893901174706468848e-03 1.053636214905197654e+00
-9.743589743589744015e-03 2.902555109880854654e-03 1.082392028055927158e+00
-9.743589743589744015e-03 2.931674703236080478e-03 1.112761053734411032e+00
-9.743589743589744015e-03 2.960490303442574536e-03 1.144033793624398943e+00
-9.743589743589744015e-03 2.988992451695422162e-03 1.176543071369277493e+00
-9.743589743589744015e-03 3.017171691484582183e-03 1.210452233539212941e+00
-9.743589743589744015e-03 3.068007725259906150e-03 1.247107591648416003e+00
-9.743589743589744015e-03 3.119268454388405935e-03 1.294052718587767936e+00
-9.743589743589744015e-03 3.170953878870083707e-03 1.350792070696533065e+00
-9.743589743589744015e-03 3.223063998704938597e-03 1.416813628922243495e+00
-9.743589743589744015e-03 3.275598813892971473e-03 1.491232051072610698e+00
-9.743589743589744015e-03 3.328558324434181034e-03 1.574187480028727437e+00
-9.743589743589744015e-03 3.381942530328568147e-03 1.665697297607434679e+00
-9.743589743589744015e-03 3.435751431576133247e-03 1.764660059283368554e+00
-9.743589743589744015e-03 3.489985028176873730e-03 1.871119669885663139e+00
-9.743589743589744015e-03 3.544643320130793935e-03 1.984758838878889264e+00
-9.743589743589744015e-03 3.599726307437889090e-03 2.106370409632310814e+00
-9.743589743589744015e-03 3.655233990098163532e-03 2.233727772181103965e+00
-9.743589743589744015e-03 3.711166368111614659e-03 2.367927372677142372e+00
-9.743589743589744015e-03 3.767523441478242904e-03 2.507786808959334923e+00
-9.743589743589744015e-03 3.824305210198048269e-03 2.654196640875452928e+00
-9.743589743589744015e-03 3.881511674271030752e-03 2.805608086953711666e+00
-9.743589743589744015e-03 3.939142833697190788e-03 2.962065712639787129e+00
-9.743589743589744015e-03 3.997198688476527942e-03 3.124215282248753667e+00
-9.499999999999999764e-03 2.205505021571036589e-03 1.180719533773714636e+00
-9.499999999999999764e-03 2.231015093237295743e-03 1.127381398343131558e+00
-9.499999999999999764e-03 2.255977177382459571e-03 1.080050320147713183e+00
-9.499999999999999764e-03 2.280372791093708464e-03 1.037626093298893881e+00
-9.499999999999999764e-03 2.290948692159572395e-03 9.995894610537457980e-01
-9.499999999999999764e-03 2.327390711850427923e-03 9.660836480969390294e-01
-9.499999999999999764e-03 2.349976089874225831e-03 9.369853368129390514e-01
-9.499999999999999764e-03 2.371921139780998333e-03 9.118046254700036268e-01
-9.499999999999999764e-03 2.393207416543315091e-03 8.906615147322184400e-01
-9.499999999999999764e-03 2.413816483277000068e-03 8.735461652008424949e-01
-9.499999999999999764e-03 2.433729911447896251e-03 8.606483666356099516e-01
-9.499999999999999764e-03 2.468238738144841460e-03 8.498838368484702421e-01
-9.499999999999999764e-03 2.487014011841597212e-03 8.434523080608203882e-01
-9.499999999999999764e-03 2.520971600123560110e-03 8.402970448848188223e-01
-9.499999999999999764e-03 2.538547193156186731e-03 8.387772708314510384e-01
-9.499999999999999764e-03 2.555341155067853559e-03 8.414376217208148212e-01
-9.499999999999999764e-03 2.588218636214337925e-03 8.452987437482404331e-01
-9.499999999999999764e-03 2.620925769184155683e-03 8.534083845397250068e-01
-9.499999999999999764e-03 2.635917594575910416e-03 8.622252248766073546e-01
-9.499999999999999764e-03 2.667925568469171720e-03 8.746658017644782790e-01
-9.499999999999999764e-03 2.681533397490953180e-03 8.896396197626392777e-01
-9.499999999999999764e-03 2.712792965131068709e-03 9.049324270195312492e-01
-9.499999999999999764e-03 2.743829771938389658e-03 9.232564186617689961e-01
-9.499999999999999764e-03 2.774634566206813421e-03 9.434436958647494098e-01
-9.499999999999999764e-03 2.785635028443652662e-03 9.653693425365259539e-01
-9.499999999999999764e-03 2.815599094372745522e-03 9.887132896829056161e-01
-9.499999999999999764e-03 2.845300352256425677e-03 1.013485433413678694e+00
-9.499999999999999764e-03 2.874729559460523394e-03 1.039981861975973310e+00
-9.499999999999999764e-03 2.903877475398574694e-03 1.068299482792613997e+00
-9.499999999999999764e-03 2.932734861561197594e-03 1.097512854681496286e+00
-9.499999999999999764e-03 2.961292481546177417e-03 1.127961110527123445e+00
-9.499999999999999764e-03 2.989541101089273310e-03 1.159815515025292676e+00
-9.499999999999999764e-03 3.017471488095782410e-03 1.192467865546675609e+00
-9.499999999999999764e-03 3.045074412672872047e-03 1.226451594366146702e+00
-9.499999999999999764e-03 3.095530462191749266e-03 1.267727134521509758e+00
-9.499999999999999764e-03 3.146401105379639535e-03 1.318633287033748713e+00
-9.499999999999999764e-03 3.197686342236542856e-03 1.378253814120727450e+00
-9.499999999999999764e-03 3.249386172762458794e-03 1.446762455434309924e+00
-9.499999999999999764e-03 3.301500596957388216e-03 1.524099571113384011e+00
-9.499999999999999764e-03 3.354029614821330690e-03 1.609247772955148204e+00
-9.499999999999999764e-03 3.406973226354284481e-03 1.702158170755220024e+00
-9.499999999999999764e-03 3.460331431556253490e-03 1.802620016680819948e+00
-9.499999999999999764e-03 3.514104230427233817e-03 1.911272833084288747e+00
-9.499999999999999764e-03 3.568291622967228929e-03 2.026080599774870095e+00
-9.499999999999999764e-03 3.622893609176235357e-03 2.147936483854401502e+00
-9.499999999999999764e-03 3.677910189054255270e-03 2.275823256252482718e+00
-9.499999999999999764e-03 3.733341362601288235e-03 2.410475906365975973e+00
-9.499999999999999764e-03 3.789187129817333816e-03 2.550454072425800245e+00
-9.499999999999999764e-03 3.845447490702392449e-03 2.695762799248596853e+00
-9.499999999999999764e-03 3.902122445256464133e-03 2.846997106799816102e+00
-9.268292682926828827e-03 2.154106506562545632e-03 1.261228042933643101e+00
-9.268292682926828827e-03 2.203229363585107892e-03 1.186596452454038664e+00
-9.268292682926828827e-03 2.228158584494187907e-03 1.133631854360889202e+00
-9.268292682926828827e-03 2.252540663473020805e-03 1.085917179103296659e+00
-9.268292682926828827e-03 2.276357550031199526e-03 1.042923243670722755e+00
-9.268292682926828827e-03 2.299591200602158717e-03 1.004639560612211380e+00
-9.268292682926828827e-03 2.322223578706468158e-03 9.710282488338859430e-01
-9.268292682926828827e-03 2.344236655121476141e-03 9.414905471976506846e-01
-9.268292682926828827e-03 2.365612408057628496e-03 9.161348500794451732e-01
-9.268292682926828827e-03 2.386332823341832769e-03 8.949195493374604293e-01
-9.268292682926828827e-03 2.406379894608224896e-03 8.779787328480520570e-01
-9.268292682926828827e-03 2.440686995691031431e-03 8.628192177200117996e-01
-9.268292682926828827e-03 2.459634618343833207e-03 8.525927481162591803e-01
-9.268292682926828827e-03 2.477857874254524653e-03 8.455793561666031799e-01
-9.268292682926828827e-03 2.511203604375670216e-03 8.404081174101195595e-01
-9.268292682926828827e-03 2.528234297966150748e-03 8.392498540951243147e-01
-9.268292682926828827e-03 2.560978581188325109e-03 8.399306805556527866e-01
-9.268292682926828827e-03 2.576756663952853993e-03 8.444616367321373662e-01
-9.268292682926828827e-03 2.608851345256563928e-03 8.500711214815086514e-01
-9.268292682926828827e-03 2.640764660670748883e-03 8.598893397791508297e-01
-9.268292682926828827e-03 2.654713763765204244e-03 8.707578143165776163e-01
-9.268292682926828827e-03 2.685908273785733106e-03 8.835908516178507810e-01
-9.268292682926828827e-03 2.716891301061828603e-03 8.996476112679870907e-01
-9.268292682926828827e-03 2.728885396378299445e-03 9.166291916207534030e-01
-9.268292682926828827e-03 2.759080472254045891e-03 9.349421212692050620e-01
-9.268292682926828827e-03 2.789033971436026896e-03 9.561857574582555142e-01
-9.268292682926828827e-03 2.818736862082111497e-03 9.788953928696217943e-01
-9.268292682926828827e-03 2.848180114235794504e-03 1.003410172315353455e+00
-9.268292682926828827e-03 2.877354699852585976e-03 1.029829829626820903e+00
-9.268292682926828827e-03 2.885412581945382034e-03 1.056366366374019705e+00
-9.268292682926828827e-03 2.913667032196158493e-03 1.084333209300591294e+00
-9.268292682926828827e-03 2.941622767247542916e-03 1.113892031836981822e+00
-9.268292682926828827e-03 2.969270768249203385e-03 1.144439851801433594e+00
-9.268292682926828827e-03 2.996602018426369925e-03 1.176493682333472846e+00
-9.268292682926828827e-03 3.023607503110817100e-03 1.209829008253861415e+00
-9.268292682926828827e-03 3.073296194696837312e-03 1.245686602881470373e+00
-9.268292682926828827e-03 3.123389847094480785e-03 1.290567496283817395e+00
-9.268292682926828827e-03 3.173888460303745350e-03 1.344674763985736377e+00
-9.268292682926828827e-03 3.224792034324632309e-03 1.407875722741425584e+00
-9.268292682926828827e-03 3.276100569157141661e-03 1.479234742955912285e+00
-9.268292682926828827e-03 3.327814064801271673e-03 1.558613526150991468e+00
-9.268292682926828827e-03 3.379932521257024945e-03 1.645904634915743792e+00
-9.268292682926828827e-03 3.432455938524398877e-03 1.741598065357713221e+00
-9.268292682926828827e-03 3.485384316603396936e-03 1.843845131928429470e+00
-9.268292682926828827e-03 3.538717655494015655e-03 1.953340301293145176e+00
-9.268292682926828827e-03 3.592455955196256767e-03 2.069227292620943182e+00
-9.268292682926828827e-03 3.646599215710118972e-03 2.192089117766928386e+00
-9.268292682926828827e-03 3.701147437035604004e-03 2.320592808427055509e+00
-9.268292682926828827e-03 3.756100619172710996e-03 2.454704683832183321e+00
-9.268292682926828827e-03 3.811458762121439948e-03 2.594969447576169319e+00
-9.047619047619047394e-03 2.105046765640478275e-03 1.376075560820954280e+00
-9.047619047619047394e-03 2.153050850387140149e-03 1.268146842063458957e+00
-9.047619047619047394e-03 2.201596131128690913e-03 1.192405327824223482e+00
-9.047619047619047394e-03 2.225964962161501495e-03 1.139293527800346428e+00
-9.047619047619047394e-03 2.249787453456739226e-03 1.091189671871580114e+00
-9.047619047619047394e-03 2.273045967199027479e-03 1.048073346385963944e+00
-9.047619047619047394e-03 2.295722872217161384e-03 1.009852176599825846e+00
-9.047619047619047394e-03 2.317800544141096399e-03 9.758674081635612119e-01
-9.047619047619047394e-03 2.339261365565050918e-03 9.462183581613685668e-01
-9.047619047619047394e-03 2.360087726217029516e-03 9.208337554020724625e-01
-9.047619047619047394e-03 2.394580129666475359e-03 8.993084084284165280e-01
-9.047619047619047394e-03 2.414376282530791493e-03 8.802664163806110942e-01
-9.047619047619047394e-03 2.433488074568246687e-03 8.662068336177097816e-01
-9.047619047619047394e-03 2.451897923269273725e-03 8.552884079519694760e-01
-9.047619047619047394e-03 2.485090600212576384e-03 8.465290179157556327e-01
-9.047619047619047394e-03 2.502346919043229884e-03 8.415615871126196357e-01
-9.047619047619047394e-03 2.534963762482863193e-03 8.391068270225684467e-01
-9.047619047619047394e-03 2.551007848804421382e-03 8.397808523594914032e-01
-9.047619047619047394e-03 2.583001787438222400e-03 8.425617702603502845e-01
-9.047619047619047394e-03 2.597774978372546784e-03 8.490597538436511771e-01
-9.047619047619047394e-03 2.629098967291371852e-03 8.566783655651791785e-01
-9.047619047619047394e-03 2.660231073887973311e-03 8.671310105030826110e-01
-9.047619047619047394e-03 2.673149663083239456e-03 8.798114272384952583e-01
-9.047619047619047394e-03 2.703544211409079478e-03 8.935469416552408450e-01
-9.047619047619047394e-03 2.733717454344908575e-03 9.097551617734467300e-01
-9.047619047619047394e-03 2.763660561607257475e-03 9.290162424461068102e-01
-9.047619047619047394e-03 2.774026452027410043e-03 9.488398043963609529e-01
-9.047619047619047394e-03 2.803143877814467944e-03 9.700766062569810000e-01
-9.047619047619047394e-03 2.832001773515396056e-03 9.935037286989237826e-01
-9.047619047619047394e-03 2.860591317076928083e-03 1.018027715588601723e+00
-9.047619047619047394e-03 2.888903688302730307e-03 1.044039127296307878e+00
-9.047619047619047394e-03 2.916930068879901219e-03 1.071666841134778725e+00
-9.047619047619047394e-03 2.944661642406114742e-03 1.100259031669530874e+00
-9.047619047619047394e-03 2.972089594417390984e-03 1.130310691780619603e+00
-9.047619047619047394e-03 2.999205112416564786e-03 1.161617764459037971e+00
-9.047619047619047394e-03 3.025999385902429072e-03 1.194020331796413537e+00
-9.047619047619047394e-03 3.052463606399610698e-03 1.226865554498848709e+00
-9.047619047619047394e-03 3.101815492184321465e-03 1.266629630516263205e+00
-9.047619047619047394e-03 3.151563142891122132e-03 1.315743925873339659e+00
-9.047619047619047394e-03 3.201706558520014869e-03 1.373352297876921257e+00
-9.047619047619047394e-03 3.252245739070996639e-03 1.439230364961058717e+00
-9.047619047619047394e-03 3.303180684544070912e-03 1.513370783091595451e+00
-9.047619047619047394e-03 3.354511394939234219e-03 1.596117831056226288e+00
-9.047619047619047394e-03 3.406237870256490028e-03 1.685806802525192216e+00
-9.047619047619047394e-03 3.458360110495835305e-03 1.782938084478094432e+00
-9.047619047619047394e-03 3.510878115657271783e-03 1.886812079529656128e+00
-9.047619047619047394e-03 3.563791885740798162e-03 1.997863450971901988e+00
-9.047619047619047394e-03 3.617101420746415743e-03 2.114865511816117483e+00
-9.047619047619047394e-03 3.670806720674123658e-03 2.237746652343857612e+00
-9.047619047619047394e-03 3.724907785523922776e-03 2.367001727916632881e+00
-8.837209302325581620e-03 2.058169875409038112e-03 1.522855395311076387e+00
-8.837209302325581620e-03 2.105104966227365482e-03 1.382360922516727708e+00
-8.837209302325581620e-03 2.152569201248830111e-03 1.274444105332159349e+00
-8.837209302325581620e-03 2.200562580473432867e-03 1.197410276183545674e+00
-8.837209302325581620e-03 2.224390124608280426e-03 1.144109674615495065e+00
-8.837209302325581620e-03 2.247672091028710215e-03 1.096076906761382030e+00
-8.837209302325581620e-03 2.270391236168315015e-03 1.053166227393685928e+00
-8.837209302325581620e-03 2.292530322843358039e-03 1.014660621668795670e+00
-8.837209302325581620e-03 2.314072120403858242e-03 9.806527382994481012e-01
-8.837209302325581620e-03 2.334999404890572387e-03 9.510436441160855514e-01
-8.837209302325581620e-03 2.369293020606015338e-03 9.249234991939514483e-01
-8.837209302325581620e-03 2.389224687491367342e-03 9.019992991745053867e-01
-8.837209302325581620e-03 2.408493035932422234e-03 8.840793936950067655e-01
-8.837209302325581620e-03 2.427080867993174594e-03 8.692462443674739969e-01
-8.837209302325581620e-03 2.460127027309284928e-03 8.569385955198629556e-01
-8.837209302325581620e-03 2.477598626241341896e-03 8.481784932227887097e-01
-8.837209302325581620e-03 2.510093423354733348e-03 8.426358889257055118e-01
-8.837209302325581620e-03 2.526391373829895651e-03 8.395009329943986520e-01
-8.837209302325581620e-03 2.558288773753158041e-03 8.395117906699181010e-01
-8.837209302325581620e-03 2.573355697683973788e-03 8.420517557786838525e-01
-8.837209302325581620e-03 2.604609690165879659e-03 8.472171468915158377e-01
-8.837209302325581620e-03 2.618388248225597768e-03 8.546388747807860398e-01
-8.837209302325581620e-03 2.648952848700382098e-03 8.638065967636079368e-01
-8.837209302325581620e-03 2.679315518324634771e-03 8.754036251898541510e-01
-8.837209302325581620e-03 2.691214992543671750e-03 8.893376842424594031e-01
-8.837209302325581620e-03 2.720822185047105587e-03 9.047330767659458317e-01
-8.837209302325581620e-03 2.750198686321253874e-03 9.219033679999233399e-01
-8.837209302325581620e-03 2.779335864899865668e-03 9.412164636563968845e-01
-8.837209302325581620e-03 2.808225091007398797e-03 9.628166940271912777e-01
-8.837209302325581620e-03 2.836857736582332375e-03 9.855321465063816566e-01
-8.837209302325581620e-03 2.844976796388867541e-03 1.008827874636645694e+00
-8.837209302325581620e-03 2.872727626013660881e-03 1.033918325480883471e+00
-8.837209302325581620e-03 2.900193155319829175e-03 1.060170277748035073e+00
-8.837209302325581620e-03 2.927364764482228831e-03 1.088061917731103279e+00
-8.837209302325581620e-03 2.954233835534139825e-03 1.117371157140481186e+00
-8.837209302325581620e-03 2.980791752394590637e-03 1.147947011351052371e+00
-8.837209302325581620e-03 3.007029900896343241e-03 1.179074092879999869e+00
-8.837209302325581620e-03 3.032939668814571554e-03 1.211405745627652353e+00
-8.837209302325581620e-03 3.081582672771178855e-03 1.246494451081121113e+00
-8.837209302325581620e-03 3.130612653688460197e-03 1.290402508446276464e+00
-8.837209302325581620e-03 3.180029611566413412e-03 1.342822710822098475e+00
-8.837209302325581620e-03 3.229833546405041101e-03 1.403844616146841862e+00
-8.837209302325581620e-03 3.280024458204339795e-03 1.473670594073684059e+00
-8.837209302325581620e-03 3.330602346964314266e-03 1.550816483494840581e+00
-8.837209302325581620e-03 3.381567212684960608e-03 1.635593234306467636e+00
-8.837209302325581620e-03 3.432919055366279691e-03 1.727453646844421264e+00
-8.837209302325581620e-03 3.484657875008271948e-03 1.826687684665279532e+00
-8.837209302325581620e-03 3.536783671610937377e-03 1.932173756605487069e+00
-8.837209302325581620e-03 3.589296445174275981e-03 2.043803119167688198e+00
-8.837209302325581620e-03 3.642196195698287758e-03 2.162021282382845300e+00
-8.636363636363636465e-03 2.013333457650150812e-03 1.699339546043188820e+00
-8.636363636363636465e-03 2.059246086054357470e-03 1.526998956834555887e+00
-8.636363636363636465e-03 2.105676331464247444e-03 1.387598233667030501e+00
-8.636363636363636465e-03 2.152624193879822470e-03 1.279469032506907133e+00
-8.636363636363636465e-03 2.200089673301082113e-03 1.201381402285391697e+00
-8.636363636363636465e-03 2.235732989804815624e-03 1.147901926130050931e+00
-8.636363636363636465e-03 2.258757265533109081e-03 1.100680113840714736e+00
-8.636363636363636465e-03 2.268350607098053827e-03 1.057614676401974929e+00
-8.636363636363636465e-03 2.303112124893072835e-03 1.019147933351865376e+00
-8.636363636363636465e-03 2.324408989987300934e-03 9.847957326857812443e-01
-8.636363636363636465e-03 2.345096343529116684e-03 9.546423873334545229e-01
-8.636363636363636465e-03 2.365157342273614509e-03 9.278057611904741986e-01
-8.636363636363636465e-03 2.384575149668980657e-03 9.060081513561872857e-01
-8.636363636363636465e-03 2.403332936023903996e-03 8.872590685894761187e-01
-8.636363636363636465e-03 2.436238704029654745e-03 8.714467925906544954e-01
-8.636363636363636465e-03 2.453915931298257785e-03 8.589167633438719029e-01
-8.636363636363636465e-03 2.486293740871111085e-03 8.503366522460196197e-01
-8.636363636363636465e-03 2.502834226198152445e-03 8.434444121829154373e-01
-8.636363636363636465e-03 2.518636155731823582e-03 8.404190905874472373e-01
-8.636363636363636465e-03 2.549986629750059571e-03 8.394123368973612775e-01
-8.636363636363636465e-03 2.581173416534532968e-03 8.421987315671201069e-01
-8.636363636363636465e-03 2.595272010527071866e-03 8.454738406100981152e-01
-8.636363636363636465e-03 2.625795780262329352e-03 8.524611667102909296e-01
-8.636363636363636465e-03 2.638589299025188503e-03 8.614683383312495835e-01
-8.636363636363636465e-03 2.668405080998449263e-03 8.714273506571512673e-01
-8.636363636363636465e-03 2.698009321017894469e-03 8.848771539056636826e-01
-8.636363636363636465e-03 2.727393571968487595e-03 9.001574583129411389e-01
-8.636363636363636465e-03 2.737731963531791872e-03 9.167763022527948280e-01
-8.636363636363636465e-03 2.766323918650062923e-03 9.351461572652912668e-01
-8.636363636363636465e-03 2.794667763708814749e-03 9.548322691855690714e-01
-8.636363636363636465e-03 2.822755058988257564e-03 9.762748587689561441e-01
-8.636363636363636465e-03 2.850577366436379476e-03 9.995646252354074557e-01
-8.636363636363636465e-03 2.878126249692401686e-03 1.024008281932028197e+00
-8.636363636363636465e-03 2.905393274110791395e-03 1.050060907346087591e+00
-8.636363636363636465e-03 2.932370006785845872e-03 1.077524506223977330e+00
-8.636363636363636465e-03 2.959048016576852451e-03 1.106232851090212854e+00
-8.636363636363636465e-03 2.985418874133860881e-03 1.135373555579887839e+00
-8.636363636363636465e-03 3.011474151924075412e-03 1.165677006524620474e+00
-8.636363636363636465e-03 3.037205424258896530e-03 1.197128205966782266e+00
-8.636363636363636465e-03 3.062604267321629697e-03 1.229253573581704950e+00
-8.636363636363636465e-03 3.110947707669242841e-03 1.268269491590429121e+00
-8.636363636363636465e-03 3.159669718418954033e-03 1.316215983953120450e+00
-8.636363636363636465e-03 3.208770299570758936e-03 1.373157305825476016e+00
-8.636363636363636465e-03 3.258249451124661019e-03 1.437786347870137593e+00
-8.636363636363636465e-03 3.308107173080657246e-03 1.510229269761160342e+00
-8.636363636363636465e-03 3.358343465438750220e-03 1.590086979451830640e+00
-8.636363636363636465e-03 3.408958328198938639e-03 1.677508395336209324e+00
-8.636363636363636465e-03 3.459951761361222070e-03 1.771475774451119811e+00
-8.636363636363636465e-03 3.511323764925601814e-03 1.871844030615309906e+00
-8.636363636363636465e-03 3.563074338892076569e-03 1.979009861368271839e+00
-8.444444444444445391e-03 1.970407241230792694e-03 1.903463463537995670e+00
-8.444444444444445391e-03 2.015340967995147593e-03 1.699983865730675614e+00
-8.444444444444445391e-03 2.060781275670036956e-03 1.529779748167360065e+00
-8.444444444444445391e-03 2.106728164255459480e-03 1.391209170331694001e+00
-8.444444444444445391e-03 2.153181633751416468e-03 1.283065208191205286e+00
-8.444444444444445391e-03 2.200141684157907052e-03 1.204671262758834960e+00
-8.444444444444445391e-03 2.235273425987867237e-03 1.151097170595480668e+00
-8.444444444444445391e-03 2.257788776849795585e-03 1.103696039579695976e+00
-8.444444444444445391e-03 2.279746176461493884e-03 1.060850561573039474e+00
-8.444444444444445391e-03 2.301129123193266634e-03 1.022397534858536350e+00
-8.444444444444445391e-03 2.321921121410879842e-03 9.882559383579951895e-01
-8.444444444444445391e-03 2.342105681619169669e-03 9.574866404489981164e-01
-8.444444444444445391e-03 2.361666320611296738e-03 9.318027515714395470e-01
-8.444444444444445391e-03 2.380586561623931462e-03 9.091440968731212546e-01
-8.444444444444445391e-03 2.413357688752768449e-03 8.898740616287976746e-01
-8.444444444444445391e-03 2.431231525444672859e-03 8.736023798495337056e-01
-8.444444444444445391e-03 2.448418275127240817e-03 8.613004189742194949e-01
-8.444444444444445391e-03 2.480269529163084234e-03 8.514427099771479934e-01
-8.444444444444445391e-03 2.496324673471150661e-03 8.444932488403590343e-01
-8.444444444444445391e-03 2.527601511072127740e-03 8.409746365689290126e-01
-8.444444444444445391e-03 2.542470101421844680e-03 8.399965469105905580e-01
-8.444444444444445391e-03 2.573128465378925114e-03 8.407073060671563791e-01
-8.444444444444445391e-03 2.586755588138739143e-03 8.453474313972709764e-01
-8.444444444444445391e-03 2.616751444403960739e-03 8.502847507103061808e-01
-8.444444444444445391e-03 2.646554096928393877e-03 8.582808485507709140e-01
-8.444444444444445391e-03 2.658371560924558622e-03 8.696674208608775603e-01
-8.444444444444445391e-03 2.687448422510719387e-03 8.811236833598956597e-01
-8.444444444444445391e-03 2.716304540574654165e-03 8.950714334998722821e-01
-8.444444444444445391e-03 2.744931650096596280e-03 9.116987317165419213e-01
-8.444444444444445391e-03 2.773321487579372309e-03 9.296732722600034027e-01
-8.444444444444445391e-03 2.782083008315877799e-03 9.487543977283454666e-01
-8.444444444444445391e-03 2.809645314166255015e-03 9.693027679935561913e-01
-8.444444444444445391e-03 2.836942838978293371e-03 9.912063297376303428e-01
-8.444444444444445391e-03 2.863967326561378448e-03 1.014902949628977646e+00
-8.444444444444445391e-03 2.890710522372639396e-03 1.040179572097475136e+00
-8.444444444444445391e-03 2.917164173540590620e-03 1.066877835122767904e+00
-8.444444444444445391e-03 2.943320028889341144e-03 1.094125950454450047e+00
-8.444444444444445391e-03 2.969169838963384243e-03 1.122698604422758928e+00
-8.444444444444445391e-03 2.994705356052990326e-03 1.152531105617497609e+00
-8.444444444444445391e-03 3.019918334220217382e-03 1.183163230720468917e+00
-8.444444444444445391e-03 3.044800529325565868e-03 1.214510385555156224e+00
-8.444444444444445391e-03 3.092486578099323813e-03 1.249434386172955547e+00
-8.444444444444445391e-03 3.140543147842572800e-03 1.293537467649399808e+00
-8.444444444444445391e-03 3.188970238555316732e-03 1.345686036320144163e+00
-8.444444444444445391e-03 3.237767850237553008e-03 1.405826097542804964e+00
-8.444444444444445391e-03 3.286935982889282494e-03 1.473702386776421402e+00
-8.444444444444445391e-03 3.336474636510504323e-03 1.549326425339029312e+00
-8.444444444444445391e-03 3.386383811101219363e-03 1.631783018693503173e+00
-8.444444444444445391e-03 3.436663506661428048e-03 1.720891522778598803e+00
-8.444444444444445391e-03 3.487313723191129075e-03 1.817000381105509543e+00
-8.260869565217390798e-03 1.929271803230204552e-03 2.133312297445164152e+00
-8.260869565217390798e-03 1.973267465774751137e-03 1.899387654973246464e+00
-8.260869565217390798e-03 2.017759133534005080e-03 1.699049056437103911e+00
-8.260869565217390798e-03 2.062746806507966164e-03 1.530680981351007386e+00
-8.260869565217390798e-03 2.108230484696634825e-03 1.393099583789472184e+00
-8.260869565217390798e-03 2.154210168100010626e-03 1.285623055850705576e+00
-8.260869565217390798e-03 2.200685856718094437e-03 1.207440507742689517e+00
-8.260869565217390798e-03 2.235324630153409826e-03 1.153449431150741056e+00
-8.260869565217390798e-03 2.257346831983863666e-03 1.106303129987229683e+00
-8.260869565217390798e-03 2.278812029698251088e-03 1.063719465286639521e+00
-8.260869565217390798e-03 2.299704067324091251e-03 1.025567993957390289e+00
-8.260869565217390798e-03 2.320006794665493456e-03 9.908547323020113762e-01
-8.260869565217390798e-03 2.339704067441759818e-03 9.612838773503041834e-01
-8.260869565217390798e-03 2.358779747431449282e-03 9.347287657804248528e-01
-8.260869565217390798e-03 2.391421638268980548e-03 9.120506264970330568e-01
-8.260869565217390798e-03 2.409483644256893518e-03 8.920704510269266141e-01
-8.260869565217390798e-03 2.426878327789977387e-03 8.759748356374053024e-01
-8.260869565217390798e-03 2.458635911742452617e-03 8.633355646926366145e-01
-8.260869565217390798e-03 2.474933473015770123e-03 8.525395902339168996e-01
-8.260869565217390798e-03 2.506139530282095254e-03 8.465796102047929983e-01
-8.260869565217390798e-03 2.521286150273613618e-03 8.416801656607293403e-01
-8.260869565217390798e-03 2.551897532838138215e-03 8.401776159889962070e-01
-8.260869565217390798e-03 2.565839425360458975e-03 8.406589333728992086e-01
-8.260869565217390798e-03 2.595813006979466684e-03 8.435861987061897826e-01
-8.260869565217390798e-03 2.608496420016489549e-03 8.490881391938147615e-01
-8.260869565217390798e-03 2.637789097051647727e-03 8.565624715126758382e-01
-8.260869565217390798e-03 2.666879171276697290e-03 8.661912586227689115e-01
-8.260869565217390798e-03 2.695758546927949900e-03 8.784228173454629029e-01
-8.260869565217390798e-03 2.706076229709364345e-03 8.919085720326612732e-01
-8.260869565217390798e-03 2.734193891802501417e-03 9.066578248817491748e-01
-8.260869565217390798e-03 2.762073902195536033e-03 9.234455255816321761e-01
-8.260869565217390798e-03 2.789708171797787486e-03 9.423281195720418779e-01
-8.260869565217390798e-03 2.817088613022794997e-03 9.625729897365247201e-01
-8.260869565217390798e-03 2.844207139809172124e-03 9.845937758166876108e-01
-8.260869565217390798e-03 2.850777635208626669e-03 1.007920704645543397e+00
-8.260869565217390798e-03 2.877016041654402185e-03 1.032470382114847318e+00
-8.260869565217390798e-03 2.902965616704202001e-03 1.057689301481101740e+00
-8.260869565217390798e-03 2.928618281632015038e-03 1.084395168002189935e+00
-8.260869565217390798e-03 2.953965959366162269e-03 1.112475340397453882e+00
-8.260869565217390798e-03 2.979000574513752855e-03 1.141482402387210993e+00
-8.260869565217390798e-03 3.003714053385725304e-03 1.171284047776874004e+00
-8.260869565217390798e-03 3.050756627594650681e-03 1.201954317020415663e+00
-8.260869565217390798e-03 3.075154314282390559e-03 1.233825480869717328e+00
-8.260869565217390798e-03 3.122573110943644044e-03 1.273539101731173684e+00
-8.260869565217390798e-03 3.170354714006282711e-03 1.321416550285841707e+00
-8.260869565217390798e-03 3.218499123470308729e-03 1.377342131818444226e+00
-8.260869565217390798e-03 3.267006339335721665e-03 1.441193601594553009e+00
-8.260869565217390798e-03 3.315876361602520649e-03 1.512156970472525508e+00
-8.260869565217390798e-03 3.365109190270706985e-03 1.590016813152522968e+00
-8.260869565217390798e-03 3.414704825340280237e-03 1.675073899349158069e+00
-8.085106382978723277e-03 1.889817463787158650e-03 2.387108469467421834e+00
-8.085106382978723277e-03 1.932913398361209767e-03 2.123419140509403391e+00
-8.085106382978723277e-03 1.976495194655374273e-03 1.893602821470268038e+00
-8.085106382978723277e-03 2.020562852669651951e-03 1.696070371664754939e+00
-8.085106382978723277e-03 2.065116372404043020e-03 1.529661048303204263e+00
-8.085106382978723277e-03 2.110155753858547478e-03 1.393687930285272270e+00
-8.085106382978723277e-03 2.155680997033165326e-03 1.287343014095331473e+00
-8.085106382978723277e-03 2.201692101927896130e-03 1.209140407344948542e+00
-8.085106382978723277e-03 2.235855376212608076e-03 1.155302802497086834e+00
-8.085106382978723277e-03 2.257399242728796041e-03 1.108568416997708805e+00
-8.085106382978723277e-03 2.278387010373426284e-03 1.066394375723780819e+00
-8.085106382978723277e-03 2.298802854662641837e-03 1.027733893389582764e+00
-8.085106382978723277e-03 2.318630956683288922e-03 9.942824445843627679e-01
-8.085106382978723277e-03 2.337855503226817649e-03 9.638500084930058387e-01
-8.085106382978723277e-03 2.370373243617203939e-03 9.378158067974149414e-01
-8.085106382978723277e-03 2.388615509142018225e-03 9.141646008855981442e-01
-8.085106382978723277e-03 2.406209410545939124e-03 8.943293180337918979e-01
-8.085106382978723277e-03 2.423139156795909525e-03 8.787046159643219223e-01
-8.085106382978723277e-03 2.454406809174300604e-03 8.644066394377794005e-01
-8.085106382978723277e-03 2.470243535640154631e-03 8.547796516588590521e-01
-8.085106382978723277e-03 2.500957853080363995e-03 8.473637363443421444e-01
-8.085106382978723277e-03 2.515648843644803859e-03 8.423460187680162914e-01
-8.085106382978723277e-03 2.545767563176701883e-03 8.401961157214021814e-01
-8.085106382978723277e-03 2.559260133366593210e-03 8.407437656753858901e-01
-8.085106382978723277e-03 2.588741012988428781e-03 8.423813111494822259e-01
-8.085106382978723277e-03 2.618036693537649853e-03 8.480808954239049680e-01
-8.085106382978723277e-03 2.629783330747377523e-03 8.551881501115403683e-01
-8.085106382978723277e-03 2.658380462483169934e-03 8.636597464792151735e-01
-8.085106382978723277e-03 2.686765976743246426e-03 8.752104087702178292e-01
-8.085106382978723277e-03 2.714931945157154653e-03 8.883533580773852467e-01
-8.085106382978723277e-03 2.724282396850554767e-03 9.029654133903015634e-01
-8.085106382978723277e-03 2.751670679456225555e-03 9.189347733311520328e-01
-8.085106382978723277e-03 2.778813020505678955e-03 9.364705871890022237e-01
-8.085106382978723277e-03 2.805701498139880328e-03 9.559688604007057222e-01
-8.085106382978723277e-03 2.832328191967479081e-03 9.772318072361115826e-01
-8.085106382978723277e-03 2.858685183085371215e-03 1.000092473956392558e+00
-8.085106382978723277e-03 2.884764554099749322e-03 1.023526933819353779e+00
-8.085106382978723277e-03 2.910558389147637880e-03 1.048430943638618551e+00
-8.085106382978723277e-03 2.936058773918949396e-03 1.074662748455545991e+00
-8.085106382978723277e-03 2.961257795679068331e-03 1.101734760880277886e+00
-8.085106382978723277e-03 2.986147543291960225e-03 1.129501544439834415e+00
-8.085106382978723277e-03 3.010720107243872786e-03 1.158575139507242113e+00
-8.085106382978723277e-03 3.034967579667585593e-03 1.189103729270579723e+00
-8.085106382978723277e-03 3.058882054367291665e-03 1.220419708818608395e+00
-8.085106382978723277e-03 3.105689057100059942e-03 1.256083171282433186e+00
-8.085106382978723277e-03 3.152851466079849979e-03 1.300097298528055445e+00
-8.085106382978723277e-03 3.200369281306662209e-03 1.352209684616363150e+00
-8.085106382978723277e-03 3.248242502780495766e-03 1.411706167431019843e+00
-8.085106382978723277e-03 3.296471130501351082e-03 1.478337307342016960e+00
-8.085106382978723277e-03 3.345055164469228591e-03 1.552356798821449058e+00
-7.916666666666665603e-03 1.851943313227025689e-03 2.663200426755431227e+00
-7.916666666666665603e-03 1.894175554906993731e-03 2.370412831052723046e+00
-7.916666666666665603e-03 1.936883921070388500e-03 2.111762978982367756e+00
-7.916666666666665603e-03 1.980068411717210430e-03 1.885688018761551898e+00
-7.916666666666665603e-03 2.023729026847459304e-03 1.691050313045771247e+00
-7.916666666666665603e-03 2.067865766461134472e-03 1.527157891518319044e+00
-7.916666666666665603e-03 2.112478630558237234e-03 1.393206439609240510e+00
-7.916666666666665603e-03 2.157567619138766723e-03 1.287725409510223518e+00
-7.916666666666665603e-03 2.203132732202722939e-03 1.210162641686799656e+00
-7.916666666666665603e-03 2.236836930255969337e-03 1.156763262307076712e+00
-7.916666666666665603e-03 2.257916389653415439e-03 1.110561979577660452e+00
-7.916666666666665603e-03 2.278440616243325532e-03 1.067958225772464909e+00
-7.916666666666665603e-03 2.298394103714921678e-03 1.030638867521218360e+00
-7.916666666666665603e-03 2.317761351134209596e-03 9.963535931918734434e-01
-7.916666666666665603e-03 2.336526863073445839e-03 9.665414338869817712e-01
-7.916666666666665603e-03 2.368574834899925263e-03 9.397364088964568207e-01
-7.916666666666665603e-03 2.386359773339248331e-03 9.162180602535076046e-01
-7.916666666666665603e-03 2.403499067965564947e-03 8.968217982082438144e-01
-7.916666666666665603e-03 2.434693344494169662e-03 8.799499665373665680e-01
-7.916666666666665603e-03 2.450771943102558314e-03 8.665278852643176766e-01
-7.916666666666665603e-03 2.481434428105192165e-03 8.569010745262113371e-01
-7.916666666666665603e-03 2.496400655386474005e-03 8.479275085935327194e-01
-7.916666666666665603e-03 2.526489923450486036e-03 8.438076021320211062e-01
-7.916666666666665603e-03 2.540292133882792857e-03 8.401865343153830379e-01
-7.916666666666665603e-03 2.569766779346208899e-03 8.400215547188426557e-01
-7.916666666666665603e-03 2.582353358392172182e-03 8.427079045615314401e-01
-7.916666666666665603e-03 2.611171996090040550e-03 8.465790236706929317e-01
-7.916666666666665603e-03 2.639796245926973473e-03 8.534174819713460369e-01
-7.916666666666665603e-03 2.650612627531623994e-03 8.626079999702442880e-01
-7.916666666666665603e-03 2.678521391848710277e-03 8.723626133311936925e-01
-7.916666666666665603e-03 2.706209885370187973e-03 8.844475757035652475e-01
-7.916666666666665603e-03 2.733670340367894570e-03 8.988887214259966285e-01
-7.916666666666665603e-03 2.760894990457434667e-03 9.149162003116586561e-01
-7.916666666666665603e-03 2.768728739841395860e-03 9.322069893937466878e-01
-7.916666666666665603e-03 2.795142277631237470e-03 9.510012608660038946e-01
-7.916666666666665603e-03 2.821294154767992925e-03 9.715737242409820951e-01
-7.916666666666665603e-03 2.847176611317277489e-03 9.928460808178662944e-01
-7.916666666666665603e-03 2.872781888798512252e-03 1.015755691044184283e+00
-7.916666666666665603e-03 2.898102230205700913e-03 1.040115405672035864e+00
-7.916666666666665603e-03 2.923129880028701826e-03 1.065450047947488210e+00
-7.916666666666665603e-03 2.947857084275003984e-03 1.091568270432500709e+00
-7.916666666666665603e-03 2.972276090492035564e-03 1.119115415655728807e+00
-7.916666666666665603e-03 2.996379147789998525e-03 1.148191330202530835e+00
-7.916666666666665603e-03 3.020158506865288674e-03 1.178155483430004757e+00
-7.916666666666665603e-03 3.043606420024469114e-03 1.208955225681239476e+00
-7.916666666666665603e-03 3.089826053772589190e-03 1.241104878278726620e+00
-7.916666666666665603e-03 3.136393989206828770e-03 1.281519529400276136e+00
-7.916666666666665603e-03 3.183310226327188720e-03 1.329583437287470638e+00
-7.916666666666665603e-03 3.230574765133669042e-03 1.385013903848170358e+00
-7.916666666666665603e-03 3.278187605626268868e-03 1.448018162108495321e+00
-7.755102040816326710e-03 1.815556353375565425e-03 2.960052449082486881e+00
-7.755102040816326710e-03 1.856958816481064749e-03 2.638818844761155802e+00
-7.755102040816326710e-03 1.898828049181890956e-03 2.351966768881329273e+00
-7.755102040816326710e-03 1.941164051478044481e-03 2.097959522490651540e+00
-7.755102040816326710e-03 1.983966823369524672e-03 1.875682556198148276e+00
-7.755102040816326710e-03 2.027236364856331314e-03 1.684438886323181839e+00
-7.755102040816326710e-03 2.070972675938465707e-03 1.523428637937516816e+00
-7.755102040816326710e-03 2.115175756615926984e-03 1.391197083489315478e+00
-7.755102040816326710e-03 2.159845606888714277e-03 1.287190866867483408e+00
-7.755102040816326710e-03 2.204982226756830189e-03 1.210659562837111292e+00
-7.755102040816326710e-03 2.238242807022677514e-03 1.157907951421593307e+00
-7.755102040816326710e-03 2.258870971105564947e-03 1.111371332969236736e+00
-7.755102040816326710e-03 2.278944731745629563e-03 1.070202387687170686e+00
-7.755102040816326710e-03 2.298448888275603057e-03 1.032093517296912122e+00
-7.755102040816326710e-03 2.317368245222119292e-03 9.984842960435414971e-01
-7.755102040816326710e-03 2.349313394432829723e-03 9.686448948473511678e-01
-7.755102040816326710e-03 2.367281681345311927e-03 9.415023154686799067e-01
-7.755102040816326710e-03 2.384622110364400215e-03 9.184088526518936479e-01
-7.755102040816326710e-03 2.401319506194394410e-03 8.986322445267105330e-01
-7.755102040816326710e-03 2.432056511962163783e-03 8.819125568794697889e-01
-7.755102040816326710e-03 2.447696425505694988e-03 8.685136797173299561e-01
-7.755102040816326710e-03 2.477899504555134205e-03 8.573495055580773183e-01
-7.755102040816326710e-03 2.492431278129759922e-03 8.494079378750677423e-01
-7.755102040816326710e-03 2.522059821516443087e-03 8.437183770382311598e-01
-7.755102040816326710e-03 2.535432826194409552e-03 8.405572246470969233e-01
-7.755102040816326710e-03 2.564446244027165835e-03 8.402402737724603554e-01
-7.755102040816326710e-03 2.593281831105707490e-03 8.424797048375156638e-01
-7.755102040816326710e-03 2.604967602954881035e-03 8.458028362030999281e-01
-7.755102040816326710e-03 2.633129728993537522e-03 8.522146821690943508e-01
-7.755102040816326710e-03 2.661088639645374683e-03 8.604742597951315908e-01
-7.755102040816326710e-03 2.670980904491552285e-03 8.704232720157185632e-01
-7.755102040816326710e-03 2.698208058838916061e-03 8.818071842057235710e-01
-7.755102040816326710e-03 2.725206629165759405e-03 8.949833285001889127e-01
-7.755102040816326710e-03 2.751969002036040116e-03 9.103042638893549254e-01
-7.755102040816326710e-03 2.778487565326589852e-03 9.275933577955154385e-01
-7.755102040816326710e-03 2.804754708245082821e-03 9.466738836760947295e-01
-7.755102040816326710e-03 2.830762821348426026e-03 9.663740734945590605e-01
-7.755102040816326710e-03 2.836479399518643685e-03 9.872549659379926679e-01
-7.755102040816326710e-03 2.861626571425874861e-03 1.009633788728548254e+00
-7.755102040816326710e-03 2.886489381502551233e-03 1.033123190198874886e+00
-7.755102040816326710e-03 2.911060226796645736e-03 1.057487184748108655e+00
-7.755102040816326710e-03 2.935331505819272109e-03 1.083403420648285653e+00
-7.755102040816326710e-03 2.959295618566206744e-03 1.110924824365886243e+00
-7.755102040816326710e-03 3.004927877261516153e-03 1.139264655924270953e+00
-7.755102040816326710e-03 3.028589980214536643e-03 1.167881387186673559e+00
-7.755102040816326710e-03 3.051924632333720237e-03 1.197603521192726284e+00
-7.755102040816326710e-03 3.074924238779436908e-03 1.228310441373557049e+00
-7.755102040816326710e-03 3.120920971080980502e-03 1.264983320139997147e+00
-7.755102040816326710e-03 3.167259178752246905e-03 1.309248481437075284e+00
-7.755102040816326710e-03 3.213938861793234816e-03 1.361267323132220763e+00
-7.600000000000000852e-03 1.780570737737842369e-03 3.276235398244554897e+00
-7.600000000000000852e-03 1.821175378920617937e-03 2.927193751278132083e+00
-7.600000000000000852e-03 1.862237795088542841e-03 2.612757674971012634e+00
-7.600000000000000852e-03 1.903757986241617298e-03 2.331416446924431618e+00
-7.600000000000000852e-03 1.945735952379841743e-03 2.082078570971805931e+00
-7.600000000000000852e-03 1.988171693503215740e-03 1.864042061052326282e+00
-7.600000000000000852e-03 2.031065209611739291e-03 1.676512184260771310e+00
-7.600000000000000852e-03 2.074416500705412395e-03 1.518050462482736451e+00
-7.600000000000000852e-03 2.118225566784235486e-03 1.388101953123734411e+00
-7.600000000000000852e-03 2.162492407848208564e-03 1.285943175707394470e+00
-7.600000000000000852e-03 2.207217023897331196e-03 1.210714550585806348e+00
-7.600000000000000852e-03 2.240048554351911723e-03 1.157825640572286208e+00
-7.600000000000000852e-03 2.260237781053307110e-03 1.112830459887723000e+00
-7.600000000000000852e-03 2.279873399253914187e-03 1.070931452051105737e+00
-7.600000000000000852e-03 2.298940502125754355e-03 1.033569516725155513e+00
-7.600000000000000852e-03 2.317424187862066835e-03 1.000162978996480323e+00
-7.600000000000000852e-03 2.348931033454687220e-03 9.700499611636944630e-01
-7.600000000000000852e-03 2.366464678222418745e-03 9.433344830969924155e-01
-7.600000000000000852e-03 2.383372679541993343e-03 9.197905505465578946e-01
-7.600000000000000852e-03 2.414054057253369259e-03 9.008011994273392720e-01
-7.600000000000000852e-03 2.429934966278083502e-03 8.836504681416150753e-01
-7.600000000000000852e-03 2.445148044625378332e-03 8.698737950048349710e-01
-7.600000000000000852e-03 2.474906872203410432e-03 8.586494086409692805e-01
-7.600000000000000852e-03 2.489015874004226001e-03 8.504670020875159109e-01
-7.600000000000000852e-03 2.518198893981645793e-03 8.439195752068233691e-01
-7.600000000000000852e-03 2.547220006188544682e-03 8.420076091261693430e-01
-7.600000000000000852e-03 2.559721574451522853e-03 8.401468268825529329e-01
-7.600000000000000852e-03 2.588109643675225429e-03 8.415339105557964050e-01
-7.600000000000000852e-03 2.599385504444013100e-03 8.461793754300817039e-01
-7.600000000000000852e-03 2.627100751797251891e-03 8.509158453384914056e-01
-7.600000000000000852e-03 2.654611767474433261e-03 8.582820121209973063e-01
-7.600000000000000852e-03 2.681911080651844508e-03 8.682764677743247672e-01
-7.600000000000000852e-03 2.690885015421277168e-03 8.796890881084579172e-01
-7.600000000000000852e-03 2.717436929028268534e-03 8.922422639533600375e-01
-7.600000000000000852e-03 2.743752265867842842e-03 9.069413493695630546e-01
-7.600000000000000852e-03 2.769823560815613383e-03 9.236148397479170269e-01
-7.600000000000000852e-03 2.795643350031104361e-03 9.410395463816552120e-01
-7.600000000000000852e-03 2.821204170975514028e-03 9.602718492116346649e-01
-7.600000000000000852e-03 2.846498562429882872e-03 9.810535936428628201e-01
-7.600000000000000852e-03 2.871519064513684220e-03 1.002882295216493524e+00
-7.600000000000000852e-03 2.896258218703845477e-03 1.025509701675344276e+00
-7.600000000000000852e-03 2.920708567854227340e-03 1.049600972346486971e+00
-7.600000000000000852e-03 2.944862656215552297e-03 1.075246101602722382e+00
-7.600000000000000852e-03 2.968713029455828396e-03 1.101726585238773426e+00
-7.600000000000000852e-03 2.992252234681242254e-03 1.128972472080324918e+00
-7.600000000000000852e-03 3.015472820457588531e-03 1.157423393857130112e+00
-7.600000000000000852e-03 3.038367336832202906e-03 1.186907519782426812e+00
-7.600000000000000852e-03 3.060928335356452763e-03 1.217139664791221820e+00
-7.600000000000000852e-03 3.106375795956995822e-03 1.250281554954478569e+00
-7.600000000000000852e-03 3.152158167836834231e-03 1.291351581617464328e+00
-7.450980392156862815e-03 1.746907097523692481e-03 3.610418311348481346e+00
-7.450980392156862815e-03 1.786744063487039026e-03 3.234192243207478334e+00
-7.450980392156862815e-03 1.827030149697999109e-03 2.892777179365246809e+00
-7.450980392156862815e-03 1.867765356156573164e-03 2.584688161990310817e+00
-7.450980392156862815e-03 1.908949682862760974e-03 2.308856698424963216e+00
-7.450980392156862815e-03 1.950583129816562756e-03 2.064575789292636188e+00
-7.450980392156862815e-03 1.992665697017977858e-03 1.851056501156032708e+00
-7.450980392156862815e-03 2.035197384467007584e-03 1.666876991602941116e+00
-7.450980392156862815e-03 2.078178192163650413e-03 1.511480343509390645e+00
-7.450980392156862815e-03 2.121608120107908082e-03 1.384169402797911008e+00
-7.450980392156862815e-03 2.165487168299779289e-03 1.284070353445181389e+00
-7.450980392156862815e-03 2.209815336739263600e-03 1.209445567759285245e+00
-7.450980392156862815e-03 2.242231561939176093e-03 1.158388189666641699e+00
-7.450980392156862815e-03 2.261993511974597169e-03 1.112736232579147666e+00
-7.450980392156862815e-03 2.281202616121258148e-03 1.071668840030722158e+00
-7.450980392156862815e-03 2.299844250256710427e-03 1.034572331250957600e+00
-7.450980392156862815e-03 2.317903795116470125e-03 1.001469337545618732e+00
-7.450980392156862815e-03 2.348986422517635852e-03 9.714733870052840725e-01
-7.450980392156862815e-03 2.366096912245141230e-03 9.442523198243110150e-01
-7.450980392156862815e-03 2.382583886869397548e-03 9.219590308807414925e-01
-7.450980392156862815e-03 2.412837258535551182e-03 9.022781469642608965e-01
-7.450980392156862815e-03 2.428299587533476380e-03 8.846587083387541517e-01
-7.450980392156862815e-03 2.458036958939981489e-03 8.716045545629991231e-01
-7.450980392156862815e-03 2.472425888594660844e-03 8.594405093144326102e-01
-7.450980392156862815e-03 2.501608180410039555e-03 8.512619257207321155e-01
-7.450980392156862815e-03 2.514874983222579585e-03 8.452100344334807502e-01
-7.450980392156862815e-03 2.543463133487374513e-03 8.417123690620998966e-01
-7.450980392156862815e-03 2.555559109218921016e-03 8.404412753226935262e-01
-7.450980392156862815e-03 2.583514073994801902e-03 8.416867309607423131e-01
-7.450980392156862815e-03 2.611280916483724526e-03 8.450435664026405558e-01
-7.450980392156862815e-03 2.621673304836550679e-03 8.501867769829369870e-01
-7.450980392156862815e-03 2.648750847646108748e-03 8.570040431597356623e-01
-7.450980392156862815e-03 2.675615850010818354e-03 8.658512441854175901e-01
-7.450980392156862815e-03 2.702260983899852816e-03 8.770358691356049397e-01
-7.450980392156862815e-03 2.728678922461424960e-03 8.904079849254038503e-01
-7.450980392156862815e-03 2.736204732645518799e-03 9.046713522033558164e-01
-7.450980392156862815e-03 2.761843148537365070e-03 9.197242095968800601e-01
-7.450980392156862815e-03 2.787229974804194838e-03 9.367557327361155650e-01
-7.450980392156862815e-03 2.812357890251148546e-03 9.554663548895938607e-01
-7.450980392156862815e-03 2.837219574957683225e-03 9.753651581378671720e-01
-7.450980392156862815e-03 2.861807710295552042e-03 9.961609702671696542e-01
-7.450980392156862815e-03 2.886114978947197131e-03 1.018550109807822679e+00
-7.450980392156862815e-03 2.910134064924566142e-03 1.042577442792685050e+00
-7.450980392156862815e-03 2.933857653588400633e-03 1.067550551176369877e+00
-7.450980392156862815e-03 2.957278431667958573e-03 1.093338556966202191e+00
-7.450980392156862815e-03 2.980389087281237748e-03 1.120433278765682106e+00
-7.450980392156862815e-03 3.003182309955675783e-03 1.148612938363859248e+00
-7.450980392156862815e-03 3.025650790649364076e-03 1.177587152188451114e+00
-7.450980392156862815e-03 3.047787221772797327e-03 1.207390086699536846e+00
-7.450980392156862815e-03 3.092706103828030129e-03 1.237554068170748645e+00
-7.307692307692307578e-03 1.753589703975890444e-03 3.558559552116633107e+00
-7.307692307692307578e-03 1.793128252017937288e-03 3.190757248771308063e+00
-7.307692307692307578e-03 1.833107586548747558e-03 2.856494404093239403e+00
-7.307692307692307578e-03 1.873527707568321040e-03 2.554725466207951712e+00
-7.307692307692307578e-03 1.914388615076657299e-03 2.284738392235048821e+00
-7.307692307692307578e-03 1.955690309073756551e-03 2.045750663833616478e+00
-7.307692307692307578e-03 1.997432789559619448e-03 1.836357420922346551e+00
-7.307692307692307578e-03 2.039616056534244905e-03 1.655999387026715119e+00
-7.307692307692307578e-03 2.082240109997634224e-03 1.504005114960371703e+00
-7.307692307692307578e-03 2.125304949949786103e-03 1.379487260877271027e+00
-7.307692307692307578e-03 2.168810576390700542e-03 1.280745963327085457e+00
-7.307692307692307578e-03 2.212756989320378842e-03 1.208718878066592062e+00
-7.307692307692307578e-03 2.244770891262353948e-03 1.157383389053552314e+00
-7.307692307692307578e-03 2.264116579564456368e-03 1.112660327921848991e+00
-7.307692307692307578e-03 2.282910154186708080e-03 1.071934457464685853e+00
-7.307692307692307578e-03 2.301137263199082295e-03 1.035190313815700591e+00
-7.307692307692307578e-03 2.318783559375017702e-03 1.002637363572389528e+00
-7.307692307692307578e-03 2.349455272999798842e-03 9.718973294135540009e-01
-7.307692307692307578e-03 2.366153459299497920e-03 9.459646432288220108e-01
-7.307692307692307578e-03 2.382230177663985024e-03 9.236567264735103810e-01
-7.307692307692307578e-03 2.412068983158196633e-03 9.029398257594825061e-01
-7.307692307692307578e-03 2.427123407671645354e-03 8.863118898606450191e-01
-7.307692307692307578e-03 2.456443891575504392e-03 8.721551773709633748e-01
-7.307692307692307578e-03 2.470428175369979596e-03 8.602581851431784221e-01
-7.307692307692307578e-03 2.499191985797630591e-03 8.523532945754388468e-01
-7.307692307692307578e-03 2.512058307371370716e-03 8.458409672347066977e-01
-7.307692307692307578e-03 2.540227109233479403e-03 8.417528938473500810e-01
-7.307692307692307578e-03 2.551927673460541949e-03 8.416608557684922554e-01
-7.307692307692307578e-03 2.579463149092874486e-03 8.413841588714756625e-01
-7.307692307692307578e-03 2.606809239768857409e-03 8.440418850352227054e-01
-7.307692307692307578e-03 2.633958749793773556e-03 8.496084893640724056e-01
-7.307692307692307578e-03 2.643471731906792219e-03 8.559330909254349029e-01
-7.307692307692307578e-03 2.669916076796010999e-03 8.642453271747542187e-01
-7.307692307692307578e-03 2.696139881090988538e-03 8.749251970802641720e-01
-7.307692307692307578e-03 2.722135954223579152e-03 8.877894013597127376e-01
-7.307692307692307578e-03 2.747897106779984607e-03 9.014740833783887464e-01
-7.307692307692307578e-03 2.754508440333227476e-03 9.169809167337712452e-01
-7.307692307692307578e-03 2.779475898491728936e-03 9.335320521829835183e-01
-7.307692307692307578e-03 2.804184499516049981e-03 9.514128571238655852e-01
-7.307692307692307578e-03 2.828627059535820075e-03 9.702904469704429768e-01
-7.307692307692307578e-03 2.852796395929346491e-03 9.908912986541480450e-01
-7.307692307692307578e-03 2.876685327341388290e-03 1.013216507444073988e+00
-7.307692307692307578e-03 2.900286673701387395e-03 1.036599031135740034e+00
-7.307692307692307578e-03 2.923593256242102995e-03 1.060848615855096488e+00
-7.307692307692307578e-03 2.946597897518718218e-03 1.086508414948938128e+00
-7.307692307692307578e-03 2.969293421428389167e-03 1.113307956694635781e+00
-7.307692307692307578e-03 2.991672653230279671e-03 1.140951147543083799e+00
-7.307692307692307578e-03 3.036091832688648379e-03 1.168476032275921561e+00
-7.307692307692307578e-03 3.058145336356710240e-03 1.196993804915147175e+00
-7.169811320754717818e-03 1.760460830700754428e-03 3.505513479259826148e+00
-7.169811320754717818e-03 1.799711817014626588e-03 3.145638484111162647e+00
-7.169811320754717818e-03 1.839395559517185584e-03 2.818476863383041042e+00
-7.169811320754717818e-03 1.879512058208430763e-03 2.523311483660893195e+00
-7.169811320754717818e-03 1.920061313088362344e-03 2.259366818394622722e+00
-7.169811320754717818e-03 1.961043324156981193e-03 2.025255299834370248e+00
-7.169811320754717818e-03 2.002458091414285792e-03 1.820414911727162410e+00
-7.169811320754717818e-03 2.044305614860278311e-03 1.644199294898484265e+00
-7.169811320754717818e-03 2.086585894494956579e-03 1.495708266294465849e+00
-7.169811320754717818e-03 2.129298930318321032e-03 1.373280155553352699e+00
-7.169811320754717818e-03 2.172444722330372537e-03 1.277787265464507271e+00
-7.169811320754717818e-03 2.216023270531110225e-03 1.206380896629993149e+00
-7.169811320754717818e-03 2.247647123995418286e-03 1.156427965906276389e+00
-7.169811320754717818e-03 2.266586966495739899e-03 1.112134782029891245e+00
-7.169811320754717818e-03 2.284975398899153579e-03 1.071822595787131460e+00
-7.169811320754717818e-03 2.302798331530350046e-03 1.035671451389231335e+00
-7.169811320754717818e-03 2.333413489202656142e-03 1.002610568351974596e+00
-7.169811320754717818e-03 2.350315059171409482e-03 9.731416794427286687e-01
-7.169811320754717818e-03 2.366611204149620621e-03 9.471851861311864074e-01
-7.169811320754717818e-03 2.382287851739051110e-03 9.243848692520968413e-01
-7.169811320754717818e-03 2.411724799456553547e-03 9.042441441287258908e-01
-7.169811320754717818e-03 2.426381415486959531e-03 8.872240296566039630e-01
-7.169811320754717818e-03 2.455297801757280740e-03 8.727031518611756411e-01
-7.169811320754717818e-03 2.468887413119231437e-03 8.619426727786130282e-01
-7.169811320754717818e-03 2.497245586934503537e-03 8.526885702625692787e-01
-7.169811320754717818e-03 2.509721245077904499e-03 8.466198287161721403e-01
-7.169811320754717818e-03 2.537483571681870345e-03 8.427001310987194405e-01
-7.169811320754717818e-03 2.565071767047947225e-03 8.411618238946452220e-01
-7.169811320754717818e-03 2.575927215092065677e-03 8.413998477989100833e-01
-7.169811320754717818e-03 2.602865473521787532e-03 8.436901089295434364e-01
-7.169811320754717818e-03 2.629606064668713137e-03 8.482577312870548392e-01
-7.169811320754717818e-03 2.656141925366575784e-03 8.553634776074370283e-01
-7.169811320754717818e-03 2.664779347199007324e-03 8.633866144630160111e-01
-7.169811320754717818e-03 2.690594756241247720e-03 8.736586015915457359e-01
-7.169811320754717818e-03 2.716181916316294347e-03 8.848871985408637286e-01
-7.169811320754717818e-03 2.741533769281876906e-03 8.982843729639450325e-01
-7.169811320754717818e-03 2.766643258126886672e-03 9.134851590717079084e-01
-7.169811320754717818e-03 2.791503326986824636e-03 9.299715208482117745e-01
-7.169811320754717818e-03 2.816106921159592259e-03 9.473991249243921553e-01
-7.169811320754717818e-03 2.820683661096657496e-03 9.664811222699203341e-01
-7.169811320754717818e-03 2.844447029761284964e-03 9.870263620727490750e-01
-7.169811320754717818e-03 2.867930436802803001e-03 1.008741384855467160e+00
-7.169811320754717818e-03 2.891126833113870365e-03 1.031378091164466326e+00
-7.169811320754717818e-03 2.935030940578859521e-03 1.055235814573084907e+00
-7.169811320754717818e-03 2.957947605063446228e-03 1.080093645487524512e+00
-7.169811320754717818e-03 2.980558445899461791e-03 1.105620060913349523e+00
-7.169811320754717818e-03 3.002856418298650854e-03 1.131856468650409786e+00
-7.169811320754717818e-03 3.024834478795061007e-03 1.159187686757229496e+00
-7.037037037037036959e-03 1.767510391589431368e-03 3.451001079063621191e+00
-7.037037037037036959e-03 1.806484090926907841e-03 3.098980189141221864e+00
-7.037037037037036959e-03 1.845882803343309704e-03 2.779153878887826945e+00
-7.037037037037036959e-03 1.885706528838637609e-03 2.490754153968172790e+00
-7.037037037037036959e-03 1.925955267412891338e-03 2.232411015096673612e+00
-7.037037037037036959e-03 1.966629019066070024e-03 2.003559331201837601e+00
-7.037037037037036959e-03 2.007727783798175618e-03 1.803577214421540509e+00
-7.037037037037036959e-03 2.049251561609205519e-03 1.631552311866517835e+00
-7.037037037037036959e-03 2.091200352499161027e-03 1.485861488678640541e+00
-7.037037037037036959e-03 2.133574156468042576e-03 1.367312533757057968e+00
-7.037037037037036959e-03 2.176372973515849300e-03 1.273163473811874447e+00
-7.037037037037036959e-03 2.219596803642581630e-03 1.204029617171050504e+00
-7.037037037037036959e-03 2.250842226608995751e-03 1.155064036688240314e+00
-7.037037037037036959e-03 2.269386082862429131e-03 1.111257345459494950e+00
-7.037037037037036959e-03 2.287379205617589770e-03 1.071592813020951773e+00
-7.037037037037036959e-03 2.304807758050357591e-03 1.034981088082457479e+00
-7.037037037037036959e-03 2.335037263898464589e-03 1.003378363576357568e+00
-7.037037037037036959e-03 2.351544861227352571e-03 9.738897047527669271e-01
-7.037037037037036959e-03 2.367448679388332779e-03 9.473915749253053464e-01
-7.037037037037036959e-03 2.396870697607424681e-03 9.255735457656580900e-01
-7.037037037037036959e-03 2.411782017260011898e-03 9.047780067961055384e-01
-7.037037037037036959e-03 2.426050382434368803e-03 8.879970268958017332e-01
-7.037037037037036959e-03 2.454574777356605900e-03 8.740880189148549917e-01
-7.037037037037036959e-03 2.467779158123754348e-03 8.627127933133513782e-01
-7.037037037037036959e-03 2.495743853745472241e-03 8.531545068610069116e-01
-7.037037037037036959e-03 2.523549129599064484e-03 8.480344576557261593e-01
-7.037037037037036959e-03 2.535206180023426639e-03 8.429200430914469688e-01
-7.037037037037036959e-03 2.562398614198187988e-03 8.409015802346699875e-01
-7.037037037037036959e-03 2.572878730857244747e-03 8.418856073669175322e-01
-7.037037037037036959e-03 2.599421386670640148e-03 8.433082122965154248e-01
-7.037037037037036959e-03 2.625765326100944815e-03 8.474544424437120416e-01
-7.037037037037036959e-03 2.651903612711573911e-03 8.542024458524437591e-01
-7.037037037037036959e-03 2.660175556307800906e-03 8.632060200009517015e-01
-7.037037037037036959e-03 2.685594814050919470e-03 8.719014113482410622e-01
-7.037037037037036959e-03 2.710785322166219761e-03 8.829378776955570940e-01
-7.037037037037036959e-03 2.735740149078413636e-03 8.959127068673875538e-01
-7.037037037037036959e-03 2.760452364306612266e-03 9.103186903428782673e-01
-7.037037037037036959e-03 2.784915038479288986e-03 9.257714074772714907e-01
-7.037037037037036959e-03 2.809121243349588237e-03 9.430139997198190294e-01
-7.037037037037036959e-03 2.833064051810971901e-03 9.620430576132349421e-01
-7.037037037037036959e-03 2.856736537913245975e-03 9.821145877793127088e-01
-7.037037037037036959e-03 2.880131776878939835e-03 1.003026402367848346e+00
-7.037037037037036959e-03 2.903242845120087082e-03 1.025358899122464473e+00
-7.037037037037036959e-03 2.926062820255389760e-03 1.048820968565178591e+00
-7.037037037037036959e-03 2.948584781127800650e-03 1.073009035809717515e+00
-7.037037037037036959e-03 2.970801807822524062e-03 1.097955857255670242e+00
-7.037037037037036959e-03 2.992706981685452038e-03 1.124039375110739147e+00
-6.909090909090908131e-03 1.774729006910856933e-03 3.395176420063618750e+00
-6.909090909090908131e-03 1.813435153348299947e-03 3.051196013631532367e+00
-6.909090909090908131e-03 1.852558841818509024e-03 2.738833375992113073e+00
-6.909090909090908131e-03 1.892100072321484814e-03 2.456736321124147970e+00
-6.909090909090908131e-03 1.932058844857226666e-03 2.204336234326682575e+00
-6.909090909090908131e-03 1.972435159425735881e-03 1.981035085881853730e+00
-6.909090909090908131e-03 2.013229016027010942e-03 1.785909003839322828e+00
-6.909090909090908131e-03 2.054440414661051848e-03 1.617373659189753399e+00
-6.909090909090908131e-03 2.096069355327859467e-03 1.476173186358547662e+00
-6.909090909090908131e-03 2.138115838027433366e-03 1.359671005027957902e+00
-6.909090909090908131e-03 2.180579862759773543e-03 1.268390430969714711e+00
-6.909090909090908131e-03 2.223461429524880434e-03 1.201250402152727936e+00
-6.909090909090908131e-03 2.254339429178030089e-03 1.153390548298739882e+00
-6.909090909090908131e-03 2.272496641265226401e-03 1.110296938868728489e+00
-6.909090909090908131e-03 2.290103770987277423e-03 1.070165202239882651e+00
-6.909090909090908131e-03 2.307147225464320234e-03 1.035110024583552946e+00
-6.909090909090908131e-03 2.337002335340589848e-03 1.003660530140022988e+00
-6.909090909090908131e-03 2.353125224784730508e-03 9.735931133689865735e-01
-6.909090909090908131e-03 2.368645921279566042e-03 9.481697420578988345e-01
-6.909090909090908131e-03 2.397689686278070120e-03 9.257654852603139917e-01
-6.909090909090908131e-03 2.412219535556379794e-03 9.051790719658077133e-01
-6.909090909090908131e-03 2.426108706705485535e-03 8.894964272718550724e-01
-6.909090909090908131e-03 2.454252580807138578e-03 8.744949329706599439e-01
-6.909090909090908131e-03 2.467080678314131394e-03 8.634747238929301183e-01
-6.909090909090908131e-03 2.494663415812714818e-03 8.544150537744659157e-01
-6.909090909090908131e-03 2.522085027363249552e-03 8.480116021705443874e-01
-6.909090909090908131e-03 2.533370437667323890e-03 8.432817858936558775e-01
-6.909090909090908131e-03 2.560178706980745407e-03 8.411018290997474001e-01
-6.909090909090908131e-03 2.586803135151292867e-03 8.414545109358083641e-01
-6.909090909090908131e-03 2.596450724392809339e-03 8.433153833003999011e-01
-6.909090909090908131e-03 2.622409635654177323e-03 8.472139053144098764e-01
-6.909090909090908131e-03 2.648162002886417579e-03 8.537014520990926503e-01
-6.909090909090908131e-03 2.673701012913285574e-03 8.612335853881640801e-01
-6.909090909090908131e-03 2.681111414523893854e-03 8.709557079790001266e-01
-6.909090909090908131e-03 2.705916888796071947e-03 8.816331118806830514e-01
-6.909090909090908131e-03 2.730486319629941289e-03 8.938870091181401190e-01
-6.909090909090908131e-03 2.754812898620490232e-03 9.072940305438834674e-01
-6.909090909090908131e-03 2.778889818436751629e-03 9.226252860906395403e-01
-6.909090909090908131e-03 2.802710272836623009e-03 9.398365706279542264e-01
-6.909090909090908131e-03 2.826267456682057984e-03 9.582083647301045115e-01
-6.909090909090908131e-03 2.849554565954577276e-03 9.774824184061021715e-01
-6.909090909090908131e-03 2.872564797771169631e-03 9.982892885587681953e-01
-6.909090909090908131e-03 2.895291350400544007e-03 1.020291896963490874e+00
-6.909090909090908131e-03 2.917727423279776414e-03 1.043079785652919256e+00
-6.909090909090908131e-03 2.939866217031351404e-03 1.066677647109402827e+00
-6.909090909090908131e-03 2.961700933480617293e-03 1.091456849107598881e+00
-6.785714285714285546e-03 1.744070447353180666e-03 3.706073046471698884e+00
-6.785714285714285546e-03 1.782107942581802763e-03 3.338434824465769335e+00
-6.785714285714285546e-03 1.820555766777292445e-03 3.002591633459096077e+00
-6.785714285714285546e-03 1.859413919939649495e-03 2.697209316491917974e+00
-6.785714285714285546e-03 1.898682402068873915e-03 2.421715413358056512e+00
-6.785714285714285546e-03 1.938361213164967222e-03 2.175535144020538159e+00
-6.785714285714285546e-03 1.978450353227927030e-03 1.957733750243500603e+00
-6.785714285714285546e-03 2.018949822257754424e-03 1.766765911049897886e+00
-6.785714285714285546e-03 2.059859620254449186e-03 1.603312983641481448e+00
-6.785714285714285546e-03 2.101179747218011751e-03 1.464842406018933119e+00
-6.785714285714285546e-03 2.142910203148441686e-03 1.351787164392681317e+00
-6.785714285714285546e-03 2.185050988045738989e-03 1.263127387838991922e+00
-6.785714285714285546e-03 2.227602101909904528e-03 1.198150601793870340e+00
-6.785714285714285546e-03 2.258123116688749276e-03 1.151683771317779215e+00
-6.785714285714285546e-03 2.275902544779453973e-03 1.108126279565371242e+00
-6.785714285714285546e-03 2.293132517579838606e-03 1.069635625972485071e+00
-6.785714285714285546e-03 2.309799677709611053e-03 1.034679241308176900e+00
-6.785714285714285546e-03 2.325890671949633684e-03 1.002744735332087966e+00
-6.785714285714285546e-03 2.355038034866839720e-03 9.739148020695238550e-01
-6.785714285714285546e-03 2.370184340462886622e-03 9.480727396686183805e-01
-6.785714285714285546e-03 2.398860656265193719e-03 9.258431807940669112e-01
-6.785714285714285546e-03 2.413017705859701358e-03 9.063052978554773098e-01
-6.785714285714285546e-03 2.426536273376771712e-03 8.899057812660414735e-01
-6.785714285714285546e-03 2.454310505145558541e-03 8.749061063881067302e-01
-6.785714285714285546e-03 2.481937590635529666e-03 8.647553332914843516e-01
-6.785714285714285546e-03 2.493982511118294446e-03 8.547519075695859669e-01
-6.785714285714285546e-03 2.521031441803002569e-03 8.481076056965766163e-01
-6.785714285714285546e-03 2.531953533733879557e-03 8.439655756910172668e-01
-6.785714285714285546e-03 2.558388636313884378e-03 8.411026756076660504e-01
-6.785714285714285546e-03 2.584638642968347180e-03 8.411689370708052005e-01
-6.785714285714285546e-03 2.593929038287486055e-03 8.437495029646810973e-01
-6.785714285714285546e-03 2.619513945530620776e-03 8.475040148179842081e-01
-6.785714285714285546e-03 2.644891447148842167e-03 8.524421490628801834e-01
-6.785714285714285546e-03 2.670054847966921770e-03 8.599262553137514420e-01
-6.785714285714285546e-03 2.694997453786382360e-03 8.694933774621016465e-01
-6.785714285714285546e-03 2.701549347508278801e-03 8.805380728528893197e-01
-6.785714285714285546e-03 2.725744412862540593e-03 8.918343399879020694e-01
-6.785714285714285546e-03 2.749696393302989393e-03 9.051889784262677763e-01
-6.785714285714285546e-03 2.773398599317673883e-03 9.205182510905173254e-01
-6.785714285714285546e-03 2.796844342449538931e-03 9.371264397093420628e-01
-6.785714285714285546e-03 2.820026935311128677e-03 9.547007053081260075e-01
-6.785714285714285546e-03 2.842939691599662578e-03 9.739208902955415192e-01
-6.785714285714285546e-03 2.865575926112437586e-03 9.944051475236479476e-01
-6.785714285714285546e-03 2.887928954762604156e-03 1.015735663427980384e+00
-6.785714285714285546e-03 2.909992094595309584e-03 1.037929641388535495e+00
-6.785714285714285546e-03 2.931758663804234690e-03 1.061352167144722580e+00
-6.666666666666667095e-03 1.751844153046961837e-03 3.639929047748295954e+00
-6.666666666666667095e-03 1.789639055591791357e-03 3.281077857975888357e+00
-6.666666666666667095e-03 1.827837318889500868e-03 2.952869825477042465e+00
-6.666666666666667095e-03 1.866438942940089720e-03 2.654728290186385564e+00
-6.666666666666667095e-03 1.905443927743558996e-03 2.386101119004636839e+00
-6.666666666666667095e-03 1.944852273299907614e-03 2.146043282746018299e+00
-6.666666666666667095e-03 1.984663979609135789e-03 1.933048607973819166e+00
-6.666666666666667095e-03 2.024879046671243521e-03 1.747736567425895338e+00
-6.666666666666667095e-03 2.065497474486231028e-03 1.587677206871207281e+00
-6.666666666666667095e-03 2.106519263054098309e-03 1.453214833642297421e+00
-6.666666666666667095e-03 2.147944412374845364e-03 1.343389316784754151e+00
-6.666666666666667095e-03 2.189772922448472194e-03 1.257496542535830208e+00
-6.666666666666667095e-03 2.232004793274978798e-03 1.194988090760885857e+00
-6.666666666666667095e-03 2.249717892458725447e-03 1.148747711898549184e+00
-6.666666666666667095e-03 2.279588786282561556e-03 1.106945153692626915e+00
-6.666666666666667095e-03 2.296449990229582246e-03 1.068590765501074458e+00
-6.666666666666667095e-03 2.312749213313868100e-03 1.033125252487196777e+00
-6.666666666666667095e-03 2.328473329682832858e-03 1.002399793430065245e+00
-6.666666666666667095e-03 2.357266402661678095e-03 9.733776146941368612e-01
-6.666666666666667095e-03 2.372046605764009317e-03 9.477908429863148854e-01
-6.666666666666667095e-03 2.400365727972263857e-03 9.266539899217492993e-01
-6.666666666666667095e-03 2.414158209426304873e-03 9.063059637407655522e-01
-6.666666666666667095e-03 2.441968272797405849e-03 8.901846346580040148e-01
-6.666666666666667095e-03 2.454729244641466485e-03 8.760681477790559502e-01
-6.666666666666667095e-03 2.481995154634026798e-03 8.648480991349278835e-01
-6.666666666666667095e-03 2.493680850113731869e-03 8.551188809306896621e-01
-6.666666666666667095e-03 2.520367526201663759e-03 8.485395340257253505e-01
-6.666666666666667095e-03 2.530934200607091143e-03 8.443452648345616263e-01
-6.666666666666667095e-03 2.557006576799811595e-03 8.413199454948393496e-01
-6.666666666666667095e-03 2.582892643829441410e-03 8.413218565881436239e-01
-6.666666666666667095e-03 2.608585817189524019e-03 8.441432578270546827e-01
-6.666666666666667095e-03 2.617054902217157055e-03 8.468877403911995172e-01
-6.666666666666667095e-03 2.642068031628225667e-03 8.518890477329280619e-01
-6.666666666666667095e-03 2.666866340795619097e-03 8.591114371590516940e-01
-6.666666666666667095e-03 2.691443249476515361e-03 8.680310959525300296e-01
-6.666666666666667095e-03 2.715792178387400196e-03 8.781765494951507822e-01
-6.666666666666667095e-03 2.739906549216914854e-03 8.903333552275709550e-01
-6.666666666666667095e-03 2.745076305663328355e-03 9.039724550700838357e-01
-6.666666666666667095e-03 2.768414279133796230e-03 9.187581603897324589e-01
-6.666666666666667095e-03 2.791495791034295099e-03 9.345754468295177642e-01
-6.666666666666667095e-03 2.814314267725047045e-03 9.521525724530621737e-01
-6.666666666666667095e-03 2.836863136617768979e-03 9.710641027168354089e-01
-6.666666666666667095e-03 2.859135826190632463e-03 9.908844053377722227e-01
-6.666666666666667095e-03 2.881125766003573077e-03 1.011623756715857025e+00
-6.666666666666667095e-03 2.902826386713960177e-03 1.033641243948904442e+00
