-1.666666666666666574e-01 6.958903325373684166e-04 3.636015397922515824e+00
-1.666666666666666574e-01 7.395094301224913996e-04 2.749674846899085701e+00
-1.666666666666666574e-01 7.844543361448522633e-04 2.085427465095344601e+00
-1.666666666666666574e-01 8.307250506044512248e-04 1.627637311277173815e+00
-1.666666666666666574e-01 8.783215735012875249e-04 1.361560546739173816e+00
-1.666666666666666574e-01 9.012054221272285462e-04 1.213096990234410866e+00
-1.666666666666666574e-01 9.136190871854358003e-04 1.091026201616199121e+00
-1.666666666666666574e-01 9.332063096540181481e-04 9.899449761633477562e-01
-1.666666666666666574e-01 9.512218375358268575e-04 9.105266693105695808e-01
-1.666666666666666574e-01 9.780010122377512209e-04 8.483405783345878692e-01
-1.666666666666666574e-01 9.930703519035429579e-04 8.037612579521751233e-01
-1.666666666666666574e-01 1.017681096511504398e-03 7.753769035775298635e-01
-1.666666666666666574e-01 1.029492084483575858e-03 7.617003087239071490e-01
-1.666666666666666574e-01 1.051656066070472432e-03 7.586744489085600618e-01
-1.666666666666666574e-01 1.072747992926190034e-03 7.678853178653910483e-01
-1.666666666666666574e-01 1.092708720305559083e-03 7.880159772680976893e-01
-1.666666666666666574e-01 1.111479910433592301e-03 8.185089861979147896e-01
-1.666666666666666574e-01 1.143430658708309653e-03 8.542157089123518787e-01
-1.666666666666666574e-01 1.160186150489006789e-03 8.987613521256021532e-01
-1.666666666666666574e-01 1.191120813826740095e-03 9.527344326545537090e-01
-1.666666666666666574e-01 1.205664259138293243e-03 1.008323158397483654e+00
-1.666666666666666574e-01 1.235420080134026462e-03 1.073044073584160207e+00
-1.666666666666666574e-01 1.247559567520145542e-03 1.140567289879232282e+00
-1.666666666666666574e-01 1.275976820254885995e-03 1.211823309023656980e+00
-1.666666666666666574e-01 1.303972252913558182e-03 1.288473790504702121e+00
-1.666666666666666574e-01 1.331515286383651731e-03 1.369185564383236242e+00
-1.666666666666666574e-01 1.338878293531156356e-03 1.452478584521732952e+00
-1.666666666666666574e-01 1.364788007166918993e-03 1.536259866230642590e+00
-1.666666666666666574e-01 1.390146639968298497e-03 1.622758750556239082e+00
-1.666666666666666574e-01 1.414924581902668975e-03 1.711540477634185375e+00
-1.666666666666666574e-01 1.439092447343798828e-03 1.802396902466086637e+00
-1.666666666666666574e-01 1.485586794677956580e-03 1.893164038581154784e+00
-1.666666666666666574e-01 1.532820320825057769e-03 2.008848667182629555e+00
-1.666666666666666574e-01 1.580793025785103044e-03 2.147517909586771800e+00
-1.666666666666666574e-01 1.629504909558091756e-03 2.307342992352304556e+00
-1.666666666666666574e-01 1.678955972144024339e-03 2.486646943634013951e+00
-1.666666666666666574e-01 1.729146213542900575e-03 2.683924312702343773e+00
-1.666666666666666574e-01 1.780075633754720247e-03 2.897541531209675725e+00
-1.666666666666666574e-01 1.831744232779483573e-03 3.126143340404188287e+00
-1.666666666666666574e-01 1.884152010617190552e-03 3.368505311994828944e+00
-1.666666666666666574e-01 1.937298967267841619e-03 3.623348386771089835e+00
-1.610169491525423879e-01 7.329119829624008639e-04 3.317459911692288266e+00
-1.610169491525423879e-01 7.774559182458914627e-04 2.520920143278452041e+00
-1.610169491525423879e-01 8.233138339212255812e-04 1.933962069666220973e+00
-1.610169491525423879e-01 8.704857299884028940e-04 1.542027078712393307e+00
-1.610169491525423879e-01 9.103994091012021289e-04 1.329006993607883436e+00
-1.610169491525423879e-01 9.326955714793923324e-04 1.188333037982840068e+00
-1.610169491525423879e-01 9.535542067832367043e-04 1.072261778197808990e+00
-1.610169491525423879e-01 9.728854388904268702e-04 9.771840648159779708e-01
-1.610169491525423879e-01 9.906009169215225507e-04 9.011272219147734575e-01
-1.610169491525423879e-01 1.006613888767843778e-03 8.436422937107055375e-01
-1.610169491525423879e-01 1.032094384547512216e-03 8.026606000922387185e-01
-1.610169491525423879e-01 1.044919143229580813e-03 7.762920401797789305e-01
-1.610169491525423879e-01 1.068017939683227596e-03 7.622602236052864466e-01
-1.610169491525423879e-01 1.090075662382439291e-03 7.610964931411257073e-01
-1.610169491525423879e-01 1.111033029186571331e-03 7.710609406051560644e-01
-1.610169491525423879e-01 1.130831510006154172e-03 7.911582146780600233e-01
-1.610169491525423879e-01 1.149413354710440444e-03 8.210685093238403454e-01
-1.610169491525423879e-01 1.181557526162932848e-03 8.582310921398467185e-01
-1.610169491525423879e-01 1.198076104760026133e-03 9.012732260572666743e-01
-1.610169491525423879e-01 1.213216107950361574e-03 9.548467839963836745e-01
-1.610169491525423879e-01 1.243428202789942805e-03 1.008875979711586268e+00
-1.610169491525423879e-01 1.273305363647796087e-03 1.072346169854460074e+00
-1.610169491525423879e-01 1.285118346658196097e-03 1.138694095088765401e+00
-1.610169491525423879e-01 1.313623219825744721e-03 1.208300991699217564e+00
-1.610169491525423879e-01 1.341692164581620916e-03 1.283043643647568732e+00
-1.610169491525423879e-01 1.369294890572212613e-03 1.361672453634638735e+00
-1.610169491525423879e-01 1.396401302915638342e-03 1.443192598958016548e+00
-1.610169491525423879e-01 1.422981506317117601e-03 1.526849651706846167e+00
-1.610169491525423879e-01 1.449005809343012268e-03 1.612059698476559166e+00
-1.610169491525423879e-01 1.474444728862124403e-03 1.698455556016813528e+00
-1.610169491525423879e-01 1.499268994663446441e-03 1.785914281121317559e+00
-1.610169491525423879e-01 1.523449554260184694e-03 1.874365352335017221e+00
-1.610169491525423879e-01 1.571128982171669059e-03 1.983881128739733990e+00
-1.610169491525423879e-01 1.619543069989338741e-03 2.115947320233507511e+00
-1.610169491525423879e-01 1.668691817713195474e-03 2.268840659697215045e+00
-1.610169491525423879e-01 1.718575225343238174e-03 2.441010078697883223e+00
-1.610169491525423879e-01 1.769193292879466840e-03 2.630782541579733458e+00
-1.610169491525423879e-01 1.820546020321881691e-03 2.836751303186065165e+00
-1.610169491525423879e-01 1.872633407670482291e-03 3.057650948594362816e+00
-1.610169491525423879e-01 1.925455454925269726e-03 3.292159983959880964e+00
-1.610169491525423879e-01 1.979012162086243778e-03 3.539030536565882734e+00
-1.557377049180327933e-01 7.701478631544301980e-04 3.025170542003691843e+00
-1.557377049180327933e-01 8.155747162238084595e-04 2.313661743638702362e+00
-1.557377049180327933e-01 8.623031983209623278e-04 1.800126413457208363e+00
-1.557377049180327933e-01 9.103333094458921282e-04 1.470932373749175515e+00
-1.557377049180327933e-01 9.418537462438858953e-04 1.296483182204664519e+00
-1.557377049180327933e-01 9.635103599448255687e-04 1.163448201035429008e+00
-1.557377049180327933e-01 9.836770756291909196e-04 1.053340890084983883e+00
-1.557377049180327933e-01 1.002265467767299951e-03 9.635336348706805554e-01
-1.557377049180327933e-01 1.019188605370721515e-03 8.928951403946507881e-01
-1.557377049180327933e-01 1.045501592483486213e-03 8.393676258944107182e-01
-1.557377049180327933e-01 1.059307982492330331e-03 8.004172570945720100e-01
-1.557377049180327933e-01 1.083305060960018835e-03 7.756790501237814661e-01
-1.557377049180327933e-01 1.106292357918838053e-03 7.645669257312954770e-01
-1.557377049180327933e-01 1.128210547961252261e-03 7.649432422559900857e-01
-1.557377049180327933e-01 1.149001007297062232e-03 7.753994187786755754e-01
-1.557377049180327933e-01 1.168605839308478481e-03 7.952083754757753864e-01
-1.557377049180327933e-01 1.186967901782579309e-03 8.243840047028393458e-01
-1.557377049180327933e-01 1.219271102959460689e-03 8.632836734721451855e-01
-1.557377049180327933e-01 1.235523947169219665e-03 9.046452281322752143e-01
-1.557377049180327933e-01 1.250373715877375327e-03 9.566691619698812765e-01
-1.557377049180327933e-01 1.280689400742052609e-03 1.010478100401842827e+00
-1.557377049180327933e-01 1.310655346840263087e-03 1.073062189582228543e+00
-1.557377049180327933e-01 1.322116464721213467e-03 1.137978796660329195e+00
-1.557377049180327933e-01 1.350677412678791961e-03 1.206274805690031204e+00
-1.557377049180327933e-01 1.378788648095365934e-03 1.279408183109894681e+00
-1.557377049180327933e-01 1.406420181077915705e-03 1.356248576349396329e+00
-1.557377049180327933e-01 1.433542210126800831e-03 1.435908387964467403e+00
-1.557377049180327933e-01 1.460125126135006571e-03 1.517673472660713063e+00
-1.557377049180327933e-01 1.486139516542181026e-03 1.601051912521881171e+00
-1.557377049180327933e-01 1.511556169651863792e-03 1.685797248527264980e+00
-1.557377049180327933e-01 1.536346079120901736e-03 1.771714169489575497e+00
-1.557377049180327933e-01 1.560480448630656219e-03 1.858835337056526260e+00
-1.557377049180327933e-01 1.608566403593650546e-03 1.962950564364388750e+00
-1.557377049180327933e-01 1.657382039208587544e-03 2.089203268802727553e+00
-1.557377049180327933e-01 1.706927355475465913e-03 2.236000164816950964e+00
-1.557377049180327933e-01 1.757202352394286954e-03 2.401631749467672883e+00
-1.557377049180327933e-01 1.808207029965050016e-03 2.584642819676840730e+00
-1.557377049180327933e-01 1.859941388187755533e-03 2.783729713648685156e+00
-1.557377049180327933e-01 1.912405427062403287e-03 2.997531096202600054e+00
-1.557377049180327933e-01 1.965599146588993713e-03 3.224761462947380863e+00
-1.557377049180327933e-01 2.019522546767525944e-03 3.464355137608343238e+00
-1.557377049180327933e-01 2.074175627598000195e-03 3.715170519707847063e+00
-1.507936507936507853e-01 7.625988801227990416e-04 3.590513604119626834e+00
-1.507936507936507853e-01 8.075804595513514164e-04 2.758927402417092889e+00
-1.507936507936507853e-01 8.538509094506354247e-04 2.127936125963561409e+00
-1.507936507936507853e-01 9.014102298206518255e-04 1.684083207690604933e+00
-1.507936507936507853e-01 9.502584206614002934e-04 1.414705773164591562e+00
-1.507936507936507853e-01 9.726796557307297543e-04 1.264245573419070734e+00
-1.507936507936507853e-01 9.936486741222610216e-04 1.138700319542629735e+00
-1.507936507936507853e-01 1.013077097413933939e-03 1.034831213450612575e+00
-1.507936507936507853e-01 1.030877945693142424e-03 9.508689066785158683e-01
-1.507936507936507853e-01 1.057988003223680378e-03 8.848873241551051816e-01
-1.507936507936507853e-01 1.072744439205542202e-03 8.334995720568610933e-01
-1.507936507936507853e-01 1.097604751963232421e-03 7.983616163016677980e-01
-1.507936507936507853e-01 1.121486723358062132e-03 7.777184163000003814e-01
-1.507936507936507853e-01 1.131351712096794783e-03 7.673767204907843142e-01
-1.507936507936507853e-01 1.152587166463142588e-03 7.687981636552121412e-01
-1.507936507936507853e-01 1.186673019481280372e-03 7.811800640564161569e-01
-1.507936507936507853e-01 1.206055427121917843e-03 8.004697774281627209e-01
-1.507936507936507853e-01 1.224169853247016439e-03 8.286397000456989792e-01
-1.507936507936507853e-01 1.240960537314888916e-03 8.665240646359553267e-01
-1.507936507936507853e-01 1.272561437155900416e-03 9.089618968439002744e-01
-1.507936507936507853e-01 1.287095635684075510e-03 9.592381596438365188e-01
-1.507936507936507853e-01 1.317484983422506683e-03 1.013106610070794389e+00
-1.507936507936507853e-01 1.347510083952385956e-03 1.075060350392363473e+00
-1.507936507936507853e-01 1.358596304059063410e-03 1.138308866515999496e+00
-1.507936507936507853e-01 1.387184674287337627e-03 1.205543544019147539e+00
-1.507936507936507853e-01 1.415309872568408598e-03 1.277323101535523087e+00
-1.507936507936507853e-01 1.442942218424226632e-03 1.352631911204065673e+00
-1.507936507936507853e-01 1.470052213077269057e-03 1.430630656776607168e+00
-1.507936507936507853e-01 1.496610543338008264e-03 1.510707113255595591e+00
-1.507936507936507853e-01 1.522588085643395654e-03 1.592495545009901203e+00
-1.507936507936507853e-01 1.547955910254588015e-03 1.675679747642058626e+00
-1.507936507936507853e-01 1.572685285622705924e-03 1.760182467976435960e+00
-1.507936507936507853e-01 1.596747682932019019e-03 1.846052861190086825e+00
-1.507936507936507853e-01 1.645204652370686272e-03 1.945496263971919104e+00
-1.507936507936507853e-01 1.694385941232950379e-03 2.066717031586327913e+00
-1.507936507936507853e-01 1.744291549518811775e-03 2.207972044378762710e+00
-1.507936507936507853e-01 1.794921477228270893e-03 2.367760560796719815e+00
-1.507936507936507853e-01 1.846275724361327083e-03 2.544743308422925843e+00
-1.507936507936507853e-01 1.898354290917980995e-03 2.737521609461754935e+00
-1.507936507936507853e-01 1.951157176898232412e-03 2.944774758311148322e+00
-1.507936507936507853e-01 2.004684382302081118e-03 3.165402169032393687e+00
-1.507936507936507853e-01 2.058935907129526895e-03 3.398223597056398759e+00
-1.507936507936507853e-01 2.113911751380570612e-03 3.642173253069986849e+00
-1.461538461538461620e-01 7.993927617071382337e-04 3.262787833713079344e+00
-1.461538461538461620e-01 8.451940961660839519e-04 2.518364538497634975e+00
-1.461538461538461620e-01 8.922712338133011135e-04 1.963581032079732891e+00
-1.461538461538461620e-01 9.406241746487899354e-04 1.585925656037296738e+00
-1.461538461538461620e-01 9.902529186725499838e-04 1.373492171957855223e+00
-1.461538461538461620e-01 1.002873109944881370e-03 1.232511269892689221e+00
-1.461538461538461620e-01 1.023109959516806415e-03 1.114354466087051909e+00
-1.461538461538461620e-01 1.041757145284055545e-03 1.016965125921733826e+00
-1.461538461538461620e-01 1.069630634425066101e-03 9.386552292482553961e-01
-1.461538461538461620e-01 1.085306230318258897e-03 8.750032696110365826e-01
-1.461538461538461620e-01 1.110996218044024838e-03 8.297770766622998284e-01
-1.461538461538461620e-01 1.123395704255882683e-03 7.961192524585329888e-01
-1.461538461538461620e-01 1.146631146784110860e-03 7.759178609765201573e-01
-1.461538461538461620e-01 1.168794209481219173e-03 7.678784712829500592e-01
-1.461538461538461620e-01 1.189827161610208578e-03 7.706102624997305250e-01
-1.461538461538461620e-01 1.209672938160169086e-03 7.834471853262624519e-01
-1.461538461538461620e-01 1.228275164808664572e-03 8.062848125875927696e-01
-1.461538461538461620e-01 1.261043422146231703e-03 8.340355644992808459e-01
-1.461538461538461620e-01 1.277537216686986526e-03 8.704108791108503551e-01
-1.461538461538461620e-01 1.309217690580921764e-03 9.143342000082734788e-01
-1.461538461538461620e-01 1.323413186852326427e-03 9.626394693541678871e-01
-1.461538461538461620e-01 1.353848882707944009e-03 1.016741178897644593e+00
-1.461538461538461620e-01 1.383906125500833318e-03 1.078282569089808574e+00
-1.461538461538461620e-01 1.394596498566839839e-03 1.139599111700767553e+00
-1.461538461538461620e-01 1.423186226118493400e-03 1.205981147020889654e+00
-1.461538461538461620e-01 1.451299645674812740e-03 1.276625559932479392e+00
-1.461538461538461620e-01 1.478907392807980595e-03 1.350572800653676575e+00
-1.461538461538461620e-01 1.505980278459399932e-03 1.427094665058514344e+00
-1.461538461538461620e-01 1.532489292719678518e-03 1.505710300829613546e+00
-1.461538461538461620e-01 1.558405608755985411e-03 1.585986452077811304e+00
-1.461538461538461620e-01 1.583700586894801589e-03 1.667739653804955813e+00
-1.461538461538461620e-01 1.608345778868668953e-03 1.750910533547757275e+00
-1.461538461538461620e-01 1.632312932236138891e-03 1.835626773936526179e+00
-1.461538461538461620e-01 1.681108839613518853e-03 1.931122486951159178e+00
-1.461538461538461620e-01 1.730623390693069620e-03 2.047819593760529244e+00
-1.461538461538461620e-01 1.780856585474790976e-03 2.184174621854831688e+00
-1.461538461538461620e-01 1.831808423958682487e-03 2.338815219023085312e+00
-1.461538461538461620e-01 1.883478906144744804e-03 2.510307766799233065e+00
-1.461538461538461620e-01 1.935868032032978144e-03 2.697298696767216342e+00
-1.461538461538461620e-01 1.988975801623381421e-03 2.898654491928841281e+00
-1.461538461538461620e-01 2.042802214915955504e-03 3.113158464689711025e+00
-1.461538461538461620e-01 2.097347271910699959e-03 3.339712406615513274e+00
-1.461538461538461620e-01 2.152610972607615220e-03 3.577406536955932026e+00
-1.417910447761193959e-01 8.363880593356303513e-04 2.965052574154475096e+00
-1.417910447761193959e-01 8.829747025391756175e-04 2.302965892225304678e+00
-1.417910447761193959e-01 9.308238563986437342e-04 1.820393539176671904e+00
-1.417910447761193959e-01 9.799355209140342676e-04 1.505562876081139256e+00
-1.417910447761193959e-01 1.011415861959650674e-03 1.334090738592496050e+00
-1.417910447761193959e-01 1.032430819029255637e-03 1.201494442467069046e+00
-1.417910447761193959e-01 1.051894091601856358e-03 1.090632618136905929e+00
-1.417910447761193959e-01 1.069720212168534176e-03 9.999529296193281347e-01
-1.417910447761193959e-01 1.097063761240122705e-03 9.244297947229318524e-01
-1.417910447761193959e-01 1.111830975144332103e-03 8.671815236694072615e-01
-1.417910447761193959e-01 1.136913151421566287e-03 8.230782293705738439e-01
-1.417910447761193959e-01 1.161012755468289167e-03 7.938467739535352008e-01
-1.417910447761193959e-01 1.184071532750294049e-03 7.770574227261771716e-01
-1.417910447761193959e-01 1.206031829374133160e-03 7.709749639172609470e-01
-1.417910447761193959e-01 1.226836613589406526e-03 7.745760622449058275e-01
-1.417910447761193959e-01 1.246429498667690110e-03 7.873873898506265068e-01
-1.417910447761193959e-01 1.264754767281507956e-03 8.095897283817475865e-01
-1.417910447761193959e-01 1.297610889296625094e-03 8.407768599788504327e-01
-1.417910447761193959e-01 1.313785203576583365e-03 8.753666696215163245e-01
-1.417910447761193959e-01 1.345519398335359804e-03 9.208820491909319728e-01
-1.417910447761193959e-01 1.359355039418765586e-03 9.669361148611345103e-01
-1.417910447761193959e-01 1.389812113544207275e-03 1.021414780437930769e+00
-1.417910447761193959e-01 1.401125027007123561e-03 1.081129451784422990e+00
-1.417910447761193959e-01 1.430152278274966077e-03 1.141817433081083966e+00
-1.417910447761193959e-01 1.458719615509155394e-03 1.207520624139255316e+00
-1.417910447761193959e-01 1.486797829173996379e-03 1.277164046773971551e+00
-1.417910447761193959e-01 1.514357875570222908e-03 1.349907737225320981e+00
-1.417910447761193959e-01 1.541370880375264900e-03 1.425159796630795617e+00
-1.417910447761193959e-01 1.567808142319984752e-03 1.502373693536525057e+00
-1.417910447761193959e-01 1.593641137009232977e-03 1.581263389580589429e+00
-1.417910447761193959e-01 1.618841520894078942e-03 1.661664299329632222e+00
-1.417910447761193959e-01 1.643381135404142291e-03 1.743600961143334738e+00
-1.417910447761193959e-01 1.667232011248997873e-03 1.827307305924749103e+00
-1.417910447761193959e-01 1.716337841066316056e-03 1.919314062473882920e+00
-1.417910447761193959e-01 1.766156382492013168e-03 2.032073310070992456e+00
-1.417910447761193959e-01 1.816687635526089426e-03 2.164182041478392549e+00
-1.417910447761193959e-01 1.867931600168544612e-03 2.314174001760845201e+00
-1.417910447761193959e-01 1.919888276419379376e-03 2.480665004737016677e+00
-1.417910447761193959e-01 1.972557664278592852e-03 2.662490512876765525e+00
-1.417910447761193959e-01 2.025939763746185257e-03 2.858399528485442431e+00
-1.417910447761193959e-01 2.080034574822157024e-03 3.067263132610102971e+00
-1.417910447761193959e-01 2.134842097506507719e-03 3.288141309929596190e+00
-1.417910447761193959e-01 2.190362331799237342e-03 3.520007397092907553e+00
-1.376811594202898559e-01 8.274796578059875202e-04 3.462288696900499119e+00
-1.376811594202898559e-01 8.735701048731305245e-04 2.696421065542448758e+00
-1.376811594202898559e-01 9.209096155464292863e-04 2.112208271291763140e+00
-1.376811594202898559e-01 9.694981898258834803e-04 1.698016212102440026e+00
-1.376811594202898559e-01 1.019335827711493865e-03 1.442816502334775430e+00
-1.376811594202898559e-01 1.041099849897220066e-03 1.295692962753627997e+00
-1.376811594202898559e-01 1.061350098958107084e-03 1.171362947517430086e+00
-1.376811594202898559e-01 1.080001275120472982e-03 1.067722976367583509e+00
-1.376811594202898559e-01 1.108080861963744524e-03 9.813146032058717161e-01
-1.376811594202898559e-01 1.123746261263728653e-03 9.116730444352634244e-01
-1.376811594202898559e-01 1.149630544014785920e-03 8.583630453209797340e-01
-1.376811594202898559e-01 1.162010890041213686e-03 8.194345211959443986e-01
-1.376811594202898559e-01 1.185433657045366091e-03 7.917270218582393992e-01
-1.376811594202898559e-01 1.207781859273283388e-03 7.764588422016973634e-01
-1.376811594202898559e-01 1.228998746356166349e-03 7.723525874538069713e-01
-1.376811594202898559e-01 1.249028178990930918e-03 7.786723687191829946e-01
-1.376811594202898559e-01 1.282947141467773470e-03 7.932919254539904097e-01
-1.376811594202898559e-01 1.300973351091392477e-03 8.144762830964482614e-01
-1.376811594202898559e-01 1.317654294249626101e-03 8.454568645576600039e-01
-1.376811594202898559e-01 1.349726845314764894e-03 8.815713015304974531e-01
-1.376811594202898559e-01 1.364115340079220806e-03 9.251214919048652563e-01
-1.376811594202898559e-01 1.394947447120514338e-03 9.722284006723588279e-01
-1.376811594202898559e-01 1.425403037466248636e-03 1.027169489699316873e+00
-1.376811594202898559e-01 1.436299768476516402e-03 1.084453941518860320e+00
-1.376811594202898559e-01 1.465295788476327988e-03 1.144972237518756986e+00
-1.376811594202898559e-01 1.493819065908617068e-03 1.210089352735056689e+00
-1.376811594202898559e-01 1.521840720573656731e-03 1.278857668408266646e+00
-1.376811594202898559e-01 1.549332032528798067e-03 1.350578211490251146e+00
-1.376811594202898559e-01 1.576264445532864688e-03 1.424594876484464701e+00
-1.376811594202898559e-01 1.602609570623754476e-03 1.500522617329156150e+00
-1.376811594202898559e-01 1.628339189836423622e-03 1.578094895911873685e+00
-1.376811594202898559e-01 1.653425260068960108e-03 1.657236126119918218e+00
-1.376811594202898559e-01 1.677839917104954675e-03 1.738082950673446536e+00
-1.376811594202898559e-01 1.701555479800991684e-03 1.820709660691151033e+00
-1.376811594202898559e-01 1.750944947381524947e-03 1.909754701469944083e+00
-1.376811594202898559e-01 1.801040988174941676e-03 2.019185521176323661e+00
-1.376811594202898559e-01 1.851843602181241655e-03 2.147505434888068443e+00
-1.376811594202898559e-01 1.903352789400424884e-03 2.293301790073651869e+00
-1.376811594202898559e-01 1.955568549832491145e-03 2.455380869658288834e+00
-1.376811594202898559e-01 2.008490883477440439e-03 2.632459428050061501e+00
-1.376811594202898559e-01 2.062119790335273199e-03 2.823379486116688319e+00
-1.376811594202898559e-01 2.116455270405988992e-03 3.027172591307059957e+00
-1.376811594202898559e-01 2.171497323689587818e-03 3.242774172215232120e+00
-1.338028169014084390e-01 8.640993255005498079e-04 3.138700898609230627e+00
-1.338028169014084390e-01 9.109256065444326644e-04 2.456035571408652363e+00
-1.338028169014084390e-01 9.589874095155947326e-04 1.945447305158954476e+00
-1.338028169014084390e-01 1.008284734414036663e-03 1.596035566566869068e+00
-1.338028169014084390e-01 1.049171346830275872e-03 1.396437535926175144e+00
-1.338028169014084390e-01 1.070180603135428539e-03 1.258686396129122809e+00
-1.338028169014084390e-01 1.089628764818887079e-03 1.142246639170559019e+00
-1.338028169014084390e-01 1.118415452979933068e-03 1.045224330698399040e+00
-1.338028169014084390e-01 1.134950805944565664e-03 9.635991411736976042e-01
-1.338028169014084390e-01 1.149683788397721541e-03 9.005535803847822818e-01
-1.338028169014084390e-01 1.174931728744310708e-03 8.495570886236001318e-01
-1.338028169014084390e-01 1.199193706734636615e-03 8.134027540302756210e-01
-1.338028169014084390e-01 1.222412560357468087e-03 7.897978357272545935e-01
-1.338028169014084390e-01 1.244531679631615201e-03 7.771417624494748599e-01
-1.338028169014084390e-01 1.265495026369804939e-03 7.743638808151036557e-01
-1.338028169014084390e-01 1.285247155201086353e-03 7.810554999779887320e-01
-1.338028169014084390e-01 1.303733235963776792e-03 7.973657964919360630e-01
-1.338028169014084390e-01 1.336947852944879445e-03 8.211728299587484070e-01
-1.338028169014084390e-01 1.353287494399575642e-03 8.504313236722307323e-01
-1.338028169014084390e-01 1.385382675424274125e-03 8.891604294973964873e-01
-1.338028169014084390e-01 1.399391171528859088e-03 9.302784115587405811e-01
-1.338028169014084390e-01 1.430214464308897718e-03 9.786132120815235202e-01
-1.338028169014084390e-01 1.441710471226753491e-03 1.033537673277290292e+00
-1.338028169014084390e-01 1.471111706756566238e-03 1.088657472030249318e+00
-1.338028169014084390e-01 1.500056382420681973e-03 1.149052880308502278e+00
-1.338028169014084390e-01 1.528515796957984887e-03 1.213672609722009632e+00
-1.338028169014084390e-01 1.556461400849345556e-03 1.281714481699039787e+00
-1.338028169014084390e-01 1.583864799546576448e-03 1.352416437191795051e+00
-1.338028169014084390e-01 1.610697756824841422e-03 1.425297908916471457e+00
-1.338028169014084390e-01 1.636932198265101182e-03 1.499993605112203143e+00
-1.338028169014084390e-01 1.662540214873647199e-03 1.576330783625596421e+00
-1.338028169014084390e-01 1.687494066846222237e-03 1.654351552904739897e+00
-1.338028169014084390e-01 1.711766187484806091e-03 1.734037544912757856e+00
-1.338028169014084390e-01 1.735329187275651665e-03 1.815618894073798950e+00
-1.338028169014084390e-01 1.784978447742562859e-03 1.902265239711223632e+00
-1.338028169014084390e-01 1.835327979866271334e-03 2.008780972048948676e+00
-1.338028169014084390e-01 1.886377783646776872e-03 2.133727030501758826e+00
-1.338028169014084390e-01 1.938127859084079474e-03 2.275882289235862999e+00
-1.338028169014084390e-01 1.990578206178178922e-03 2.433933244619566061e+00
-1.338028169014084390e-01 2.043728824929075868e-03 2.606694448316199342e+00
-1.338028169014084390e-01 2.097579715336769443e-03 2.793170756380742858e+00
-1.338028169014084390e-01 2.152130877401260082e-03 2.992261136340043315e+00
-1.301369863013698558e-01 8.545977875553365010e-04 3.625067788454695794e+00
-1.301369863013698558e-01 9.009091721364615281e-04 2.847046530318960933e+00
-1.301369863013698558e-01 9.484424929862176820e-04 2.242952597182837238e+00
-1.301369863013698558e-01 9.971977501046058300e-04 1.802016680862380760e+00
-1.301369863013698558e-01 1.047174943491624563e-03 1.513998964403185044e+00
-1.301369863013698558e-01 1.078435781897402277e-03 1.352168386281905388e+00
-1.301369863013698558e-01 1.098653884384155318e-03 1.223112688725197739e+00
-1.301369863013698558e-01 1.117265044125094302e-03 1.114282188956823294e+00
-1.301369863013698558e-01 1.145498042107080845e-03 1.022550841183573755e+00
-1.301369863013698558e-01 1.161111979847710392e-03 9.471664323421804532e-01
-1.301369863013698558e-01 1.187139673973434386e-03 8.878669559724370330e-01
-1.301369863013698558e-01 1.199462637073741298e-03 8.431775310876754581e-01
-1.301369863013698558e-01 1.223023872353596426e-03 8.093405668831412658e-01
-1.301369863013698558e-01 1.245509180767908567e-03 7.879710072037446889e-01
-1.301369863013698558e-01 1.266862847595945363e-03 7.777626574165357187e-01
-1.301369863013698558e-01 1.287029720449845696e-03 7.780747946171271412e-01
-1.301369863013698558e-01 1.321278232808950452e-03 7.861122577515726739e-01
-1.301369863013698558e-01 1.339444576100258391e-03 8.015947547290844799e-01
-1.301369863013698558e-01 1.356268980774929904e-03 8.269475586677303980e-01
-1.301369863013698558e-01 1.388674144360195354e-03 8.570260512381459028e-01
-1.301369863013698558e-01 1.403213696577155709e-03 8.951510645531359778e-01
-1.301369863013698558e-01 1.434383226880945033e-03 9.366479227387202178e-01
-1.301369863013698558e-01 1.465178145855490803e-03 9.861961872195001977e-01
-1.301369863013698558e-01 1.476241975800371810e-03 1.038273612530687062e+00
-1.301369863013698558e-01 1.505585986318579367e-03 1.093776533100127235e+00
-1.301369863013698558e-01 1.534460887933304218e-03 1.154096289643374851e+00
-1.301369863013698558e-01 1.562838315184327410e-03 1.218331258842447085e+00
-1.301369863013698558e-01 1.590690049427049549e-03 1.285616962595954371e+00
-1.301369863013698558e-01 1.617988021976106590e-03 1.355380714861207814e+00
-1.301369863013698558e-01 1.644704317369524629e-03 1.427161602623258529e+00
-1.301369863013698558e-01 1.670811176759879431e-03 1.500692639195790212e+00
-1.301369863013698558e-01 1.696281001439326527e-03 1.575924103005123644e+00
-1.301369863013698558e-01 1.721086356505877046e-03 1.652747757045050836e+00
-1.301369863013698558e-01 1.745199974678784309e-03 1.731305796427357713e+00
-1.301369863013698558e-01 1.768594760271479521e-03 1.811951889240267288e+00
-1.301369863013698558e-01 1.818482151802020778e-03 1.896566949637513044e+00
-1.301369863013698558e-01 1.869063387442862316e-03 2.000542570981025392e+00
-1.301369863013698558e-01 1.920338467194002835e-03 2.122631919252505828e+00
-1.301369863013698558e-01 1.972307391055442768e-03 2.261493149459336216e+00
-1.301369863013698558e-01 2.024970159027182550e-03 2.415914875195328992e+00
-1.301369863013698558e-01 2.078326771109222180e-03 2.584876953476139771e+00
-1.301369863013698558e-01 2.132377227301560790e-03 2.767243301126371069e+00
-1.266666666666666774e-01 8.908918451038014925e-04 3.280863658661708371e+00
-1.266666666666666774e-01 9.378966367359328803e-04 2.586077213960039423e+00
-1.266666666666666774e-01 9.861097777673483427e-04 2.056242167015303046e+00
-1.266666666666666774e-01 1.035531268198047012e-03 1.681227679164619015e+00
-1.266666666666666774e-01 1.086161108028029215e-03 1.451406294033371847e+00
-1.266666666666666774e-01 1.107123128398291786e-03 1.309938055360364562e+00
-1.266666666666666774e-01 1.126515999742065633e-03 1.189026202519962716e+00
-1.266666666666666774e-01 1.144257506123149987e-03 1.087603500627804642e+00
-1.266666666666666774e-01 1.171904904008863081e-03 1.000996755371524660e+00
-1.266666666666666774e-01 1.186567378244951336e-03 9.322438764871148198e-01
-1.266666666666666774e-01 1.211936004914823586e-03 8.760554640648918756e-01
-1.266666666666666774e-01 1.236315933795854210e-03 8.344137061654562926e-01
-1.266666666666666774e-01 1.259651129252032991e-03 8.051985182284051579e-01
-1.266666666666666774e-01 1.281886064311974676e-03 7.867995202605213567e-01
-1.266666666666666774e-01 1.302965738865416879e-03 7.782760450349059944e-01
-1.266666666666666774e-01 1.322835699011813996e-03 7.792242901205687078e-01
-1.266666666666666774e-01 1.341442057662774277e-03 7.897869657532979870e-01
-1.266666666666666774e-01 1.374961508678197285e-03 8.082397527320834829e-01
-1.266666666666666774e-01 1.391427259697213372e-03 8.318540811866594886e-01
-1.266666666666666774e-01 1.423830042520959904e-03 8.653992029446508916e-01
-1.266666666666666774e-01 1.437973677877671689e-03 9.009194068017516432e-01
-1.266666666666666774e-01 1.469110197553564687e-03 9.443637169839934620e-01
-1.266666666666666774e-01 1.480753301691157533e-03 9.935365919650233080e-01
-1.266666666666666774e-01 1.510476061247344182e-03 1.043998627007550528e+00
-1.266666666666666774e-01 1.539745633676984282e-03 1.099886888023574150e+00
-1.266666666666666774e-01 1.568533849104269094e-03 1.160203957085969240e+00
-1.266666666666666774e-01 1.596812676846085877e-03 1.223986381968321435e+00
-1.266666666666666774e-01 1.624554228361950936e-03 1.290572672799768394e+00
-1.266666666666666774e-01 1.651730760315778344e-03 1.359409356963622084e+00
-1.266666666666666774e-01 1.678314677755394320e-03 1.430138053480968452e+00
-1.266666666666666774e-01 1.704278537416103632e-03 1.502619860934834906e+00
-1.266666666666666774e-01 1.729595051155050252e-03 1.576659413572657265e+00
-1.266666666666666774e-01 1.754237089523568100e-03 1.652313479301649846e+00
-1.266666666666666774e-01 1.778177685485240545e-03 1.729852180003704776e+00
-1.266666666666666774e-01 1.801390038287914441e-03 1.809511277322724210e+00
-1.266666666666666774e-01 1.851495855338367068e-03 1.892428584696675742e+00
-1.266666666666666774e-01 1.902288994982103678e-03 1.994342091458322308e+00
-1.266666666666666774e-01 1.953769457219125139e-03 2.113883454570878229e+00
-1.266666666666666774e-01 2.005937242049431451e-03 2.249816820889243729e+00
-1.266666666666666774e-01 2.058792349473022396e-03 2.401098685956393197e+00
-1.266666666666666774e-01 2.112334779489897542e-03 2.566559287689238467e+00
-1.233766233766233900e-01 8.809001973938586361e-04 3.753513445616452948e+00
-1.233766233766233900e-01 9.273778146879950793e-04 2.970768591192679775e+00
-1.233766233766233900e-01 9.750502293418788049e-04 2.354593915427042106e+00
-1.233766233766233900e-01 1.023917441355508186e-03 1.894970489273045011e+00
-1.233766233766233900e-01 1.073979450728884200e-03 1.582375647202135083e+00
-1.233766233766233900e-01 1.115078765597003144e-03 1.402365484418550912e+00
-1.233766233766233900e-01 1.135228030453885786e-03 1.269697922904549525e+00
-1.233766233766233900e-01 1.153763721469896336e-03 1.156477035180713875e+00
-1.233766233766233900e-01 1.182107754466554935e-03 1.061662614139101013e+00
-1.233766233766233900e-01 1.197636954208108765e-03 9.807571467948239530e-01
-1.233766233766233900e-01 1.223767128366495555e-03 9.171580116804366467e-01
-1.233766233766233900e-01 1.236001765109743600e-03 8.662986946612669659e-01
-1.233766233766233900e-01 1.259662101053017668e-03 8.275675272110400993e-01
-1.233766233766233900e-01 1.282245773017192574e-03 8.009807298712169343e-01
-1.233766233766233900e-01 1.303698133579506016e-03 7.853893660168161928e-01
-1.233766233766233900e-01 1.323965054092162254e-03 7.801717524390634484e-01
-1.233766233766233900e-01 1.358494773577727287e-03 7.838274262577148432e-01
-1.233766233766233900e-01 1.376764864079535510e-03 7.936721064676962589e-01
-1.233766233766233900e-01 1.393697156562250959e-03 8.132350440559505955e-01
-1.233766233766233900e-01 1.426387058522771145e-03 8.388839420172409245e-01
-1.233766233766233900e-01 1.441043317526244372e-03 8.710968197152348935e-01
-1.233766233766233900e-01 1.472502677670670763e-03 9.082662799432279499e-01
-1.233766233766233900e-01 1.503589271818152025e-03 9.535458877075921880e-01
-1.233766233766233900e-01 1.514787687158453480e-03 9.994726795646238227e-01
-1.233766233766233900e-01 1.544432460641180678e-03 1.050816008025241333e+00
-1.233766233766233900e-01 1.573611757316254779e-03 1.107119880742182039e+00
-1.233766233766233900e-01 1.602297744631365822e-03 1.167325224304433640e+00
-1.233766233766233900e-01 1.630462724866983768e-03 1.230684969990272659e+00
-1.233766233766233900e-01 1.658079138010373982e-03 1.296556073456819558e+00
-1.233766233766233900e-01 1.685119564738883592e-03 1.364491545091199853e+00
-1.233766233766233900e-01 1.711556729518253894e-03 1.434265896301758048e+00
-1.233766233766233900e-01 1.737363503822169329e-03 1.505599319596196528e+00
-1.233766233766233900e-01 1.762512909479601588e-03 1.578465619645207152e+00
-1.233766233766233900e-01 1.786978122157029331e-03 1.653053572449925346e+00
-1.233766233766233900e-01 1.810732474983067428e-03 1.729516977519923948e+00
-1.233766233766233900e-01 1.833749462323583466e-03 1.808138456906649871e+00
-1.233766233766233900e-01 1.884055755066759482e-03 1.889795479571495740e+00
-1.233766233766233900e-01 1.935042782488463012e-03 1.989916031234675753e+00
-1.233766233766233900e-01 1.986710544588693624e-03 2.107241203990339429e+00
-1.233766233766233900e-01 2.039059041367452182e-03 2.240705713940654320e+00
-1.233766233766233900e-01 2.092088272824737822e-03 2.389107451931561599e+00
-1.202531645569620278e-01 9.169095370530128868e-04 3.393335526030464511e+00
-1.202531645569620278e-01 9.640438235953297788e-04 2.693313374895645484e+00
-1.202531645569620278e-01 1.012359420577303238e-03 2.151413372244525668e+00
-1.202531645569620278e-01 1.061856327998933914e-03 1.758220052111682419e+00
-1.202531645569620278e-01 1.112534545860221482e-03 1.504712943398664127e+00
-1.202531645569620278e-01 1.143440533228390604e-03 1.355965926202745253e+00
-1.202531645569620278e-01 1.162745699024672532e-03 1.231396490031959168e+00
-1.202531645569620278e-01 1.180394223143727645e-03 1.125486693703831920e+00
-1.202531645569620278e-01 1.208132527061191565e-03 1.036452308448202686e+00
-1.202531645569620278e-01 1.222695178190757927e-03 9.619511927947914653e-01
-1.202531645569620278e-01 1.248148159384284122e-03 9.020159155862679246e-01
-1.202531645569620278e-01 1.272610221936402389e-03 8.561484426158814109e-01
-1.202531645569620278e-01 1.296026471259165624e-03 8.222503368218685438e-01
-1.202531645569620278e-01 1.318342482637098814e-03 7.989006277634329578e-01
-1.202531645569620278e-01 1.339504318009781527e-03 7.851937273424880459e-01
-1.202531645569620278e-01 1.359458543810595317e-03 7.807585903938584204e-01
-1.202531645569620278e-01 1.378152249954244478e-03 7.857504809362826359e-01
-1.202531645569620278e-01 1.411933333255532526e-03 8.006088561268964732e-01
-1.202531645569620278e-01 1.428493186944788072e-03 8.183761446706199205e-01
-1.202531645569620278e-01 1.443643587274892441e-03 8.468708241507414414e-01
-1.202531645569620278e-01 1.475408327625190967e-03 8.776183132703571088e-01
-1.202531645569620278e-01 1.506815243383960445e-03 9.173203208493591054e-01
-1.202531645569620278e-01 1.518575648506353525e-03 9.599663059028518131e-01
-1.202531645569620278e-01 1.548577398316314593e-03 1.006667736093138421e+00
-1.202531645569620278e-01 1.578129300210647521e-03 1.058877424207346429e+00
-1.202531645569620278e-01 1.607203728279928091e-03 1.115443935143813015e+00
-1.202531645569620278e-01 1.635773184606790880e-03 1.175537754848575922e+00
-1.202531645569620278e-01 1.641473567666289473e-03 1.238042181949320586e+00
-1.202531645569620278e-01 1.668306822558224484e-03 1.302428287285251951e+00
-1.202531645569620278e-01 1.694545655503722041e-03 1.369786202161221489e+00
-1.202531645569620278e-01 1.744455967934985859e-03 1.439401555041016856e+00
-1.202531645569620278e-01 1.770092771327878975e-03 1.509593268848783421e+00
-1.202531645569620278e-01 1.795062461903848550e-03 1.581381384933217227e+00
-1.202531645569620278e-01 1.819338519357506642e-03 1.654839953891197979e+00
-1.202531645569620278e-01 1.842894576138371038e-03 1.730171816096953030e+00
-1.202531645569620278e-01 1.865704421132950708e-03 1.807840617733248223e+00
-1.202531645569620278e-01 1.916194817834468954e-03 1.888466065233381119e+00
-1.202531645569620278e-01 1.967359318630800252e-03 1.987089788143268532e+00
-1.202531645569620278e-01 2.019197923521945468e-03 2.102626249340223019e+00
-1.202531645569620278e-01 2.071710632507903303e-03 2.233842283561977560e+00
-1.172839506172839441e-01 9.531112644652974019e-04 3.068966083544997669e+00
-1.172839506172839441e-01 1.000878947433426385e-03 2.447064513752636117e+00
-1.172839506172839441e-01 1.049814544410555958e-03 1.975400829557239391e+00
-1.172839506172839441e-01 1.099918055396686229e-03 1.645046380284175047e+00
-1.172839506172839441e-01 1.151189480391817200e-03 1.447519252282913005e+00
-1.172839506172839441e-01 1.171240260742434413e-03 1.312039826447699564e+00
-1.172839506172839441e-01 1.189671842033728768e-03 1.194967403222969349e+00
-1.172839506172839441e-01 1.206405024995037311e-03 1.096141531036904038e+00
-1.172839506172839441e-01 1.233510281900640363e-03 1.012571689180797652e+00
-1.172839506172839441e-01 1.247080608134490485e-03 9.447591977562446175e-01
-1.172839506172839441e-01 1.271831133844564081e-03 8.887407750378301108e-01
-1.172839506172839441e-01 1.295558763254369469e-03 8.460477404683979241e-01
-1.172839506172839441e-01 1.318209467562707609e-03 8.150722366814081576e-01
-1.172839506172839441e-01 1.339729680881571617e-03 7.947119122366217425e-01
-1.172839506172839441e-01 1.360066317061235826e-03 7.843947434334550550e-01
-1.172839506172839441e-01 1.379166787588713026e-03 7.840733795813134011e-01
-1.172839506172839441e-01 1.413182529666540468e-03 7.898632941530000506e-01
-1.172839506172839441e-01 1.430193667628082985e-03 8.035465587319343683e-01
-1.172839506172839441e-01 1.463129661866632977e-03 8.262127382936692577e-01
-1.172839506172839441e-01 1.477874419696563859e-03 8.521518986792812056e-01
-1.172839506172839441e-01 1.509585105509436828e-03 8.861534088637872397e-01
-1.172839506172839441e-01 1.521889144221632911e-03 9.252602104891980428e-01
-1.172839506172839441e-01 1.552230797246481435e-03 9.672377812007345588e-01
-1.172839506172839441e-01 1.582137969258835255e-03 1.015285337246076391e+00
-1.172839506172839441e-01 1.611583248049768859e-03 1.068162247217632865e+00
-1.172839506172839441e-01 1.640539342996131600e-03 1.124959593046024775e+00
-1.172839506172839441e-01 1.646896589135118417e-03 1.182711634622816144e+00
-1.172839506172839441e-01 1.674154780372539989e-03 1.243715587826719648e+00
-1.172839506172839441e-01 1.700834918883505770e-03 1.307806066901873843e+00
-1.172839506172839441e-01 1.726910308530033673e-03 1.374566874287686202e+00
-1.172839506172839441e-01 1.752354390631578104e-03 1.443826768174115927e+00
-1.172839506172839441e-01 1.802490756808529165e-03 1.514668204448963884e+00
-1.172839506172839441e-01 1.827269198391220624e-03 1.585304783085013769e+00
-1.172839506172839441e-01 1.851344833885978057e-03 1.657569359478508364e+00
-1.172839506172839441e-01 1.874691593575425301e-03 1.731856385738746562e+00
-1.172839506172839441e-01 1.897283559610575153e-03 1.808468120567045645e+00
-1.172839506172839441e-01 1.947943109095354218e-03 1.888321450945229074e+00
-1.172839506172839441e-01 1.999270109824991589e-03 1.985843420270452242e+00
-1.172839506172839441e-01 2.051264561799487698e-03 2.099771056740226349e+00
-1.144578313253012125e-01 9.422698186563255914e-04 3.478410163211425044e+00
-1.144578313253012125e-01 9.894941539948262730e-04 2.778723482232012820e+00
-1.144578313253012125e-01 1.037873118559207294e-03 2.230668765962898092e+00
-1.144578313253012125e-01 1.087406712349468438e-03 1.825411265604287792e+00
-1.144578313253012125e-01 1.138094935365609704e-03 1.554551069258721219e+00
-1.144578313253012125e-01 1.168634359598396625e-03 1.397613938273940759e+00
-1.144578313253012125e-01 1.198472372539997237e-03 1.270420675024863222e+00
-1.144578313253012125e-01 1.216002604458561211e-03 1.160415260500373247e+00
-1.144578313253012125e-01 1.231793947668703834e-03 1.068440653452849443e+00
-1.144578313253012125e-01 1.258240484551679476e-03 9.901574775974024689e-01
-1.144578313253012125e-01 1.283748463190310680e-03 9.277076589774451154e-01
-1.144578313253012125e-01 1.294818695275849361e-03 8.774629533374784796e-01
-1.144578313253012125e-01 1.317789112293188403e-03 8.384112452980371222e-01
-1.144578313253012125e-01 1.339652376722991764e-03 8.109503668229693929e-01
-1.144578313253012125e-01 1.360355766005854391e-03 7.943161765840027755e-01
-1.144578313253012125e-01 1.395328946469902602e-03 7.853019990841992870e-01
-1.144578313253012125e-01 1.414083183173001296e-03 7.848672213359871863e-01
-1.144578313253012125e-01 1.431529022562880778e-03 7.940875411109419302e-01
-1.144578313253012125e-01 1.464718804414110679e-03 8.094820729717184804e-01
-1.144578313253012125e-01 1.479943376140371728e-03 8.316154310439869413e-01
-1.144578313253012125e-01 1.511942374845462672e-03 8.598117939536691345e-01
-1.144578313253012125e-01 1.524772411733412098e-03 8.951472650417499066e-01
-1.144578313253012125e-01 1.555437960547235510e-03 9.323326856003785190e-01
-1.144578313253012125e-01 1.585684125470157883e-03 9.761620493766015594e-01
-1.144578313253012125e-01 1.615483713774733135e-03 1.025308599925637942e+00
-1.144578313253012125e-01 1.623603876634831938e-03 1.077802690290434739e+00
-1.144578313253012125e-01 1.651805029006411969e-03 1.131797686357894683e+00
-1.144578313253012125e-01 1.679470907649019060e-03 1.189469905974208874e+00
-1.144578313253012125e-01 1.706574872436307858e-03 1.250370291277972612e+00
-1.144578313253012125e-01 1.733090410887446744e-03 1.314005484535521129e+00
-1.144578313253012125e-01 1.758991141016652679e-03 1.380128057233513506e+00
-1.144578313253012125e-01 1.784250814294937931e-03 1.448717714068745277e+00
-1.144578313253012125e-01 1.808843318730203771e-03 1.519717615013745027e+00
-1.144578313253012125e-01 1.859156449409759019e-03 1.590152984686091564e+00
-1.144578313253012125e-01 1.883021355239722751e-03 1.661309532055012195e+00
-1.144578313253012125e-01 1.906148765377013591e-03 1.734438496463001522e+00
-1.144578313253012125e-01 1.928513053427072200e-03 1.809948717580977640e+00
-1.144578313253012125e-01 1.979328085158844203e-03 1.889391983090117799e+00
-1.144578313253012125e-01 2.030803910541224312e-03 1.985950712287651854e+00
-1.117647058823529327e-01 9.782200800724544405e-04 3.143453748510376400e+00
-1.117647058823529327e-01 1.026047825591644728e-03 2.521037239077540182e+00
-1.117647058823529327e-01 1.075017044750911253e-03 2.042779545891516335e+00
-1.117647058823529327e-01 1.125127737550253798e-03 1.700364743349823238e+00
-1.117647058823529327e-01 1.176379903989672798e-03 1.485839980043582198e+00
-1.117647058823529327e-01 1.195869494850026853e-03 1.348934339627451573e+00
-1.117647058823529327e-01 1.225131803970361385e-03 1.231020580483870308e+00
-1.117647058823529327e-01 1.241734516793844027e-03 1.127651041084633432e+00
-1.117647058823529327e-01 1.256559072965790502e-03 1.042470729633572013e+00
-1.117647058823529327e-01 1.282322737574338213e-03 9.693732282310102422e-01
-1.117647058823529327e-01 1.307115817372343607e-03 9.109392075753370843e-01
-1.117647058823529327e-01 1.330884985890570414e-03 8.651462094290069960e-01
-1.117647058823529327e-01 1.353577331115605109e-03 8.304551996352675935e-01
-1.117647058823529327e-01 1.375140370137050740e-03 8.058452203956226745e-01
-1.117647058823529327e-01 1.395522064702371234e-03 7.908097350933187553e-01
-1.117647058823529327e-01 1.414670837757592715e-03 7.852957063915216862e-01
-1.117647058823529327e-01 1.432535591060696235e-03 7.897113638241832767e-01
-1.117647058823529327e-01 1.465965315625858195e-03 7.977315120487902256e-01
-1.117647058823529327e-01 1.481653312770059945e-03 8.157724050161041518e-01
-1.117647058823529327e-01 1.513926175804696178e-03 8.380755880915800038e-01
-1.117647058823529327e-01 1.527265275848487805e-03 8.694316641107827648e-01
-1.117647058823529327e-01 1.558239699732742343e-03 9.017691001695316011e-01
-1.117647058823529327e-01 1.588809561697686465e-03 9.413350477908736247e-01
-1.117647058823529327e-01 1.618947893157813255e-03 9.867196031768942222e-01
-1.117647058823529327e-01 1.627666364045270543e-03 1.034678596140422346e+00
-1.117647058823529327e-01 1.656243184641960743e-03 1.085150785842157850e+00
-1.117647058823529327e-01 1.684300431144856048e-03 1.139543680640874523e+00
-1.117647058823529327e-01 1.711811660342158923e-03 1.197331252608597740e+00
-1.117647058823529327e-01 1.738750550318947591e-03 1.257945456174098142e+00
-1.117647058823529327e-01 1.765090903134379106e-03 1.321064950611069433e+00
-1.117647058823529327e-01 1.790806647603059541e-03 1.386596120160342505e+00
-1.117647058823529327e-01 1.815871842186207643e-03 1.454408310560221906e+00
-1.117647058823529327e-01 1.840260677998610843e-03 1.524502615204042177e+00
-1.117647058823529327e-01 1.890745596627488399e-03 1.596017699050896299e+00
-1.117647058823529327e-01 1.914390331688192292e-03 1.665941931710613000e+00
-1.117647058823529327e-01 1.937289196440357495e-03 1.737868664420490816e+00
-1.117647058823529327e-01 1.959416853669811338e-03 1.812355262296450720e+00
-1.117647058823529327e-01 2.010374853289518572e-03 1.891484953202466457e+00
-1.091954022988505663e-01 9.670691149520543655e-04 3.538558143309029180e+00
-1.091954022988505663e-01 1.014351660538288487e-03 2.843758177330881765e+00
-1.091954022988505663e-01 1.062762667833024857e-03 2.294360338343779393e+00
-1.091954022988505663e-01 1.112302136836262932e-03 1.882134277879816242e+00
-1.091954022988505663e-01 1.162970067548003365e-03 1.599204038892130697e+00
-1.091954022988505663e-01 1.203938589385216079e-03 1.431701022975409021e+00
-1.091954022988505663e-01 1.222553107445845761e-03 1.303225304997276179e+00
-1.091954022988505663e-01 1.239496214861183620e-03 1.193222351049126662e+00
-1.091954022988505663e-01 1.266864450570159449e-03 1.096695298776147132e+00
-1.091954022988505663e-01 1.293344866797043304e-03 1.017859989505468743e+00
-1.091954022988505663e-01 1.305756758283458741e-03 9.502684212253162954e-01
-1.091954022988505663e-01 1.329813078016764492e-03 8.960251649554527020e-01
-1.091954022988505663e-01 1.352815172962281700e-03 8.539065692030400889e-01
-1.091954022988505663e-01 1.374710955397350984e-03 8.227175391222738554e-01
-1.091954022988505663e-01 1.395448761214245804e-03 8.017753119190389466e-01
-1.091954022988505663e-01 1.414977365538110186e-03 7.908452849185076960e-01
-1.091954022988505663e-01 1.449413460437556445e-03 7.872625226269642784e-01
-1.091954022988505663e-01 1.466902762428492048e-03 7.907099754288990923e-01
-1.091954022988505663e-01 1.483038516683359183e-03 8.044003076949807207e-01
-1.091954022988505663e-01 1.515571725763290240e-03 8.207374134532177123e-01
-1.091954022988505663e-01 1.547776894774644625e-03 8.474100171008029925e-01
-1.091954022988505663e-01 1.560672824341564771e-03 8.753731182014752310e-01
-1.091954022988505663e-01 1.591551998281883883e-03 9.106403038404192740e-01
-1.091954022988505663e-01 1.622014413017254476e-03 9.522395415963710308e-01
-1.091954022988505663e-01 1.631313852310502244e-03 9.956449227207949670e-01
-1.091954022988505663e-01 1.660251149379225527e-03 1.042627757897165441e+00
-1.091954022988505663e-01 1.688684315140042509e-03 1.093795459693131855e+00
-1.091954022988505663e-01 1.716587108660133946e-03 1.148547320608301670e+00
-1.091954022988505663e-01 1.743933404351473773e-03 1.206243017785136207e+00
-1.091954022988505663e-01 1.770697194488022371e-03 1.266489515216277839e+00
-1.091954022988505663e-01 1.796852591819714370e-03 1.329121854375725498e+00
-1.091954022988505663e-01 1.822373832288381405e-03 1.393937622200116522e+00
-1.091954022988505663e-01 1.847235277851136219e-03 1.460865839339968719e+00
-1.091954022988505663e-01 1.871411419417101218e-03 1.530120129582742017e+00
-1.091954022988505663e-01 1.894876879903776776e-03 1.601802995005050523e+00
-1.091954022988505663e-01 1.945472168403905577e-03 1.671436681430670035e+00
-1.091954022988505663e-01 1.968134066572641352e-03 1.742231676552850494e+00
-1.091954022988505663e-01 1.990016904870292244e-03 1.815521536835602134e+00
-1.067415730337078622e-01 1.002795234579476622e-03 3.196300517398790397e+00
-1.067415730337078622e-01 1.050654699205966821e-03 2.577578840012385797e+00
-1.067415730337078622e-01 1.099629769068505682e-03 2.097248338796598333e+00
-1.067415730337078622e-01 1.149720444167093422e-03 1.747511538716615576e+00
-1.067415730337078622e-01 1.200926724501729824e-03 1.520898484648720572e+00
-1.067415730337078622e-01 1.230965688538966608e-03 1.381069565678455069e+00
-1.067415730337078622e-01 1.248679595109993554e-03 1.260206497321982866e+00
-1.067415730337078622e-01 1.264682789499812143e-03 1.157455621088057995e+00
-1.067415730337078622e-01 1.291389579842211997e-03 1.067590265926662507e+00
-1.067415730337078622e-01 1.317176487068273932e-03 9.938502651748851724e-01
-1.067415730337078622e-01 1.328542360234900334e-03 9.330353701220627238e-01
-1.067415730337078622e-01 1.351841337146762875e-03 8.831523634653816179e-01
-1.067415730337078622e-01 1.374056615789187238e-03 8.450513805233663689e-01
-1.067415730337078622e-01 1.395136916398189266e-03 8.178808814504467950e-01
-1.067415730337078622e-01 1.430486346463402366e-03 7.998773007777819632e-01
-1.067415730337078622e-01 1.449663608877391555e-03 7.893348003904508969e-01
-1.067415730337078622e-01 1.467561335491907948e-03 7.881816837362709549e-01
-1.067415730337078622e-01 1.501180875628946917e-03 7.960593890934699601e-01
-1.067415730337078622e-01 1.516910762165321093e-03 8.076015237782671052e-01
-1.067415730337078622e-01 1.549377361082260015e-03 8.290221459223132694e-01
-1.067415730337078622e-01 1.562770573665878907e-03 8.529796621531376966e-01
-1.067415730337078622e-01 1.593945520348065458e-03 8.839217436444118947e-01
-1.067415730337078622e-01 1.624718201800544196e-03 9.217199155119678577e-01
-1.067415730337078622e-01 1.634581851185319895e-03 9.605613478734824628e-01
-1.067415730337078622e-01 1.663865254988681694e-03 1.004091458328285835e+00
-1.067415730337078622e-01 1.692659707624077393e-03 1.052089580097967936e+00
-1.067415730337078622e-01 1.720939174816945964e-03 1.103882550754446745e+00
-1.067415730337078622e-01 1.748677732053059578e-03 1.158760118967284036e+00
-1.067415730337078622e-01 1.775849566947046085e-03 1.216259712801330828e+00
-1.067415730337078622e-01 1.802428981700921742e-03 1.276146955312194908e+00
-1.067415730337078622e-01 1.828390395657366729e-03 1.338149680292463284e+00
-1.067415730337078622e-01 1.853708347952796702e-03 1.402126791152851437e+00
-1.067415730337078622e-01 1.878357500275646417e-03 1.468229582168425029e+00
-1.067415730337078622e-01 1.902312639735630325e-03 1.536488806523375494e+00
-1.067415730337078622e-01 1.925548681850157515e-03 1.607140260186150860e+00
-1.067415730337078622e-01 1.976285604369509234e-03 1.677887449560345745e+00
-1.067415730337078622e-01 1.998702816179899911e-03 1.747380740232224339e+00
-1.043956043956044133e-01 9.913871144237680275e-04 3.576330868560257947e+00
-1.043956043956044133e-01 1.038702114433535202e-03 2.890057368482721323e+00
-1.043956043956044133e-01 1.087120028196443891e-03 2.343291702107381802e+00
-1.043956043956044133e-01 1.136640855712494312e-03 1.928316148764474436e+00
-1.043956043956044133e-01 1.187264596981685814e-03 1.637730382841460219e+00
-1.043956043956044133e-01 1.227995029643884307e-03 1.462639580716161181e+00
-1.043956043956044133e-01 1.257454704779852614e-03 1.333552100725909018e+00
-1.043956043956044133e-01 1.274243816146641145e-03 1.219744522942388887e+00
-1.043956043956044133e-01 1.289284060403820533e-03 1.123957472680322978e+00
-1.043956043956044133e-01 1.315307347745137091e-03 1.040263483582058113e+00
-1.043956043956044133e-01 1.340379555752382532e-03 9.715072906881336845e-01
-1.043956043956044133e-01 1.364448927579176539e-03 9.155996147662130991e-01
-1.043956043956044133e-01 1.387464073851414929e-03 8.709522965887528390e-01
-1.043956043956044133e-01 1.409373985506686029e-03 8.364793042230975750e-01
-1.043956043956044133e-01 1.430128047416975856e-03 8.115402301983771771e-01
-1.043956043956044133e-01 1.449676052861014613e-03 7.959223596814424262e-01
-1.043956043956044133e-01 1.467968218919780791e-03 7.899250333644683986e-01
-1.043956043956044133e-01 1.501804418052732652e-03 7.911614868331826589e-01
-1.043956043956044133e-01 1.517971918911769930e-03 7.984829988214848795e-01
-1.043956043956044133e-01 1.550687795435949558e-03 8.146053359931965110e-01
-1.043956043956044133e-01 1.564562997835849782e-03 8.344319184485985419e-01
-1.043956043956044133e-01 1.596020964027849379e-03 8.610307588418935065e-01
-1.043956043956044133e-01 1.607438532808316660e-03 8.949195752970888762e-01
-1.043956043956044133e-01 1.637502553666090070e-03 9.292936043477371122e-01
-1.043956043956044133e-01 1.667118463427088790e-03 9.694104517297321699e-01
-1.043956043956044133e-01 1.696260335618727903e-03 1.014295868604117246e+00
-1.043956043956044133e-01 1.724902346134676422e-03 1.063206396842394152e+00
-1.043956043956044133e-01 1.753018775385482017e-03 1.115364144024545423e+00
-1.043956043956044133e-01 1.780584010528860322e-03 1.170239104288625986e+00
-1.043956043956044133e-01 1.807572547783752514e-03 1.227529353530014022e+00
-1.043956043956044133e-01 1.833958994832504035e-03 1.286894928487950507e+00
-1.043956043956044133e-01 1.859718073315825204e-03 1.348126524563792561e+00
-1.043956043956044133e-01 1.884824621425481607e-03 1.411314854516243278e+00
-1.043956043956044133e-01 1.909253596600026404e-03 1.476420695981523368e+00
-1.043956043956044133e-01 1.932980078329229329e-03 1.543619672167299894e+00
-1.043956043956044133e-01 1.955979271073259810e-03 1.613289023922728660e+00
-1.043956043956044133e-01 2.006847870455176659e-03 1.685164734375990570e+00
-1.021505376344086086e-01 1.026912051967409810e-03 3.229598292027342943e+00
-1.021505376344086086e-01 1.074780385422536341e-03 2.618028525755673463e+00
-1.021505376344086086e-01 1.123739113717187694e-03 2.139349856810573325e+00
-1.021505376344086086e-01 1.173788236851363437e-03 1.786232834115745849e+00
-1.021505376344086086e-01 1.224927754825063785e-03 1.551723767118658781e+00
-1.021505376344086086e-01 1.254542999487072950e-03 1.408324703261450095e+00
-1.021505376344086086e-01 1.271654807419260241e-03 1.287969601048865043e+00
-1.021505376344086086e-01 1.299241044444714860e-03 1.181726202642185752e+00
-1.021505376344086086e-01 1.313296526869447197e-03 1.092587538444424577e+00
-1.021505376344086086e-01 1.338615437368237361e-03 1.014811564295929891e+00
-1.021505376344086086e-01 1.362952913359331917e-03 9.509329805288443405e-01
-1.021505376344086086e-01 1.386257987903150241e-03 8.992126568761555916e-01
-1.021505376344086086e-01 1.408480057111369168e-03 8.584111633265107955e-01
-1.021505376344086086e-01 1.429568893037660949e-03 8.277298504207099006e-01
-1.021505376344086086e-01 1.449474657364968524e-03 8.067916748381203096e-01
-1.021505376344086086e-01 1.468147915957590749e-03 7.957315680033845151e-01
-1.021505376344086086e-01 1.502189978481829977e-03 7.902803630719921202e-01
-1.021505376344086086e-01 1.518781058451454478e-03 7.932070049089974262e-01
-1.021505376344086086e-01 1.551734796553901324e-03 8.039953169224358653e-01
-1.021505376344086086e-01 1.566077294581970933e-03 8.195808159506496882e-01
-1.021505376344086086e-01 1.597806257950280936e-03 8.418257539175617588e-01
-1.021505376344086086e-01 1.609735960932934295e-03 8.710958456065390765e-01
-1.021505376344086086e-01 1.640105179514728378e-03 9.017131477696934683e-01
-1.021505376344086086e-01 1.670040714050324317e-03 9.384587104245164513e-01
-1.021505376344086086e-01 1.699516855782093935e-03 9.802893613855043764e-01
-1.021505376344086086e-01 1.728507993514959325e-03 1.026393441299530140e+00
-1.021505376344086086e-01 1.734585123929220478e-03 1.075702393148762814e+00
-1.021505376344086086e-01 1.761907099901981492e-03 1.126594612385294347e+00
-1.021505376344086086e-01 1.788660420042373573e-03 1.180850324586311118e+00
-1.021505376344086086e-01 1.814819950377964111e-03 1.238084559485421732e+00
-1.021505376344086086e-01 1.840360667166549306e-03 1.298045871504122317e+00
-1.021505376344086086e-01 1.890848328855183197e-03 1.359212793126921337e+00
-1.021505376344086086e-01 1.915735965676724356e-03 1.421422923817208250e+00
-1.021505376344086086e-01 1.939937481076220395e-03 1.485460193771328097e+00
-1.021505376344086086e-01 1.963428242922749759e-03 1.551635334710387726e+00
-1.021505376344086086e-01 1.986183740772295807e-03 1.620132476855291825e+00
-1.000000000000000056e-01 1.015290074983340573e-03 3.594168637698112789e+00
-1.000000000000000056e-01 1.062616663243622734e-03 2.919387244185900343e+00
-1.000000000000000056e-01 1.111021305906189282e-03 2.378508174077793136e+00
-1.000000000000000056e-01 1.160504002971040434e-03 1.964273839042184777e+00
-1.000000000000000056e-01 1.211064754438175538e-03 1.669792375197997725e+00
-1.000000000000000056e-01 1.262703560307595028e-03 1.488331406104851595e+00
-1.000000000000000056e-01 1.280563905400645269e-03 1.357640910989464711e+00
-1.000000000000000056e-01 1.296740916564577059e-03 1.244676495656209081e+00
-1.000000000000000056e-01 1.323666929660608296e-03 1.145927596901750167e+00
-1.000000000000000056e-01 1.349690835979158905e-03 1.063344302859795310e+00
-1.000000000000000056e-01 1.361311746318664452e-03 9.912861551090961232e-01
-1.000000000000000056e-01 1.384895535552495066e-03 9.322401100533843632e-01
-1.000000000000000056e-01 1.407418156545685610e-03 8.848619568865135898e-01
-1.000000000000000056e-01 1.428829774573065143e-03 8.482014033059372959e-01
-1.000000000000000056e-01 1.449080926854230027e-03 8.217234344789413614e-01
-1.000000000000000056e-01 1.484059164156504608e-03 8.044279338202730001e-01
-1.000000000000000056e-01 1.502360347793193227e-03 7.932316939617573004e-01
-1.000000000000000056e-01 1.519361565149291403e-03 7.916081153650087465e-01
-1.000000000000000056e-01 1.552542431231870163e-03 7.970362972676419133e-01
-1.000000000000000056e-01 1.567338107183198883e-03 8.082845441677549703e-01
-1.000000000000000056e-01 1.599326725535711894e-03 8.261717268937587288e-01
-1.000000000000000056e-01 1.611753799507646343e-03 8.508045114740591108e-01
-1.000000000000000056e-01 1.642416279871480866e-03 8.776968469625278102e-01
-1.000000000000000056e-01 1.672659231683578090e-03 9.111153328876043789e-01
-1.000000000000000056e-01 1.702457165682302832e-03 9.499500412162167340e-01
-1.000000000000000056e-01 1.710243812129552590e-03 9.923687792183352174e-01
-1.000000000000000056e-01 1.738466525243154669e-03 1.036508257645513353e+00
-1.000000000000000056e-01 1.766160854535844555e-03 1.084470551831106189e+00
-1.000000000000000056e-01 1.793301755819227267e-03 1.135845419529527112e+00
-1.000000000000000056e-01 1.819864287608543999e-03 1.190183503764572048e+00
-1.000000000000000056e-01 1.845823613399578435e-03 1.247168445718368490e+00
-1.000000000000000056e-01 1.871155004033772228e-03 1.306789240634665283e+00
-1.000000000000000056e-01 1.895833840156285451e-03 1.368896035589345805e+00
-1.000000000000000056e-01 1.946454680543490941e-03 1.432479855883590503e+00
-1.000000000000000056e-01 1.970422001787192675e-03 1.495470521377121997e+00
-1.000000000000000056e-01 1.993670522303892748e-03 1.560430989277115543e+00
