-5.000000000000000278e-02 1.822062455133879747e-03 9.860499869271664997e-01
-5.000000000000000278e-02 1.850499385618783674e-03 9.402440545663399707e-01
-5.000000000000000278e-02 1.878123447022427743e-03 9.027653139802412907e-01
-5.000000000000000278e-02 1.904898899318994629e-03 8.726849202659753280e-01
-5.000000000000000278e-02 1.930790099257431421e-03 8.493908672761731893e-01
-5.000000000000000278e-02 1.955761503230817999e-03 8.324345105175492421e-01
-5.000000000000000278e-02 1.979777670289454422e-03 8.215607877558234184e-01
-5.000000000000000278e-02 2.002803265307509517e-03 8.166953198199451425e-01
-5.000000000000000278e-02 2.024803062313964251e-03 8.180554092132412691e-01
-5.000000000000000278e-02 2.063068246500644916e-03 8.242150318236710627e-01
-5.000000000000000278e-02 2.083366134117484603e-03 8.341462425299284167e-01
-5.000000000000000278e-02 2.102538507150519646e-03 8.506934271741923848e-01
-5.000000000000000278e-02 2.139265232765228536e-03 8.684486225388388103e-01
-5.000000000000000278e-02 2.175746977917939438e-03 8.925981701007690283e-01
-5.000000000000000278e-02 2.192287077509626550e-03 9.182962427444099074e-01
-5.000000000000000278e-02 2.227733977588046942e-03 9.480864430199789084e-01
-5.000000000000000278e-02 2.262875914882554393e-03 9.824434816462238595e-01
-5.000000000000000278e-02 2.276536548950555596e-03 1.017352841340978475e+00
-5.000000000000000278e-02 2.310507039880567003e-03 1.055409385153544655e+00
-5.000000000000000278e-02 2.344112900928686447e-03 1.096425023728063941e+00
-5.000000000000000278e-02 2.377336208376021592e-03 1.140001346277188521e+00
-5.000000000000000278e-02 2.410159064969888236e-03 1.185859148862668411e+00
-5.000000000000000278e-02 2.442563600389090032e-03 1.233469330323133217e+00
-5.000000000000000278e-02 2.474531971723186591e-03 1.282772789147858639e+00
-5.000000000000000278e-02 2.506046363966335424e-03 1.333526261291146708e+00
-5.000000000000000278e-02 2.537088990526295378e-03 1.385398695339957964e+00
-5.000000000000000278e-02 2.567642093749256810e-03 1.438558707043015028e+00
-5.000000000000000278e-02 2.597687945461145571e-03 1.492775513712577551e+00
-5.000000000000000278e-02 2.627208847526134577e-03 1.548023836631409411e+00
-5.000000000000000278e-02 2.656187132423079404e-03 1.604448120150947954e+00
-5.000000000000000278e-02 2.684605163840701053e-03 1.662065389624577616e+00
-5.000000000000000278e-02 2.712445337292323372e-03 1.720873264570850436e+00
-5.000000000000000278e-02 2.739690080751053768e-03 1.781313759837574784e+00
-5.000000000000000278e-02 2.796274269062680624e-03 1.840671393299397440e+00
-5.000000000000000278e-02 2.853436830679026859e-03 1.911122602937203041e+00
-5.000000000000000278e-02 2.911177765600091172e-03 1.992158693257466862e+00
-5.000000000000000278e-02 2.969497073825874429e-03 2.083487063150196050e+00
-5.000000000000000278e-02 3.028394755356375763e-03 2.184258607488325232e+00
-5.000000000000000278e-02 3.087870810191596909e-03 2.294040791530806089e+00
-5.000000000000000278e-02 3.147925238331534398e-03 2.412399743359671334e+00
-5.000000000000000278e-02 3.208558039776192132e-03 2.538898820466543249e+00
-5.000000000000000278e-02 3.269769214525566209e-03 2.672851523341554625e+00
-5.000000000000000278e-02 3.331558762579660965e-03 2.814059291080372560e+00
-5.000000000000000278e-02 3.393926683938474232e-03 2.962081007281454070e+00
-5.000000000000000278e-02 3.456872978602005576e-03 3.116550147826083084e+00
-5.000000000000000278e-02 3.520397646570253697e-03 3.277021793912664460e+00
-5.000000000000000278e-02 3.584500687843222497e-03 3.442915378942630333e+00
-5.000000000000000278e-02 3.649182102420908940e-03 3.614120132060000046e+00
-4.749999999999999362e-02 1.803548520456669168e-03 1.088837221855785575e+00
-4.749999999999999362e-02 1.832512453294740835e-03 1.029150939115769603e+00
-4.749999999999999362e-02 1.846995472181815279e-03 9.779702952606668109e-01
-4.749999999999999362e-02 1.874009537205566320e-03 9.341466265428099991e-01
-4.749999999999999362e-02 1.900192219101744760e-03 8.982464431322995102e-01
-4.749999999999999362e-02 1.925509228730875331e-03 8.696492650901457289e-01
-4.749999999999999362e-02 1.949926367588982953e-03 8.478950488729493085e-01
-4.749999999999999362e-02 1.973409530536900190e-03 8.327312082806600513e-01
-4.749999999999999362e-02 2.012134903318584488e-03 8.230520847281255215e-01
-4.749999999999999362e-02 2.034080988466122931e-03 8.179836068870595112e-01
-4.749999999999999362e-02 2.054996543336727079e-03 8.191029454758060879e-01
-4.749999999999999362e-02 2.092378624599129135e-03 8.254975777320517905e-01
-4.749999999999999362e-02 2.111580513007416983e-03 8.348875000230638888e-01
-4.749999999999999362e-02 2.148096159081549963e-03 8.505196620755582915e-01
-4.749999999999999362e-02 2.165470843970436141e-03 8.677906248466800143e-01
-4.749999999999999362e-02 2.201028158161367088e-03 8.903110833456638895e-01
-4.749999999999999362e-02 2.216462634292055717e-03 9.160197133566777561e-01
-4.749999999999999362e-02 2.250970076105475795e-03 9.439431779341419526e-01
-4.749999999999999362e-02 2.285162436448857394e-03 9.760797597830048744e-01
-4.749999999999999362e-02 2.319022410160942547e-03 1.011665543881368645e+00
-4.749999999999999362e-02 2.330729541330386900e-03 1.047671675529550761e+00
-4.749999999999999362e-02 2.363368375194399660e-03 1.086550419058486927e+00
-4.749999999999999362e-02 2.395617581558652422e-03 1.127844026805610023e+00
-4.749999999999999362e-02 2.427459964106901819e-03 1.171429971858257701e+00
-4.749999999999999362e-02 2.458878351351856742e-03 1.216982432756994248e+00
-4.749999999999999362e-02 2.489855597079538175e-03 1.264104567218040653e+00
-4.749999999999999362e-02 2.520374580807184604e-03 1.312901726188286933e+00
-4.749999999999999362e-02 2.550418208255271144e-03 1.363074425530061307e+00
-4.749999999999999362e-02 2.579969411834231747e-03 1.414521617043635215e+00
-4.749999999999999362e-02 2.609011151146503789e-03 1.467322444851991259e+00
-4.749999999999999362e-02 2.637526413504579382e-03 1.521428087364647297e+00
-4.749999999999999362e-02 2.665498214465732586e-03 1.576776117686154555e+00
-4.749999999999999362e-02 2.692909598384172782e-03 1.633742509910071750e+00
-4.749999999999999362e-02 2.748527606016402600e-03 1.689402573751721093e+00
-4.749999999999999362e-02 2.775341730722256321e-03 1.745828501020903811e+00
-4.749999999999999362e-02 2.801549993712031898e-03 1.803631285695989073e+00
-4.749999999999999362e-02 2.857673140681572105e-03 1.865964398739385910e+00
-4.749999999999999362e-02 2.914352880844199058e-03 1.938648612245783109e+00
-4.749999999999999362e-02 2.971589214199912756e-03 2.021212186908600827e+00
-4.749999999999999362e-02 3.029382140748711899e-03 2.113209643611679844e+00
-4.749999999999999362e-02 3.087731660490597788e-03 2.214228868330093913e+00
-4.749999999999999362e-02 3.146637773425569121e-03 2.323525418354011940e+00
-4.749999999999999362e-02 3.206100479553628067e-03 2.440876934541859722e+00
-4.749999999999999362e-02 3.266119778874773758e-03 2.565838151463873729e+00
-4.749999999999999362e-02 3.326695671389005328e-03 2.698020692647052243e+00
-4.749999999999999362e-02 3.387828157096321909e-03 2.836968945644265272e+00
-4.749999999999999362e-02 3.449517235996726536e-03 2.982088840339764069e+00
-4.749999999999999362e-02 3.511762908090216607e-03 3.133234200822013982e+00
-4.749999999999999362e-02 3.574565173376793858e-03 3.290129624311756817e+00
-4.749999999999999362e-02 3.637924031856456554e-03 3.452447376172830040e+00
-4.523809523809523697e-02 1.748719837684888393e-03 1.245329285288454546e+00
-4.523809523809523697e-02 1.802661763123679589e-03 1.137567436934016518e+00
-4.523809523809523697e-02 1.831016947055176883e-03 1.071669906331546018e+00
-4.523809523809523697e-02 1.858628138435009089e-03 1.015217134779994534e+00
-4.523809523809523697e-02 1.885462125090662730e-03 9.672047852918315147e-01
-4.523809523809523697e-02 1.911485772196126146e-03 9.268482832011591954e-01
-4.523809523809523697e-02 1.936666024485156823e-03 8.934634291786178739e-01
-4.523809523809523697e-02 1.960969908571404217e-03 8.666192864123452022e-01
-4.523809523809523697e-02 1.984364535382473777e-03 8.461258002011018409e-01
-4.523809523809523697e-02 2.006817102715566237e-03 8.315793703753422417e-01
-4.523809523809523697e-02 2.028294897923016687e-03 8.233720052945134871e-01
-4.523809523809523697e-02 2.065630088028895528e-03 8.195303456824729604e-01
-4.523809523809523697e-02 2.085492963899089874e-03 8.202663502272055096e-01
-4.523809523809523697e-02 2.122029434735161167e-03 8.274028097189765063e-01
-4.523809523809523697e-02 2.140167690322230046e-03 8.361218642405775503e-01
-4.523809523809523697e-02 2.175816730438126338e-03 8.514817224887439862e-01
-4.523809523809523697e-02 2.192121134877456426e-03 8.681723130138532252e-01
-4.523809523809523697e-02 2.226794347980660168e-03 8.898555516392563369e-01
-4.523809523809523697e-02 2.241156164476222363e-03 9.151522252612442898e-01
-4.523809523809523697e-02 2.274765484583836806e-03 9.419061374302024614e-01
-4.523809523809523697e-02 2.308050290109604601e-03 9.724457952895048107e-01
-4.523809523809523697e-02 2.340993934009238421e-03 1.006351366799772551e+00
-4.523809523809523697e-02 2.351628834631247500e-03 1.042876816721123534e+00
-4.523809523809523697e-02 2.383343796335222163e-03 1.080077586294634573e+00
-4.523809523809523697e-02 2.414662520576599768e-03 1.119784678365193464e+00
-4.523809523809523697e-02 2.445568461075276010e-03 1.161541088005639377e+00
-4.523809523809523697e-02 2.476045094531862008e-03 1.205391073027171522e+00
-4.523809523809523697e-02 2.506075921041187298e-03 1.250972585053649277e+00
-4.523809523809523697e-02 2.535644464518443334e-03 1.298112570941083233e+00
-4.523809523809523697e-02 2.564734273138483556e-03 1.346828176772808305e+00
-4.523809523809523697e-02 2.593328919788858138e-03 1.397008925006916868e+00
-4.523809523809523697e-02 2.621412002537146756e-03 1.448536640434057166e+00
-4.523809523809523697e-02 2.676118257496046520e-03 1.501418571898597287e+00
-4.523809523809523697e-02 2.703677587299186096e-03 1.553650491876024553e+00
-4.523809523809523697e-02 2.730681414326200079e-03 1.606933740991774995e+00
-4.523809523809523697e-02 2.757113425164287295e-03 1.661479405163003076e+00
-4.523809523809523697e-02 2.782957333749390069e-03 1.717758641692351373e+00
-4.523809523809523697e-02 2.808196881918802526e-03 1.775649047922256418e+00
-4.523809523809523697e-02 2.863348368177879612e-03 1.830798273584893998e+00
-4.523809523809523697e-02 2.919036173590204564e-03 1.896198619737458291e+00
-4.523809523809523697e-02 2.975260298155778683e-03 1.971464775986713658e+00
-4.523809523809523697e-02 3.032020741874600234e-03 2.055796743919052538e+00
-4.523809523809523697e-02 3.089317504746671821e-03 2.148950309883182364e+00
-4.523809523809523697e-02 3.147150586771992574e-03 2.250479012227748932e+00
-4.523809523809523697e-02 3.205519987950562494e-03 2.359973142558670745e+00
-4.523809523809523697e-02 3.264425708282378547e-03 2.476968504905472823e+00
-4.523809523809523697e-02 3.323867747767445500e-03 2.600859640312087162e+00
-4.523809523809523697e-02 3.383846106405759887e-03 2.731465887338468512e+00
-4.523809523809523697e-02 3.444360784197323874e-03 2.868522683846828514e+00
-4.523809523809523697e-02 3.505411781142136161e-03 3.011660628813644713e+00
-4.318181818181818232e-02 1.685661047611198378e-03 1.530304056982352723e+00
-4.318181818181818232e-02 1.737657828676881329e-03 1.336248214902995279e+00
-4.318181818181818232e-02 1.790444434265080469e-03 1.198416153049902011e+00
-4.318181818181818232e-02 1.844020864375796667e-03 1.114244822825020798e+00
-4.318181818181818232e-02 1.857989474512241777e-03 1.053894857731678680e+00
-4.318181818181818232e-02 1.884278312755702928e-03 1.001039298126921828e+00
-4.318181818181818232e-02 1.909771305228164353e-03 9.560308501990910646e-01
-4.318181818181818232e-02 1.934436572632942681e-03 9.182968149664988422e-01
-4.318181818181818232e-02 1.958242310716953264e-03 8.874819980168727751e-01
-4.318181818181818232e-02 1.981156792491673389e-03 8.630043824853104173e-01
-4.318181818181818232e-02 2.018981620071663274e-03 8.450883233981494325e-01
-4.318181818181818232e-02 2.040431197536852429e-03 8.310732250193192394e-01
-4.318181818181818232e-02 2.060899680319836207e-03 8.229290287192401188e-01
-4.318181818181818232e-02 2.080355646298316825e-03 8.209706155685325690e-01
-4.318181818181818232e-02 2.116285951059993214e-03 8.217751228319073453e-01
-4.318181818181818232e-02 2.134054938401599728e-03 8.282692862042552173e-01
-4.318181818181818232e-02 2.169115797642771383e-03 8.379828158514429637e-01
-4.318181818181818232e-02 2.185092400850317373e-03 8.528705443592222712e-01
-4.318181818181818232e-02 2.219198553200208215e-03 8.693574456581990573e-01
-4.318181818181818232e-02 2.253024767378236214e-03 8.907468577481616467e-01
-4.318181818181818232e-02 2.266344304735430464e-03 9.152869742138294296e-01
-4.318181818181818232e-02 2.299093521104567800e-03 9.413520896757191503e-01
-4.318181818181818232e-02 2.331509412780200484e-03 9.708260740536067690e-01
-4.318181818181818232e-02 2.363575944088225703e-03 1.003443636508732029e+00
-4.318181818181818232e-02 2.395277099027685267e-03 1.038737157021889290e+00
-4.318181818181818232e-02 2.403999628377642434e-03 1.076091359223464439e+00
-4.318181818181818232e-02 2.434427970521171967e-03 1.114514879210263043e+00
-4.318181818181818232e-02 2.464437946790590684e-03 1.155056157555551799e+00
-4.318181818181818232e-02 2.494013636479385475e-03 1.197473737089511658e+00
-4.318181818181818232e-02 2.523139140614022793e-03 1.241725896440347698e+00
-4.318181818181818232e-02 2.551798582351863867e-03 1.287644512455191625e+00
-4.318181818181818232e-02 2.579976107391395573e-03 1.335059790091038590e+00
-4.318181818181818232e-02 2.633817636529973798e-03 1.383498797649956424e+00
-4.318181818181818232e-02 2.661513104469674998e-03 1.432404870799107499e+00
-4.318181818181818232e-02 2.688684197073719535e-03 1.482350070171922329e+00
-4.318181818181818232e-02 2.715315139260819719e-03 1.533500024938685646e+00
-4.318181818181818232e-02 2.741390180392232635e-03 1.586274724636901556e+00
-4.318181818181818232e-02 2.766893594755277016e-03 1.640486338295176205e+00
-4.318181818181818232e-02 2.821233906524017992e-03 1.694941061606411559e+00
-4.318181818181818232e-02 2.846106167971071237e-03 1.748323853426827501e+00
-4.318181818181818232e-02 2.870364657375381375e-03 1.803529171073308124e+00
-4.318181818181818232e-02 2.925123957490546878e-03 1.862709438677573104e+00
-4.318181818181818232e-02 2.980400668315463970e-03 1.931444465314296144e+00
-4.318181818181818232e-02 3.036194789850130485e-03 2.009289314541759186e+00
-4.318181818181818232e-02 3.092506322094545988e-03 2.095813427837207144e+00
-4.318181818181818232e-02 3.149335265048710478e-03 2.190545965602622047e+00
-4.318181818181818232e-02 3.206681618712625692e-03 2.292872011643225960e+00
-4.318181818181818232e-02 3.264545383086289894e-03 2.402577367326909741e+00
-4.318181818181818232e-02 3.322926558169704385e-03 2.519410991819017731e+00
-4.318181818181818232e-02 3.381825143962867864e-03 2.642962243903772102e+00
-4.130434782608696093e-02 1.626860773393990498e-03 1.930267507785274450e+00
-4.130434782608696093e-02 1.677043770490821992e-03 1.653546621590504140e+00
-4.130434782608696093e-02 1.727989040961275908e-03 1.434367161784174005e+00
-4.130434782608696093e-02 1.779696584805353114e-03 1.270206481739840410e+00
-4.130434782608696093e-02 1.832166402023052958e-03 1.158690228954210255e+00
-4.130434782608696093e-02 1.872044770002890234e-03 1.091121993101103804e+00
-4.130434782608696093e-02 1.898196092443930113e-03 1.035417788379419113e+00
-4.130434782608696093e-02 1.909466112352613395e-03 9.867413612878526141e-01
-4.130434782608696093e-02 1.933647347634376073e-03 9.452293582007900152e-01
-4.130434782608696093e-02 1.956984671211533123e-03 9.105044136136123401e-01
-4.130434782608696093e-02 1.994717973751336526e-03 8.816103225451751291e-01
-4.130434782608696093e-02 2.016674099621097813e-03 8.585534365614279073e-01
-4.130434782608696093e-02 2.037699342735877894e-03 8.413992424669489711e-01
-4.130434782608696093e-02 2.057763262751244153e-03 8.302994811375613571e-01
-4.130434782608696093e-02 2.093733669672183557e-03 8.233872372677398799e-01
-4.130434782608696093e-02 2.112201408501500604e-03 8.209063395519076156e-01
-4.130434782608696093e-02 2.147365218773184068e-03 8.241516862805464694e-01
-4.130434782608696093e-02 2.164134708127839202e-03 8.297330202666554078e-01
-4.130434782608696093e-02 2.198409426420711802e-03 8.406396696396358781e-01
-4.130434782608696093e-02 2.213379000194830391e-03 8.544865851821858982e-01
-4.130434782608696093e-02 2.246682400175188405e-03 8.713738820241723193e-01
-4.130434782608696093e-02 2.279695722351124214e-03 8.928092047615651117e-01
-4.130434782608696093e-02 2.292000952225417207e-03 9.162785996193212323e-01
-4.130434782608696093e-02 2.323925006061517296e-03 9.419366220465461570e-01
-4.130434782608696093e-02 2.355507492022286802e-03 9.708598671834726135e-01
-4.130434782608696093e-02 2.386732943679809125e-03 1.002485380291402661e+00
-4.130434782608696093e-02 2.417585912933416237e-03 1.036712613756126444e+00
-4.130434782608696093e-02 2.448050970323995424e-03 1.073081216629512502e+00
-4.130434782608696093e-02 2.478112705357468810e-03 1.111278200205632949e+00
-4.130434782608696093e-02 2.484020770108765364e-03 1.150896410390729985e+00
-4.130434782608696093e-02 2.512733008819572744e-03 1.192280780984743771e+00
-4.130434782608696093e-02 2.565724162912850874e-03 1.235245159373661972e+00
-4.130434782608696093e-02 2.594018894743962533e-03 1.279360285778308848e+00
-4.130434782608696093e-02 2.621833548233829057e-03 1.324742242604702414e+00
-4.130434782608696093e-02 2.649152834033214991e-03 1.371197047193472018e+00
-4.130434782608696093e-02 2.675961484312013375e-03 1.418848699799566626e+00
-4.130434782608696093e-02 2.702244253170893017e-03 1.468067200105438674e+00
-4.130434782608696093e-02 2.727985917066165673e-03 1.518603054688271836e+00
-4.130434782608696093e-02 2.753171275248455542e-03 1.570622523979971374e+00
-4.130434782608696093e-02 2.806716302443453426e-03 1.622415449758849881e+00
-4.130434782608696093e-02 2.831288611294857562e-03 1.674040113202954316e+00
-4.130434782608696093e-02 2.855263884330958533e-03 1.727142405102291667e+00
-4.130434782608696093e-02 2.878627000820701935e-03 1.782165975511605271e+00
-4.130434782608696093e-02 2.932515884434307163e-03 1.836178290234908861e+00
-4.130434782608696093e-02 2.986904510399815589e-03 1.899553351173959959e+00
-4.130434782608696093e-02 3.041792878717226346e-03 1.971815452821263470e+00
-4.130434782608696093e-02 3.097180989386542037e-03 2.052341979317428233e+00
-4.130434782608696093e-02 3.153068842407760926e-03 2.140886155949992098e+00
-4.130434782608696093e-02 3.209456437780883881e-03 2.237212946623867271e+00
-4.130434782608696093e-02 3.266343775505910468e-03 2.340870912513960622e+00
-3.958333333333333148e-02 1.571918273379314035e-03 2.430038682221447033e+00
-3.958333333333333148e-02 1.620406485425193331e-03 2.074165875822985061e+00
-3.958333333333333148e-02 1.669631227274300488e-03 1.776979565182163157e+00
-3.958333333333333148e-02 1.719592498926636589e-03 1.535999930440427041e+00
-3.958333333333333148e-02 1.770290300382201419e-03 1.348913039827714488e+00
-3.958333333333333148e-02 1.821724631640994326e-03 1.213470321170982746e+00
-3.958333333333333148e-02 1.873895492703016395e-03 1.127391876997653419e+00
-3.958333333333333148e-02 1.899557571687281133e-03 1.068049436894257020e+00
-3.958333333333333148e-02 1.924454398387740036e-03 1.016304956863244513e+00
-3.958333333333333148e-02 1.948556198941937953e-03 9.712390527173204724e-01
-3.958333333333333148e-02 1.971833262471309970e-03 9.328038947109771328e-01
-3.958333333333333148e-02 1.994255942912787679e-03 9.005714402578085531e-01
-3.958333333333333148e-02 2.015794660939543986e-03 8.743562504635287169e-01
-3.958333333333333148e-02 2.036419905976791667e-03 8.541595401518142783e-01
-3.958333333333333148e-02 2.072421412115343659e-03 8.397276390472310226e-01
-3.958333333333333148e-02 2.091535317601366049e-03 8.284695326779694113e-01
-3.958333333333333148e-02 2.109652174514095938e-03 8.235411854186246439e-01
-3.958333333333333148e-02 2.144292527138544086e-03 8.221606221592621111e-01
-3.958333333333333148e-02 2.160745210463212336e-03 8.254489658941984720e-01
-3.958333333333333148e-02 2.194513094175335431e-03 8.321289698725635731e-01
-3.958333333333333148e-02 2.209203276053463803e-03 8.437628983395391025e-01
-3.958333333333333148e-02 2.242019196131862530e-03 8.568130866553578251e-01
-3.958333333333333148e-02 2.274550552854485898e-03 8.743668449896588868e-01
-3.958333333333333148e-02 2.286633658867408703e-03 8.960194119275868285e-01
-3.958333333333333148e-02 2.318099006364482406e-03 9.181969224617732017e-01
-3.958333333333333148e-02 2.349230011633961918e-03 9.436280899370721453e-01
-3.958333333333333148e-02 2.380011722596005186e-03 9.721564717894320973e-01
-3.958333333333333148e-02 2.410429204010017604e-03 1.003276211817825780e+00
-3.958333333333333148e-02 2.440467537761474223e-03 1.036612515471654339e+00
-3.958333333333333148e-02 2.470111823157025276e-03 1.071993960803011570e+00
-3.958333333333333148e-02 2.499347177228241484e-03 1.109147918327540783e+00
-3.958333333333333148e-02 2.528158735044314879e-03 1.147814376210663623e+00
-3.958333333333333148e-02 2.556531650034096770e-03 1.188113970286715393e+00
-3.958333333333333148e-02 2.584451094317849734e-03 1.229816403643384515e+00
-3.958333333333333148e-02 2.611902259049109568e-03 1.272665367074767850e+00
-3.958333333333333148e-02 2.638870354767073115e-03 1.316746891723314050e+00
-3.958333333333333148e-02 2.665340611759971657e-03 1.362382062063067556e+00
-3.958333333333333148e-02 2.691298280439877871e-03 1.409263407145403324e+00
-3.958333333333333148e-02 2.716728631729451154e-03 1.457503126318501208e+00
-3.958333333333333148e-02 2.741616957461121776e-03 1.507322440493523041e+00
-3.958333333333333148e-02 2.794423775931547619e-03 1.557299517389589827e+00
-3.958333333333333148e-02 2.818715875982301736e-03 1.606710485781213116e+00
-3.958333333333333148e-02 2.842426547549455756e-03 1.657760103077547065e+00
-3.958333333333333148e-02 2.865541155839365813e-03 1.710677971577719614e+00
-3.958333333333333148e-02 2.918687618554531484e-03 1.763494076931276799e+00
-3.958333333333333148e-02 2.941116782943304503e-03 1.815417348169787948e+00
-3.958333333333333148e-02 2.994671679137861798e-03 1.873997351964790559e+00
-3.958333333333333148e-02 3.048709777403346699e-03 1.941207383783687845e+00
-3.958333333333333148e-02 3.103231077739760941e-03 2.016830705532684398e+00
-3.958333333333333148e-02 3.158235580147104090e-03 2.100375531867663348e+00
-3.799999999999999906e-02 1.520478801642931744e-03 3.016493608544426053e+00
-3.799999999999999906e-02 1.567380284877700368e-03 2.584854726773772260e+00
-3.799999999999999906e-02 1.614994195705908532e-03 2.212893128295254641e+00
-3.799999999999999906e-02 1.663320534127556236e-03 1.898173534930854167e+00
-3.799999999999999906e-02 1.712359300142643915e-03 1.638443405347826065e+00
-3.799999999999999906e-02 1.762110493751170483e-03 1.431464432144286869e+00
-3.799999999999999906e-02 1.812574114953136809e-03 1.275001892565752915e+00
-3.799999999999999906e-02 1.863750163748543109e-03 1.167019270042449541e+00
-3.799999999999999906e-02 1.902113637840722928e-03 1.100422058541000947e+00
-3.799999999999999906e-02 1.926561274453823846e-03 1.045337288180171242e+00
-3.799999999999999906e-02 1.950226319521135461e-03 9.973424497207781236e-01
-3.799999999999999906e-02 1.973080021640730326e-03 9.558773987331661282e-01
-3.799999999999999906e-02 1.995093689361430653e-03 9.206144717065414262e-01
-3.799999999999999906e-02 2.016238692950765837e-03 8.914158885695776524e-01
-3.799999999999999906e-02 2.036486466249899045e-03 8.683570486514515796e-01
-3.799999999999999906e-02 2.071976960477531823e-03 8.498724845748345524e-01
-3.799999999999999906e-02 2.090740302264640620e-03 8.360376802015214714e-01
-3.799999999999999906e-02 2.108525507897856133e-03 8.282705253638846798e-01
-3.799999999999999906e-02 2.142677451303318450e-03 8.232207838361540464e-01
-3.799999999999999906e-02 2.158830283659330870e-03 8.239226541385457070e-01
-3.799999999999999906e-02 2.192125214983613006e-03 8.269937190369052171e-01
-3.799999999999999906e-02 2.225174481724900323e-03 8.358482619623658350e-01
-3.799999999999999906e-02 2.238911465282385216e-03 8.457899006235073402e-01
-3.799999999999999906e-02 2.270993000738174943e-03 8.601386431359575591e-01
-3.799999999999999906e-02 2.302780562168500484e-03 8.786226498143888675e-01
-3.799999999999999906e-02 2.313901879183996591e-03 8.984152885807937805e-01
-3.799999999999999906e-02 2.344611460995269219e-03 9.209631085086141811e-01
-3.799999999999999906e-02 2.374978948225714773e-03 9.465665761399885136e-01
-3.799999999999999906e-02 2.404989886566015651e-03 9.747921763953464325e-01
-3.799999999999999906e-02 2.434629837486136216e-03 1.005417942283356014e+00
-3.799999999999999906e-02 2.463884378505322957e-03 1.038124740811394275e+00
-3.799999999999999906e-02 2.492739103469932601e-03 1.072612653004591410e+00
-3.799999999999999906e-02 2.521179622839398241e-03 1.108945794294484033e+00
-3.799999999999999906e-02 2.549191563980659180e-03 1.146850143218626661e+00
-3.799999999999999906e-02 2.576760571471396668e-03 1.186009477073288298e+00
-3.799999999999999906e-02 2.603872307412432446e-03 1.226475345768568648e+00
-3.799999999999999906e-02 2.630512451749674342e-03 1.268520889982411859e+00
-3.799999999999999906e-02 2.656666702606000959e-03 1.311784256501361323e+00
-3.799999999999999906e-02 2.682320776623504412e-03 1.356325934689890822e+00
-3.799999999999999906e-02 2.707460409316532132e-03 1.402342307091501761e+00
-3.799999999999999906e-02 2.732071355436004392e-03 1.450019953597953659e+00
-3.799999999999999906e-02 2.784192369016615879e-03 1.498544663535414934e+00
-3.799999999999999906e-02 2.808222761616877179e-03 1.545855521038279168e+00
-3.799999999999999906e-02 2.831686311377543033e-03 1.594737532728941254e+00
-3.799999999999999906e-02 2.854568840525905423e-03 1.645455814115034165e+00
-3.799999999999999906e-02 2.907025363779545263e-03 1.697624396136721892e+00
-3.799999999999999906e-02 2.929240965112130460e-03 1.747190674918792208e+00
-3.799999999999999906e-02 2.950837553111346212e-03 1.798802992006117041e+00
-3.799999999999999906e-02 3.003608565186553434e-03 1.853601260201936274e+00
-3.799999999999999906e-02 3.056847267176754368e-03 1.916888098686037933e+00
-3.653846153846154049e-02 1.472227766872480229e-03 3.678251055467473218e+00
-3.653846153846154049e-02 1.517640873488054244e-03 3.174098220425541239e+00
-3.653846153846154049e-02 1.563743799444624032e-03 2.730475464974821076e+00
-3.653846153846154049e-02 1.610536544742190244e-03 2.344993190532557392e+00
-3.653846153846154049e-02 1.658019109380752445e-03 2.015460717613798192e+00
-3.653846153846154049e-02 1.706191493360310419e-03 1.739651937105662016e+00
-3.653846153846154049e-02 1.755053696680865033e-03 1.515379663005597788e+00
-3.653846153846154049e-02 1.804605719342415419e-03 1.340629238831577030e+00
-3.653846153846154049e-02 1.854847561344961362e-03 1.213480274414463267e+00
-3.653846153846154049e-02 1.905779222688503945e-03 1.131641163356091662e+00
-3.653846153846154049e-02 1.929803226030020989e-03 1.074043208338423927e+00
-3.653846153846154049e-02 1.953056247234054950e-03 1.023351419186302458e+00
-3.653846153846154049e-02 1.975510435909605921e-03 9.791062786810262875e-01
-3.653846153846154049e-02 1.997137997263951931e-03 9.410415620521466185e-01
-3.653846153846154049e-02 2.017911193734182179e-03 9.090948739779429744e-01
-3.653846153846154049e-02 2.037802346698476801e-03 8.831905971206250872e-01
-3.653846153846154049e-02 2.072815625484419021e-03 8.617288616371674426e-01
-3.653846153846154049e-02 2.091247489803362003e-03 8.450311455509921243e-01
-3.653846153846154049e-02 2.108718914094217731e-03 8.345690097178136702e-01
-3.653846153846154049e-02 2.142414699865011901e-03 8.264519324168971837e-01
-3.653846153846154049e-02 2.158283491383972564e-03 8.243833839521103046e-01
-3.653846153846154049e-02 2.191136672440272513e-03 8.245367660194009574e-01
-3.653846153846154049e-02 2.223747881894734633e-03 8.303493535059131014e-01
-3.653846153846154049e-02 2.237246631024355625e-03 8.377290047279875029e-01
-3.653846153846154049e-02 2.268907982626697153e-03 8.492557236383343477e-01
-3.653846153846154049e-02 2.300280570449722214e-03 8.648513493528664497e-01
-3.653846153846154049e-02 2.311215629664827801e-03 8.821076467477396710e-01
-3.653846153846154049e-02 2.341531541988636257e-03 9.019833430274879493e-01
-3.653846153846154049e-02 2.371512072984377321e-03 9.249005135547117007e-01
-3.653846153846154049e-02 2.401143220116890107e-03 9.505890705166566423e-01
-3.653846153846154049e-02 2.430410995428567301e-03 9.786866305410347744e-01
-3.653846153846154049e-02 2.459301425787029441e-03 1.008856765655968823e+00
-3.653846153846154049e-02 2.487800553139932376e-03 1.041108655671943772e+00
-3.653846153846154049e-02 2.515894434777168117e-03 1.075128047737068826e+00
-3.653846153846154049e-02 2.543569143600774365e-03 1.110541129005539585e+00
-3.653846153846154049e-02 2.570810768402839817e-03 1.147368283423501722e+00
-3.653846153846154049e-02 2.597605414151743508e-03 1.185835577846660271e+00
-3.653846153846154049e-02 2.623939202287064749e-03 1.225530276614521297e+00
-3.653846153846154049e-02 2.649798271023520117e-03 1.266463412029168234e+00
-3.653846153846154049e-02 2.675168775664305259e-03 1.308809106093786312e+00
-3.653846153846154049e-02 2.700036888924243952e-03 1.352682180070364781e+00
-3.653846153846154049e-02 2.724388801263143405e-03 1.397885517870109506e+00
-3.653846153846154049e-02 2.748210721229825924e-03 1.444737604101377082e+00
-3.653846153846154049e-02 2.799658167411562485e-03 1.490940243254495812e+00
-3.653846153846154049e-02 2.822890974825321801e-03 1.537636459919683229e+00
-3.653846153846154049e-02 2.845556850609508998e-03 1.586026151137147844e+00
-3.653846153846154049e-02 2.867642066733329907e-03 1.636148759021814225e+00
-3.653846153846154049e-02 2.919387947549549524e-03 1.685154187209166210e+00
-3.653846153846154049e-02 2.940800438117239894e-03 1.734527043212333197e+00
-3.653846153846154049e-02 2.961595483368689719e-03 1.786202047554912520e+00
-3.518518518518518740e-02 1.515583105122934263e-03 3.319569481719563786e+00
-3.518518518518518740e-02 1.560934712106443406e-03 2.866193834594397583e+00
-3.518518518518518740e-02 1.606954893148677477e-03 2.469605582637522279e+00
-3.518518518518518740e-02 1.653643648249636042e-03 2.127592294559598862e+00
-3.518518518518518740e-02 1.701000977409320184e-03 1.838016107014433187e+00
-3.518518518518518740e-02 1.749026880627729255e-03 1.598885236665041454e+00
-3.518518518518518740e-02 1.797721357904862602e-03 1.408309692462075047e+00
-3.518518518518518740e-02 1.847084409240721528e-03 1.264027906807461354e+00
-3.518518518518518740e-02 1.897116034635305598e-03 1.164574260032124720e+00
-3.518518518518518740e-02 1.934101209139688776e-03 1.101986880570834382e+00
-3.518518518518518740e-02 1.956965033137070525e-03 1.048867403881827975e+00
-3.518518518518518740e-02 1.979041734613982018e-03 1.002104704233905075e+00
-3.518518518518518740e-02 2.000304362417901737e-03 9.615082601584514777e-01
-3.518518518518518740e-02 2.020726018594873070e-03 9.268976509223845195e-01
-3.518518518518518740e-02 2.040279859972062189e-03 8.984772314811129146e-01
-3.518518518518518740e-02 2.074847028245704710e-03 8.745322887329596284e-01
-3.518518518518518740e-02 2.092965123917564160e-03 8.551474667398353269e-01
-3.518518518518518740e-02 2.110139370691692644e-03 8.419016717579246301e-01
-3.518518518518518740e-02 2.143408710007121531e-03 8.313019842883258015e-01
-3.518518518518518740e-02 2.159008194771953795e-03 8.264493927877298862e-01
-3.518518518518518740e-02 2.191448389232400571e-03 8.240763866822997663e-01
-3.518518518518518740e-02 2.223650044483093183e-03 8.275269991182816476e-01
-3.518518518518518740e-02 2.236922422473964361e-03 8.320330911442417321e-01
-3.518518518518518740e-02 2.268190940603959527e-03 8.410513246633068984e-01
-3.518518518518518740e-02 2.299175554435515384e-03 8.543763587015823502e-01
-3.518518518518518740e-02 2.309932989362230814e-03 8.686481777789044623e-01
-3.518518518518518740e-02 2.339880877582570327e-03 8.861042271077659294e-01
-3.518518518518518740e-02 2.369499658266838345e-03 9.067158505526421441e-01
-3.518518518518518740e-02 2.398775753975544451e-03 9.300804912188463947e-01
-3.518518518518518740e-02 2.427695600770378870e-03 9.558284392085498737e-01
-3.518518518518518740e-02 2.456245648441982097e-03 9.839153975905687854e-01
-3.518518518518518740e-02 2.461855967249779176e-03 1.013383238987998869e+00
-3.518518518518518740e-02 2.489171881297753183e-03 1.044606764088693573e+00
-3.518518518518518740e-02 2.516073117834119379e-03 1.077734901680520885e+00
-3.518518518518518740e-02 2.542546193255752242e-03 1.112978047040386054e+00
-3.518518518518518740e-02 2.568577639126554037e-03 1.149879284103867638e+00
-3.518518518518518740e-02 2.619023131492768768e-03 1.187329982331671641e+00
-3.518518518518518740e-02 2.644606383626294660e-03 1.226138915636747706e+00
-3.518518518518518740e-02 2.669711958803605047e-03 1.266380216861434427e+00
-3.518518518518518740e-02 2.694326441787408231e-03 1.307834066719761656e+00
-3.518518518518518740e-02 2.718436433750731802e-03 1.350779311444924247e+00
-3.518518518518518740e-02 2.742028552592422862e-03 1.395274004068326912e+00
-3.518518518518518740e-02 2.765089433262762561e-03 1.441545770665277892e+00
-3.518518518518518740e-02 2.815901652640741357e-03 1.486065452280726618e+00
-3.518518518518518740e-02 2.838365336240834900e-03 1.531883806201538967e+00
-3.518518518518518740e-02 2.860261985799356001e-03 1.579492992449329503e+00
-3.518518518518518740e-02 2.911413198658133628e-03 1.629187492731897002e+00
-3.518518518518518740e-02 2.932654022045913089e-03 1.676131967879464391e+00
-3.392857142857142599e-02 1.514242672984539035e-03 3.452771631924632434e+00
-3.392857142857142599e-02 1.558886258274910135e-03 2.991775192920684834e+00
-3.392857142857142599e-02 1.604178418654245326e-03 2.586095571756562350e+00
-3.392857142857142599e-02 1.650119154122545043e-03 2.233645533296073182e+00
-3.392857142857142599e-02 1.696708464679809068e-03 1.932456839260351833e+00
-3.392857142857142599e-02 1.743946350326036534e-03 1.680670589209450227e+00
-3.392857142857142599e-02 1.791832811061228959e-03 1.476057954220878710e+00
-3.392857142857142599e-02 1.840367846885385692e-03 1.317177726917101888e+00
-3.392857142857142599e-02 1.889551457798505866e-03 1.202089206399215904e+00
-3.392857142857142599e-02 1.939383643800590999e-03 1.129024502294591503e+00
-3.392857142857142599e-02 1.961879361209694674e-03 1.073757569331803996e+00
-3.392857142857142599e-02 1.983598939010572902e-03 1.024765672635739477e+00
-3.392857142857142599e-02 2.004516221091065184e-03 9.817740259676269732e-01
-3.392857142857142599e-02 2.024605100904455432e-03 9.448402964228228562e-01
-3.392857142857142599e-02 2.043839522936307523e-03 9.137640851785436835e-01
-3.392857142857142599e-02 2.077989247625775058e-03 8.881575228018951940e-01
-3.392857142857142599e-02 2.095810012641379731e-03 8.660836021254412209e-01
-3.392857142857142599e-02 2.112702513366415073e-03 8.499745129841167479e-01
-3.392857142857142599e-02 2.145572811742684893e-03 8.375651535092019095e-01
-3.392857142857142599e-02 2.160916719414410127e-03 8.296952523077663066e-01
-3.392857142857142599e-02 2.192970474659328584e-03 8.254700062115616355e-01
-3.392857142857142599e-02 2.206678930126124236e-03 8.259873646812159187e-01
-3.392857142857142599e-02 2.237846011449748200e-03 8.282748652412411650e-01
-3.392857142857142599e-02 2.268746963001195584e-03 8.354005046810831780e-01
-3.392857142857142599e-02 2.280042909831884665e-03 8.457629498427621240e-01
-3.392857142857142599e-02 2.309956535695424813e-03 8.576439882520916491e-01
-3.392857142857142599e-02 2.339560118729625601e-03 8.730749974598379648e-01
-3.392857142857142599e-02 2.368840469802349462e-03 8.916161548438510387e-01
-3.392857142857142599e-02 2.397784412110918768e-03 9.128675301942958953e-01
-3.392857142857142599e-02 2.404939998520718835e-03 9.364222526942310720e-01
-3.392857142857142599e-02 2.432735256573138709e-03 9.613018480278894273e-01
-3.392857142857142599e-02 2.460150442061654133e-03 9.882900194362623791e-01
-3.392857142857142599e-02 2.487172437867505442e-03 1.017328500299143235e+00
-3.392857142857142599e-02 2.513788140451843171e-03 1.048582024368387433e+00
-3.392857142857142599e-02 2.539984460096281291e-03 1.081549171413913157e+00
-3.392857142857142599e-02 2.565748321150607483e-03 1.116148504835854371e+00
-3.392857142857142599e-02 2.591066662287941445e-03 1.152512814678442243e+00
-3.392857142857142599e-02 2.640973702185637779e-03 1.190564442069923512e+00
-3.392857142857142599e-02 2.665831698965646663e-03 1.228476924428514971e+00
-3.392857142857142599e-02 2.690209218697219018e-03 1.267763377001279945e+00
-3.392857142857142599e-02 2.714093250268805133e-03 1.308418085399251529e+00
-3.392857142857142599e-02 2.737470798070734158e-03 1.350659577770705999e+00
-3.392857142857142599e-02 2.760328882294456939e-03 1.394509434614263910e+00
-3.392857142857142599e-02 2.810591805416530215e-03 1.439596086836857358e+00
-3.392857142857142599e-02 2.832866841470707206e-03 1.482996471514020698e+00
-3.392857142857142599e-02 2.854587654921629525e-03 1.528229180365180628e+00
-3.392857142857142599e-02 2.875741321312195835e-03 1.575446171100489678e+00
-3.275862068965516849e-02 1.513562908817808099e-03 3.573951133876486885e+00
-3.275862068965516849e-02 1.557538236489405337e-03 3.107052771966646532e+00
-3.275862068965516849e-02 1.602143282457015993e-03 2.694078607938408254e+00
-3.275862068965516849e-02 1.647378046720640067e-03 2.333084341338531598e+00
-3.275862068965516849e-02 1.693242529280276909e-03 2.022242611889627284e+00
-3.275862068965516849e-02 1.739736730135927820e-03 1.759359482580859613e+00
-3.275862068965516849e-02 1.786860649287591932e-03 1.543017668186090319e+00
-3.275862068965516849e-02 1.834614286735268595e-03 1.371282229255202934e+00
-3.275862068965516849e-02 1.882997642478959543e-03 1.242418314945682889e+00
-3.275862068965516849e-02 1.932010716518663693e-03 1.154761999112936532e+00
-3.275862068965516849e-02 1.953815255018912043e-03 1.097692912038312318e+00
-3.275862068965516849e-02 1.989114121825235389e-03 1.047061396718265591e+00
-3.275862068965516849e-02 2.009704198556235867e-03 1.002011190122506168e+00
-3.275862068965516849e-02 2.029477691142665251e-03 9.626757174280298202e-01
-3.275862068965516849e-02 2.048409287798147026e-03 9.291466823140419606e-01
-3.275862068965516849e-02 2.066473725807913865e-03 9.015990858029874211e-01
-3.275862068965516849e-02 2.099706730040833570e-03 8.776839776277554073e-01
-3.275862068965516849e-02 2.116331834133166560e-03 8.588015671960572694e-01
-3.275862068965516849e-02 2.148828404700211039e-03 8.449841149375211247e-01
-3.275862068965516849e-02 2.163929531726739228e-03 8.341795593491772021e-01
-3.275862068965516849e-02 2.195621381383353315e-03 8.284779329585429952e-01
-3.275862068965516849e-02 2.209114143011935930e-03 8.256899434385324144e-01
-3.275862068965516849e-02 2.239933154405250679e-03 8.265031949121104393e-01
-3.275862068965516849e-02 2.270489909431506331e-03 8.320329154434127350e-01
-3.275862068965516849e-02 2.281611663185779092e-03 8.388262926348940551e-01
-3.275862068965516849e-02 2.311197809935652044e-03 8.490040898843003170e-01
-3.275862068965516849e-02 2.340479048502574697e-03 8.626597650004815820e-01
-3.275862068965516849e-02 2.369442568780309993e-03 8.793660700136707309e-01
-3.275862068965516849e-02 2.377266400657425047e-03 8.980814214788193084e-01
-3.275862068965516849e-02 2.405132213411627709e-03 9.185680740948388712e-01
-3.275862068965516849e-02 2.432637844914521674e-03 9.413547898242434764e-01
-3.275862068965516849e-02 2.459770539640478149e-03 9.663609801946260180e-01
-3.275862068965516849e-02 2.486517554475443578e-03 9.937063185820763644e-01
-3.275862068965516849e-02 2.512866158932613048e-03 1.022848082896661737e+00
-3.275862068965516849e-02 2.538803635374407234e-03 1.053661548650433044e+00
-3.275862068965516849e-02 2.564317279240993161e-03 1.086263575706075901e+00
-3.275862068965516849e-02 2.589394399285635442e-03 1.120599609981928646e+00
-3.275862068965516849e-02 2.614022317817120411e-03 1.156393738011162631e+00
-3.275862068965516849e-02 2.638188370949581460e-03 1.193851815034055130e+00
-3.275862068965516849e-02 2.687576161042683643e-03 1.232244831606255753e+00
-3.275862068965516849e-02 2.711249118246569431e-03 1.270769956965787539e+00
-3.275862068965516849e-02 2.734426313949476529e-03 1.310696192122134951e+00
-3.275862068965516849e-02 2.757095132635899431e-03 1.351948892921162049e+00
-3.275862068965516849e-02 2.779242973749677156e-03 1.394858174753401903e+00
-3.275862068965516849e-02 2.828945291104638902e-03 1.439393322038455381e+00
-3.275862068965516849e-02 2.850502204490324831e-03 1.482168321187338433e+00
-3.166666666666666935e-02 1.513492640685596986e-03 3.683292227190316570e+00
-3.166666666666666935e-02 1.556836301359754019e-03 3.212060757343877082e+00
-3.166666666666666935e-02 1.600791872537546184e-03 2.793439269986699891e+00
-3.166666666666666935e-02 1.645359354218973048e-03 2.425632196635558735e+00
-3.166666666666666935e-02 1.690538746404035477e-03 2.106482177864869243e+00
-3.166666666666666935e-02 1.736330049092733255e-03 1.834595295679704030e+00
-3.166666666666666935e-02 1.782733262285065299e-03 1.608044696011891261e+00
-3.166666666666666935e-02 1.829748385981033341e-03 1.425129313860441727e+00
-3.166666666666666935e-02 1.877375420180636516e-03 1.284220113807651664e+00
-3.166666666666666935e-02 1.925614364883873955e-03 1.183716933397321647e+00
-3.166666666666666935e-02 1.960609641417264230e-03 1.119591486826608362e+00
-3.166666666666666935e-02 1.981329213372251281e-03 1.067419646563234847e+00
-3.166666666666666935e-02 2.001264082966901572e-03 1.021439784975127330e+00
-3.166666666666666935e-02 2.035279638613260878e-03 9.805969041450015578e-01
-3.166666666666666935e-02 2.053923815136192519e-03 9.447317583127133878e-01
-3.166666666666666935e-02 2.071713367777454524e-03 9.145697996573197708e-01
-3.166666666666666935e-02 2.104586860111729539e-03 8.900751875884065356e-01
-3.166666666666666935e-02 2.120957920336769172e-03 8.683085781472688058e-01
-3.166666666666666935e-02 2.136404772719975847e-03 8.527941945205727015e-01
-3.166666666666666935e-02 2.167974455159073655e-03 8.398202054534004146e-01
-3.166666666666666935e-02 2.181875599484948015e-03 8.325414920980929168e-01
-3.166666666666666935e-02 2.212614548208308943e-03 8.269637590892184864e-01
-3.166666666666666935e-02 2.243107372903847818e-03 8.266107871768263449e-01
-3.166666666666666935e-02 2.254730183765163171e-03 8.290163751128819536e-01
-3.166666666666666935e-02 2.284297137387152673e-03 8.338951650930996884e-01
-3.166666666666666935e-02 2.313576470787561627e-03 8.426279929883681019e-01
-3.166666666666666935e-02 2.342555721598433855e-03 8.547630434182820203e-01
-3.166666666666666935e-02 2.351007643090274185e-03 8.685459709161290620e-01
-3.166666666666666935e-02 2.378937321614647479e-03 8.846679261530834282e-01
-3.166666666666666935e-02 2.406525594542830836e-03 9.032993584570946366e-01
-3.166666666666666935e-02 2.433760049545315857e-03 9.243400318148917716e-01
-3.166666666666666935e-02 2.460628285664969404e-03 9.478650740792315954e-01
-3.166666666666666935e-02 2.487117913510950105e-03 9.732935620214557826e-01
-3.166666666666666935e-02 2.513216555458183763e-03 1.000459361994526120e+00
-3.166666666666666935e-02 2.538911845852620183e-03 1.029465426604112777e+00
-3.166666666666666935e-02 2.564191431222506874e-03 1.060188233157617566e+00
-3.166666666666666935e-02 2.589042970495893450e-03 1.092339477001393666e+00
-3.166666666666666935e-02 2.613454135224655556e-03 1.126089100525266451e+00
-3.166666666666666935e-02 2.637412609815263827e-03 1.161335917083935243e+00
-3.166666666666666935e-02 2.660906091766604073e-03 1.198272671280512736e+00
-3.166666666666666935e-02 2.683922291915133169e-03 1.236828743634248662e+00
-3.166666666666666935e-02 2.732793924817085180e-03 1.275134944181635976e+00
-3.166666666666666935e-02 2.755286125923699005e-03 1.314027124697775495e+00
-3.166666666666666935e-02 2.777268149465657136e-03 1.354574369820726876e+00
-3.166666666666666935e-02 2.798727752983116816e-03 1.396906821607103444e+00
-3.064516129032257563e-02 1.556731327661441382e-03 3.307005504535218243e+00
-3.064516129032257563e-02 1.600072124250116615e-03 2.884255390519651741e+00
-3.064516129032257563e-02 1.644007988984175000e-03 2.510781833458998413e+00
-3.064516129032257563e-02 1.688538921863615453e-03 2.185213684516397414e+00
-3.064516129032257563e-02 1.733664922888437541e-03 1.905634128966540386e+00
-3.064516129032257563e-02 1.779385992058642348e-03 1.670376396453395973e+00
-3.064516129032257563e-02 1.825702129374229656e-03 1.477846160224380867e+00
-3.064516129032257563e-02 1.872613334835198599e-03 1.326446218032292457e+00
-3.064516129032257563e-02 1.920119608441550260e-03 1.214634507920601791e+00
-3.064516129032257563e-02 1.968220950193284424e-03 1.141040974918557271e+00
-3.064516129032257563e-02 1.988641294146181564e-03 1.087145885515494736e+00
-3.064516129032257563e-02 2.008286869675796841e-03 1.039236269600055218e+00
-3.064516129032257563e-02 2.027133705863459669e-03 9.973537149851778860e-01
-3.064516129032257563e-02 2.060323801247284422e-03 9.606183023707186575e-01
-3.064516129032257563e-02 2.077852082110754652e-03 9.279833964383201739e-01
-3.064516129032257563e-02 2.094513714962190250e-03 9.011306060158774667e-01
-3.064516129032257563e-02 2.126517748545313051e-03 8.787794260750934061e-01
-3.064516129032257563e-02 2.141736699889688293e-03 8.602301611475497989e-01
-3.064516129032257563e-02 2.172985941626737628e-03 8.466605809264486915e-01
-3.064516129032257563e-02 2.186682284194391666e-03 8.361251145213773883e-01
-3.064516129032257563e-02 2.217112262736439625e-03 8.298400642795427107e-01
-3.064516129032257563e-02 2.229206298705304918e-03 8.276320276792648034e-01
-3.064516129032257563e-02 2.258752695300141836e-03 8.271891169095798579e-01
-3.064516129032257563e-02 2.288027807460903465e-03 8.309829658423966148e-01
-3.064516129032257563e-02 2.317019502953931130e-03 8.385397969222878611e-01
-3.064516129032257563e-02 2.326062825651666228e-03 8.473251087931890080e-01
-3.064516129032257563e-02 2.354050468170690042e-03 8.591233492321761478e-01
-3.064516129032257563e-02 2.381714454299581080e-03 8.736560245984865691e-01
-3.064516129032257563e-02 2.409042697787408278e-03 8.908057722217400665e-01
-3.064516129032257563e-02 2.436023122828280367e-03 9.106036080262612797e-01
-3.064516129032257563e-02 2.462643664236167842e-03 9.324334083299617992e-01
-3.064516129032257563e-02 2.488892267624649799e-03 9.560894178869110416e-01
-3.064516129032257563e-02 2.514756889591771710e-03 9.816625700074986804e-01
-3.064516129032257563e-02 2.540225497910220554e-03 1.008960943135815080e+00
-3.064516129032257563e-02 2.565286071723015503e-03 1.037687260382261112e+00
-3.064516129032257563e-02 2.589926601744943577e-03 1.067976641386799930e+00
-3.064516129032257563e-02 2.614135090469959719e-03 1.099667887146952072e+00
-3.064516129032257563e-02 2.637899552384794562e-03 1.132950988643520285e+00
-3.064516129032257563e-02 2.661208014189029702e-03 1.167700927730143112e+00
-3.064516129032257563e-02 2.684048515021896734e-03 1.203781082229235411e+00
-3.064516129032257563e-02 2.706409106696076351e-03 1.241481987602801818e+00
-3.064516129032257563e-02 2.754808906779723440e-03 1.280869701725796395e+00
-3.064516129032257563e-02 2.776636342889684823e-03 1.319064400180817831e+00
-2.968750000000000208e-02 1.557178842631506445e-03 3.392237480555369888e+00
-2.968750000000000208e-02 1.599936914570706213e-03 2.966321360517977013e+00
-2.968750000000000208e-02 1.643274102608405837e-03 2.588880229681820744e+00
-2.968750000000000208e-02 1.687190406744603580e-03 2.258008946264651762e+00
-2.968750000000000208e-02 1.731685826979301613e-03 1.972075343129535474e+00
-2.968750000000000208e-02 1.776760363312499067e-03 1.729519494081673825e+00
-2.968750000000000208e-02 1.822414015744195075e-03 1.528749124542087223e+00
-2.968750000000000208e-02 1.868646784274390722e-03 1.368238177586258875e+00
-2.968750000000000208e-02 1.915458668903086224e-03 1.246636980133324801e+00
-2.968750000000000208e-02 1.962849669630280496e-03 1.162379161036115827e+00
-2.968750000000000208e-02 1.996736069034489754e-03 1.106795920158256452e+00
-2.968750000000000208e-02 2.016106572828997925e-03 1.057157541743701135e+00
-2.968750000000000208e-02 2.034688356278106618e-03 1.013160707338152555e+00
-2.968750000000000208e-02 2.052458121301989347e-03 9.749671934777845994e-01
-2.968750000000000208e-02 2.084835048097558215e-03 9.420177162127451043e-01
-2.968750000000000208e-02 2.101259894287475088e-03 9.125505174784056539e-01
-2.968750000000000208e-02 2.116806716664936753e-03 8.890300473984258378e-01
-2.968750000000000208e-02 2.147955938701639426e-03 8.686806862685348962e-01
-2.968750000000000208e-02 2.162037189267588047e-03 8.533869143924018852e-01
-2.968750000000000208e-02 2.192405535542233091e-03 8.411447576244345248e-01
-2.968750000000000208e-02 2.204943520777282416e-03 8.341381887363363834e-01
-2.968750000000000208e-02 2.234468317765225462e-03 8.283707808230671432e-01
-2.968750000000000208e-02 2.263737289007425671e-03 8.272278050490650125e-01
-2.968750000000000208e-02 2.274004287019615583e-03 8.300618825682901658e-01
-2.968750000000000208e-02 2.302339735297591512e-03 8.339627128338983342e-01
-2.968750000000000208e-02 2.330380115702671354e-03 8.414890177646099367e-01
-2.968750000000000208e-02 2.358113642658972702e-03 8.519881589510247544e-01
-2.968750000000000208e-02 2.385528540051815374e-03 8.653280211882663497e-01
-2.968750000000000208e-02 2.412613041381520690e-03 8.814958658826331783e-01
-2.968750000000000208e-02 2.418250687519465231e-03 8.988412985029500257e-01
-2.968750000000000208e-02 2.444230064773273044e-03 9.181938259098088029e-01
-2.968750000000000208e-02 2.469840031434820948e-03 9.398696862954776243e-01
-2.968750000000000208e-02 2.495068867567469713e-03 9.636515589973326801e-01
-2.968750000000000208e-02 2.519904863816791428e-03 9.892128797020297570e-01
-2.968750000000000208e-02 2.544336321596313288e-03 1.016657430444157795e+00
-2.968750000000000208e-02 2.568351553278711008e-03 1.045793835732026889e+00
-2.968750000000000208e-02 2.591938882392684756e-03 1.076795507283317743e+00
-2.968750000000000208e-02 2.639569228638318377e-03 1.108655752957736551e+00
-2.968750000000000208e-02 2.662704846054910705e-03 1.141103185248242502e+00
-2.968750000000000208e-02 2.685381319045541428e-03 1.175007995570549912e+00
-2.968750000000000208e-02 2.707587010194820697e-03 1.210479707398612437e+00
-2.968750000000000208e-02 2.729310294151026002e-03 1.247635480694762711e+00
-2.878787878787878937e-02 1.558138521546203721e-03 3.467785593359286711e+00
-2.878787878787878937e-02 1.600343524432301569e-03 3.040222582557026598e+00
-2.878787878787878937e-02 1.643112513993936347e-03 2.659745583514267597e+00
-2.878787878787878937e-02 1.686445490231110221e-03 2.324757172430748753e+00
-2.878787878787878937e-02 1.730342453143821893e-03 2.033731413989638082e+00
-2.878787878787878937e-02 1.774803402732070927e-03 1.785082671359042861e+00
-2.878787878787878937e-02 1.819828338995858625e-03 1.577300932172731596e+00
-2.878787878787878937e-02 1.865417261935184770e-03 1.409058377616277724e+00
-2.878787878787878937e-02 1.911570171550047844e-03 1.278797404499862012e+00
-2.878787878787878937e-02 1.958287067840450233e-03 1.185147004966689455e+00
-2.878787878787878937e-02 1.991533246609589712e-03 1.124425694938401055e+00
-2.878787878787878937e-02 2.010312789522278060e-03 1.074340775636078105e+00
-2.878787878787878937e-02 2.043006052851039939e-03 1.029499646587859196e+00
-2.878787878787878937e-02 2.060533547723112768e-03 9.890487371582002973e-01
-2.878787878787878937e-02 2.077236444428181422e-03 9.543514960271705094e-01
-2.878787878787878937e-02 2.108811636260411477e-03 9.249382964481412950e-01
-2.878787878787878937e-02 2.124144633889136179e-03 8.984624863386637683e-01
-2.878787878787878937e-02 2.138588830356777121e-03 8.781995607266220860e-01
-2.878787878787878937e-02 2.168896848988952509e-03 8.599962699291825441e-01
-2.878787878787878937e-02 2.198990505804772691e-03 8.477173729230870203e-01
-2.878787878787878937e-02 2.211356200586095302e-03 8.369646092687494932e-01
-2.878787878787878937e-02 2.240617442080190033e-03 8.309026909548551387e-01
-2.878787878787878937e-02 2.251386139649050756e-03 8.286383157100205565e-01
-2.878787878787878937e-02 2.279754049335994213e-03 8.280342132562074076e-01
-2.878787878787878937e-02 2.307842524059566195e-03 8.313494787407809117e-01
-2.878787878787878937e-02 2.335640074247898133e-03 8.378875716601901225e-01
-2.878787878787878937e-02 2.343371970172739797e-03 8.471430922637841476e-01
-2.878787878787878937e-02 2.370162078989263357e-03 8.578779511792335999e-01
-2.878787878787878937e-02 2.396623148677907728e-03 8.712551103393271212e-01
-2.878787878787878937e-02 2.422743731165253114e-03 8.869948750636869050e-01
-2.878787878787878937e-02 2.448512387800985679e-03 9.051633357298023430e-01
-2.878787878787878937e-02 2.473917689516568798e-03 9.254760112103833647e-01
-2.878787878787878937e-02 2.498948216988389898e-03 9.476032086696769552e-01
-2.878787878787878937e-02 2.523592560805575872e-03 9.716158357374247156e-01
-2.878787878787878937e-02 2.547839321642628423e-03 9.972648731433172431e-01
-2.878787878787878937e-02 2.571677110437101815e-03 1.024724444244772492e+00
-2.878787878787878937e-02 2.595094548572499105e-03 1.053784114404187733e+00
-2.878787878787878937e-02 2.618080268066608034e-03 1.084252750171624147e+00
-2.878787878787878937e-02 2.640622911765481712e-03 1.116386549661808836e+00
-2.878787878787878937e-02 2.662711133543315192e-03 1.150263226932924709e+00
-2.878787878787878937e-02 2.709907458047037046e-03 1.184020296625394764e+00
-2.794117647058823317e-02 1.559573740837596426e-03 3.534415977735133829e+00
-2.794117647058823317e-02 1.601253162801792845e-03 3.105966752506093442e+00
-2.794117647058823317e-02 1.643482203517166156e-03 2.723497377335528213e+00
-2.794117647058823317e-02 1.686260862983715711e-03 2.385515417004383298e+00
-2.794117647058823317e-02 1.729589141201440857e-03 2.090443356803147523e+00
-2.794117647058823317e-02 1.773467038170342463e-03 1.836787158428872857e+00
-2.794117647058823317e-02 1.817894553890420746e-03 1.623242128230060199e+00
-2.794117647058823317e-02 1.862871688361674620e-03 1.448259488651975291e+00
-2.794117647058823317e-02 1.908398441584105388e-03 1.310501292500422466e+00
-2.794117647058823317e-02 1.954474813557712399e-03 1.208730036846038969e+00
-2.794117647058823317e-02 2.001100804282495219e-03 1.141507802258425741e+00
-2.794117647058823317e-02 2.019635520102083890e-03 1.089775201330722698e+00
-2.794117647058823317e-02 2.037396471622217320e-03 1.043743377921166005e+00
-2.794117647058823317e-02 2.054361540390807397e-03 1.003575395880868637e+00
-2.794117647058823317e-02 2.085822130218838080e-03 9.669708083829438028e-01
-2.794117647058823317e-02 2.101467666909711141e-03 9.354636936238260869e-01
-2.794117647058823317e-02 2.132251773272689742e-03 9.092743044199689262e-01
-2.794117647058823317e-02 2.146503709858341505e-03 8.859085922890592713e-01
-2.794117647058823317e-02 2.176551645540987078e-03 8.681451215066560145e-01
-2.794117647058823317e-02 2.189336097492356695e-03 8.525308554466840549e-01
-2.794117647058823317e-02 2.218588297427935650e-03 8.415813811884014228e-01
-2.794117647058823317e-02 2.229831572441789110e-03 8.341925731036841096e-01
-2.794117647058823317e-02 2.258228599183405728e-03 8.291438166906555107e-01
-2.794117647058823317e-02 2.286361029009770056e-03 8.283165997596926289e-01
-2.794117647058823317e-02 2.314217654408820025e-03 8.309721537028660343e-01
-2.794117647058823317e-02 2.322531677340003171e-03 8.344731210367175578e-01
-2.794117647058823317e-02 2.349421783821306880e-03 8.414549961603400297e-01
-2.794117647058823317e-02 2.375998897922201696e-03 8.512454760977908874e-01
-2.794117647058823317e-02 2.402251850468909919e-03 8.635301241615930268e-01
-2.794117647058823317e-02 2.428169480988681597e-03 8.783675622961690799e-01
-2.794117647058823317e-02 2.453740637853630419e-03 8.954066310178228072e-01
-2.794117647058823317e-02 2.478954178428553843e-03 9.143175745386493691e-01
-2.794117647058823317e-02 2.503798969222905280e-03 9.351392881433314708e-01
-2.794117647058823317e-02 2.528263886047062755e-03 9.575661812661977468e-01
-2.794117647058823317e-02 2.552337814173067515e-03 9.817749647558402515e-01
-2.794117647058823317e-02 2.576009648500005196e-03 1.007504038911977817e+00
-2.794117647058823317e-02 2.599268293724210383e-03 1.034533031475224352e+00
-2.794117647058823317e-02 2.622102664514479754e-03 1.063111275325480776e+00
-2.794117647058823317e-02 2.644501685692515411e-03 1.093241038099872942e+00
-2.794117647058823317e-02 2.666454292418780122e-03 1.125034619020639504e+00
-2.714285714285714565e-02 1.561451182843365823e-03 3.592279157468025730e+00
-2.714285714285714565e-02 1.602630546049109211e-03 3.163854414254760439e+00
-2.714285714285714565e-02 1.644345866259699571e-03 2.780386499637677034e+00
-2.714285714285714565e-02 1.686597143475136252e-03 2.440307307346272658e+00
-2.714285714285714565e-02 1.729384377695420555e-03 2.142138611365057344e+00
-2.714285714285714565e-02 1.772707568920552047e-03 1.884599937222439570e+00
-2.714285714285714565e-02 1.816566717150529210e-03 1.666151282941393141e+00
-2.714285714285714565e-02 1.860961822385354646e-03 1.485488289814265173e+00
-2.714285714285714565e-02 1.905892884625027053e-03 1.341369357023532327e+00
-2.714285714285714565e-02 1.951359903869545782e-03 1.232370756859065164e+00
-2.714285714285714565e-02 1.997362880118911700e-03 1.157337769580435216e+00
-2.714285714285714565e-02 2.015344129210088885e-03 1.105506582353072087e+00
-2.714285714285714565e-02 2.047157663716542633e-03 1.058296291459963845e+00
-2.714285714285714565e-02 2.063906953768584410e-03 1.015896024279370202e+00
-2.714285714285714565e-02 2.079847971234251129e-03 9.791874762321057801e-01
-2.714285714285714565e-02 2.110553654448405446e-03 9.467545859395032348e-01
-2.714285714285714565e-02 2.125150703616508503e-03 9.184340749602160070e-01
-2.714285714285714565e-02 2.155153656691308033e-03 8.952132761552911155e-01
-2.714285714285714565e-02 2.168334589952740366e-03 8.746621967408896303e-01
-2.714285714285714565e-02 2.197576669130015849e-03 8.588681224403631465e-01
-2.714285714285714565e-02 2.209269516798341784e-03 8.463473791171736149e-01
-2.714285714285714565e-02 2.237692696526634439e-03 8.369220276404621961e-01
-2.714285714285714565e-02 2.265865380623267433e-03 8.320272836504439828e-01
-2.714285714285714565e-02 2.275372053707613775e-03 8.291236509704087432e-01
-2.714285714285714565e-02 2.302642524089440392e-03 8.287607835206950435e-01
-2.714285714285714565e-02 2.329626167843807001e-03 8.321146530907241878e-01
-2.714285714285714565e-02 2.356312074059303124e-03 8.384573105119554892e-01
-2.714285714285714565e-02 2.382689339747399385e-03 8.474410446643747541e-01
-2.714285714285714565e-02 2.388469599575406520e-03 8.577882549735210693e-01
-2.714285714285714565e-02 2.413810975075539583e-03 8.705266369212805166e-01
-2.714285714285714565e-02 2.438807539473626228e-03 8.855018725167513871e-01
-2.714285714285714565e-02 2.463448428104997225e-03 9.027243505267722457e-01
-2.714285714285714565e-02 2.487722785005419546e-03 9.218620165263198274e-01
-2.714285714285714565e-02 2.511619763060100007e-03 9.430785374248380482e-01
-2.714285714285714565e-02 2.535128524156941583e-03 9.660822282870052957e-01
-2.714285714285714565e-02 2.558238239344234541e-03 9.906344370613693329e-01
-2.714285714285714565e-02 2.580938088992942425e-03 1.016961717034694734e+00
-2.714285714285714565e-02 2.603217262963791485e-03 1.045035622155911836e+00
-2.714285714285714565e-02 2.649359063758020133e-03 1.074565516737566728e+00
-2.638888888888889228e-02 1.563740486488689272e-03 3.641816086355014637e+00
-2.638888888888889228e-02 1.604443526425718440e-03 3.214288186366501598e+00
-2.638888888888889228e-02 1.645669517625321290e-03 2.830577984472940400e+00
-2.638888888888889228e-02 1.687418460087498906e-03 2.489222829873595444e+00
-2.638888888888889228e-02 1.729690353812251072e-03 2.188967405924657328e+00
-2.638888888888889228e-02 1.772485198799576920e-03 1.928280345574815868e+00
-2.638888888888889228e-02 1.815802995049477101e-03 1.705891294534107150e+00
-2.638888888888889228e-02 1.859643742561952265e-03 1.520555242604465951e+00
-2.638888888888889228e-02 1.904007441337000894e-03 1.370863618402852424e+00
-2.638888888888889228e-02 1.948894091374623857e-03 1.255691595586422515e+00
-2.638888888888889228e-02 1.994303692674821368e-03 1.173796199020381126e+00
-2.638888888888889228e-02 2.025992113018982525e-03 1.119010040956557095e+00
-2.638888888888889228e-02 2.042994266475997318e-03 1.071225178308872428e+00
-2.638888888888889228e-02 2.059215050594264546e-03 1.029177840792473653e+00
-2.638888888888889228e-02 2.089844739482225010e-03 9.905365404731953927e-01
-2.638888888888889228e-02 2.104768800689989922e-03 9.571596939505642165e-01
-2.638888888888889228e-02 2.134727575773068004e-03 9.285215073189372337e-01
-2.638888888888889228e-02 2.148284427248264416e-03 9.029807393028883578e-01
-2.638888888888889228e-02 2.177515502287832513e-03 8.823949040816050360e-01
-2.638888888888889228e-02 2.189634822194503217e-03 8.647507963166183309e-01
-2.638888888888889228e-02 2.218081520639650969e-03 8.510234300666170704e-01
-2.638888888888889228e-02 2.228693159943681470e-03 8.419206184376568647e-01
-2.638888888888889228e-02 2.256298919825079283e-03 8.337540507543731438e-01
-2.638888888888889228e-02 2.283642780628745896e-03 8.296734554213346380e-01
-2.638888888888889228e-02 2.310714079066751147e-03 8.295240135219424937e-01
-2.638888888888889228e-02 2.318462997523541933e-03 8.315716656379025240e-01
-2.638888888888889228e-02 2.344587389379263181e-03 8.352894303857364422e-01
-2.638888888888889228e-02 2.370403828889328796e-03 8.421138930078085894e-01
-2.638888888888889228e-02 2.395901687121893865e-03 8.516050063212011745e-01
-2.638888888888889228e-02 2.421070342938567727e-03 8.634159140427875023e-01
-2.638888888888889228e-02 2.445899183122576207e-03 8.775265570842727403e-01
-2.638888888888889228e-02 2.470377602510439273e-03 8.935504552966812009e-01
-2.638888888888889228e-02 2.494495004127328473e-03 9.116567576846381638e-01
-2.638888888888889228e-02 2.518240799326221246e-03 9.315045806776232062e-01
-2.638888888888889228e-02 2.541604407931013880e-03 9.528296882435176585e-01
-2.638888888888889228e-02 2.564575258383724066e-03 9.758540952958583148e-01
-2.638888888888889228e-02 2.587142787895969562e-03 1.000474116544003644e+00
-2.638888888888889228e-02 2.609296442604868652e-03 1.026804641007881491e+00
-2.567567567567567710e-02 1.566413938593514766e-03 3.683546180617812027e+00
-2.567567567567567710e-02 1.606662763923784928e-03 3.257540377296008760e+00
-2.567567567567567710e-02 1.647422145177906755e-03 2.874287899579230032e+00
-2.567567567567567710e-02 1.688692082355880029e-03 2.532559390751042638e+00
-2.567567567567567710e-02 1.730472575457703884e-03 2.230831902207488504e+00
-2.567567567567567710e-02 1.772763624483379838e-03 1.967869403402526363e+00
-2.567567567567567710e-02 1.815565229432906805e-03 1.742424043539171130e+00
-2.567567567567567710e-02 1.858877390306285004e-03 1.553103244455955156e+00
-2.567567567567567710e-02 1.902700107103513782e-03 1.398811727397848426e+00
-2.567567567567567710e-02 1.947033379824594009e-03 1.278293843280651210e+00
-2.567567567567567710e-02 1.991877208469525033e-03 1.190485972146320126e+00
-2.567567567567567710e-02 2.023018286901742506e-03 1.132510131320101809e+00
-2.567567567567567710e-02 2.054032498163264019e-03 1.084476808166721984e+00
-2.567567567567567710e-02 2.070060387979265337e-03 1.040213787748542895e+00
-2.567567567567567710e-02 2.085294733581091395e-03 1.001703746959518249e+00
-2.567567567567567710e-02 2.115210182635128555e-03 9.676989942725698901e-01
-2.567567567567567710e-02 2.129123932103939732e-03 9.371353541107826368e-01
-2.567567567567567710e-02 2.158343284847750922e-03 9.118190097246665626e-01
-2.567567567567567710e-02 2.170867693903476715e-03 8.890740709918606433e-01
-2.567567567567567710e-02 2.199335563813393287e-03 8.711246970508206289e-01
-2.567567567567567710e-02 2.210402048575494955e-03 8.566150770804323855e-01
-2.567567567567567710e-02 2.238063155561163548e-03 8.445806654704346439e-01
-2.567567567567567710e-02 2.265475710154167543e-03 8.368979522419696115e-01
-2.567567567567567710e-02 2.274402475457397432e-03 8.321626165033335631e-01
-2.567567567567567710e-02 2.300928888052338524e-03 8.293512941119984827e-01
-2.567567567567567710e-02 2.327172136664645927e-03 8.297668587976728682e-01
-2.567567567567567710e-02 2.353121826938025553e-03 8.334465511773927471e-01
-2.567567567567567710e-02 2.378767571633725111e-03 8.398851054927559678e-01
-2.567567567567567710e-02 2.384053723999472046e-03 8.483415418877677805e-01
-2.567567567567567710e-02 2.408685943020504386e-03 8.584111784468658746e-01
-2.567567567567567710e-02 2.432979749069632755e-03 8.707088377362263154e-01
-2.567567567567567710e-02 2.456924789337267944e-03 8.853925474949431162e-01
-2.567567567567567710e-02 2.480510718826153121e-03 9.020932594490539413e-01
-2.567567567567567710e-02 2.503727200484398910e-03 9.205313309626870222e-01
-2.567567567567567710e-02 2.526563905342286715e-03 9.409078482733217452e-01
-2.567567567567567710e-02 2.549010512653012046e-03 9.630894326599988009e-01
-2.567567567567567710e-02 2.571056710037491859e-03 9.871783593144092261e-01
-2.500000000000000139e-02 1.569446200977103615e-03 3.717820776986585862e+00
-2.500000000000000139e-02 1.609261436320725278e-03 3.293922684777216503e+00
-2.500000000000000139e-02 1.649575401125854017e-03 2.911930717013861081e+00
-2.500000000000000139e-02 1.690388095392488313e-03 2.570330063958007116e+00
-2.500000000000000139e-02 1.731699519120630335e-03 2.267919254755945691e+00
-2.500000000000000139e-02 1.773509672310278999e-03 2.003448061902304733e+00
-2.500000000000000139e-02 1.815818554961434305e-03 1.775540623811792562e+00
-2.500000000000000139e-02 1.858626167074096253e-03 1.583130814486929383e+00
-2.500000000000000139e-02 1.901932508648264842e-03 1.424951364265095499e+00
-2.500000000000000139e-02 1.945737579683940290e-03 1.299977420579145893e+00
-2.500000000000000139e-02 1.990041380181122380e-03 1.206941664842860362e+00
-2.500000000000000139e-02 2.034843910139811762e-03 1.144840149536194618e+00
-2.500000000000000139e-02 2.051141297801897974e-03 1.095411270271143822e+00
-2.500000000000000139e-02 2.066670438583330296e-03 1.051712922168233977e+00
-2.500000000000000139e-02 2.096543445930902205e-03 1.012401723553404631e+00
-2.500000000000000139e-02 2.110796466571865631e-03 9.767993021066067039e-01
-2.500000000000000139e-02 2.140003518539659692e-03 9.468208291997870507e-01
-2.500000000000000139e-02 2.152913186175481504e-03 9.190097011061459931e-01
-2.500000000000000139e-02 2.181400130915998100e-03 8.969228009910985566e-01
-2.500000000000000139e-02 2.192899361821514046e-03 8.771017464304011746e-01
-2.500000000000000139e-02 2.220612146518104787e-03 8.613080966188633170e-01
-2.500000000000000139e-02 2.230634013143593421e-03 8.495779235507090466e-01
-2.500000000000000139e-02 2.257518688410866965e-03 8.396147650151788433e-01
-2.500000000000000139e-02 2.284143869037309760e-03 8.334899971904320415e-01
-2.500000000000000139e-02 2.310499386005415278e-03 8.307647361890767579e-01
-2.500000000000000139e-02 2.317718753027740719e-03 8.304803030426262112e-01
-2.500000000000000139e-02 2.343145079523369697e-03 8.320490867436324267e-01
-2.500000000000000139e-02 2.368267986104082359e-03 8.364072096427604963e-01
-2.500000000000000139e-02 2.393077334706986917e-03 8.434786806611498378e-01
-2.500000000000000139e-02 2.417562994287645976e-03 8.528004168619502945e-01
-2.500000000000000139e-02 2.441714840934874030e-03 8.645385008102641766e-01
-2.500000000000000139e-02 2.465522757988667865e-03 8.782765229074309676e-01
-2.500000000000000139e-02 2.488976636161400417e-03 8.937126793101974886e-01
-2.500000000000000139e-02 2.512066373662396896e-03 9.110455656758141840e-01
-2.500000000000000139e-02 2.534781876326018535e-03 9.300667413332150968e-01
-2.500000000000000139e-02 2.557113057743400086e-03 9.509005112633989176e-01
