-3.333333333333333148e-01 3.996565489803871065e-04 2.320400206028258694e+00
-3.333333333333333148e-01 4.500015280893207028e-04 1.409795004880634028e+00
-3.333333333333333148e-01 5.035852603476909670e-04 8.179874768254534745e-01
-3.333333333333333148e-01 5.688451403522091360e-04 4.406470775094922243e-01
-3.333333333333333148e-01 6.412934233034632732e-04 2.250287068695113191e-01
-3.333333333333333148e-01 7.084048808944024955e-04 9.938535276957448372e-02
-3.333333333333333148e-01 7.891445030742239670e-04 5.420428165456930847e-02
-3.333333333333333148e-01 8.669752230997798334e-04 4.867730247479679778e-02
-3.333333333333333148e-01 9.407224925473445546e-04 8.544559941532577085e-02
-3.333333333333333148e-01 1.039501910635778339e-03 1.290715955090755984e-01
-3.333333333333333148e-01 1.139014948588170728e-03 1.900921957553019237e-01
-3.333333333333333148e-01 1.238646168543344360e-03 2.610364831287389498e-01
-3.333333333333333148e-01 1.379761018801684133e-03 3.387585318888606256e-01
-3.333333333333333148e-01 1.481994262544554389e-03 4.000553348264445086e-01
-3.333333333333333148e-01 1.582726413792003928e-03 4.753400987138720613e-01
-3.333333333333333148e-01 1.736738525093493683e-03 5.398021025085851798e-01
-3.333333333333333148e-01 1.837411570453671662e-03 6.118785716899693972e-01
-3.333333333333333148e-01 2.000358382976206127e-03 6.656969079691110736e-01
-3.333333333333333148e-01 2.170226830012971040e-03 7.318129516732674311e-01
-3.333333333333333148e-01 2.270382653148851019e-03 7.873761282263156414e-01
-3.333333333333333148e-01 2.448095856355710261e-03 8.328494428173952580e-01
-3.333333333333333148e-01 2.632504690452623815e-03 8.835680854922709493e-01
-3.333333333333333148e-01 2.823609155439590814e-03 9.376788030829006360e-01
-3.333333333333333148e-01 2.920278415122781746e-03 9.805229206109282725e-01
-3.333333333333333148e-01 3.117929381009811561e-03 1.013927563030222689e+00
-3.333333333333333148e-01 3.322051865561629225e-03 1.049164799863607112e+00
-3.333333333333333148e-01 3.532645868778233871e-03 1.085428498504084516e+00
-3.333333333333333148e-01 3.749711390659624631e-03 1.121987799886576598e+00
-3.333333333333333148e-01 3.973248431205802372e-03 1.158517277836639714e+00
-3.333333333333333148e-01 4.058945464825214344e-03 1.194734781962726977e+00
-3.333333333333333148e-01 4.287306410112102541e-03 1.215832883265960618e+00
-3.333333333333333148e-01 4.521916685714708929e-03 1.237255411334193811e+00
-3.333333333333333148e-01 4.762776291633036112e-03 1.258472197744107568e+00
-3.333333333333333148e-01 5.009885227867080619e-03 1.279614592369956005e+00
-3.333333333333333148e-01 5.263243494416843318e-03 1.300547786541586648e+00
-3.333333333333333148e-01 5.522851091282325944e-03 1.321278887821117687e+00
-3.333333333333333148e-01 5.788708018463527630e-03 1.341537980914112360e+00
-3.333333333333333148e-01 6.060814275960446640e-03 1.361245513217312686e+00
-3.333333333333333148e-01 6.339169863773085577e-03 1.380406116760062973e+00
-3.333333333333333148e-01 6.623774781901443573e-03 1.399031034368471982e+00
-3.333333333333333148e-01 6.914629030345517159e-03 1.417022144688484975e+00
-3.333333333333333148e-01 7.211732609105312407e-03 1.434545334745765288e+00
-3.333333333333333148e-01 7.515085518180827581e-03 1.451502474491557226e+00
-3.333333333333333148e-01 7.824687757572057478e-03 1.467845371183715386e+00
-3.333333333333333148e-01 7.853661297215460205e-03 1.478155795037917608e+00
-3.166666666666666519e-01 4.079160538551746353e-04 2.606042138599391489e+00
-3.166666666666666519e-01 4.619412580305066302e-04 1.614652103811594852e+00
-3.166666666666666519e-01 5.195830759342316696e-04 9.615703294223947317e-01
-3.166666666666666519e-01 5.764396251899751899e-04 5.378962871415252645e-01
-3.166666666666666519e-01 6.361092135848109069e-04 2.849995491258491831e-01
-3.166666666666666519e-01 7.209630491580218663e-04 1.356102526605241776e-01
-3.166666666666666519e-01 7.839938400792169923e-04 6.649964531802096679e-02
-3.166666666666666519e-01 8.852888063367373144e-04 5.390922602473544045e-02
-3.166666666666666519e-01 9.623582439071385903e-04 6.256782966433489801e-02
-3.166666666666666519e-01 1.064436987468414747e-03 1.076194258772424917e-01
-3.166666666666666519e-01 1.167504636501260967e-03 1.658463670300062975e-01
-3.166666666666666519e-01 1.270945794489650605e-03 2.273919819207791126e-01
-3.166666666666666519e-01 1.374156481363816287e-03 2.916181101563755651e-01
-3.166666666666666519e-01 1.476544467344505533e-03 3.634259204184210890e-01
-3.166666666666666519e-01 1.627567968605480447e-03 4.380263752102867558e-01
-3.166666666666666519e-01 1.731036049728276217e-03 4.988751617564098906e-01
-3.166666666666666519e-01 1.891668495078828406e-03 5.711283388784293980e-01
-3.166666666666666519e-01 1.994597733531407353e-03 6.296836605581908053e-01
-3.166666666666666519e-01 2.163976991939055381e-03 6.871897414812467852e-01
-3.166666666666666519e-01 2.340257951877745130e-03 7.547001894616303108e-01
-3.166666666666666519e-01 2.442058953239209344e-03 7.999611050950066193e-01
-3.166666666666666519e-01 2.626013042779295256e-03 8.459966961266471852e-01
-3.166666666666666519e-01 2.816646252060624016e-03 8.965699577486830885e-01
-3.166666666666666519e-01 3.013958581083197794e-03 9.499988533733803031e-01
-3.166666666666666519e-01 3.111564556380220798e-03 9.868612759581188998e-01
-3.166666666666666519e-01 3.315270352913046378e-03 1.019932003736676585e+00
-3.166666666666666519e-01 3.525434457394073604e-03 1.054565917347078718e+00
-3.166666666666666519e-01 3.742056869823300307e-03 1.089943064138814144e+00
-3.166666666666666519e-01 3.965137590200727355e-03 1.125650574604384779e+00
-3.166666666666666519e-01 4.194676618526356482e-03 1.161346863977476440e+00
-3.166666666666666519e-01 4.280423342209307980e-03 1.195892681431172999e+00
-3.166666666666666519e-01 4.514656962097768345e-03 1.216625522608110854e+00
-3.166666666666666519e-01 4.755129879297353979e-03 1.237343745977907306e+00
-3.166666666666666519e-01 5.001842093808063147e-03 1.258150884081191467e+00
-3.166666666666666519e-01 5.254793605629895850e-03 1.278881951041984433e+00
-3.166666666666666519e-01 5.513984414762855557e-03 1.299524655906733939e+00
-3.166666666666666519e-01 5.779414521206938798e-03 1.319788404461639031e+00
-3.166666666666666519e-01 6.051083924962143840e-03 1.339575219350467972e+00
-3.166666666666666519e-01 6.328992626028475885e-03 1.358876296054168487e+00
-3.166666666666666519e-01 6.613140624405932332e-03 1.377692673348547725e+00
-3.166666666666666519e-01 6.903527920094510578e-03 1.395915328584373061e+00
-3.166666666666666519e-01 7.200154513094215829e-03 1.413706021110513689e+00
-3.166666666666666519e-01 7.503020403405046349e-03 1.430954840940889650e+00
-3.166666666666666519e-01 7.812125591026996933e-03 1.447610239667214582e+00
-3.166666666666666519e-01 8.127470075960074522e-03 1.463863080644705272e+00
-3.015873015873015706e-01 4.221445944767850209e-04 2.895769311747571795e+00
-3.015873015873015706e-01 4.729328507563910263e-04 1.830891218037552282e+00
-3.015873015873015706e-01 5.240191497350527245e-04 1.112076617857808980e+00
-3.015873015873015706e-01 5.830340124831243044e-04 6.435215726832496097e-01
-3.015873015873015706e-01 6.450528929409461362e-04 3.516747587983547474e-01
-3.015873015873015706e-01 7.147461243220322056e-04 1.779843619847378267e-01
-3.015873015873015706e-01 7.979509318209142277e-04 7.996163345305248860e-02
-3.015873015873015706e-01 8.786806026395878192e-04 4.711319626890033557e-02
-3.015873015873015706e-01 9.819473073698307009e-04 6.106862512917993202e-02
-3.015873015873015706e-01 1.057484582558398901e-03 8.590789294477588212e-02
-3.015873015873015706e-01 1.160257968529402554e-03 1.333078355103960999e-01
-3.015873015873015706e-01 1.263478842674987251e-03 1.928058405429577682e-01
-3.015873015873015706e-01 1.366549662075303108e-03 2.610031358230146536e-01
-3.015873015873015706e-01 1.513851138226202488e-03 3.354507712832407451e-01
-3.015873015873015706e-01 1.619123890866676959e-03 3.936704047498775783e-01
-3.015873015873015706e-01 1.722671132373444292e-03 4.684907627480872083e-01
-3.015873015873015706e-01 1.882527350602630203e-03 5.267188927365091811e-01
-3.015873015873015706e-01 1.985686462437895664e-03 6.016265603658647043e-01
-3.015873015873015706e-01 2.154308984555356257e-03 6.496813171804232123e-01
-3.015873015873015706e-01 2.329802373448401284e-03 7.099409681480990386e-01
-3.015873015873015706e-01 2.432061478132446948e-03 7.724760029238035841e-01
-3.015873015873015706e-01 2.615262483301443279e-03 8.132788747168050447e-01
-3.015873015873015706e-01 2.805115264754940579e-03 8.598276113377687491e-01
-3.015873015873015706e-01 3.001619822492941885e-03 9.102146762938424507e-01
-3.015873015873015706e-01 3.204776156515443293e-03 9.628079850327453393e-01
-3.015873015873015706e-01 3.302969547004605457e-03 9.937347685103135042e-01
-3.015873015873015706e-01 3.512353869572561269e-03 1.026453071598347755e+00
-3.015873015873015706e-01 3.728172537520325208e-03 1.060394063355865724e+00
-3.015873015873015706e-01 3.950425550847899009e-03 1.095052796183541233e+00
-3.015873015873015706e-01 4.179112909555283105e-03 1.130018463219831126e+00
-3.015873015873015706e-01 4.414234613642474027e-03 1.164812485887001037e+00
-3.015873015873015706e-01 4.499683556682749358e-03 1.197620405548578626e+00
-3.015873015873015706e-01 4.739358916391081013e-03 1.217702631059361940e+00
-3.015873015873015706e-01 4.985252880026980020e-03 1.238050582361415186e+00
-3.015873015873015706e-01 5.237365447590444645e-03 1.258467620151110022e+00
-3.015873015873015706e-01 5.495696619081479224e-03 1.278920859105284302e+00
-3.015873015873015706e-01 5.760246394500082023e-03 1.299098034103336019e+00
-3.015873015873015706e-01 6.031014773846249573e-03 1.318881641242146241e+00
-3.015873015873015706e-01 6.308001757119987077e-03 1.338248333454755690e+00
-3.015873015873015706e-01 6.591207344321291066e-03 1.357188084651263837e+00
-3.015873015873015706e-01 6.880631535450161540e-03 1.375580543103380071e+00
-3.015873015873015706e-01 7.176274330506601101e-03 1.393582427076361707e+00
-3.015873015873015706e-01 7.478135729490609750e-03 1.411071457803862117e+00
-3.015873015873015706e-01 7.786215732402180546e-03 1.427992578476646734e+00
-3.015873015873015706e-01 8.100514339241323900e-03 1.444533866519267962e+00
-2.878787878787878451e-01 4.156979783741913698e-04 3.225470851601418332e+00
-2.878787878787878451e-01 4.747400598512585231e-04 2.047743303484060640e+00
-2.878787878787878451e-01 5.277343605668482693e-04 1.274701838710298851e+00
-2.878787878787878451e-01 5.887414933069313756e-04 7.566724328358127583e-01
-2.878787878787878451e-01 6.529381326275201201e-04 4.250424891614733580e-01
-2.878787878787878451e-01 7.249270048688820920e-04 2.194109999061317207e-01
-2.878787878787878451e-01 8.104769754582795502e-04 1.050045339046446757e-01
-2.878787878787878451e-01 8.938364472723985465e-04 5.539748445393909843e-02
-2.878787878787878451e-01 9.738380036362518722e-04 4.688076552453856322e-02
-2.878787878787878451e-01 1.078403291798296160e-03 7.316413455773398966e-02
-2.878787878787878451e-01 1.184261393550834970e-03 1.218630166409248594e-01
-2.878787878787878451e-01 1.254518657307722614e-03 1.768098733866189931e-01
-2.878787878787878451e-01 1.397441807573033970e-03 2.332389990912359934e-01
-2.878787878787878451e-01 1.503582024580315483e-03 2.925962463478767317e-01
-2.878787878787878451e-01 1.608651470136367124e-03 3.613283676111932463e-01
-2.878787878787878451e-01 1.765186299595847882e-03 4.313305095119895904e-01
-2.878787878787878451e-01 1.870959432440180833e-03 4.914167681607697347e-01
-2.878787878787878451e-01 2.036881363474839137e-03 5.578822724170536818e-01
-2.878787878787878451e-01 2.141784130071309935e-03 6.190883235783322114e-01
-2.878787878787878451e-01 2.316257224672980692e-03 6.713849407728099683e-01
-2.878787878787878451e-01 2.497561239781080113e-03 7.337617721596619846e-01
-2.878787878787878451e-01 2.600945281996027997e-03 7.853016435923761973e-01
-2.878787878787878451e-01 2.789758718256521788e-03 8.273562836383466790e-01
-2.878787878787878451e-01 2.985187515787457273e-03 8.742842738054179552e-01
-2.878787878787878451e-01 3.187231674588832282e-03 9.242550064626207096e-01
-2.878787878787878451e-01 3.286037496826160406e-03 9.705167508871057613e-01
-2.878787878787878451e-01 3.494348450171104372e-03 1.001041717840914558e+00
-2.878787878787878451e-01 3.709060764438299254e-03 1.033299332272705762e+00
-2.878787878787878451e-01 3.930174439627746354e-03 1.066688199049770081e+00
-2.878787878787878451e-01 4.157689475739445237e-03 1.100725045960032844e+00
-2.878787878787878451e-01 4.391605872773395904e-03 1.134873814923861080e+00
-2.878787878787878451e-01 4.631923630729597487e-03 1.169003760996223384e+00
-2.878787878787878451e-01 4.716757421306497743e-03 1.199529419192152169e+00
-2.878787878787878451e-01 4.961478742965182501e-03 1.219296696499051924e+00
-2.878787878787878451e-01 5.212389012695318319e-03 1.239289906309732237e+00
-2.878787878787878451e-01 5.469488230496908666e-03 1.259454421865132234e+00
-2.878787878787878451e-01 5.732776396369950941e-03 1.279455355614707912e+00
-2.878787878787878451e-01 6.002253510314444276e-03 1.299154612058436298e+00
-2.878787878787878451e-01 6.277919572330392141e-03 1.318513232506338451e+00
-2.878787878787878451e-01 6.559774582417791933e-03 1.337509291613216522e+00
-2.878787878787878451e-01 6.847818540576641917e-03 1.356010696967028251e+00
-2.878787878787878451e-01 7.142051446806947299e-03 1.374168236514006214e+00
-2.878787878787878451e-01 7.442473301108706342e-03 1.391846689366083689e+00
-2.878787878787878451e-01 7.749084103481914711e-03 1.408987345695897009e+00
-2.878787878787878451e-01 8.061883853926577609e-03 1.425774488775905846e+00
-2.753623188405797118e-01 4.842095069851433593e-04 2.271566624574435700e+00
-2.753623188405797118e-01 5.408422676080441600e-04 1.437018700066317045e+00
-2.753623188405797118e-01 5.936649471603668883e-04 8.765861281378565240e-01
-2.753623188405797118e-01 6.598816999419447561e-04 5.045965719569436292e-01
-2.753623188405797118e-01 7.340009329556396699e-04 2.688076742318135093e-01
-2.753623188405797118e-01 8.217190119473955986e-04 1.408962209904696949e-01
-2.753623188405797118e-01 8.851828540211837239e-04 7.098097553400146975e-02
-2.753623188405797118e-01 9.902534770690391876e-04 5.021827390041071204e-02
-2.753623188405797118e-01 1.068779018076905811e-03 5.924374160270773348e-02
-2.753623188405797118e-01 1.174003894995119751e-03 9.240143297385308707e-02
-2.753623188405797118e-01 1.279972926157558945e-03 1.414807729184479612e-01
-2.753623188405797118e-01 1.386097569024161320e-03 1.985736665950665614e-01
-2.753623188405797118e-01 1.491798876143448065e-03 2.633477553086703837e-01
-2.753623188405797118e-01 1.644382624506649307e-03 3.372964900611211680e-01
-2.753623188405797118e-01 1.751860945297120794e-03 3.915834014730750767e-01
-2.753623188405797118e-01 1.857386877196723829e-03 4.649325718525428863e-01
-2.753623188405797118e-01 2.022105155957568644e-03 5.188607211351372595e-01
-2.753623188405797118e-01 2.193820317356042025e-03 5.918365085298097350e-01
-2.753623188405797118e-01 2.300153608226907301e-03 6.388703461606776157e-01
-2.753623188405797118e-01 2.480197119843281523e-03 6.945273809671752563e-01
-2.753623188405797118e-01 2.667024060468748976e-03 7.583656457492655711e-01
-2.753623188405797118e-01 2.771226576997212060e-03 7.990628623252100660e-01
-2.753623188405797118e-01 2.965357156851371797e-03 8.421285739010240246e-01
-2.753623188405797118e-01 3.166059152666743110e-03 8.891174622213467993e-01
-2.753623188405797118e-01 3.373332564443326867e-03 9.387573666055459842e-01
-2.753623188405797118e-01 3.472245282780108896e-03 9.782845736563050565e-01
-2.753623188405797118e-01 3.685599454809679407e-03 1.008618189425654066e+00
-2.753623188405797118e-01 3.905314496564354747e-03 1.040521681500857776e+00
-2.753623188405797118e-01 4.131390408044136216e-03 1.073436247501997620e+00
-2.753623188405797118e-01 4.363827189249022513e-03 1.106766380603709354e+00
-2.753623188405797118e-01 4.602624840179012772e-03 1.140330843549236972e+00
-2.753623188405797118e-01 4.847783360834110461e-03 1.173458409454707585e+00
-2.753623188405797118e-01 4.931712528105610012e-03 1.201872476766828735e+00
-2.753623188405797118e-01 5.181117470616547309e-03 1.221334123749909129e+00
-2.753623188405797118e-01 5.436674230825598066e-03 1.241112438142092600e+00
-2.753623188405797118e-01 5.698382808732760547e-03 1.260848997664884896e+00
-2.753623188405797118e-01 5.966243204338033020e-03 1.280384085901647317e+00
-2.753623188405797118e-01 6.240255417641418084e-03 1.299662099400103354e+00
-2.753623188405797118e-01 6.520419448642914874e-03 1.318648404926085149e+00
-2.753623188405797118e-01 6.806735297342520787e-03 1.337198773520565265e+00
-2.753623188405797118e-01 7.099202963740240159e-03 1.355457197204989139e+00
-2.753623188405797118e-01 7.397822447836072124e-03 1.373274954780890678e+00
-2.753623188405797118e-01 7.702593749630012344e-03 1.390589546682698296e+00
-2.753623188405797118e-01 8.013516869122067759e-03 1.407580473886835382e+00
-2.638888888888888951e-01 4.929566661114829357e-04 2.504011067252926104e+00
-2.638888888888888951e-01 5.431826136810375370e-04 1.606416594704040524e+00
-2.638888888888888951e-01 6.097903576490149241e-04 9.998239294781398057e-01
-2.638888888888888951e-01 6.659888269194167917e-04 5.898712776264908308e-01
-2.638888888888888951e-01 7.420865763171115292e-04 3.256629883049840246e-01
-2.638888888888888951e-01 8.126259012495038250e-04 1.685062210071566202e-01
-2.638888888888888951e-01 8.978731388642009412e-04 8.177286196722427514e-02
-2.638888888888888951e-01 9.801660665723643546e-04 4.966140573845347073e-02
-2.638888888888888951e-01 1.086531361511546782e-03 5.467456699280993926e-02
-2.638888888888888951e-01 1.162875647073407506e-03 8.364873573913381155e-02
-2.638888888888888951e-01 1.268155347573638250e-03 1.238777376837839062e-01
-2.638888888888888951e-01 1.373649085880676276e-03 1.792027865318077673e-01
-2.638888888888888951e-01 1.521715814576268507e-03 2.430511594283182308e-01
-2.638888888888888951e-01 1.630037901742760085e-03 2.970026151994063501e-01
-2.638888888888888951e-01 1.737040292343147545e-03 3.618649031485508538e-01
-2.638888888888888951e-01 1.898229904700046190e-03 4.293961034291177148e-01
-2.638888888888888951e-01 2.005543905087011237e-03 4.875167794449369318e-01
-2.638888888888888951e-01 2.175852701510932498e-03 5.500251234486257523e-01
-2.638888888888888951e-01 2.281951049629222118e-03 6.122401895574769437e-01
-2.638888888888888951e-01 2.460569763980488371e-03 6.605959387138712335e-01
-2.638888888888888951e-01 2.645918225811236171e-03 7.187391926181754265e-01
-2.638888888888888951e-01 2.750081599430136744e-03 7.748565333634525043e-01
-2.638888888888888951e-01 2.942730926617995613e-03 8.136703467239703169e-01
-2.638888888888888951e-01 3.141901528633087286e-03 8.573294615130222507e-01
-2.638888888888888951e-01 3.347593405475413064e-03 9.044005811001305517e-01
-2.638888888888888951e-01 3.559806557144973380e-03 9.536437588235326945e-01
-2.638888888888888951e-01 3.658549272696439304e-03 9.863107195554832174e-01
-2.638888888888888951e-01 3.876651732301221887e-03 1.016518769958590918e+00
-2.638888888888888951e-01 4.101068376502524718e-03 1.048122219804521249e+00
-2.638888888888888951e-01 4.331799205300346060e-03 1.080464258382789922e+00
-2.638888888888888951e-01 4.568844218694687216e-03 1.113310541191191883e+00
-2.638888888888888951e-01 4.812203416685549053e-03 1.145938922801709614e+00
-2.638888888888888951e-01 5.061876799272929835e-03 1.178471394280565798e+00
-2.638888888888888951e-01 5.144637451123072573e-03 1.204585785241008455e+00
-2.638888888888888951e-01 5.398394847459949374e-03 1.223882168784274915e+00
-2.638888888888888951e-01 5.658260746817976410e-03 1.243267729705553215e+00
-2.638888888888888951e-01 5.924235149197147610e-03 1.262560136097088392e+00
-2.638888888888888951e-01 6.196318054597469913e-03 1.281686141578621374e+00
-2.638888888888888951e-01 6.474509463018940716e-03 1.300597621496552891e+00
-2.638888888888888951e-01 6.758809374461557419e-03 1.319137829796687145e+00
-2.638888888888888951e-01 7.049217788925326092e-03 1.337443120070304525e+00
-2.638888888888888951e-01 7.345734706410243266e-03 1.355350727431922975e+00
-2.638888888888888951e-01 7.648360126916304604e-03 1.372794233539589737e+00
-2.638888888888888951e-01 7.957094050443518779e-03 1.389947388649440008e+00
-2.533333333333333548e-01 4.931750085282939500e-04 2.733808552516446611e+00
-2.533333333333333548e-01 5.450426394634914126e-04 1.785005491010453360e+00
-2.533333333333333548e-01 6.131995408049180276e-04 1.126145789825839350e+00
-2.533333333333333548e-01 6.713535450085893327e-04 6.804375540138920542e-01
-2.533333333333333548e-01 7.492904553069340860e-04 3.895002727605959558e-01
-2.533333333333333548e-01 8.219833684048225789e-04 2.059701772523528374e-01
-2.533333333333333548e-01 9.093828293456841707e-04 1.071833933055357929e-01
-2.533333333333333548e-01 9.940962443526571175e-04 5.744157951980692622e-02
-2.533333333333333548e-01 1.075013134826863529e-03 4.761614390621855819e-02
-2.533333333333333548e-01 1.182055447178202018e-03 6.617689504258865429e-02
-2.533333333333333548e-01 1.290108776698300824e-03 1.058964731586059110e-01
-2.533333333333333548e-01 1.398595876052985236e-03 1.542385936063930263e-01
-2.533333333333333548e-01 1.506947881814910172e-03 2.075154664522660952e-01
-2.533333333333333548e-01 1.614604576562108556e-03 2.680498523986084014e-01
-2.533333333333333548e-01 1.721014667741084959e-03 3.418389120014835858e-01
-2.533333333333333548e-01 1.880717173420740291e-03 3.927666680962124124e-01
-2.533333333333333548e-01 1.987538614294848995e-03 4.636252805771269858e-01
-2.533333333333333548e-01 2.156318419308361420e-03 5.149292052601905922e-01
-2.533333333333333548e-01 2.331975499908163496e-03 5.839705009717121031e-01
-2.533333333333333548e-01 2.439104722514689235e-03 6.318388442147471196e-01
-2.533333333333333548e-01 2.622836277368419382e-03 6.837875052669304399e-01
-2.533333333333333548e-01 2.813238872035295560e-03 7.439154091016589865e-01
-2.533333333333333548e-01 2.917826426962768626e-03 7.888341536730030246e-01
-2.533333333333333548e-01 3.115311436814353734e-03 8.288265585770056010e-01
-2.533333333333333548e-01 3.319262531572402756e-03 8.730272026622285519e-01
-2.533333333333333548e-01 3.529679711236916560e-03 9.200504772062947367e-01
-2.533333333333333548e-01 3.628564593931462093e-03 9.663377564733663938e-01
-2.533333333333333548e-01 3.844879532936779608e-03 9.946456056133294865e-01
-2.533333333333333548e-01 4.067456906846957446e-03 1.024753621030321193e+00
-2.533333333333333548e-01 4.296296715661991270e-03 1.055941942478619167e+00
-2.533333333333333548e-01 4.531398959381884549e-03 1.087920632305681590e+00
-2.533333333333333548e-01 4.772763638006637284e-03 1.119915488727295738e+00
-2.533333333333333548e-01 5.020390751536246872e-03 1.152012802192860397e+00
-2.533333333333333548e-01 5.274280299970714181e-03 1.183953637800495784e+00
-2.533333333333333548e-01 5.355631829590170451e-03 1.207751038964504531e+00
-2.533333333333333548e-01 5.613439218888818111e-03 1.226700459896734152e+00
-2.533333333333333548e-01 5.877306723117107536e-03 1.245672953508546676e+00
-2.533333333333333548e-01 6.147234342275044797e-03 1.264576666363051771e+00
-2.533333333333333548e-01 6.423222076362626425e-03 1.283349223323951627e+00
-2.533333333333333548e-01 6.705269925379850685e-03 1.301820995593347963e+00
-2.533333333333333548e-01 6.993377889326721913e-03 1.320119878410285663e+00
-2.533333333333333548e-01 7.287545968203240979e-03 1.338068534304717172e+00
-2.533333333333333548e-01 7.587774162009400074e-03 1.355596504592053275e+00
-2.533333333333333548e-01 7.894062470745207005e-03 1.372870839752625693e+00
-2.435897435897436125e-01 5.008002937410634039e-04 2.970311688991750465e+00
-2.435897435897436125e-01 5.559831069710330712e-04 1.961286674766151705e+00
-2.435897435897436125e-01 6.160741756942092733e-04 1.257842974613968767e+00
-2.435897435897436125e-01 6.760594277130535729e-04 7.758996711110541789e-01
-2.435897435897436125e-01 7.557076619986927276e-04 4.598748664150804633e-01
-2.435897435897436125e-01 8.304198057862771046e-04 2.533064794591118329e-01
-2.435897435897436125e-01 8.985636003901645687e-04 1.298237278239603165e-01
-2.435897435897436125e-01 9.826397516357963501e-04 6.891792589523057511e-02
-2.435897435897436125e-01 1.090272933070571314e-03 5.072901487330522957e-02
-2.435897435897436125e-01 1.169127896650931728e-03 5.908740890375854815e-02
-2.435897435897436125e-01 1.276263131198768783e-03 8.665558437910975131e-02
-2.435897435897436125e-01 1.383877981830571209e-03 1.304804498467408980e-01
-2.435897435897436125e-01 1.491411476568139764e-03 1.847199280473113825e-01
-2.435897435897436125e-01 1.598310825887682383e-03 2.500347821908539547e-01
-2.435897435897436125e-01 1.753839426829663720e-03 3.043336142903529939e-01
-2.435897435897436125e-01 1.862158250793259900e-03 3.645968593707771821e-01
-2.435897435897436125e-01 2.027299668349686994e-03 4.309733261434078311e-01
-2.435897435897436125e-01 2.135533293558383120e-03 4.863657688485655273e-01
-2.435897435897436125e-01 2.309497185213338789e-03 5.460265054189016309e-01
-2.435897435897436125e-01 2.416165604696990463e-03 6.081310203640025724e-01
-2.435897435897436125e-01 2.598169214151445708e-03 6.534045491288081875e-01
-2.435897435897436125e-01 2.786781124100465041e-03 7.082728982284589581e-01
-2.435897435897436125e-01 2.891086329452012722e-03 7.675462981513179184e-01
-2.435897435897436125e-01 3.086761509777226006e-03 8.035457150811010640e-01
-2.435897435897436125e-01 3.288843517289077086e-03 8.445831561762955353e-01
-2.435897435897436125e-01 3.497332351987566396e-03 8.891233765943220568e-01
-2.435897435897436125e-01 3.712228013872691766e-03 9.358218574599299622e-01
-2.435897435897436125e-01 3.810591463754691658e-03 9.748689314010970941e-01
-2.435897435897436125e-01 4.031183925438198978e-03 1.003301605342617808e+00
-2.435897435897436125e-01 4.257982974554769783e-03 1.033174337824486422e+00
-2.435897435897436125e-01 4.490988611104405372e-03 1.064139236339260997e+00
-2.435897435897436125e-01 4.730200835087106613e-03 1.095368967458877796e+00
-2.435897435897436125e-01 4.975619646502870905e-03 1.126911895620449355e+00
-2.435897435897436125e-01 5.227245045351699114e-03 1.158472775162884716e+00
-2.435897435897436125e-01 5.485077031633594710e-03 1.189945544104085151e+00
-2.435897435897436125e-01 5.564799935834565704e-03 1.211136233068229817e+00
-2.435897435897436125e-01 5.826381083031716319e-03 1.229712844881522216e+00
-2.435897435897436125e-01 6.093969835523348720e-03 1.248325079602022214e+00
-2.435897435897436125e-01 6.367566193309462039e-03 1.266895576394789558e+00
-2.435897435897436125e-01 6.647170156390051939e-03 1.285241472564895293e+00
-2.435897435897436125e-01 6.932781724765125358e-03 1.303481407154950311e+00
-2.435897435897436125e-01 7.224400898434679696e-03 1.321422955366569063e+00
-2.435897435897436125e-01 7.522027677398709748e-03 1.338991503873284472e+00
-2.435897435897436125e-01 7.825662061657223320e-03 1.356346473348418735e+00
-2.345679012345678882e-01 5.003023332140909716e-04 3.211619930734731732e+00
-2.345679012345678882e-01 5.568792918261138711e-04 2.143630709448249405e+00
-2.345679012345678882e-01 6.184787429428712825e-04 1.394371657603084236e+00
-2.345679012345678882e-01 6.801805088413728556e-04 8.758922217392217657e-01
-2.345679012345678882e-01 7.456992371180972421e-04 5.283849327642090588e-01
-2.345679012345678882e-01 8.198100456438299965e-04 2.999215651146902584e-01
-2.345679012345678882e-01 9.083774481945959458e-04 1.568843317032022622e-01
-2.345679012345678882e-01 9.946213176650058486e-04 8.079408901925734521e-02
-2.345679012345678882e-01 1.077451229769897005e-03 4.971347905893859498e-02
-2.345679012345678882e-01 1.185816067124178521e-03 5.354174672685061559e-02
-2.345679012345678882e-01 1.261963312171786528e-03 8.379328688708069517e-02
-2.345679012345678882e-01 1.368639840725185703e-03 1.209197460499006754e-01
-2.345679012345678882e-01 1.516166618897000270e-03 1.718294640132403406e-01
-2.345679012345678882e-01 1.626178499090672261e-03 2.198677541624986242e-01
-2.345679012345678882e-01 1.735228514384844949e-03 2.750915424514204233e-01
-2.345679012345678882e-01 1.842783029361868804e-03 3.446256295671982217e-01
-2.345679012345678882e-01 2.006206197928830405e-03 3.964867693811580107e-01
-2.345679012345678882e-01 2.113765910642608284e-03 4.641574497913326658e-01
-2.345679012345678882e-01 2.285956597143331756e-03 5.138325828994216860e-01
-2.345679012345678882e-01 2.464888843963824322e-03 5.800317734091520183e-01
-2.345679012345678882e-01 2.572249891652841382e-03 6.274870127231961803e-01
-2.345679012345678882e-01 2.758980210174166118e-03 6.766800372172492306e-01
-2.345679012345678882e-01 2.952252904818867228e-03 7.338172736849084554e-01
-2.345679012345678882e-01 3.056654507179504786e-03 7.814252636597360802e-01
-2.345679012345678882e-01 3.256765489879156778e-03 8.190154803236937564e-01
-2.345679012345678882e-01 3.463220810207332141e-03 8.608168623470369152e-01
-2.345679012345678882e-01 3.676020468164029574e-03 9.053785502761759751e-01
-2.345679012345678882e-01 3.895164463749249510e-03 9.518007244216926122e-01
-2.345679012345678882e-01 3.992785076672973957e-03 9.837378129426848083e-01
-2.345679012345678882e-01 4.217423762345900475e-03 1.012136752205188728e+00
-2.345679012345678882e-01 4.448209914901551931e-03 1.041944807574152199e+00
-2.345679012345678882e-01 4.685143534339930062e-03 1.072280498894005785e+00
-2.345679012345678882e-01 4.928224620661033131e-03 1.103152131407827863e+00
-2.345679012345678882e-01 5.177453173864860272e-03 1.134226930852217263e+00
-2.345679012345678882e-01 5.432829193951414955e-03 1.165372838848693693e+00
-2.345679012345678882e-01 5.694352680920695443e-03 1.196176406507030388e+00
-2.345679012345678882e-01 5.772246531298999561e-03 1.214670231213987872e+00
-2.345679012345678882e-01 6.037349041137016550e-03 1.232922884342052772e+00
-2.345679012345678882e-01 6.308403337912463389e-03 1.251229129594365386e+00
-2.345679012345678882e-01 6.585409421625338343e-03 1.269392533326664907e+00
-2.345679012345678882e-01 6.868367292275644881e-03 1.287521702125131506e+00
-2.345679012345678882e-01 7.157276949863382136e-03 1.305408622955029241e+00
-2.345679012345678882e-01 7.452138394388545771e-03 1.322974420615894875e+00
-2.345679012345678882e-01 7.752951625851141858e-03 1.340369974629202598e+00
-2.261904761904762196e-01 4.921891079458283556e-04 3.509171080565497647e+00
-2.261904761904762196e-01 5.574627930153763442e-04 2.333009210855744087e+00
-2.261904761904762196e-01 6.204698969062521878e-04 1.535240371180759844e+00
-2.261904761904762196e-01 6.837822462717143591e-04 9.800774350154760617e-01
-2.261904761904762196e-01 7.510473157297821835e-04 6.005376542390921113e-01
-2.261904761904762196e-01 8.269677666024388219e-04 3.477965705582941047e-01
-2.261904761904762196e-01 8.967953659821142247e-04 1.967867880111465184e-01
-2.261904761904762196e-01 9.822520722700467995e-04 1.029018879083247323e-01
-2.261904761904762196e-01 1.090741830852247352e-03 6.005286289249833764e-02
-2.261904761904762196e-01 1.171656096956320879e-03 4.780735335417536647e-02
-2.261904761904762196e-01 1.280185773826735852e-03 6.407839401861381567e-02
-2.261904761904762196e-01 1.389436937153510363e-03 9.882249120599967407e-02
-2.261904761904762196e-01 1.498860602689888960e-03 1.427208335982855514e-01
-2.261904761904762196e-01 1.607914989152798733e-03 1.938431729145918547e-01
-2.261904761904762196e-01 1.716065752663950821e-03 2.550921291282896575e-01
-2.261904761904762196e-01 1.875309021038411381e-03 3.144092880274607094e-01
-2.261904761904762196e-01 1.984436033335001438e-03 3.692032312495960311e-01
-2.261904761904762196e-01 2.152952370255026369e-03 4.355719642010491555e-01
-2.261904761904762196e-01 2.261600044270920592e-03 4.872432787337195315e-01
-2.261904761904762196e-01 2.438625792632207953e-03 5.450537618965488607e-01
-2.261904761904762196e-01 2.545360877359977621e-03 6.059342248191786906e-01
-2.261904761904762196e-01 2.730139210492975831e-03 6.490509827980758262e-01
-2.261904761904762196e-01 2.921391529020416628e-03 7.013580646383290595e-01
-2.261904761904762196e-01 3.119117832942296109e-03 7.600220561701360733e-01
-2.261904761904762196e-01 3.223393148529021725e-03 7.962723003527626409e-01
-2.261904761904762196e-01 3.427732904366921803e-03 8.350862268137293487e-01
-2.261904761904762196e-01 3.638351986888699839e-03 8.772876933264557309e-01
-2.261904761904762196e-01 3.855250396094357136e-03 9.218628425274641991e-01
-2.261904761904762196e-01 3.952716091331300377e-03 9.660343603418253267e-01
-2.261904761904762196e-01 4.175100449753809881e-03 9.928048885692201120e-01
-2.261904761904762196e-01 4.403570583093240239e-03 1.021316129034163023e+00
-2.261904761904762196e-01 4.638126491349594052e-03 1.050631497736828290e+00
-2.261904761904762196e-01 4.878768174522868720e-03 1.080717196748638864e+00
-2.261904761904762196e-01 5.125495632613063374e-03 1.111201758406276996e+00
-2.261904761904762196e-01 5.378308865620181484e-03 1.141926179893514526e+00
-2.261904761904762196e-01 5.637207873544222182e-03 1.172449973527866840e+00
-2.261904761904762196e-01 5.715574511061410380e-03 1.200535646153918723e+00
-2.261904761904762196e-01 5.978074239690914574e-03 1.218361679518996654e+00
-2.261904761904762196e-01 6.246467320506673623e-03 1.236342413634777593e+00
-2.261904761904762196e-01 6.520753753508686662e-03 1.254267520572618810e+00
-2.261904761904762196e-01 6.800933538696959761e-03 1.272234819303884601e+00
-2.261904761904762196e-01 7.087006676071488584e-03 1.290020221174569048e+00
-2.261904761904762196e-01 7.378973165632271396e-03 1.307540488750110308e+00
-2.261904761904762196e-01 7.676833007379313401e-03 1.324937067410052904e+00
-2.183908045977011325e-01 5.667693086492860957e-04 2.519678870803887527e+00
-2.183908045977011325e-01 6.220973680745036597e-04 1.680004359040317308e+00
-2.183908045977011325e-01 6.869224604987285258e-04 1.088142765341152618e+00
-2.183908045977011325e-01 7.558319755866569180e-04 6.785311742561279669e-01
-2.183908045977011325e-01 8.334563233892052772e-04 4.046995084955556932e-01
-2.183908045977011325e-01 9.052834030147561151e-04 2.251582875683247054e-01
-2.183908045977011325e-01 9.926984859850403794e-04 1.185672698015255155e-01
-2.183908045977011325e-01 1.077057779965465666e-03 6.435668892272393415e-02
-2.183908045977011325e-01 1.186359085642649767e-03 5.349635122502648804e-02
-2.183908045977011325e-01 1.264726970537340687e-03 5.894052146949162879e-02
-2.183908045977011325e-01 1.372885893991875874e-03 8.461489481679103364e-02
-2.183908045977011325e-01 1.481256340195069620e-03 1.255697917208339065e-01
-2.183908045977011325e-01 1.589304311202908429e-03 1.781737613045664970e-01
-2.183908045977011325e-01 1.743956505249811672e-03 2.356681633512302532e-01
-2.183908045977011325e-01 1.853930795633183196e-03 2.845749392075867523e-01
-2.183908045977011325e-01 1.962168300158601778e-03 3.489173326145457721e-01
-2.183908045977011325e-01 2.128793683294597471e-03 4.025490278492328544e-01
-2.183908045977011325e-01 2.236635898296819146e-03 4.661172886100725665e-01
-2.183908045977011325e-01 2.411707589116207553e-03 5.150371424944177878e-01
-2.183908045977011325e-01 2.593375387595981112e-03 5.790920716877532293e-01
-2.183908045977011325e-01 2.700514835569928999e-03 6.253019522016620702e-01
-2.183908045977011325e-01 2.889691900803624189e-03 6.724298073337074966e-01
-2.183908045977011325e-01 3.085272703083310770e-03 7.269722741782375097e-01
-2.183908045977011325e-01 3.189035768609195607e-03 7.763028016279460708e-01
-2.183908045977011325e-01 3.391197515653085644e-03 8.118876288420684428e-01
-2.183908045977011325e-01 3.599571659533150943e-03 8.515113414923667357e-01
-2.183908045977011325e-01 3.814158200249391506e-03 8.940429862906833502e-01
-2.183908045977011325e-01 4.034957137801809500e-03 9.385912345808615775e-01
-2.183908045977011325e-01 4.131421744737661869e-03 9.751548375129244217e-01
-2.183908045977011325e-01 4.357501688983625963e-03 1.002232306520681737e+00
-2.183908045977011325e-01 4.589603740512501404e-03 1.030403648733810851e+00
-2.183908045977011325e-01 4.827727899324288190e-03 1.059591005367185312e+00
-2.183908045977011325e-01 5.071874165418984587e-03 1.089383101888892202e+00
-2.183908045977011325e-01 5.322042538796594932e-03 1.119593083859873328e+00
-2.183908045977011325e-01 5.578233019457116623e-03 1.149752674914649386e+00
-2.183908045977011325e-01 5.840445607400547925e-03 1.179649917983653928e+00
-2.183908045977011325e-01 5.916742419817179292e-03 1.204633158670190163e+00
-2.183908045977011325e-01 6.182381932271632970e-03 1.222228039999319282e+00
-2.183908045977011325e-01 6.453854334295076184e-03 1.239859846205921823e+00
-2.183908045977011325e-01 6.731159625887511537e-03 1.257614874118254455e+00
-2.183908045977011325e-01 7.014297807048939029e-03 1.275252485301504812e+00
-2.183908045977011325e-01 7.303268877779352589e-03 1.292684986408655368e+00
-2.183908045977011325e-01 7.598072838078760889e-03 1.310043513716543595e+00
-2.111111111111111382e-01 5.666767213964050759e-04 2.710676180382842748e+00
-2.111111111111111382e-01 6.234047965202991906e-04 1.828260615920955789e+00
-2.111111111111111382e-01 6.896522118216990866e-04 1.199798724643372783e+00
-2.111111111111111382e-01 7.601116721320637110e-04 7.620009079755790671e-01
-2.111111111111111382e-01 8.220458150251306988e-04 4.663950728328344897e-01
-2.111111111111111382e-01 9.130640879988290333e-04 2.664955396494697593e-01
-2.111111111111111382e-01 9.797545212746430233e-04 1.500735303217311245e-01
-2.111111111111111382e-01 1.088783073611160205e-03 8.150035727410004371e-02
-2.111111111111111382e-01 1.171389959429041533e-03 4.884622750161499855e-02
-2.111111111111111382e-01 1.280950742189513073e-03 5.516184801027234491e-02
-2.111111111111111382e-01 1.391453406151552021e-03 8.310135859312578477e-02
-2.111111111111111382e-01 1.502361714060770166e-03 1.198154979002289122e-01
-2.111111111111111382e-01 1.613145798758409315e-03 1.607047313725197546e-01
-2.111111111111111382e-01 1.723282369288901134e-03 2.067385645868310973e-01
-2.111111111111111382e-01 1.832254930221268461e-03 2.626212266020043207e-01
-2.111111111111111382e-01 1.994744437422171519e-03 3.269540689428556135e-01
-2.111111111111111382e-01 2.104259015952799662e-03 3.757090094687116077e-01
-2.111111111111111382e-01 2.275675255900626651e-03 4.425531527294450651e-01
-2.111111111111111382e-01 2.384323912174667656e-03 4.898650674490019341e-01
-2.111111111111111382e-01 2.563928967921158628e-03 5.464080661168203568e-01
-2.111111111111111382e-01 2.670324090880581668e-03 6.053511645502839267e-01
-2.111111111111111382e-01 2.857386227359832304e-03 6.469623908978653359e-01
-2.111111111111111382e-01 3.050780509502695140e-03 6.970782757508514615e-01
-2.111111111111111382e-01 3.250506937309171913e-03 7.534368065150179872e-01
-2.111111111111111382e-01 3.353893023653317738e-03 7.911780738408029645e-01
-2.111111111111111382e-01 3.559974970883836038e-03 8.280122458333889490e-01
-2.111111111111111382e-01 3.772200976168431537e-03 8.683088082347648617e-01
-2.111111111111111382e-01 3.990571039507105969e-03 9.110861877187617086e-01
-2.111111111111111382e-01 4.215085160899856298e-03 9.553663141297386030e-01
-2.111111111111111382e-01 4.310368588776309143e-03 9.846727627754059409e-01
-2.111111111111111382e-01 4.539960098707303618e-03 1.011578902006233571e+00
-2.111111111111111382e-01 4.775508577544614053e-03 1.039757693774105762e+00
-2.111111111111111382e-01 5.017014025288242182e-03 1.068756992876818579e+00
-2.111111111111111382e-01 5.264476441938188873e-03 1.098361225644793437e+00
-2.111111111111111382e-01 5.517895827494454127e-03 1.128073610142056094e+00
-2.111111111111111382e-01 5.777272181957033605e-03 1.157656455097528347e+00
-2.111111111111111382e-01 6.042605505325934247e-03 1.186984211521971311e+00
-2.111111111111111382e-01 6.116676553863621343e-03 1.208878699902689924e+00
-2.111111111111111382e-01 6.385263790088882736e-03 1.226162990482016379e+00
-2.111111111111111382e-01 6.659621924854348604e-03 1.243656040730886092e+00
-2.111111111111111382e-01 6.939750958160018947e-03 1.261100201196785120e+00
-2.111111111111111382e-01 7.225650890005887693e-03 1.278403235437855834e+00
-2.111111111111111382e-01 7.517321720391962649e-03 1.295685113377434972e+00
-2.043010752688172171e-01 5.663850885166704261e-04 2.907095511696853318e+00
-2.043010752688172171e-01 6.244304844479630105e-04 1.979643521093402914e+00
-2.043010752688172171e-01 6.920166001057056300e-04 1.314776929853532339e+00
-2.043010752688172171e-01 7.639383200159653633e-04 8.506055544033337412e-01
-2.043010752688172171e-01 8.276636121065777387e-04 5.230510305263881277e-01
-2.043010752688172171e-01 9.006820435787958254e-04 3.096832132454473974e-01
-2.043010752688172171e-01 9.889834996317939733e-04 1.692551758642333870e-01
-2.043010752688172171e-01 1.074563648965205743e-03 9.048320794648005705e-02
-2.043010752688172171e-01 1.156402554584402224e-03 6.136497533322370079e-02
-2.043010752688172171e-01 1.264736728255388097e-03 4.777331413298187973e-02
-2.043010752688172171e-01 1.374034932910847637e-03 6.443835727382093981e-02
-2.043010752688172171e-01 1.483769092617742485e-03 9.635468171015569572e-02
-2.043010752688172171e-01 1.593417194761618041e-03 1.372046085124820070e-01
-2.043010752688172171e-01 1.702463487841965155e-03 1.866354320080342299e-01
-2.043010752688172171e-01 1.810398691994553411e-03 2.483118080832376062e-01
-2.043010752688172171e-01 1.970949926676633917e-03 2.964281769981553238e-01
-2.043010752688172171e-01 2.079486201030696178e-03 3.548885326485827774e-01
-2.043010752688172171e-01 2.248884408619067007e-03 4.105540311250165386e-01
-2.043010752688172171e-01 2.356634566856698546e-03 4.694237954693273873e-01
-2.043010752688172171e-01 2.534153854648582734e-03 5.180341038866769221e-01
-2.043010752688172171e-01 2.718118623389036842e-03 5.806811554003830089e-01
-2.043010752688172171e-01 2.824670429515277123e-03 6.248872811354380108e-01
-2.043010752688172171e-01 3.015850433385816858e-03 6.702810817892197459e-01
-2.043010752688172171e-01 3.213290082676401906e-03 7.228542225557468281e-01
-2.043010752688172171e-01 3.316054644520794511e-03 7.729153943794482284e-01
-2.043010752688172171e-01 3.519811590090054371e-03 8.067538384143626562e-01
-2.043010752688172171e-01 3.729643276893676758e-03 8.446285234311972090e-01
-2.043010752688172171e-01 3.945549704931663841e-03 8.854655866326326397e-01
-2.043010752688172171e-01 4.167530874204012151e-03 9.282157960679500164e-01
-2.043010752688172171e-01 4.262480428499873519e-03 9.686172317669216048e-01
-2.043010752688172171e-01 4.489521178606218146e-03 9.941394684773938728e-01
-2.043010752688172171e-01 4.722452715742347581e-03 1.021201617594756916e+00
-2.043010752688172171e-01 4.961275039908261825e-03 1.049309647502639997e+00
-2.043010752688172171e-01 5.205988151103965213e-03 1.078218436030932814e+00
-2.043010752688172171e-01 5.456592049329454276e-03 1.107402010776615153e+00
-2.043010752688172171e-01 5.713086734584726413e-03 1.136596107335907435e+00
-2.043010752688172171e-01 5.975472206869787695e-03 1.165652726617194102e+00
-2.043010752688172171e-01 6.243748466184635519e-03 1.194480667233567273e+00
-2.043010752688172171e-01 6.315450383565453935e-03 1.213170501164421822e+00
-2.043010752688172171e-01 6.586808818298930772e-03 1.230352551341873379e+00
-2.043010752688172171e-01 6.863875055340563046e-03 1.247558204726961328e+00
-2.043010752688172171e-01 7.146649094690344685e-03 1.264690600915413077e+00
-2.043010752688172171e-01 7.435130936348282628e-03 1.281857703622820033e+00
-1.979166666666666852e-01 5.744418921849401552e-04 3.101434861419641642e+00
-1.979166666666666852e-01 6.252080659731835488e-04 2.133820986258748942e+00
-1.979166666666666852e-01 6.940554825241995870e-04 1.432828341236813241e+00
-1.979166666666666852e-01 7.529424017267962940e-04 9.375773055401869227e-01
-1.979166666666666852e-01 8.327858697010372645e-04 5.879976654243530554e-01
-1.979166666666666852e-01 9.075409242366845554e-04 3.517142795045758441e-01
-1.979166666666666852e-01 9.975329331838422419e-04 2.053075815887902278e-01
-1.979166666666666852e-01 1.085035398550415146e-03 1.140390201526087915e-01
-1.979166666666666852e-01 1.169036021523962333e-03 6.132044951010058587e-02
-1.979166666666666852e-01 1.248546237994866120e-03 5.493798559609245485e-02
-1.979166666666666852e-01 1.356625077734261711e-03 5.860351344891094605e-02
-1.979166666666666852e-01 1.465167155960802508e-03 8.414190680031594094e-02
-1.979166666666666852e-01 1.573658220845739614e-03 1.235258070390380103e-01
-1.979166666666666852e-01 1.681589988170906907e-03 1.750786887854249574e-01
-1.979166666666666852e-01 1.837634058956896322e-03 2.234712714592442806e-01
-1.979166666666666852e-01 1.947066023903787487e-03 2.726757872831319096e-01
-1.979166666666666852e-01 2.054590927359721368e-03 3.399290757779057093e-01
-1.979166666666666852e-01 2.221961126906877530e-03 3.839012216784870590e-01
-1.979166666666666852e-01 2.395884156452618256e-03 4.516625192026104685e-01
-1.979166666666666852e-01 2.504194519505828932e-03 4.938754377596729084e-01
-1.979166666666666852e-01 2.685984415496926129e-03 5.498018312998917967e-01
-1.979166666666666852e-01 2.791709487421231272e-03 6.061374784951635286e-01
-1.979166666666666852e-01 2.980658621109086217e-03 6.465229638834022463e-01
-1.979166666666666852e-01 3.175794356718508477e-03 6.950510559463041194e-01
-1.979166666666666852e-01 3.377116694249498053e-03 7.495005954411686488e-01
-1.979166666666666852e-01 3.479292090441659085e-03 7.877002175201647249e-01
-1.979166666666666852e-01 3.686708228929116461e-03 8.229708978718976997e-01
-1.979166666666666852e-01 3.900129177215970206e-03 8.617022031079337729e-01
-1.979166666666666852e-01 4.119554935302218585e-03 9.027725469064280528e-01
-1.979166666666666852e-01 4.344985503187862030e-03 9.456073332160390699e-01
-1.979166666666666852e-01 4.438562032953716208e-03 9.780678153920632223e-01
-1.979166666666666852e-01 4.668849637328252762e-03 1.003907347968442609e+00
-1.979166666666666852e-01 4.904961164258097792e-03 1.031027463552290913e+00
-1.979166666666666852e-01 5.146896613743254766e-03 1.059152699338773651e+00
-1.979166666666666852e-01 5.394655985783721082e-03 1.087727238569911048e+00
-1.979166666666666852e-01 5.648239280379495873e-03 1.116459433932250223e+00
-1.979166666666666852e-01 5.907646497530580874e-03 1.145178031057064949e+00
-1.979166666666666852e-01 6.172877637236976953e-03 1.173774295960968050e+00
-1.979166666666666852e-01 6.244810274686926795e-03 1.200875992692540528e+00
-1.979166666666666852e-01 6.513133488143935806e-03 1.217698695500090578e+00
-1.979166666666666852e-01 6.787100660516780064e-03 1.234621381192732237e+00
-1.979166666666666852e-01 7.066711791805456964e-03 1.251542490674174335e+00
-1.979166666666666852e-01 7.351966882009970845e-03 1.268557158687026121e+00
-1.919191919191919338e-01 5.736736090793634639e-04 3.297951245565760914e+00
-1.919191919191919338e-01 6.359050866792552220e-04 2.290473614771562527e+00
-1.919191919191919338e-01 6.958041110526542224e-04 1.553721670294185619e+00
-1.919191919191919338e-01 7.562330059959502995e-04 1.026144016137243931e+00
-1.919191919191919338e-01 8.374591510502834256e-04 6.607384223153055514e-01
-1.919191919191919338e-01 9.138657465967661058e-04 4.056128820440680904e-01
-1.919191919191919338e-01 9.839698433446949794e-04 2.315264977129186108e-01
-1.919191919191919338e-01 1.070521841299085144e-03 1.271331793694626677e-01
-1.919191919191919338e-01 1.153666700336931916e-03 7.395563501170943077e-02
-1.919191919191919338e-01 1.262672461206368942e-03 4.938469464916921126e-02
-1.919191919191919338e-01 1.372835819298364596e-03 5.933530547745382439e-02
-1.919191919191919338e-01 1.446617923872477738e-03 8.277309836470651827e-02
-1.919191919191919338e-01 1.594580486925535005e-03 1.180996464296421855e-01
-1.919191919191919338e-01 1.705148042593622720e-03 1.554926197225661166e-01
-1.919191919191919338e-01 1.814846047728553265e-03 1.995795476845228511e-01
-1.919191919191919338e-01 1.923182121925968080e-03 2.555090033593113708e-01
-1.919191919191919338e-01 2.086496837529267477e-03 3.108018239043095488e-01
-1.919191919191919338e-01 2.195010155549808120e-03 3.624634226930777414e-01
-1.919191919191919338e-01 2.366823609671001288e-03 4.204018205177496581e-01
-1.919191919191919338e-01 2.474172136507796563e-03 4.738396735502139467e-01
-1.919191919191919338e-01 2.653782582843483475e-03 5.226898070417340669e-01
-1.919191919191919338e-01 2.839685949926698278e-03 5.844011979305744342e-01
-1.919191919191919338e-01 2.945353078472032638e-03 6.257474128459074025e-01
-1.919191919191919338e-01 3.138177454778252190e-03 6.699784499478635968e-01
-1.919191919191919338e-01 3.337115153450852592e-03 7.209513970890083501e-01
-1.919191919191919338e-01 3.438593715232452028e-03 7.708161332462373228e-01
-1.919191919191919338e-01 3.643583641832784555e-03 8.033052371231227395e-01
-1.919191919191919338e-01 3.854508138081378776e-03 8.397692568310788364e-01
-1.919191919191919338e-01 4.071367203978232957e-03 8.790131413913830905e-01
-1.919191919191919338e-01 4.294160839523346665e-03 9.203927529958402243e-01
-1.919191919191919338e-01 4.522889044716722935e-03 9.627474210018323042e-01
-1.919191919191919338e-01 4.614943289675638334e-03 9.878596680170845801e-01
-1.919191919191919338e-01 4.848328682537317302e-03 1.013897017616125718e+00
-1.919191919191919338e-01 5.087470755181813971e-03 1.041152151120327662e+00
-1.919191919191919338e-01 5.332369507609126605e-03 1.069038783584122632e+00
-1.919191919191919338e-01 5.583024939819254337e-03 1.097237103365709565e+00
-1.919191919191919338e-01 5.839437051812199769e-03 1.125551824376782362e+00
-1.919191919191919338e-01 6.101605843587961167e-03 1.153856051576016561e+00
-1.919191919191919338e-01 6.369531315146537663e-03 1.181864874274153543e+00
-1.919191919191919338e-01 6.438944902547116302e-03 1.205688819424179714e+00
-1.919191919191919338e-01 6.709791420774717692e-03 1.222284664765169504e+00
-1.919191919191919338e-01 6.986217609764085873e-03 1.238954354832107363e+00
-1.919191919191919338e-01 7.268223469515226048e-03 1.255779389416493919e+00
-1.862745098039215730e-01 5.645727148012461352e-04 3.522523043082191663e+00
-1.862745098039215730e-01 6.360937026070378813e-04 2.446280372345264631e+00
-1.862745098039215730e-01 6.972936948013350438e-04 1.677241938627696438e+00
-1.862745098039215730e-01 7.591894306732617677e-04 1.119364050715570880e+00
-1.862745098039215730e-01 8.255575339063277694e-04 7.257425062350704170e-01
-1.862745098039215730e-01 9.011362029194033667e-04 4.509600195923349486e-01
-1.862745098039215730e-01 9.916533608796114594e-04 2.703089416016635216e-01
-1.862745098039215730e-01 1.079981547921326406e-03 1.567362713719175349e-01
-1.862745098039215730e-01 1.165131300968421865e-03 8.441751605917266477e-02
-1.862745098039215730e-01 1.246134328257458195e-03 5.381955845416983020e-02
-1.862745098039215730e-01 1.355010358538314297e-03 4.885740618346860742e-02
-1.862745098039215730e-01 1.464549133172981209e-03 6.676198523641210802e-02
-1.862745098039215730e-01 1.574248658173224786e-03 9.676986027685448299e-02
-1.862745098039215730e-01 1.683612259687908026e-03 1.351742465303250318e-01
-1.862745098039215730e-01 1.792148762327145121e-03 1.830488869396756368e-01
-1.862745098039215730e-01 1.951081542050149466e-03 2.438321876441450486e-01
-1.862745098039215730e-01 2.060665520473822180e-03 2.854185931372960061e-01
-1.862745098039215730e-01 2.168118926190793893e-03 3.461129639369539546e-01
-1.862745098039215730e-01 2.337827481166051234e-03 3.937946452489444749e-01
-1.862745098039215730e-01 2.444188060441256517e-03 4.578367009201141369e-01
-1.862745098039215730e-01 2.621621837981021573e-03 4.992675997590938497e-01
-1.862745098039215730e-01 2.805272273419991223e-03 5.549671319275445436e-01
-1.862745098039215730e-01 2.910057852752975620e-03 6.078991081716877964e-01
-1.862745098039215730e-01 3.100571545176978097e-03 6.475885225311703852e-01
-1.862745098039215730e-01 3.297125301825784560e-03 6.948619946805868475e-01
-1.862745098039215730e-01 3.499719122699393274e-03 7.475403482231605112e-01
-1.862745098039215730e-01 3.600427232079462646e-03 7.856013752532153838e-01
-1.862745098039215730e-01 3.808853434098550140e-03 8.196404066316681503e-01
-1.862745098039215730e-01 4.023143913782886022e-03 8.569145206053617736e-01
-1.862745098039215730e-01 4.243298671132472027e-03 8.967083857134577896e-01
-1.862745098039215730e-01 4.469317706147308590e-03 9.378020107086078028e-01
-1.862745098039215730e-01 4.560938923800592071e-03 9.730435693817935938e-01
-1.862745098039215730e-01 4.791593225648825387e-03 9.979050622924923175e-01
-1.862745098039215730e-01 5.027936842239462412e-03 1.024205075893537042e+00
-1.862745098039215730e-01 5.269969773572503145e-03 1.051326262349303375e+00
-1.862745098039215730e-01 5.517692019647942384e-03 1.078919891855187441e+00
-1.862745098039215730e-01 5.771103580465787065e-03 1.106765898126368830e+00
-1.862745098039215730e-01 6.030204456026034589e-03 1.134718616966465143e+00
-1.862745098039215730e-01 6.294994646328681484e-03 1.162477186783859917e+00
-1.862745098039215730e-01 6.565474151373733823e-03 1.190151754216325131e+00
-1.862745098039215730e-01 6.632253870873193284e-03 1.210543037929652677e+00
-1.862745098039215730e-01 6.905485711770534274e-03 1.226921685328485889e+00
-1.862745098039215730e-01 7.184232745419379465e-03 1.243520342882711960e+00
-1.809523809523809479e-01 6.361173614963643724e-04 2.604302822256730821e+00
-1.809523809523809479e-01 6.985518937966012391e-04 1.803189171455708451e+00
-1.809523809523809479e-01 7.618440691184933918e-04 1.216951857143282911e+00
-1.809523809523809479e-01 8.297085747980046224e-04 7.974853107460393442e-01
-1.809523809523809479e-01 9.068143538479858873e-04 5.050460206118521089e-01
-1.809523809523809479e-01 9.780290738421789504e-04 3.042010213054043288e-01
-1.809523809523809479e-01 1.065351162983012041e-03 1.734375854224373403e-01
-1.809523809523809479e-01 1.149579743778891307e-03 9.700932430638666004e-02
-1.809523809523809479e-01 1.259053618153797892e-03 6.293407960460384309e-02
-1.809523809523809479e-01 1.337350089315937195e-03 5.036959581161062210e-02
-1.809523809523809479e-01 1.445620940599704352e-03 5.886901338040883419e-02
-1.809523809523809479e-01 1.554078035646466434e-03 8.477089751009549146e-02
-1.809523809523809479e-01 1.662231996833104684e-03 1.230350918039238711e-01
-1.809523809523809479e-01 1.769598703416458809e-03 1.736645792197089033e-01
-1.809523809523809479e-01 1.926531680656025022e-03 2.167661903031979920e-01
-1.809523809523809479e-01 2.034982010577466704e-03 2.657474235634987858e-01
-1.809523809523809479e-01 2.200754837007158973e-03 3.274700089089392918e-01
-1.809523809523809479e-01 2.308974183195993193e-03 3.717344777445059645e-01
-1.809523809523809479e-01 2.482903335511496903e-03 4.318644259031628740e-01
-1.809523809523809479e-01 2.589592814569974775e-03 4.794595284241497390e-01
-1.809523809523809479e-01 2.770999545745077720e-03 5.288444626033335094e-01
-1.809523809523809479e-01 2.958546984322439361e-03 5.897687945408146559e-01
-1.809523809523809479e-01 3.063087068270310340e-03 6.278343432967934401e-01
-1.809523809523809479e-01 3.257264580847767620e-03 6.711916501279164837e-01
-1.809523809523809479e-01 3.457409136065248741e-03 7.206986912320153538e-01
-1.809523809523809479e-01 3.557371079768589014e-03 7.698296640263356805e-01
-1.809523809523809479e-01 3.763304791391049349e-03 8.012897419251688857e-01
-1.809523809523809479e-01 3.975032651992335860e-03 8.364539851535122139e-01
-1.809523809523809479e-01 4.192554661572448112e-03 8.745343090730786084e-01
-1.809523809523809479e-01 4.415870820131388708e-03 9.142507373978281393e-01
-1.809523809523809479e-01 4.644981127669155045e-03 9.554157484764309594e-01
-1.809523809523809479e-01 4.734935762073387046e-03 9.830385234424576790e-01
-1.809523809523809479e-01 4.968484769602346703e-03 1.008299904916355239e+00
-1.809523809523809479e-01 5.207655819438924104e-03 1.034579416051555789e+00
-1.809523809523809479e-01 5.452448911583117515e-03 1.061498681877545369e+00
-1.809523809523809479e-01 5.702864046034930405e-03 1.088812134654992159e+00
-1.809523809523809479e-01 5.958901222794361040e-03 1.116354752787373172e+00
-1.809523809523809479e-01 6.220560441861407684e-03 1.143809471992153437e+00
-1.809523809523809479e-01 6.487841703236074675e-03 1.171272618898375750e+00
-1.809523809523809479e-01 6.760745006918359411e-03 1.198473824849755731e+00
-1.809523809523809479e-01 6.824784515011565918e-03 1.215440015465774737e+00
-1.809523809523809479e-01 7.100273961845028799e-03 1.231776001999635994e+00
-1.759259259259259300e-01 6.359961756780067562e-04 2.764293227037337708e+00
-1.759259259259259300e-01 6.881381170468250626e-04 1.930533871192867679e+00
-1.759259259259259300e-01 7.642258600547933295e-04 1.318639326945629575e+00
-1.759259259259259300e-01 8.335181580589686888e-04 8.764193105343140999e-01
-1.759259259259259300e-01 8.941318813156252368e-04 5.625193242955135453e-01
-1.759259259259259300e-01 9.850138397803217486e-04 3.455175231035197969e-01
-1.759259259259259300e-01 1.050921885316200574e-03 2.075257806104610636e-01
-1.759259259259259300e-01 1.160084708930838758e-03 1.173892055275621293e-01
-1.759259259259259300e-01 1.242359970363630332e-03 6.470036057052354350e-02
-1.759259259259259300e-01 1.351835013037872230e-03 5.339589717101397154e-02
-1.759259259259259300e-01 1.426891312814742652e-03 6.120736788005438217e-02
-1.759259259259259300e-01 1.534106709539763891e-03 8.179646592427713969e-02
-1.759259259259259300e-01 1.641049461892737276e-03 1.188228413158718272e-01
-1.759259259259259300e-01 1.793331552174113296e-03 1.542142674911872180e-01
-1.759259259259259300e-01 1.902192747402309345e-03 1.960837169854034168e-01
-1.759259259259259300e-01 2.009501655882604647e-03 2.516418151075187071e-01
-1.759259259259259300e-01 2.173198812653182911e-03 3.006647462190044084e-01
-1.759259259259259300e-01 2.280328650729160096e-03 3.541175519324180621e-01
-1.759259259259259300e-01 2.452100007944206517e-03 4.052160569686679703e-01
-1.759259259259259300e-01 2.557770772720120538e-03 4.631916641988269578e-01
-1.759259259259259300e-01 2.736948299149666742e-03 5.059693290807117938e-01
-1.759259259259259300e-01 2.922191073300381588e-03 5.615076848400120113e-01
-1.759259259259259300e-01 3.025815971379201309e-03 6.106699110350508608e-01
-1.759259259259259300e-01 3.217630766631278828e-03 6.499003913121295106e-01
-1.759259259259259300e-01 3.415339998613253162e-03 6.960443596459853222e-01
-1.759259259259259300e-01 3.618943667325124312e-03 7.473504938111835694e-01
-1.759259259259259300e-01 3.717978832826884100e-03 7.846917743511651055e-01
-1.759259259259259300e-01 3.927156602811421662e-03 8.176091884987350955e-01
-1.759259259259259300e-01 4.142058735942627697e-03 8.538508963629101167e-01
-1.759259259259259300e-01 4.362685232220503938e-03 8.920763169045340391e-01
-1.759259259259259300e-01 4.589036091645048651e-03 9.320447460598862977e-01
-1.759259259259259300e-01 4.678507705805213905e-03 9.692844974949144099e-01
-1.759259259259259300e-01 4.909273419705613602e-03 9.934252140001003095e-01
-1.759259259259259300e-01 5.145594175866403767e-03 1.018788108751947252e+00
-1.759259259259259300e-01 5.387469974287582668e-03 1.044964460710170684e+00
-1.759259259259259300e-01 5.634900814969154639e-03 1.071682505914704375e+00
-1.759259259259259300e-01 5.887886697911117080e-03 1.098757296476433165e+00
-1.759259259259259300e-01 6.146427623113467388e-03 1.125855325100900028e+00
-1.759259259259259300e-01 6.410523590576211635e-03 1.153058448364829625e+00
-1.759259259259259300e-01 6.680174600299346351e-03 1.180078350211593019e+00
-1.759259259259259300e-01 6.744339129873823738e-03 1.204504919457829448e+00
-1.759259259259259300e-01 7.016581315991121323e-03 1.220542385146352604e+00
-1.711711711711711714e-01 6.357478656528559122e-04 2.926025455596112934e+00
-1.711711711711711714e-01 6.891934268463918364e-04 2.057805595512445684e+00
-1.711711711711711714e-01 7.531134026362441402e-04 1.416845004802634200e+00
-1.711711711711711714e-01 8.216398278389158922e-04 9.510027252726394043e-01
-1.711711711711711714e-01 8.992926017206596219e-04 6.166362721010689718e-01
-1.711711711711711714e-01 9.714413272494339027e-04 3.862297160265097951e-01
-1.711711711711711714e-01 1.059369386416312902e-03 2.286079871703128874e-01
-1.711711711711711714e-01 1.144498183243062737e-03 1.297985309676269183e-01
-1.711711711711711714e-01 1.225893659977078665e-03 7.949604792935614783e-02
-1.711711711711711714e-01 1.334044151934397730e-03 5.012591065969435045e-02
-1.711711711711711714e-01 1.443053783300527219e-03 5.246359456340211891e-02
-1.711711711711711714e-01 1.552440212256928596e-03 7.129833407997732131e-02
-1.711711711711711714e-01 1.661725656074472058e-03 9.951848145789414513e-02
-1.711711711711711714e-01 1.770437042961606417e-03 1.355249552947880298e-01
-1.711711711711711714e-01 1.878106173656035561e-03 1.816123769305164337e-01
-1.711711711711711714e-01 2.037593084503703383e-03 2.381083465912221253e-01
-1.711711711711711714e-01 2.145911631505132821e-03 2.788445463615013553e-01
-1.711711711711711714e-01 2.251944369150667580e-03 3.408427673160880356e-01
-1.711711711711711714e-01 2.421577610630180379e-03 3.825549288740306419e-01
-1.711711711711711714e-01 2.597370001573397116e-03 4.449587807075128243e-01
-1.711711711711711714e-01 2.703185077289853213e-03 4.862792641341053823e-01
-1.711711711711711714e-01 2.886142681171359296e-03 5.361720733031057895e-01
-1.711711711711711714e-01 2.988834461653609980e-03 5.960501319051486613e-01
-1.711711711711711714e-01 3.178304897307078752e-03 6.309489949846934786e-01
-1.711711711711711714e-01 3.373597727910205082e-03 6.735431499168229585e-01
-1.711711711711711714e-01 3.574712953462989840e-03 7.219478695126075873e-01
-1.711711711711711714e-01 3.672972498783331520e-03 7.698214296016544500e-01
-1.711711711711711714e-01 3.879618160594662610e-03 8.003581304413535102e-01
-1.711711711711711714e-01 4.091918891828423555e-03 8.346388112388658520e-01
-1.711711711711711714e-01 4.309874692484617388e-03 8.712617095301706804e-01
-1.711711711711711714e-01 4.533485562563241075e-03 9.099314592907026267e-01
-1.711711711711711714e-01 4.762751502064294616e-03 9.499802965630352869e-01
-1.711711711711711714e-01 4.850435229869857687e-03 9.795697213606975318e-01
-1.711711711711711714e-01 5.083923655393429372e-03 1.003942325634915367e+00
-1.711711711711711714e-01 5.322900545375926044e-03 1.029308318996436489e+00
-1.711711711711711714e-01 5.567365899817352907e-03 1.055369072281998832e+00
-1.711711711711711714e-01 5.817319718717709094e-03 1.081919161283133812e+00
-1.711711711711711714e-01 6.072762002076990268e-03 1.108608406524686396e+00
-1.711711711711711714e-01 6.333692749895202499e-03 1.135503562586115844e+00
-1.711711711711711714e-01 6.600111962172343187e-03 1.162297958972045242e+00
-1.711711711711711714e-01 6.872019638908408862e-03 1.188805283232573062e+00
-1.711711711711711714e-01 6.933350549429886586e-03 1.209815545793784697e+00
-1.666666666666666574e-01 6.353880611272820240e-04 3.089292929136232768e+00
-1.666666666666666574e-01 6.900783531577221437e-04 2.187069962087675012e+00
-1.666666666666666574e-01 7.552344818306568888e-04 1.517349160631796590e+00
-1.666666666666666574e-01 8.250906851494963857e-04 1.028510437636668051e+00
-1.666666666666666574e-01 9.041014553942754942e-04 6.813826016838434585e-01
-1.666666666666666574e-01 9.778575758507418187e-04 4.299042738829371713e-01
-1.666666666666666574e-01 1.044992954484605299e-03 2.650435262180240725e-01
-1.666666666666666574e-01 1.129156047261227567e-03 1.566971960188651980e-01
-1.666666666666666574e-01 1.237571182041030931e-03 8.680080357948680159e-02
-1.666666666666666574e-01 1.316508883342970906e-03 5.808926198240704081e-02
-1.666666666666666574e-01 1.424216124706527507e-03 4.834757620845943349e-02
-1.666666666666666574e-01 1.532317920080846852e-03 6.070683005177654468e-02
-1.666666666666666574e-01 1.640343491044703866e-03 8.672734800056304538e-02
-1.666666666666666574e-01 1.747826574690793718e-03 1.237287585878238255e-01
-1.666666666666666574e-01 1.854305579309022730e-03 1.731849992310454667e-01
-1.666666666666666574e-01 2.011771367324559096e-03 2.139493148573660408e-01
-1.666666666666666574e-01 2.118933336231277990e-03 2.618904516261464366e-01
-1.666666666666666574e-01 2.284791910794114166e-03 3.183855007513287649e-01
-1.666666666666666574e-01 2.391383198710564893e-03 3.637960150734494968e-01
-1.666666666666666574e-01 2.564983651703425446e-03 4.182364827928656270e-01
-1.666666666666666574e-01 2.669764528614306225e-03 4.697131581323799598e-01
-1.666666666666666574e-01 2.850460155113111564e-03 5.137089442042314102e-01
-1.666666666666666574e-01 3.037072145917471717e-03 5.694059489506826388e-01
-1.666666666666666574e-01 3.139353763790278529e-03 6.142989701155148197e-01
-1.666666666666666574e-01 3.332253218878632097e-03 6.531614659917930332e-01
-1.666666666666666574e-01 3.530903713621794202e-03 6.984984018870308287e-01
-1.666666666666666574e-01 3.735305248019764844e-03 7.487371022240953966e-01
-1.666666666666666574e-01 3.832502006177630673e-03 7.846791507401154053e-01
-1.666666666666666574e-01 4.042224443975904295e-03 8.168790026163728069e-01
-1.666666666666666574e-01 4.257533273014089611e-03 8.517901159279271939e-01
-1.666666666666666574e-01 4.478428493292182719e-03 8.890610503910751916e-01
-1.666666666666666574e-01 4.704910104810186219e-03 9.279772783641293543e-01
-1.666666666666666574e-01 4.792080083399506696e-03 9.667222855076397225e-01
-1.666666666666666574e-01 5.022759430845577869e-03 9.900321712862185652e-01
-1.666666666666666574e-01 5.258861211532299580e-03 1.014521449334618408e+00
-1.666666666666666574e-01 5.500385425459674432e-03 1.039863981398071680e+00
-1.666666666666666574e-01 5.747332072627701557e-03 1.065833335312947217e+00
-1.666666666666666574e-01 5.999701153036379221e-03 1.092062441099562520e+00
-1.666666666666666574e-01 6.257492666685710025e-03 1.118602337093545840e+00
-1.666666666666666574e-01 6.520706613575693970e-03 1.145127602615676476e+00
-1.666666666666666574e-01 6.789342993706327586e-03 1.171445224894990922e+00
-1.666666666666666574e-01 7.063401807077614343e-03 1.197752359035312075e+00
