-2.500000000000000139e-02 9.977324332623531671e-04 3.117673985456673513e+00
-2.500000000000000139e-02 1.194029821580701138e-03 1.739910327781404309e+00
-2.500000000000000139e-02 1.310932067170725041e-03 1.118557739177808985e+00
-2.500000000000000139e-02 1.446420606804065022e-03 6.919745477815405499e-01
-2.500000000000000139e-02 1.592169484789620173e-03 4.079160709846916255e-01
-2.500000000000000139e-02 1.754357442789071693e-03 2.255047263967654148e-01
-2.500000000000000139e-02 1.912654649416079466e-03 1.203955162840802257e-01
-2.500000000000000139e-02 2.096485211160208605e-03 6.641119850947771464e-02
-2.500000000000000139e-02 2.280117349736324878e-03 5.099926467360586108e-02
-2.500000000000000139e-02 2.462268109356988404e-03 6.360713898745269657e-02
-2.500000000000000139e-02 2.684957572391034712e-03 9.256738862521574074e-02
-2.500000000000000139e-02 2.912427140816679048e-03 1.387187706098951812e-01
-2.500000000000000139e-02 3.091681715133944020e-03 1.887725798287257506e-01
-2.500000000000000139e-02 3.321936568394601077e-03 2.447933407832456887e-01
-2.500000000000000139e-02 3.617080271068601974e-03 3.000792266336050340e-01
-2.500000000000000139e-02 3.857237340040830902e-03 3.554438084768741235e-01
-2.500000000000000139e-02 4.098961409901550126e-03 4.147833154132488098e-01
-2.500000000000000139e-02 4.420329686121641892e-03 4.761771878324569385e-01
-2.500000000000000139e-02 4.669168402852984061e-03 5.274594358118608328e-01
-2.500000000000000139e-02 5.008636003570610291e-03 5.881064233762284266e-01
-2.500000000000000139e-02 5.262875312193278365e-03 6.351779237531675060e-01
-2.500000000000000139e-02 5.619581305575269310e-03 6.876894267793420834e-01
-2.500000000000000139e-02 5.877509221720670848e-03 7.373086604607504979e-01
-2.500000000000000139e-02 6.250593303177546904e-03 7.795010015392234148e-01
-2.500000000000000139e-02 6.635156894833100540e-03 8.259230399908499276e-01
-2.500000000000000139e-02 6.899102491474065277e-03 8.711270508958484093e-01
-2.500000000000000139e-02 7.298968839959498953e-03 9.054521639026349433e-01
-2.500000000000000139e-02 7.710099029247343035e-03 9.423745997429364696e-01
-2.500000000000000139e-02 8.132493059337589716e-03 9.806637750638604878e-01
-2.500000000000000139e-02 8.566150930230246804e-03 1.020062632532990676e+00
-2.500000000000000139e-02 8.838617666364125339e-03 1.048198868895566349e+00
-2.500000000000000139e-02 9.286072685723808715e-03 1.076250983235129688e+00
-2.500000000000000139e-02 9.744575977166448563e-03 1.105161516041795577e+00
-2.500000000000000139e-02 1.021412754069204142e-02 1.136103811182273882e+00
-2.500000000000000139e-02 1.069472737630059074e-02 1.166966153871718426e+00
-2.500000000000000139e-02 1.118637548399209307e-02 1.197998286612066643e+00
-2.500000000000000139e-02 1.146110865086784336e-02 1.225196354232438001e+00
-2.500000000000000139e-02 1.196483412559880104e-02 1.247541694801541645e+00
-2.500000000000000139e-02 1.247939240623795361e-02 1.270313046890967357e+00
-2.500000000000000139e-02 1.300478349278530107e-02 1.293014050207229593e+00
-2.500000000000000139e-02 1.354100738524083650e-02 1.316236013073172506e+00
-2.500000000000000139e-02 1.408806408360456681e-02 1.338688565570478772e+00
-2.500000000000000139e-02 1.464595358787648682e-02 1.361932573630211918e+00
-2.500000000000000139e-02 1.521467589805660346e-02 1.384083659120852960e+00
-2.500000000000000139e-02 1.579423101414490979e-02 1.406881672424357355e+00
-2.500000000000000139e-02 1.638461893614141102e-02 1.428834849420392850e+00
-2.500000000000000139e-02 1.698583966404610540e-02 1.451071041518553262e+00
-2.435897435897435917e-02 9.739196799886368607e-04 3.434682852867351421e+00
-2.435897435897435917e-02 1.178442812786250444e-03 1.850722011381820575e+00
-2.435897435897435917e-02 1.295043628703455461e-03 1.201020313503491144e+00
-2.435897435897435917e-02 1.429995138912696544e-03 7.512142301977445813e-01
-2.435897435897435917e-02 1.575173630844934692e-03 4.492043949345941867e-01
-2.435897435897435917e-02 1.736610031885289741e-03 2.568599327793970044e-01
-2.435897435897435917e-02 1.894462835686602353e-03 1.374472125807747469e-01
-2.435897435897435917e-02 2.046856618331715800e-03 7.744663720207735358e-02
-2.435897435897435917e-02 2.226184021744937857e-03 5.483149994994128418e-02
-2.435897435897435917e-02 2.442233907068881195e-03 6.014668928255742508e-02
-2.435897435897435917e-02 2.621525772918820944e-03 8.322574545475110164e-02
-2.435897435897435917e-02 2.843650313938956946e-03 1.216450557134195476e-01
-2.435897435897435917e-02 3.069818402468944222e-03 1.704299898605747821e-01
-2.435897435897435917e-02 3.299402169479125502e-03 2.235447834703484793e-01
-2.435897435897435917e-02 3.531774374339977096e-03 2.786081068068950728e-01
-2.435897435897435917e-02 3.766308423737462982e-03 3.363047772857173934e-01
-2.435897435897435917e-02 4.002378391600661632e-03 3.990186352609434439e-01
-2.435897435897435917e-02 4.316174330587104445e-03 4.525918989187247554e-01
-2.435897435897435917e-02 4.559200943007152632e-03 5.090256511813905371e-01
-2.435897435897435917e-02 4.890673460547211374e-03 5.642505441256475684e-01
-2.435897435897435917e-02 5.138983747105180418e-03 6.173289605853384820e-01
-2.435897435897435917e-02 5.487292645520089156e-03 6.659815570036183852e-01
-2.435897435897435917e-02 5.847021507817450406e-03 7.218534404764036516e-01
-2.435897435897435917e-02 6.103521282833303425e-03 7.612411154780748257e-01
-2.435897435897435917e-02 6.479036366350138243e-03 8.053809154314951479e-01
-2.435897435897435917e-02 6.865760855345086691e-03 8.530971921319601137e-01
-2.435897435897435917e-02 7.127313825934802026e-03 8.894856840705267498e-01
-2.435897435897435917e-02 7.528775175698106809e-03 9.249977686666022159e-01
-2.435897435897435917e-02 7.941235466550813221e-03 9.621550469531168215e-01
-2.435897435897435917e-02 8.364694698492929070e-03 1.000670704096246366e+00
-2.435897435897435917e-02 8.630857943341693414e-03 1.034691981854947151e+00
-2.435897435897435917e-02 9.067795126723364463e-03 1.061993358836250012e+00
-2.435897435897435917e-02 9.515520882534217115e-03 1.090299263721149492e+00
-2.435897435897435917e-02 9.974035210774242696e-03 1.120782275623327440e+00
-2.435897435897435917e-02 1.044333811144344641e-02 1.151293170196376892e+00
-2.435897435897435917e-02 1.092342958454182653e-02 1.182078057791852599e+00
-2.435897435897435917e-02 1.141430963006938651e-02 1.212691617839950498e+00
-2.435897435897435917e-02 1.168373375787771715e-02 1.236337047188309279e+00
-2.435897435897435917e-02 1.218620306842474639e-02 1.258898722989762353e+00
-2.435897435897435917e-02 1.269925068024644818e-02 1.281445963976239000e+00
-2.435897435897435917e-02 1.322287659334282425e-02 1.304566244431137445e+00
-2.435897435897435917e-02 1.375708080771387287e-02 1.326953676119687398e+00
-2.435897435897435917e-02 1.430186332335959751e-02 1.350178795867159165e+00
-2.435897435897435917e-02 1.485722414027999816e-02 1.372336160517549253e+00
-2.435897435897435917e-02 1.542316325847506962e-02 1.395170302766098880e+00
-2.435897435897435917e-02 1.599968067794481710e-02 1.417180127752465157e+00
-2.435897435897435917e-02 1.658677639868923887e-02 1.439497255139569498e+00
-2.374999999999999681e-02 1.150969619544917055e-03 1.972148501956457078e+00
-2.374999999999999681e-02 1.279876761289720387e-03 1.285461587697797059e+00
-2.374999999999999681e-02 1.414312377472277211e-03 8.137190387401668223e-01
-2.374999999999999681e-02 1.558943104347281818e-03 4.955678080765485993e-01
-2.374999999999999681e-02 1.696358735699282335e-03 2.855021548023395916e-01
-2.374999999999999681e-02 1.850599104520108578e-03 1.571318393190854756e-01
-2.374999999999999681e-02 2.029385192088530715e-03 8.426973196629042318e-02
-2.374999999999999681e-02 2.208198234983759639e-03 5.493398763044363142e-02
-2.374999999999999681e-02 2.385814530549645440e-03 5.402613841523736665e-02
-2.374999999999999681e-02 2.602279712446196967e-03 8.021067302042161895e-02
-2.374999999999999681e-02 2.778036856244128338e-03 1.109213501820874026e-01
-2.374999999999999681e-02 2.999015851985899640e-03 1.549543933417261710e-01
-2.374999999999999681e-02 3.223336635403038167e-03 2.061603553182888848e-01
-2.374999999999999681e-02 3.450386646893414868e-03 2.614718123778079217e-01
-2.374999999999999681e-02 3.679553943156052727e-03 3.209682468628663465e-01
-2.374999999999999681e-02 3.979805544917586202e-03 3.790138811637190352e-01
-2.374999999999999681e-02 4.216798284898951553e-03 4.320433568107616695e-01
-2.374999999999999681e-02 4.454276978849240447e-03 4.932513338923205648e-01
-2.374999999999999681e-02 4.778121095933941104e-03 5.428194561780294025e-01
-2.374999999999999681e-02 5.020771405968719840e-03 6.016046192065594989e-01
-2.374999999999999681e-02 5.361068134595490219e-03 6.462133407132476526e-01
-2.374999999999999681e-02 5.712522133013298552e-03 6.988422398660621981e-01
-2.374999999999999681e-02 5.963187601728064946e-03 7.445369748371231111e-01
-2.374999999999999681e-02 6.330068748941822948e-03 7.862629450747995463e-01
-2.374999999999999681e-02 6.707901572191810914e-03 8.320514695612915013e-01
-2.374999999999999681e-02 6.963519317221948841e-03 8.746680582610685262e-01
-2.374999999999999681e-02 7.355754587404976161e-03 9.086762962099308449e-01
-2.374999999999999681e-02 7.758736029373838015e-03 9.446165932040551105e-01
-2.374999999999999681e-02 8.172463643128537875e-03 9.821718130473884312e-01
-2.374999999999999681e-02 8.596937428669074871e-03 1.020546170057401003e+00
-2.374999999999999681e-02 8.859507663431152868e-03 1.048464075338457313e+00
-2.374999999999999681e-02 9.296949148300152205e-03 1.076110032226770263e+00
-2.374999999999999681e-02 9.744931391840691917e-03 1.106083179300906050e+00
-2.374999999999999681e-02 1.020345439405277374e-02 1.136196484993162503e+00
-2.374999999999999681e-02 1.067251815493639767e-02 1.166692108877206202e+00
-2.374999999999999681e-02 1.115212267449156372e-02 1.197099017519830166e+00
-2.374999999999999681e-02 1.141549169777904965e-02 1.225573799411296960e+00
-2.374999999999999681e-02 1.190642502113306231e-02 1.247894978132086496e+00
-2.374999999999999681e-02 1.240769378287347527e-02 1.270260278785656505e+00
-2.374999999999999681e-02 1.291929798300028333e-02 1.293252714375949131e+00
-2.374999999999999681e-02 1.344123762151349863e-02 1.315551425811345654e+00
-2.374999999999999681e-02 1.397351269841310903e-02 1.338735337576618445e+00
-2.374999999999999681e-02 1.451612321369911973e-02 1.360879153290605714e+00
-2.374999999999999681e-02 1.506906916737153074e-02 1.383730406265806678e+00
-2.374999999999999681e-02 1.563235055943034552e-02 1.405779962607008660e+00
-2.374999999999999681e-02 1.620596738987556060e-02 1.428162044386296570e+00
-2.317073170731707293e-02 1.124745497500660588e-03 2.117576891376407922e+00
-2.317073170731707293e-02 1.265383585589991778e-03 1.371771872367695488e+00
-2.317073170731707293e-02 1.399323264157182082e-03 8.793398414759420190e-01
-2.317073170731707293e-02 1.523577799153608874e-03 5.432860928681546575e-01
-2.317073170731707293e-02 1.680685617859214434e-03 3.175110267591092494e-01
-2.317073170731707293e-02 1.834585838802456868e-03 1.762791468011525864e-01
-2.317073170731707293e-02 1.983487524041093429e-03 9.749159263870790793e-02
-2.317073170731707293e-02 2.158292916050579165e-03 5.905269924086625072e-02
-2.317073170731707293e-02 2.331935681224047915e-03 5.599236832331860175e-02
-2.317073170731707293e-02 2.543535081969081676e-03 6.849360373462867746e-02
-2.317073170731707293e-02 2.759802682795671567e-03 1.053090389823015532e-01
-2.317073170731707293e-02 2.931395998835493750e-03 1.449392479898187480e-01
-2.317073170731707293e-02 3.150688841378978221e-03 1.935907254341902584e-01
-2.317073170731707293e-02 3.372654120441993288e-03 2.485718573472246729e-01
-2.317073170731707293e-02 3.659563932771259763e-03 3.051582986670500208e-01
-2.317073170731707293e-02 3.890184095067690355e-03 3.575557423350577135e-01
-2.317073170731707293e-02 4.121881118490633086e-03 4.144743108175439339e-01
-2.317073170731707293e-02 4.432859803699117605e-03 4.730476701600629941e-01
-2.317073170731707293e-02 4.670616376235695207e-03 5.237725152349196334e-01
-2.317073170731707293e-02 4.998281496566143491e-03 5.807014301663468991e-01
-2.317073170731707293e-02 5.240501638486084156e-03 6.283556579322980840e-01
-2.317073170731707293e-02 5.584051693870707017e-03 6.775781440430870273e-01
-2.317073170731707293e-02 5.829141223833921373e-03 7.293675285474701120e-01
-2.317073170731707293e-02 6.187775256888901169e-03 7.685508857257656867e-01
-2.317073170731707293e-02 6.557114783467912246e-03 8.122950290896182590e-01
-2.317073170731707293e-02 6.937159803570947664e-03 8.590461960790880536e-01
-2.317073170731707293e-02 7.190481793958723722e-03 8.933984982020228838e-01
-2.317073170731707293e-02 7.584408846220887582e-03 9.280381928609076070e-01
-2.317073170731707293e-02 7.988840619876711249e-03 9.645569997681333607e-01
-2.317073170731707293e-02 8.403777114926192990e-03 1.002111827065470973e+00
-2.317073170731707293e-02 8.660542366955988405e-03 1.035656411544587430e+00
-2.317073170731707293e-02 9.088159866335732487e-03 1.062587883602293282e+00
-2.317073170731707293e-02 9.526081401845106281e-03 1.092001270380836386e+00
-2.317073170731707293e-02 9.974306973484113256e-03 1.121671442768970461e+00
-2.317073170731707293e-02 1.043283658125275168e-02 1.151836303414633278e+00
-2.317073170731707293e-02 1.090167022515102328e-02 1.181998592309854823e+00
-2.317073170731707293e-02 1.138080790517892807e-02 1.212140974953403560e+00
-2.317073170731707293e-02 1.163916212734179660e-02 1.237298972341219772e+00
-2.317073170731707293e-02 1.212917893565436563e-02 1.259454450436847894e+00
-2.317073170731707293e-02 1.262929918331358314e-02 1.282293144387238071e+00
-2.317073170731707293e-02 1.313952287031945089e-02 1.304479763924749625e+00
-2.317073170731707293e-02 1.365984999667197060e-02 1.327600358287757576e+00
-2.317073170731707293e-02 1.419028056237114054e-02 1.349710973664772551e+00
-2.317073170731707293e-02 1.473081456741696070e-02 1.372560485173238476e+00
-2.317073170731707293e-02 1.528145201180943283e-02 1.394632996425893001e+00
-2.317073170731707293e-02 1.584219289554855692e-02 1.417064180742166002e+00
-2.261904761904761849e-02 1.099687344713010540e-03 2.285604883735181225e+00
-2.261904761904761849e-02 1.251520346564425701e-03 1.459847486685934115e+00
-2.261904761904761849e-02 1.384982945656973831e-03 9.479345112550605634e-01
-2.261904761904761849e-02 1.509176590069893648e-03 5.894544332613007587e-01
-2.261904761904761849e-02 1.643435453859793229e-03 3.534844077120757322e-01
-2.261904761904761849e-02 1.793964784310649301e-03 2.003806839439393750e-01
-2.261904761904761849e-02 1.968140051076843009e-03 1.082573078194297850e-01
-2.261904761904761849e-02 2.142546572085076307e-03 6.524307562445774700e-02
-2.261904761904761849e-02 2.316014695906211483e-03 5.174342877730964824e-02
-2.261904761904761849e-02 2.487376939779005827e-03 6.378063052712698577e-02
-2.261904761904761849e-02 2.698892865106808283e-03 9.122484404821347426e-02
-2.261904761904761849e-02 2.914391309402631670e-03 1.332929315343449606e-01
-2.261904761904761849e-02 3.133286271957025793e-03 1.816980706932052603e-01
-2.261904761904761849e-02 3.354992285873489594e-03 2.322839974886899417e-01
-2.261904761904761849e-02 3.578924433876743381e-03 2.843885578277333126e-01
-2.261904761904761849e-02 3.804498364952863844e-03 3.394267172716448067e-01
-2.261904761904761849e-02 4.031130311882655075e-03 3.998287331282175394e-01
-2.261904761904761849e-02 4.335262228417012184e-03 4.513921389544440776e-01
-2.261904761904761849e-02 4.567828328172835600e-03 5.070698506810321637e-01
-2.261904761904761849e-02 4.888282396379967781e-03 5.590705586028924534e-01
-2.261904761904761849e-02 5.125222357903014107e-03 6.123798855758676440e-01
-2.261904761904761849e-02 5.461215082718715724e-03 6.580364403994952704e-01
-2.261904761904761849e-02 5.807874243242850537e-03 7.109898725938672559e-01
-2.261904761904761849e-02 6.051718735347795010e-03 7.522267603750933951e-01
-2.261904761904761849e-02 6.412937241177378914e-03 7.938122371372468011e-01
-2.261904761904761849e-02 6.784625848625209024e-03 8.388233376985518852e-01
-2.261904761904761849e-02 7.032449593961567942e-03 8.791528378822073275e-01
-2.261904761904761849e-02 7.417718928911980550e-03 9.124097478975741193e-01
-2.261904761904761849e-02 7.813262112794407133e-03 9.478174074401015670e-01
-2.261904761904761849e-02 8.219079145608845088e-03 9.844847293188547788e-01
-2.261904761904761849e-02 8.635170027355290948e-03 1.022131031794496492e+00
-2.261904761904761849e-02 8.888512997484013245e-03 1.049726939709928697e+00
-2.261904761904761849e-02 9.316814360741460660e-03 1.078531347689295039e+00
-2.261904761904761849e-02 9.755193403134380589e-03 1.107713431075150412e+00
-2.261904761904761849e-02 1.020365012466276609e-02 1.137506541647635760e+00
-2.261904761904761849e-02 1.066218452532662585e-02 1.167386690806526461e+00
-2.261904761904761849e-02 1.113079660512595118e-02 1.197322348405806203e+00
-2.261904761904761849e-02 1.138359602336339559e-02 1.227107888075708697e+00
-2.261904761904761849e-02 1.186285332122201039e-02 1.249025954085311696e+00
-2.261904761904761849e-02 1.235199221285090444e-02 1.271685272616008611e+00
-2.261904761904761849e-02 1.285101269825008295e-02 1.293736654220190019e+00
-2.261904761904761849e-02 1.335991477741953898e-02 1.316772030035394669e+00
-2.261904761904761849e-02 1.387869845035927772e-02 1.338829968796096503e+00
-2.261904761904761849e-02 1.440736371706929399e-02 1.361659051219608951e+00
-2.261904761904761849e-02 1.494591057754959644e-02 1.383737879967115836e+00
-2.261904761904761849e-02 1.549433903180017814e-02 1.406202442960971410e+00
-2.209302325581395318e-02 1.075719254064926803e-03 2.474917828761606486e+00
-2.209302325581395318e-02 1.238246981129223576e-03 1.549590372537775762e+00
-2.209302325581395318e-02 1.354868825212907297e-03 1.013888324637831406e+00
-2.209302325581395318e-02 1.495382689748872345e-03 6.403931128986335430e-01
-2.209302325581395318e-02 1.629552780761586717e-03 3.860416099549844882e-01
-2.209302325581395318e-02 1.779830706945814429e-03 2.215149181224479458e-01
-2.209302325581395318e-02 1.925529516203352675e-03 1.234345074340226778e-01
-2.209302325581395318e-02 2.096191821285508638e-03 6.955441530840196507e-02
-2.209302325581395318e-02 2.265942196364764682e-03 5.234652216246266088e-02
-2.209302325581395318e-02 2.472182457365923198e-03 6.216720253038638538e-02
-2.209302325581395318e-02 2.640606570818942664e-03 8.320309584561486060e-02
-2.209302325581395318e-02 2.851474822435941942e-03 1.191466365112727743e-01
-2.209302325581395318e-02 3.065670226272344551e-03 1.644540589469428160e-01
-2.209302325581395318e-02 3.282620130275411968e-03 2.142746434119791044e-01
-2.209302325581395318e-02 3.501752407438555887e-03 2.673265909157007680e-01
-2.209302325581395318e-02 3.722495471705542826e-03 3.245607355220420653e-01
-2.209302325581395318e-02 4.014347927327426360e-03 3.819051074600881002e-01
-2.209302325581395318e-02 4.241857589941368245e-03 4.323602440000336999e-01
-2.209302325581395318e-02 4.469454191583336310e-03 4.926723480756110551e-01
-2.209302325581395318e-02 4.783006863763381369e-03 5.395489322923512354e-01
-2.209302325581395318e-02 5.014891083556583147e-03 5.982578873650777895e-01
-2.209302325581395318e-02 5.343650852821998053e-03 6.401928144345175875e-01
-2.209302325581395318e-02 5.682847440159329543e-03 6.901258050596454918e-01
-2.209302325581395318e-02 5.921499250943096371e-03 7.372728535754603518e-01
-2.209302325581395318e-02 6.274945140489008102e-03 7.765876763969842278e-01
-2.209302325581395318e-02 6.638635838427554316e-03 8.197569513684326292e-01
-2.209302325581395318e-02 6.881193945955963592e-03 8.659279236847409189e-01
-2.209302325581395318e-02 7.258176813703731863e-03 8.977212814552455455e-01
-2.209302325581395318e-02 7.645212557924777746e-03 9.319442806379938382e-01
-2.209302325581395318e-02 8.042301178619096907e-03 9.676571753185365665e-01
-2.209302325581395318e-02 8.449442675786686743e-03 1.004558724770001854e+00
-2.209302325581395318e-02 8.697422933249973620e-03 1.037521381511701479e+00
-2.209302325581395318e-02 9.116516441938322599e-03 1.065668260129568834e+00
-2.209302325581395318e-02 9.545470974360514491e-03 1.094317880032293244e+00
-2.209302325581395318e-02 9.984286530516549296e-03 1.123698760127698870e+00
-2.209302325581395318e-02 1.043296311040643048e-02 1.153259692669049041e+00
-2.209302325581395318e-02 1.089150071403015112e-02 1.182954531490327588e+00
-2.209302325581395318e-02 1.135989934138772160e-02 1.212918421905399669e+00
-2.209302325581395318e-02 1.160793660318792594e-02 1.238972284064955742e+00
-2.209302325581395318e-02 1.208656455975419194e-02 1.261426853739014309e+00
-2.209302325581395318e-02 1.257486176796826158e-02 1.283320074816705736e+00
-2.209302325581395318e-02 1.307282822783013485e-02 1.306248537258293929e+00
-2.209302325581395318e-02 1.358046393933981001e-02 1.328234496685774868e+00
-2.209302325581395318e-02 1.409776890249729055e-02 1.351024625545493851e+00
-2.209302325581395318e-02 1.462474311730257298e-02 1.373093272243433471e+00
-2.209302325581395318e-02 1.516138658375566078e-02 1.395575617014851222e+00
-2.159090909090909116e-02 1.052771753003983474e-03 2.684282340450047322e+00
-2.159090909090909116e-02 1.225526738757275842e-03 1.640907737905217711e+00
-2.159090909090909116e-02 1.342058736395923112e-03 1.082109747640120911e+00
-2.159090909090909116e-02 1.463592782114828085e-03 6.932639283098077643e-01
-2.159090909090909116e-02 1.616240910996020281e-03 4.254377212402574715e-01
-2.159090909090909116e-02 1.742073327251392016e-03 2.496242176904753252e-01
-2.159090909090909116e-02 1.912018079616535941e-03 1.379802406234327539e-01
-2.159090909090909116e-02 2.082380122411906561e-03 8.158200862986521307e-02
-2.159090909090909116e-02 2.252039307008605121e-03 5.639947460920873706e-02
-2.159090909090909116e-02 2.419877429159336506e-03 5.498599932498349219e-02
-2.159090909090909116e-02 2.584778339253061656e-03 8.107906808265212539e-02
-2.159090909090909116e-02 2.791210602646243804e-03 1.102470942454211039e-01
-2.159090909090909116e-02 3.000903400151836223e-03 1.518615006120328237e-01
-2.159090909090909116e-02 3.213296346615168025e-03 2.003784376496415276e-01
-2.159090909090909116e-02 3.427829558964366839e-03 2.538945814361968645e-01
-2.159090909090909116e-02 3.707540450975858708e-03 3.126650086797513883e-01
-2.159090909090909116e-02 3.929637479984942131e-03 3.615263139160318495e-01
-2.159090909090909116e-02 4.152382172322547325e-03 4.159059436875096605e-01
-2.159090909090909116e-02 4.454277304749057996e-03 4.731839278759908396e-01
-2.159090909090909116e-02 4.682157953382203204e-03 5.221034951579019978e-01
-2.159090909090909116e-02 4.999504214666997820e-03 5.765053258026997529e-01
-2.159090909090909116e-02 5.231027722539787622e-03 6.240233421196001995e-01
-2.159090909090909116e-02 5.563075380708815826e-03 6.707972435515765497e-01
-2.159090909090909116e-02 5.796750228590628017e-03 7.236717069111829881e-01
-2.159090909090909116e-02 6.142750025971902353e-03 7.606061422692935725e-01
-2.159090909090909116e-02 6.498778802987415469e-03 8.018337655290733723e-01
-2.159090909090909116e-02 6.864836559637170835e-03 8.466125977809179082e-01
-2.159090909090909116e-02 7.105333839405549544e-03 8.839629361092811166e-01
-2.159090909090909116e-02 7.484219369623158757e-03 9.169289639452068430e-01
-2.159090909090909116e-02 7.872946082443824795e-03 9.516215475956704140e-01
-2.159090909090909116e-02 8.271513977867539849e-03 9.877185489424745723e-01
-2.159090909090909116e-02 8.679923055894316064e-03 1.024851721054575560e+00
-2.159090909090909116e-02 8.924624958506958625e-03 1.053406906106526097e+00
-2.159090909090909116e-02 9.344550524429135613e-03 1.081480261861142100e+00
-2.159090909090909116e-02 9.774129551636877994e-03 1.110408931330183480e+00
-2.159090909090909116e-02 1.021336204013019097e-02 1.139614008303411863e+00
-2.159090909090909116e-02 1.066224798990906761e-02 1.169034320884629441e+00
-2.159090909090909116e-02 1.112078740097351658e-02 1.198806229152250991e+00
-2.159090909090909116e-02 1.158898027332353094e-02 1.228403073363059539e+00
-2.159090909090909116e-02 1.183227136432966897e-02 1.251515658814178256e+00
-2.159090909090909116e-02 1.231029512744858875e-02 1.273228018070785561e+00
-2.159090909090909116e-02 1.279778470765896917e-02 1.296028076698422460e+00
-2.159090909090909116e-02 1.329474010496081542e-02 1.317922926094994507e+00
-2.159090909090909116e-02 1.380116131935412403e-02 1.340655738629719540e+00
-2.159090909090909116e-02 1.431704835083890022e-02 1.362697840462083754e+00
-2.159090909090909116e-02 1.484240119941513877e-02 1.385182496043495082e+00
-2.111111111111111174e-02 1.030781137443625853e-03 2.912540453781706340e+00
-2.111111111111111174e-02 1.213325847661076004e-03 1.733711726907071426e+00
-2.111111111111111174e-02 1.329769202572470043e-03 1.153106435074537028e+00
-2.111111111111111174e-02 1.451294420629911002e-03 7.437678639730486152e-01
-2.111111111111111174e-02 1.582622813692510181e-03 4.616902457493008427e-01
-2.111111111111111174e-02 1.729569219081980667e-03 2.726454743122312396e-01
-2.111111111111111174e-02 1.872320107521445540e-03 1.549025786157357532e-01
-2.111111111111111174e-02 2.039172774983943892e-03 8.600141907408538622e-02
-2.111111111111111174e-02 2.205342573186263103e-03 5.564874089834601079e-02
-2.111111111111111174e-02 2.369734694069795637e-03 5.445461654817489866e-02
-2.111111111111111174e-02 2.571937743979330667e-03 7.003950397064273581e-02
-2.111111111111111174e-02 2.778068134687811976e-03 1.050530600621095018e-01
-2.111111111111111174e-02 2.938809902253022421e-03 1.438102453010930981e-01
-2.111111111111111174e-02 3.146832832031488426e-03 1.905039179059337950e-01
-2.111111111111111174e-02 3.414532152811945026e-03 2.433688779626287380e-01
-2.111111111111111174e-02 3.630883051980033239e-03 2.922527899733476930e-01
-2.111111111111111174e-02 3.848419257811925946e-03 3.440222930954807690e-01
-2.111111111111111174e-02 4.066593850693271325e-03 4.019841121317077048e-01
-2.111111111111111174e-02 4.362251821980919243e-03 4.529705312603680145e-01
-2.111111111111111174e-02 4.585463018842395218e-03 5.067017794429373723e-01
-2.111111111111111174e-02 4.896255512341714591e-03 5.566050515417519939e-01
-2.111111111111111174e-02 5.123041504438316691e-03 6.095044824375546177e-01
-2.111111111111111174e-02 5.448234568684888826e-03 6.529837699353715497e-01
-2.111111111111111174e-02 5.783433573369818788e-03 7.031883553619682203e-01
-2.111111111111111174e-02 6.015995195123940986e-03 7.458526393684759004e-01
-2.111111111111111174e-02 6.364677365616838028e-03 7.850406824604354572e-01
-2.111111111111111174e-02 6.723181569081367916e-03 8.281678515937971330e-01
-2.111111111111111174e-02 6.958777998684564058e-03 8.711249721669428459e-01
-2.111111111111111174e-02 7.329848570636582177e-03 9.027629005932493733e-01
-2.111111111111111174e-02 7.710557339262677674e-03 9.363703116192936271e-01
-2.111111111111111174e-02 8.100904304562847949e-03 9.716038506215149972e-01
-2.111111111111111174e-02 8.500889466537101674e-03 1.008040063586154611e+00
-2.111111111111111174e-02 8.740623166744449293e-03 1.041742232960094938e+00
-2.111111111111111174e-02 9.151890995574502377e-03 1.069196090420693857e+00
-2.111111111111111174e-02 9.572613257251220975e-03 1.097633063275996079e+00
-2.111111111111111174e-02 1.000278995177461029e-02 1.126446078551207819e+00
-2.111111111111111174e-02 1.044242107914466512e-02 1.155558539360184822e+00
-2.111111111111111174e-02 1.089150663936139067e-02 1.185107967824649000e+00
-2.111111111111111174e-02 1.135004663242478347e-02 1.214545778475745852e+00
-2.111111111111111174e-02 1.158842854920388334e-02 1.241949475138474313e+00
-2.111111111111111174e-02 1.205660106259172186e-02 1.263458490457042505e+00
-2.111111111111111174e-02 1.253404431881892205e-02 1.286108857301676123e+00
-2.111111111111111174e-02 1.302075831788548563e-02 1.307893636460830900e+00
-2.111111111111111174e-02 1.351674305979140914e-02 1.330550930218949990e+00
-2.111111111111111174e-02 1.402199854453669951e-02 1.352550259964816926e+00
-2.111111111111111174e-02 1.453652477212135329e-02 1.375021880303306299e+00
-2.065217391304348046e-02 1.009688886530789656e-03 3.158604267863202253e+00
-2.065217391304348046e-02 1.201613220334162837e-03 1.827919114186014937e+00
-2.065217391304348046e-02 1.317969212966811502e-03 1.226753656055419528e+00
-2.065217391304348046e-02 1.439483622274771290e-03 7.987647948189797731e-01
-2.065217391304348046e-02 1.570780704985388996e-03 5.014144781605132106e-01
-2.065217391304348046e-02 1.694354626736018898e-03 3.043905940933470111e-01
-2.065217391304348046e-02 1.860404182902919553e-03 1.730740348826234343e-01
-2.065217391304348046e-02 1.997718206379993280e-03 9.887078496456533361e-02
-2.065217391304348046e-02 2.160538853472617708e-03 6.231680237210536488e-02
-2.065217391304348046e-02 2.357780427492234179e-03 5.426253489007470954e-02
-2.065217391304348046e-02 2.519738816133122120e-03 6.445194509771969005e-02
-2.065217391304348046e-02 2.721705177777004533e-03 9.208476803207109318e-02
-2.065217391304348046e-02 2.926984246359587340e-03 1.317741045531173327e-01
-2.065217391304348046e-02 3.135038411795190542e-03 1.768511916566317121e-01
-2.065217391304348046e-02 3.345330515585245162e-03 2.246316489504085467e-01
-2.065217391304348046e-02 3.557323864271434623e-03 2.750374130442645448e-01
-2.065217391304348046e-02 3.770482243599000693e-03 3.293400470801787772e-01
-2.065217391304348046e-02 4.054949353884248694e-03 3.868759451252604675e-01
-2.065217391304348046e-02 4.273942619930268770e-03 4.350395535500462540e-01
-2.065217391304348046e-02 4.492671285609684505e-03 4.933118932579861893e-01
-2.065217391304348046e-02 4.797174561634341867e-03 5.385508359067637807e-01
-2.065217391304348046e-02 5.111661551627018352e-03 5.948708326116269873e-01
-2.065217391304348046e-02 5.338027445524301876e-03 6.366652751791282983e-01
-2.065217391304348046e-02 5.666446030326992116e-03 6.840646550482311072e-01
-2.065217391304348046e-02 5.894352530447570689e-03 7.323123780936948712e-01
-2.065217391304348046e-02 6.235984391395958150e-03 7.693647755675901978e-01
-2.065217391304348046e-02 6.587239685047121401e-03 8.107526530032469481e-01
-2.065217391304348046e-02 6.948118411401052637e-03 8.548762774025531197e-01
-2.065217391304348046e-02 7.181700942539176978e-03 8.894376311209637453e-01
-2.065217391304348046e-02 7.554714995438977475e-03 9.218960147189445564e-01
-2.065217391304348046e-02 7.937172442083074292e-03 9.562080452908428008e-01
-2.065217391304348046e-02 8.329073282471472633e-03 9.918941897739552704e-01
-2.065217391304348046e-02 8.730417516604168163e-03 1.030048374505257769e+00
-2.065217391304348046e-02 8.966994641495742643e-03 1.057460920751082778e+00
-2.065217391304348046e-02 9.379217019126485574e-03 1.085367199156871854e+00
-2.065217391304348046e-02 9.800702820973651586e-03 1.113752374381200561e+00
-2.065217391304348046e-02 1.023145204703723721e-02 1.142524035528246884e+00
-2.065217391304348046e-02 1.067146469731724764e-02 1.171820817622719169e+00
-2.065217391304348046e-02 1.112074077181367943e-02 1.201071941491424377e+00
-2.065217391304348046e-02 1.157928027052652561e-02 1.230914109420905955e+00
-2.065217391304348046e-02 1.181312479972927883e-02 1.254009512449623776e+00
-2.065217391304348046e-02 1.228092635850364100e-02 1.276489100119329256e+00
-2.065217391304348046e-02 1.275781144269109817e-02 1.298145017812921465e+00
-2.065217391304348046e-02 1.324378005229164858e-02 1.320708749258093118e+00
-2.065217391304348046e-02 1.373883218730529571e-02 1.342649214168907701e+00
-2.065217391304348046e-02 1.424296784773203609e-02 1.365092577117696049e+00
-2.021276595744680993e-02 9.894411470825756946e-04 3.421451029344321881e+00
-2.021276595744680993e-02 1.177516737023891766e-03 1.922710734611858818e+00
-2.021276595744680993e-02 1.291577011865269317e-03 1.299370991637644357e+00
-2.021276595744680993e-02 1.410694560841476005e-03 8.558288073783827388e-01
-2.021276595744680993e-02 1.539399356347474854e-03 5.437725138580813411e-01
-2.021276595744680993e-02 1.683271523289910174e-03 3.292067493517575327e-01
-2.021276595744680993e-02 1.823300346047897940e-03 1.915501436446985228e-01
-2.021276595744680993e-02 1.986638305637667724e-03 1.080787690949105567e-01
-2.021276595744680993e-02 2.149503498975678141e-03 6.556068844799976814e-02
-2.021276595744680993e-02 2.310844592145945824e-03 5.118762625661454901e-02
-2.021276595744680993e-02 2.469612023708283102e-03 6.450509033913853774e-02
-2.021276595744680993e-02 2.667578840255409398e-03 8.416294714398188381e-02
-2.021276595744680993e-02 2.868795535088595333e-03 1.191048466510821330e-01
-2.021276595744680993e-02 3.072735326524579560e-03 1.619674125206971849e-01
-2.021276595744680993e-02 3.278871865927953516e-03 2.094369327335839359e-01
-2.021276595744680993e-02 3.486679250617491076e-03 2.609567017953366985e-01
-2.021276595744680993e-02 3.695632037453915747e-03 3.174276834283507043e-01
-2.021276595744680993e-02 3.974452012844815335e-03 3.672429871114305522e-01
-2.021276595744680993e-02 4.189129618968294791e-03 4.193536234598080892e-01
-2.021276595744680993e-02 4.483016239086166053e-03 4.751977631854555906e-01
-2.021276595744680993e-02 4.702014657166617151e-03 5.223155729174813189e-01
-2.021276595744680993e-02 5.010263276731129374e-03 5.746977199711637008e-01
-2.021276595744680993e-02 5.232179850423153769e-03 6.218219537846881861e-01
-2.021276595744680993e-02 5.554086232405112261e-03 6.662977230430267017e-01
-2.021276595744680993e-02 5.885601760117874746e-03 7.169513308509543048e-01
-2.021276595744680993e-02 6.112380027502078463e-03 7.547932867184399264e-01
-2.021276595744680993e-02 6.456673038310453347e-03 7.943558216627629731e-01
-2.021276595744680993e-02 6.810398734346452196e-03 8.369816160655194626e-01
-2.021276595744680993e-02 7.039408625966745922e-03 8.769447920570769828e-01
-2.021276595744680993e-02 7.405032085172119118e-03 9.081912850255130509e-01
-2.021276595744680993e-02 7.779911834483957227e-03 9.415246167514761400e-01
-2.021276595744680993e-02 8.164047873902261984e-03 9.764083278083013351e-01
-2.021276595744680993e-02 8.557440203427029921e-03 1.013929055955115732e+00
-2.021276595744680993e-02 8.789402793572126393e-03 1.046270348623512314e+00
-2.021276595744680993e-02 9.193461083152660099e-03 1.073607416966378736e+00
-2.021276595744680993e-02 9.606599334296805903e-03 1.101529396585468001e+00
-2.021276595744680993e-02 1.002881754700455687e-02 1.129927683589426746e+00
-2.021276595744680993e-02 1.046011572127591820e-02 1.158941980277170547e+00
-2.021276595744680993e-02 1.090049385711088642e-02 1.187979051281184084e+00
-2.021276595744680993e-02 1.134995195450945980e-02 1.217668308923332665e+00
-2.021276595744680993e-02 1.157926294295836753e-02 1.244879118405100016e+00
-2.021276595744680993e-02 1.203780353623968777e-02 1.267167038210538221e+00
-2.021276595744680993e-02 1.250524783036142083e-02 1.288675470690819891e+00
-2.021276595744680993e-02 1.298159582532356845e-02 1.311127753821105690e+00
-2.021276595744680993e-02 1.346684752112613064e-02 1.332993394508203977e+00
-2.021276595744680993e-02 1.396100291776910564e-02 1.355393400827122008e+00
-1.979166666666666574e-02 1.154366215411189956e-03 2.034937536709108485e+00
-1.979166666666666574e-02 1.280970841909394396e-03 1.372245872082920926e+00
-1.979166666666666574e-02 1.400120955237805012e-03 9.101966493767623678e-01
-1.979166666666666574e-02 1.528842805621475438e-03 5.837525615900156506e-01
-1.979166666666666574e-02 1.672606879309217328e-03 3.628198226963758599e-01
-1.979166666666666574e-02 1.812777625670903333e-03 2.132007582345313290e-01
-1.979166666666666574e-02 1.947811526054364813e-03 1.207190201607226399e-01
-1.979166666666666574e-02 2.107519212325155693e-03 7.069375932924543138e-02
-1.979166666666666574e-02 2.265737229933362153e-03 5.443531841151696277e-02
-1.979166666666666574e-02 2.459700199479140665e-03 5.746035516409575550e-02
-1.979166666666666574e-02 2.615558882869769945e-03 8.116238125561918426e-02
-1.979166666666666574e-02 2.812870476796975033e-03 1.108283048900532836e-01
-1.979166666666666574e-02 3.012855060508688385e-03 1.509923905249863363e-01
-1.979166666666666574e-02 3.214996669411221680e-03 1.977118995808742064e-01
-1.979166666666666574e-02 3.418779766930080035e-03 2.499498470416683660e-01
-1.979166666666666574e-02 3.686820192443828609e-03 3.017877854394739878e-01
-1.979166666666666574e-02 3.897081451199367955e-03 3.501099871920718698e-01
-1.979166666666666574e-02 4.107609733421177002e-03 4.058760633714711408e-01
-1.979166666666666574e-02 4.395777360379381736e-03 4.560912062197367001e-01
-1.979166666666666574e-02 4.610548134383289122e-03 5.078726085830330694e-01
-1.979166666666666574e-02 4.912800509478134313e-03 5.561725618363964063e-01
-1.979166666666666574e-02 5.130438772112392437e-03 6.084342983335054855e-01
-1.979166666666666574e-02 5.446085601985240117e-03 6.498705638249133720e-01
-1.979166666666666574e-02 5.771154725287127793e-03 6.980417243021194151e-01
-1.979166666666666574e-02 5.993569083193366932e-03 7.413136236271302693e-01
-1.979166666666666574e-02 6.331169810873242022e-03 7.789663157485724465e-01
-1.979166666666666574e-02 6.678019873558041324e-03 8.200168085202915735e-01
-1.979166666666666574e-02 7.034119271247772642e-03 8.638404241979933396e-01
-1.979166666666666574e-02 7.261151464316236044e-03 8.952488304257311125e-01
-1.979166666666666574e-02 7.628747257197243496e-03 9.275471162749592269e-01
-1.979166666666666574e-02 8.005419489408650488e-03 9.615767631437364127e-01
-1.979166666666666574e-02 8.391168160950450081e-03 9.984166151127176203e-01
-1.979166666666666574e-02 8.618692112331979502e-03 1.035620010094066679e+00
-1.979166666666666574e-02 9.014902648487735717e-03 1.062349829133625079e+00
-1.979166666666666574e-02 9.420016792197555625e-03 1.089773675477512027e+00
-1.979166666666666574e-02 9.834034543461435754e-03 1.117766383084739745e+00
-1.979166666666666574e-02 1.025695590227937957e-02 1.146468679342875330e+00
-1.979166666666666574e-02 1.068878086865138535e-02 1.175264615581645078e+00
-1.979166666666666574e-02 1.112950944257745309e-02 1.204775751096666125e+00
-1.979166666666666574e-02 1.157914162405758104e-02 1.233445275239024141e+00
-1.979166666666666574e-02 1.180409685331164187e-02 1.258140916545009480e+00
-1.979166666666666574e-02 1.226246599887293072e-02 1.279483406061548978e+00
-1.979166666666666574e-02 1.272956598530205173e-02 1.301806511041930570e+00
-1.979166666666666574e-02 1.320539681259900837e-02 1.323581500374435560e+00
-1.979166666666666574e-02 1.368995848076379890e-02 1.345923172739428519e+00
-1.938775510204081634e-02 1.132107111936275822e-03 2.163735577126546517e+00
-1.938775510204081634e-02 1.270763183306305305e-03 1.447609206875440702e+00
-1.938775510204081634e-02 1.389942775640963047e-03 9.688039685432040526e-01
-1.938775510204081634e-02 1.518679195047267392e-03 6.300345489813927724e-01
-1.938775510204081634e-02 1.640487673526925573e-03 3.907750014351364376e-01
-1.938775510204081634e-02 1.777995421968627020e-03 2.330562794292087014e-01
-1.938775510204081634e-02 1.938080766798488215e-03 1.354903246741546163e-01
-1.938775510204081634e-02 2.097886745127961697e-03 8.176224987842710401e-02
-1.938775510204081634e-02 2.256402194104828365e-03 5.567926726971370727e-02
-1.938775510204081634e-02 2.412617554313901350e-03 5.406485813198259882e-02
-1.938775510204081634e-02 2.606687018979522708e-03 7.325924641427954132e-02
-1.938775510204081634e-02 2.759079791199347577e-03 1.068426788290596646e-01
-1.938775510204081634e-02 2.955259296979591537e-03 1.438410204017667726e-01
-1.938775510204081634e-02 3.153557497076589933e-03 1.893854092311046122e-01
-1.938775510204081634e-02 3.410887788838039194e-03 2.373934429118988443e-01
-1.938775510204081634e-02 3.616388713658631217e-03 2.843011595341060627e-01
-1.938775510204081634e-02 3.822659378979340050e-03 3.354340084965857782e-01
-1.938775510204081634e-02 4.100582318522480278e-03 3.942098366797659459e-01
-1.938775510204081634e-02 4.311861760270070155e-03 4.389831123269123392e-01
-1.938775510204081634e-02 4.522564572745495746e-03 4.951957319390285495e-01
-1.938775510204081634e-02 4.819049034850557932e-03 5.392725895910934764e-01
-1.938775510204081634e-02 5.124945702101812994e-03 5.939581972648713126e-01
-1.938775510204081634e-02 5.342195894713832639e-03 6.347664242015003122e-01
-1.938775510204081634e-02 5.661063988775472990e-03 6.803514151715270852e-01
-1.938775510204081634e-02 5.879278705003257964e-03 7.289133572885498902e-01
-1.938775510204081634e-02 6.210441780207918809e-03 7.645732299163923162e-01
-1.938775510204081634e-02 6.550677816377086134e-03 8.039722712890189360e-01
-1.938775510204081634e-02 6.899986813510769479e-03 8.464498560078859146e-01
-1.938775510204081634e-02 7.122743000731625654e-03 8.830614375358869506e-01
-1.938775510204081634e-02 7.483331865143663490e-03 9.142691617723851527e-01
-1.938775510204081634e-02 7.852824158306617383e-03 9.473938378232364954e-01
-1.938775510204081634e-02 8.231219880220484730e-03 9.835060310927972171e-01
-1.938775510204081634e-02 8.618519030885266399e-03 1.020257294495410028e+00
-1.938775510204081634e-02 8.843132387941770797e-03 1.051590582164415366e+00
-1.938775510204081634e-02 9.240527473029525388e-03 1.078481770596731337e+00
-1.938775510204081634e-02 9.646656516031295800e-03 1.106037058652057592e+00
-1.938775510204081634e-02 1.006151951694708377e-02 1.134398159997247468e+00
-1.938775510204081634e-02 1.048511647577688756e-02 1.162926160827225441e+00
-1.938775510204081634e-02 1.091744739252070717e-02 1.192234215670040509e+00
-1.938775510204081634e-02 1.135851226717854434e-02 1.220753015210831460e+00
-1.938775510204081634e-02 1.157927105807165201e-02 1.249408991908405042e+00
-1.938775510204081634e-02 1.202890991202783776e-02 1.270567245239592857e+00
-1.938775510204081634e-02 1.248711331558318566e-02 1.292743597047687709e+00
-1.938775510204081634e-02 1.295388126873770265e-02 1.314412239060507748e+00
-1.938775510204081634e-02 1.342921377149138527e-02 1.336680721082022405e+00
-1.899999999999999953e-02 1.110688990368570656e-03 2.308286934859597128e+00
-1.899999999999999953e-02 1.260932034983393334e-03 1.525350592646572245e+00
-1.899999999999999953e-02 1.363700199165710641e-03 1.029253189458099182e+00
-1.899999999999999953e-02 1.490034035458473504e-03 6.718467835333440386e-01
-1.899999999999999953e-02 1.631006666154895084e-03 4.258938196321376823e-01
-1.899999999999999953e-02 1.768694667009808623e-03 2.580466949404036647e-01
-1.899999999999999953e-02 1.901612267795288989e-03 1.478462229609958378e-01
-1.899999999999999953e-02 2.058433837146101709e-03 8.538092107141270759e-02
-1.899999999999999953e-02 2.213993291156209856e-03 5.632326083515253740e-02
-1.899999999999999953e-02 2.367300185933215572e-03 5.607055479218782390e-02
-1.899999999999999953e-02 2.557739597193592600e-03 6.619050396302966766e-02
-1.899999999999999953e-02 2.751418303927828050e-03 9.485046829115460765e-02
-1.899999999999999953e-02 2.947839337310775073e-03 1.328491648530580327e-01
-1.899999999999999953e-02 3.146506105047292348e-03 1.754358675871165174e-01
-1.899999999999999953e-02 3.346922402409806437e-03 2.209813980233825692e-01
-1.899999999999999953e-02 3.548592423848931799e-03 2.695404526711366877e-01
-1.899999999999999953e-02 3.751020775218808292e-03 3.231729492321790409e-01
-1.899999999999999953e-02 4.023735295866092548e-03 3.750852836585858996e-01
-1.899999999999999953e-02 4.231083517237137735e-03 4.238428607514868607e-01
-1.899999999999999953e-02 4.517856955627655782e-03 4.791363979383397309e-01
-1.899999999999999953e-02 4.728801309819693696e-03 5.239753923379045775e-01
-1.899999999999999953e-02 5.028969361712543919e-03 5.750706612097955528e-01
-1.899999999999999953e-02 5.242187316477182717e-03 6.209687891946126248e-01
-1.899999999999999953e-02 5.555086040384558423e-03 6.638659611246420233e-01
-1.899999999999999953e-02 5.877054292521131061e-03 7.124101047102469053e-01
-1.899999999999999953e-02 6.094222135255652865e-03 7.511657932898130330e-01
-1.899999999999999953e-02 6.428091134630505021e-03 7.888385336438022977e-01
-1.899999999999999953e-02 6.770863307322022226e-03 8.299015727793517261e-01
-1.899999999999999953e-02 6.989501075368594572e-03 8.716219706873431505e-01
-1.899999999999999953e-02 7.343344567309128407e-03 9.016844369714007712e-01
-1.899999999999999953e-02 7.705924935593875223e-03 9.338539498074058809e-01
-1.899999999999999953e-02 8.077242180222831552e-03 9.691923305550176337e-01
-1.899999999999999953e-02 8.457296301195998262e-03 1.005313324682002296e+00
-1.899999999999999953e-02 8.677771352956836423e-03 1.041325856283141782e+00
-1.899999999999999953e-02 9.067735398941564190e-03 1.067650270412690894e+00
-1.899999999999999953e-02 9.466270083299581362e-03 1.094736659781647248e+00
-1.899999999999999953e-02 9.873375406030891407e-03 1.122727688837032112e+00
-1.899999999999999953e-02 1.028905136713549086e-02 1.150961231980373700e+00
-1.899999999999999953e-02 1.071329796661338145e-02 1.180041498375670850e+00
-1.899999999999999953e-02 1.114611520446456144e-02 1.208387182269520022e+00
-1.899999999999999953e-02 1.158750308068903258e-02 1.237895939936358713e+00
-1.899999999999999953e-02 1.180406477978836882e-02 1.261925419804644788e+00
-1.899999999999999953e-02 1.225370341682551975e-02 1.283937596889452193e+00
-1.899999999999999953e-02 1.271174651436803721e-02 1.305484325701309789e+00
-1.899999999999999953e-02 1.317819407241592293e-02 1.327664880951463067e+00
-1.862745098039215660e-02 1.090065142987140879e-03 2.467816847006507608e+00
-1.862745098039215660e-02 1.237533424865139243e-03 1.602855337465209917e+00
-1.862745098039215660e-02 1.354556284612631238e-03 1.087073906490038766e+00
-1.862745098039215660e-02 1.480944978494870947e-03 7.182084766121521469e-01
-1.862745098039215660e-02 1.600833159781818275e-03 4.569627073230758674e-01
-1.862745098039215660e-02 1.735999459760177851e-03 2.791226537551633746e-01
-1.862745098039215660e-02 1.866488574477937357e-03 1.678921268179057180e-01
-1.862745098039215660e-02 2.020434915070030805e-03 9.583479631077590488e-02
-1.862745098039215660e-02 2.173146347849656129e-03 6.298703432584421003e-02
-1.862745098039215660e-02 2.359767286046441336e-03 5.290997276310951264e-02
-1.862745098039215660e-02 2.510593218153680650e-03 6.386193837211509572e-02
-1.862745098039215660e-02 2.700717588427386292e-03 8.630884724165778510e-02
-1.862745098039215660e-02 2.893536246670241029e-03 1.207887499214856525e-01
-1.862745098039215660e-02 3.088561855849576623e-03 1.619191950337826591e-01
-1.862745098039215660e-02 3.285307451796936999e-03 2.075837823445378372e-01
-1.862745098039215660e-02 3.483286454382223188e-03 2.574565002439380690e-01
-1.862745098039215660e-02 3.746085843944668616e-03 3.130814463833872519e-01
-1.862745098039215660e-02 3.949710029686366586e-03 3.581483338179076714e-01
-1.862745098039215660e-02 4.153270291714450044e-03 4.106403628855375687e-01
-1.862745098039215660e-02 4.434769722597320385e-03 4.608643745064218145e-01
-1.862745098039215660e-02 4.641864946141974549e-03 5.102589102113861408e-01
-1.862745098039215660e-02 4.936514576512313068e-03 5.576401332670117839e-01
-1.862745098039215660e-02 5.145846845197364280e-03 6.084613780104519698e-01
-1.862745098039215660e-02 5.452995143050840682e-03 6.485711147437400736e-01
-1.862745098039215660e-02 5.769046290117459466e-03 6.948146022479178008e-01
-1.862745098039215660e-02 5.982263529851736955e-03 7.387333674871191525e-01
-1.862745098039215660e-02 6.309998931414102785e-03 7.746062360277221615e-01
-1.862745098039215660e-02 6.646473943684800406e-03 8.141873257118829033e-01
-1.862745098039215660e-02 6.991688566663827216e-03 8.562743314702542241e-01
-1.862745098039215660e-02 7.208487686573589182e-03 8.897866906094022976e-01
-1.862745098039215660e-02 7.564409446231894554e-03 9.209515523177348451e-01
-1.862745098039215660e-02 7.928907633833770854e-03 9.554705871692827923e-01
-1.862745098039215660e-02 8.301982249379221551e-03 9.909194912505062680e-01
-1.862745098039215660e-02 8.683633292868243175e-03 1.027407610164123408e+00
-1.862745098039215660e-02 8.901273452954305485e-03 1.057275792037148276e+00
-1.862745098039215660e-02 9.292491993183391377e-03 1.083862160578883627e+00
-1.862745098039215660e-02 9.692123835352893166e-03 1.111454553681908486e+00
-1.862745098039215660e-02 1.010016897946280218e-02 1.139367392368306309e+00
-1.862745098039215660e-02 1.051662742551312188e-02 1.168195410813571700e+00
-1.862745098039215660e-02 1.094149917350385227e-02 1.196345801860668745e+00
-1.862745098039215660e-02 1.137478422343499163e-02 1.225715871722268036e+00
-1.862745098039215660e-02 1.158745331436843162e-02 1.253556371524019664e+00
-1.862745098039215660e-02 1.202884082046932861e-02 1.275387104477611055e+00
-1.862745098039215660e-02 1.247847856032912282e-02 1.296796483219003093e+00
-1.862745098039215660e-02 1.293636653394781254e-02 1.318874494267461728e+00
-1.826923076923077024e-02 1.070192252853749415e-03 2.641591051469799112e+00
-1.826923076923077024e-02 1.228651281154718739e-03 1.679531209515735313e+00
-1.826923076923077024e-02 1.345735936020009361e-03 1.148901460206039005e+00
-1.826923076923077024e-02 1.454017494722811485e-03 7.651508422492396821e-01
-1.826923076923077024e-02 1.592395638054030756e-03 4.935145683988714227e-01
-1.826923076923077024e-02 1.727774880521558724e-03 3.073202451883630948e-01
-1.826923076923077024e-02 1.858723057232321589e-03 1.799796495159718124e-01
-1.826923076923077024e-02 2.012861522795927113e-03 1.060758499870255306e-01
-1.826923076923077024e-02 2.165948482298003189e-03 6.567713411236318632e-02
-1.826923076923077024e-02 2.317029209730857211e-03 5.148731498010295643e-02
-1.826923076923077024e-02 2.504046154465571633e-03 6.219560412614347916e-02
-1.826923076923077024e-02 2.651848333776086249e-03 8.192265738887379023e-02
-1.826923076923077024e-02 2.841194098601349752e-03 1.124482472914348496e-01
-1.826923076923077024e-02 3.032709333810888405e-03 1.517230594238783981e-01
-1.826923076923077024e-02 3.225915978381911717e-03 1.971432656822226792e-01
-1.826923076923077024e-02 3.420336341035277658e-03 2.480011396236877219e-01
-1.826923076923077024e-02 3.678386407917226975e-03 2.952723140062072371e-01
-1.826923076923077024e-02 3.878354217892980658e-03 3.433639037973176822e-01
-1.826923076923077024e-02 4.078262111194263899e-03 3.993460512715442112e-01
-1.826923076923077024e-02 4.354677654286319942e-03 4.443518487700112707e-01
-1.826923076923077024e-02 4.558061355408895426e-03 4.981014278349235047e-01
-1.826923076923077024e-02 4.847391421914341511e-03 5.416476735051261038e-01
-1.826923076923077024e-02 5.145623952004572607e-03 5.947391535772650339e-01
-1.826923076923077024e-02 5.354581744555233190e-03 6.344528203930063226e-01
-1.826923076923077024e-02 5.664928931382515014e-03 6.783060769783140209e-01
-1.826923076923077024e-02 5.874336344100400051e-03 7.272654446785845606e-01
-1.826923076923077024e-02 6.196159007217658457e-03 7.612661284977830789e-01
-1.826923076923077024e-02 6.526563608018047351e-03 7.992989582588316821e-01
-1.826923076923077024e-02 6.865550146501563263e-03 8.401097140302328237e-01
-1.826923076923077024e-02 7.078484869398848391e-03 8.785697356341481967e-01
-1.826923076923077024e-02 7.427987691623776957e-03 9.086811531843939083e-01
-1.826923076923077024e-02 7.785912268601113441e-03 9.423359210833526234e-01
-1.826923076923077024e-02 8.152258600330856975e-03 9.770714498585335583e-01
-1.826923076923077024e-02 8.527026686813007558e-03 1.012988353382558993e+00
-1.826923076923077024e-02 8.740800803671689920e-03 1.047354980935221835e+00
-1.826923076923077024e-02 9.124966434456880174e-03 1.073410559525340924e+00
-1.826923076923077024e-02 9.517393691710573228e-03 1.100576063375857894e+00
-1.826923076923077024e-02 9.918082575432763878e-03 1.128142223517036413e+00
-1.826923076923077024e-02 1.032703308562345212e-02 1.156693780313300390e+00
-1.826923076923077024e-02 1.074424522228264144e-02 1.184626913133308257e+00
-1.826923076923077024e-02 1.116971898541032661e-02 1.213837459403702024e+00
-1.826923076923077024e-02 1.160345437500651111e-02 1.241873878858043012e+00
-1.826923076923077024e-02 1.181206551670513881e-02 1.267090722514112366e+00
-1.826923076923077024e-02 1.225360020165742504e-02 1.288347442265215914e+00
-1.826923076923077024e-02 1.270323644046204500e-02 1.310308409723768497e+00
-1.792452830188679194e-02 1.051030092080044434e-03 2.828913319536249471e+00
-1.792452830188679194e-02 1.220079420506087415e-03 1.758451241887710736e+00
-1.792452830188679194e-02 1.321675504588545880e-03 1.212053540337757696e+00
-1.792452830188679194e-02 1.445878564169904420e-03 8.115436197723961964e-01
-1.792452830188679194e-02 1.563977462719763579e-03 5.274149381328366859e-01
-1.792452830188679194e-02 1.696963482627914747e-03 3.294715984567499478e-01
-1.792452830188679194e-02 1.825601960764803482e-03 1.994680104934287990e-01
-1.792452830188679194e-02 1.977012842141375945e-03 1.148693982822558274e-01
-1.792452830188679194e-02 2.127394442264595072e-03 6.969011109534566095e-02
-1.792452830188679194e-02 2.275809151495339876e-03 5.524228817578022421e-02
-1.792452830188679194e-02 2.459511892841013524e-03 5.586718403309835768e-02
-1.792452830188679194e-02 2.646443586729595090e-03 7.865634175502948799e-02
-1.792452830188679194e-02 2.790708755561796105e-03 1.077483196150356148e-01
-1.792452830188679194e-02 2.978837495101390245e-03 1.447807391113077602e-01
-1.792452830188679194e-02 3.168629986419826527e-03 1.896037480585490986e-01
-1.792452830188679194e-02 3.417058077071085352e-03 2.347410831129694841e-01
-1.792452830188679194e-02 3.613086163414110964e-03 2.798485467358928225e-01
-1.792452830188679194e-02 3.809526301872173237e-03 3.306975478291853676e-01
-1.792452830188679194e-02 4.076782011516000975e-03 3.841293954880290462e-01
-1.792452830188679194e-02 4.277421980064212946e-03 4.295735422707573359e-01
-1.792452830188679194e-02 4.557835699881116268e-03 4.845726055988505698e-01
-1.792452830188679194e-02 4.761423359641722523e-03 5.270746219909874242e-01
-1.792452830188679194e-02 5.054366761933730759e-03 5.768920814119270490e-01
-1.792452830188679194e-02 5.259651056100538881e-03 6.214972111455002723e-01
-1.792452830188679194e-02 5.564496137719426513e-03 6.628723547708680330e-01
-1.792452830188679194e-02 5.877928404736030427e-03 7.101470477780240653e-01
-1.792452830188679194e-02 6.086346218618504667e-03 7.488090691966282630e-01
-1.792452830188679194e-02 6.410895151328772218e-03 7.852284048987303589e-01
-1.792452830188679194e-02 6.743873926447098779e-03 8.247030424262096204e-01
-1.792452830188679194e-02 7.085282543973481749e-03 8.666468357905698916e-01
-1.792452830188679194e-02 7.296390086302786786e-03 8.970373142065403149e-01
-1.792452830188679194e-02 7.647973508828712422e-03 9.297834984010634463e-01
-1.792452830188679194e-02 8.007829482472897734e-03 9.637648954121813549e-01
-1.792452830188679194e-02 8.375958007235340119e-03 9.990732015241399200e-01
-1.792452830188679194e-02 8.752359083116037844e-03 1.035008502165149835e+00
-1.792452830188679194e-02 8.963362630278602639e-03 1.063378879245761022e+00
-1.792452830188679194e-02 9.348839972911682922e-03 1.090089547593745545e+00
-1.792452830188679194e-02 9.742432628021246641e-03 1.117283324990077098e+00
-1.792452830188679194e-02 1.014414059560729379e-02 1.145534449799858745e+00
-1.792452830188679194e-02 1.055396387566982785e-02 1.173228568827034302e+00
-1.792452830188679194e-02 1.097190246820884882e-02 1.202258949926947373e+00
-1.792452830188679194e-02 1.139795637322435495e-02 1.230163277614571227e+00
-1.792452830188679194e-02 1.160294984643033857e-02 1.259047062427477437e+00
-1.792452830188679194e-02 1.203666779336480704e-02 1.280135941165674529e+00
-1.792452830188679194e-02 1.247834386776596437e-02 1.301965482741250568e+00
-1.759259259259259370e-02 1.032541251699364794e-03 3.029123162843355921e+00
-1.759259259259259370e-02 1.211801885674949160e-03 1.839517010809091691e+00
-1.759259259259259370e-02 1.313727915540008600e-03 1.272967055142153248e+00
-1.759259259259259370e-02 1.420502865045455325e-03 8.631708488532547907e-01
-1.759259259259259370e-02 1.556463410122001364e-03 5.653324063729453508e-01
-1.759259259259259370e-02 1.667230190853223647e-03 3.598836916167452160e-01
-1.759259259259259370e-02 1.818801206487435972e-03 2.168621947877894529e-01
-1.759259259259259370e-02 1.942416825141887954e-03 1.301377971986372728e-01
-1.759259259259259370e-02 2.090186831080444001e-03 7.944210194536518999e-02
-1.759259259259259370e-02 2.270224927214774518e-03 5.585707119691948191e-02
-1.759259259259259370e-02 2.416531526034286417e-03 5.410864427892726064e-02
-1.759259259259259370e-02 2.600209827886550140e-03 6.981457310290435647e-02
-1.759259259259259370e-02 2.786600658737650119e-03 9.943160845958115557e-02
-1.759259259259259370e-02 2.975242308190198959e-03 1.361225841074132359e-01
-1.759259259259259370e-02 3.165673392923497049e-03 1.766683857736801311e-01
-1.759259259259259370e-02 3.357432866332366126e-03 2.198648860271132377e-01
-1.759259259259259370e-02 3.550060028667840952e-03 2.667700318806727200e-01
-1.759259259259259370e-02 3.743094537716254097e-03 3.201154439658099871e-01
-1.759259259259259370e-02 4.005689754987668515e-03 3.672992700448842740e-01
-1.759259259259259370e-02 4.202854932971650248e-03 4.165045886681018050e-01
-1.759259259259259370e-02 4.478380282375618235e-03 4.669554759917809994e-01
-1.759259259259259370e-02 4.678446081500788056e-03 5.139025938632050261e-01
-1.759259259259259370e-02 4.966284361997163645e-03 5.603393868976336289e-01
-1.759259259259259370e-02 5.168021777715224759e-03 6.096906057670956613e-01
-1.759259259259259370e-02 5.467556101158309312e-03 6.485014168524578793e-01
-1.759259259259259370e-02 5.775528011177259030e-03 6.936547473804370867e-01
-1.759259259259259370e-02 5.980351006428371793e-03 7.372260228479762256e-01
-1.759259259259259370e-02 6.299247839873652402e-03 7.719676899243779200e-01
-1.759259259259259370e-02 6.626427707953875916e-03 8.100472625571573104e-01
-1.759259259259259370e-02 6.961890610669039733e-03 8.508534001521667056e-01
-1.759259259259259370e-02 7.169365697213833134e-03 8.860146505198638334e-01
-1.759259259259259370e-02 7.514828330016085946e-03 9.178085306658315679e-01
-1.759259259259259370e-02 7.868419495354864526e-03 9.509955616426450931e-01
-1.759259259259259370e-02 8.230139193230163672e-03 9.856583459577767936e-01
-1.759259259259259370e-02 8.599987423641989454e-03 1.021066997116767627e+00
-1.759259259259259370e-02 8.807372679909783800e-03 1.053764166276167646e+00
-1.759259259259259370e-02 9.186141536673674349e-03 1.079992356648638463e+00
-1.759259259259259370e-02 9.572884474632592164e-03 1.106788314227575842e+00
-1.759259259259259370e-02 9.967601493786538980e-03 1.134715277659757104e+00
-1.759259259259259370e-02 1.037029259413551480e-02 1.162148835159225291e+00
-1.759259259259259370e-02 1.078095777567951961e-02 1.190978601921267366e+00
-1.759259259259259370e-02 1.119959703841855517e-02 1.218732553243470296e+00
-1.759259259259259370e-02 1.162621038235261625e-02 1.247593684527689817e+00
-1.759259259259259370e-02 1.182726835856567557e-02 1.272160725864774022e+00
-1.759259259259259370e-02 1.226126068511139075e-02 1.293844575420935561e+00
-1.727272727272727293e-02 1.014690899353813810e-03 3.241593700664505917e+00
-1.727272727272727293e-02 1.190852513824962235e-03 1.920514245968291345e+00
-1.727272727272727293e-02 1.306047166283870204e-03 1.337673189226768145e+00
-1.727272727272727293e-02 1.413207193282814541e-03 9.095539536681778170e-01
-1.727272727272727293e-02 1.529634922539127974e-03 6.018061528594562670e-01
-1.727272727272727293e-02 1.660585805859160448e-03 3.838443778738734879e-01
-1.727272727272727293e-02 1.787495687721901835e-03 2.357599751182659076e-01
-1.727272727272727293e-02 1.936540505044744356e-03 1.396539151988757388e-01
-1.727272727272727293e-02 2.084747171108052716e-03 8.358434074111498191e-02
-1.727272727272727293e-02 2.231210161796893122e-03 5.620852999714509579e-02
-1.727272727272727293e-02 2.375025254257828993e-03 5.681105719839905227e-02
-1.727272727272727293e-02 2.555561270558475827e-03 6.499987964319457745e-02
-1.727272727272727293e-02 2.738765237642283665e-03 8.992242624605852053e-02
-1.727272727272727293e-02 2.924183457921681380e-03 1.241130995762525779e-01
-1.727272727272727293e-02 3.111362549349976862e-03 1.638617547723296985e-01
-1.727272727272727293e-02 3.299849454723092178e-03 2.075775060141985817e-01
-1.727272727272727293e-02 3.489191451465684709e-03 2.559974199892502966e-01
-1.727272727272727293e-02 3.742869911584999557e-03 3.084470664962429276e-01
-1.727272727272727293e-02 3.937030375437841623e-03 3.523657126760396108e-01
-1.727272727272727293e-02 4.130838814763305826e-03 4.051205257470820720e-01
-1.727272727272727293e-02 4.401643024263917486e-03 4.508956282196234233e-01
-1.727272727272727293e-02 4.598306470667302796e-03 5.021134745060189530e-01
-1.727272727272727293e-02 4.881214214959965665e-03 5.450652077745088420e-01
-1.727272727272727293e-02 5.172566966544946479e-03 5.971723636438206473e-01
-1.727272727272727293e-02 5.373930072870861108e-03 6.351813974447225730e-01
-1.727272727272727293e-02 5.676628294568063920e-03 6.781355202744476784e-01
-1.727272727272727293e-02 5.987619618229571283e-03 7.258210064691015262e-01
-1.727272727272727293e-02 6.191415962235289304e-03 7.595089262503055272e-01
-1.727272727272727293e-02 6.512995095053559363e-03 7.961353952718788207e-01
-1.727272727272727293e-02 6.842715471740644026e-03 8.357507667373105242e-01
-1.727272727272727293e-02 7.046680661680674272e-03 8.756078299725429392e-01
-1.727272727272727293e-02 7.386231600593858547e-03 9.064062743509244680e-01
-1.727272727272727293e-02 7.733771973363823965e-03 9.387592206883954571e-01
-1.727272727272727293e-02 8.089301779990568791e-03 9.727400109811670248e-01
-1.727272727272727293e-02 8.452821020474095629e-03 1.007588394043674951e+00
-1.727272727272727293e-02 8.824329694814402741e-03 1.043141807967882029e+00
-1.727272727272727293e-02 9.028999077857511463e-03 1.070281861301584980e+00
-1.727272727272727293e-02 9.409126209173560712e-03 1.096654826387610582e+00
-1.727272727272727293e-02 9.797091013300250617e-03 1.124234137609086748e+00
-1.727272727272727293e-02 1.019289349023757944e-02 1.151385791714078177e+00
-1.727272727272727293e-02 1.059653363998555066e-02 1.179994685606469584e+00
-1.727272727272727293e-02 1.100801146254416080e-02 1.207580137188474456e+00
-1.727272727272727293e-02 1.142732695791341159e-02 1.236313141973708785e+00
-1.727272727272727293e-02 1.185448012609330304e-02 1.264180047495682802e+00
-1.727272727272727293e-02 1.205158786113965513e-02 1.285944556497781388e+00
-1.696428571428571300e-02 9.974465615168396759e-04 3.465729674719025155e+00
-1.696428571428571300e-02 1.170614367335735557e-03 2.014235634718495316e+00
-1.696428571428571300e-02 1.283873077246374707e-03 1.402950554403490369e+00
-1.696428571428571300e-02 1.406150984009662706e-03 9.616580772627334461e-01
-1.696428571428571300e-02 1.522941041430100981e-03 6.410265105876289393e-01
-1.696428571428571300e-02 1.632465680959995251e-03 4.149254701491082997e-01
-1.696428571428571300e-02 1.781549644503007280e-03 2.582513167326137560e-01
-1.696428571428571300e-02 1.903787068804393924e-03 1.531381647599661666e-01
-1.696428571428571300e-02 2.049504982882363775e-03 9.064974862518418441e-02
-1.696428571428571300e-02 2.193511791307301787e-03 6.152861447570015518e-02
-1.696428571428571300e-02 2.371150514154637956e-03 5.276130706188771058e-02
-1.696428571428571300e-02 2.512417892313580960e-03 6.412251220226598825e-02
-1.696428571428571300e-02 2.692541949317968971e-03 8.395832880693461509e-02
-1.696428571428571300e-02 2.874844853671731492e-03 1.152851218773671693e-01
-1.696428571428571300e-02 3.058880952128970650e-03 1.539026509140597465e-01
-1.696428571428571300e-02 3.244204905030486415e-03 1.978332429526986069e-01
-1.696428571428571300e-02 3.430371695753589491e-03 2.474921075962147887e-01
-1.696428571428571300e-02 3.679773719551999913e-03 2.923942245849443511e-01
-1.696428571428571300e-02 3.870681303920822051e-03 3.393002993264514489e-01
-1.696428571428571300e-02 4.133027481186567209e-03 3.946602749528533849e-01
-1.696428571428571300e-02 4.327487032440166526e-03 4.363720353811676445e-01
-1.696428571428571300e-02 4.602181033522791641e-03 4.915935341411319937e-01
-1.696428571428571300e-02 4.799004671114625621e-03 5.310539029057366189e-01
-1.696428571428571300e-02 5.085450451656935850e-03 5.801877582475934991e-01
-1.696428571428571300e-02 5.283451272748534468e-03 6.229005814457962975e-01
-1.696428571428571300e-02 5.581053080549957211e-03 6.635790453733110272e-01
-1.696428571428571300e-02 5.886808362537718914e-03 7.093635873108170564e-01
-1.696428571428571300e-02 6.087207575526457082e-03 7.478443142404967992e-01
-1.696428571428571300e-02 6.403374175438745000e-03 7.829605354205677603e-01
-1.696428571428571300e-02 6.727544993070330194e-03 8.213328070194911845e-01
-1.696428571428571300e-02 7.059720028421217000e-03 8.621475560488148782e-01
-1.696428571428571300e-02 7.261954589208942205e-03 8.955720303572771712e-01
-1.696428571428571300e-02 7.603647422773668341e-03 9.270516826830340618e-01
-1.696428571428571300e-02 7.953195264006547235e-03 9.603144534810550415e-01
-1.696428571428571300e-02 8.310598112907583226e-03 9.945693432863751404e-01
-1.696428571428571300e-02 8.675855969476771110e-03 1.029635552760445938e+00
-1.696428571428571300e-02 8.877133307539534363e-03 1.060955452573181246e+00
-1.696428571428571300e-02 9.250866784462857470e-03 1.086880514188568014e+00
-1.696428571428571300e-02 9.632306106271195170e-03 1.114088918561981112e+00
-1.696428571428571300e-02 1.002145127296455267e-02 1.140937531331541299e+00
-1.696428571428571300e-02 1.041830228454292476e-02 1.169305482699905641e+00
-1.696428571428571300e-02 1.082285914100631664e-02 1.196704470979927271e+00
-1.696428571428571300e-02 1.123512184235472139e-02 1.225292062023198403e+00
-1.696428571428571300e-02 1.165509038858814767e-02 1.253057866353150640e+00
-1.696428571428571300e-02 1.184895303851055993e-02 1.278264301293802196e+00
-1.666666666666666644e-02 1.151051873135580921e-03 2.120140708746177882e+00
-1.666666666666666644e-02 1.276935024862167539e-03 1.466639882727456712e+00
-1.666666666666666644e-02 1.382693993052496514e-03 1.011799067200536140e+00
-1.666666666666666644e-02 1.497557395545896005e-03 6.798373552651632012e-01
-1.666666666666666644e-02 1.626604307621907358e-03 4.419996296951319570e-01
-1.666666666666666644e-02 1.751895997584823833e-03 2.765296374526048373e-01
-1.666666666666666644e-02 1.898727767793920249e-03 1.699166613370831080e-01
-1.666666666666666644e-02 2.015432901449731428e-03 1.031933857209163669e-01
-1.666666666666666644e-02 2.189535636410497917e-03 6.581199434065587717e-02
-1.666666666666666644e-02 2.331761824040298140e-03 5.148065323923604192e-02
-1.666666666666666644e-02 2.509626460839436100e-03 6.093391915211202048e-02
-1.666666666666666644e-02 2.647850773906136861e-03 8.146522460383298636e-02
-1.666666666666666644e-02 2.827141136349037125e-03 1.095759781902384128e-01
-1.666666666666666644e-02 3.008137862820201708e-03 1.467380915779030182e-01
-1.666666666666666644e-02 3.190403072976105703e-03 1.905873071701421062e-01
-1.666666666666666644e-02 3.431105636780888268e-03 2.346720097993528764e-01
-1.666666666666666644e-02 3.618766359625648962e-03 2.784074784137628433e-01
-1.666666666666666644e-02 3.806528054088651521e-03 3.280750885372823999e-01
-1.666666666666666644e-02 4.064526066643549783e-03 3.778552755933590745e-01
-1.666666666666666644e-02 4.255784437618559748e-03 4.233639929496578747e-01
-1.666666666666666644e-02 4.525927004459581043e-03 4.744889550219540952e-01
-1.666666666666666644e-02 4.719514073518578552e-03 5.182900486067996138e-01
-1.666666666666666644e-02 5.001215173062508595e-03 5.643582560046475072e-01
-1.666666666666666644e-02 5.195963906196941762e-03 6.116474021509111791e-01
-1.666666666666666644e-02 5.488637799061431809e-03 6.499751263246623667e-01
-1.666666666666666644e-02 5.789330154744123415e-03 6.937893097343313942e-01
-1.666666666666666644e-02 5.986443374816953662e-03 7.369661405524815523e-01
-1.666666666666666644e-02 6.297376331168394285e-03 7.705158509188352323e-01
-1.666666666666666644e-02 6.616181007933793004e-03 8.075934545824676736e-01
-1.666666666666666644e-02 6.942857405113155023e-03 8.473246391971109848e-01
-1.666666666666666644e-02 7.141783618643357534e-03 8.853011435170072829e-01
-1.666666666666666644e-02 7.477822112327495684e-03 9.158687953478689137e-01
-1.666666666666666644e-02 7.821585628854946237e-03 9.483779625975965466e-01
-1.666666666666666644e-02 8.173074168225711797e-03 9.820065229351582214e-01
-1.666666666666666644e-02 8.532287730439791495e-03 1.016555133124199317e+00
-1.666666666666666644e-02 8.730283310871288921e-03 1.052010541557681034e+00
-1.666666666666666644e-02 9.097834300955714298e-03 1.077463047753994152e+00
-1.666666666666666644e-02 9.472963661969714330e-03 1.104277524501604324e+00
-1.666666666666666644e-02 9.855671393913292486e-03 1.130802159998765433e+00
-1.666666666666666644e-02 1.024595749678644356e-02 1.158909286326073040e+00
-1.666666666666666644e-02 1.064382197058917102e-02 1.186104006158153368e+00
-1.666666666666666644e-02 1.104926481532147314e-02 1.214529045539323393e+00
-1.666666666666666644e-02 1.146228603098335512e-02 1.242178399153262891e+00
-1.666666666666666644e-02 1.188288561757481002e-02 1.270494487626906865e+00
