1.666666666666666574e-01 2.184184990787254796e-03 2.509122550552864261e+00
1.666666666666666574e-01 2.406715261491186152e-03 1.648708907153978664e+00
1.666666666666666574e-01 2.660518115959108806e-03 1.054472263414187649e+00
1.666666666666666574e-01 2.932599263052142712e-03 6.509375261366207033e-01
1.666666666666666574e-01 3.232901724501045359e-03 3.818183222154772904e-01
1.666666666666666574e-01 3.528898933380420194e-03 2.165669449000440783e-01
1.666666666666666574e-01 3.867824202215552638e-03 1.156842867438717531e-01
1.666666666666666574e-01 4.208335904853932781e-03 6.827432584049876463e-02
1.666666666666666574e-01 4.611507025113112043e-03 6.143426026303083765e-02
1.666666666666666574e-01 4.955637129371579137e-03 6.787091432870351326e-02
1.666666666666666574e-01 5.372651605957080509e-03 9.780659203846754635e-02
1.666666666666666574e-01 5.798227848469067990e-03 1.398020313476254217e-01
1.666666666666666574e-01 6.231294059814437326e-03 1.878707813964570761e-01
1.666666666666666574e-01 6.670770538491755004e-03 2.403357929523517178e-01
1.666666666666666574e-01 7.115569370085059360e-03 2.983684060627792567e-01
1.666666666666666574e-01 7.683722640027343224e-03 3.578822765784502868e-01
1.666666666666666574e-01 8.145420189981577783e-03 4.092824467499801000e-01
1.666666666666666574e-01 8.609531731921724745e-03 4.733449134992461227e-01
1.666666666666666574e-01 9.223466198750735964e-03 5.191991670253085500e-01
1.666666666666666574e-01 9.858542779669226402e-03 5.781054222298583900e-01
1.666666666666666574e-01 1.034544002116085347e-02 6.236052577513657713e-01
1.666666666666666574e-01 1.101189314423730616e-02 6.718440791512584331e-01
1.666666666666666574e-01 1.169914792541697571e-02 7.264024996185405314e-01
1.666666666666666574e-01 1.220347155605871516e-02 7.629830098792167448e-01
1.666666666666666574e-01 1.292036142088281124e-02 8.036099257942597163e-01
1.666666666666666574e-01 1.365771136966457446e-02 8.474531836513994332e-01
1.666666666666666574e-01 1.417405287704389186e-02 8.894786032883520432e-01
1.666666666666666574e-01 1.493928650812488719e-02 9.198604408110504504e-01
1.666666666666666574e-01 1.572463750463369905e-02 9.519852071395695781e-01
1.666666666666666574e-01 1.653010586657031530e-02 9.853773790252651210e-01
1.666666666666666574e-01 1.735569159393475849e-02 1.019538495214563190e+00
1.666666666666666574e-01 1.820139468672699740e-02 1.054044078495218528e+00
1.666666666666666574e-01 1.874127632096267773e-02 1.078362222352816424e+00
1.666666666666666574e-01 1.961206974464611147e-02 1.101317331234016983e+00
1.666666666666666574e-01 2.050263664345248343e-02 1.124573596214029969e+00
1.666666666666666574e-01 2.141297701738180750e-02 1.148033674968643059e+00
1.666666666666666574e-01 2.234309086643406286e-02 1.171439957668042542e+00
1.666666666666666574e-01 2.329297819060926686e-02 1.194685864646634954e+00
1.666666666666666574e-01 2.426263898990740561e-02 1.217693411440463169e+00
1.666666666666666574e-01 2.525207326432849300e-02 1.240343255850368420e+00
1.666666666666666574e-01 2.580296379077992933e-02 1.260959460712014923e+00
1.666666666666666574e-01 2.681398702561180875e-02 1.275547938667932923e+00
1.666666666666666574e-01 2.784443864485287509e-02 1.290048105260264810e+00
1.666666666666666574e-01 2.889431864850311796e-02 1.304520890508159781e+00
1.666666666666666574e-01 2.996362703656255122e-02 1.318668819533205028e+00
1.666666666666666574e-01 3.105236380903116447e-02 1.332596609424604006e+00
1.610169491525423879e-01 2.094716934371537980e-03 2.685589979951692463e+00
1.610169491525423879e-01 2.332584744451382877e-03 1.787440704480582898e+00
1.610169491525423879e-01 2.553231404012384301e-03 1.158474425270222152e+00
1.610169491525423879e-01 2.815189882191045535e-03 7.258755071771204603e-01
1.610169491525423879e-01 3.104279184568270976e-03 4.359027289543919159e-01
1.610169491525423879e-01 3.389501576953734413e-03 2.493183493508293602e-01
1.610169491525423879e-01 3.715852145433368864e-03 1.386403632942131703e-01
1.610169491525423879e-01 4.043949504908771718e-03 7.926848863725255434e-02
1.610169491525423879e-01 4.371722942262558538e-03 5.585585606425482602e-02
1.610169491525423879e-01 4.763962906959196171e-03 6.661975681863868681e-02
1.610169491525423879e-01 5.091835311380681940e-03 8.741642278943036193e-02
1.610169491525423879e-01 5.494626160887955586e-03 1.229362491486689496e-01
1.610169491525423879e-01 5.904424336667429309e-03 1.686841669462420534e-01
1.610169491525423879e-01 6.320202205141636775e-03 2.219086994637576304e-01
1.610169491525423879e-01 6.845824705530920498e-03 2.782739233989293126e-01
1.610169491525423879e-01 7.279163770144267756e-03 3.281673019818955317e-01
1.610169491525423879e-01 7.715734878727236075e-03 3.862101663068407409e-01
1.610169491525423879e-01 8.286269657960858293e-03 4.411045980905278774e-01
1.610169491525423879e-01 8.735968871959194290e-03 4.947797356326364415e-01
1.610169491525423879e-01 9.337479098447109063e-03 5.466938613875478303e-01
1.610169491525423879e-01 9.797563452521864183e-03 6.015347238234370897e-01
1.610169491525423879e-01 1.042872237356504833e-02 6.446758889220846056e-01
1.610169491525423879e-01 1.107958133296011935e-02 6.951193492348834990e-01
1.610169491525423879e-01 1.155589963893481273e-02 7.414511006207328281e-01
1.610169491525423879e-01 1.223474805448783453e-02 7.789407965909369569e-01
1.610169491525423879e-01 1.293297084853084651e-02 8.202482824102712566e-01
1.610169491525423879e-01 1.365056802106384692e-02 8.641370417408036353e-01
1.610169491525423879e-01 1.414491971612194705e-02 8.999890822326814810e-01
1.610169491525423879e-01 1.488851123828412865e-02 9.304466701437652532e-01
1.610169491525423879e-01 1.565115042505341170e-02 9.624956252568269699e-01
1.610169491525423879e-01 1.643283727642981529e-02 9.955906662710881649e-01
1.610169491525423879e-01 1.723357179241332207e-02 1.029264609407201103e+00
1.610169491525423879e-01 1.774267214781072993e-02 1.061888650449658300e+00
1.610169491525423879e-01 1.856706649322696287e-02 1.084055469901727076e+00
1.610169491525423879e-01 1.941018071024216279e-02 1.106682418540899437e+00
1.610169491525423879e-01 2.027201479885634358e-02 1.129651697925736720e+00
1.610169491525423879e-01 2.115256875906948442e-02 1.152684125305211582e+00
1.610169491525423879e-01 2.205184259088160958e-02 1.175657001830165527e+00
1.610169491525423879e-01 2.296983629429269480e-02 1.198478773971697553e+00
1.610169491525423879e-01 2.390654986930275394e-02 1.221016260614748106e+00
1.610169491525423879e-01 2.486198331591178007e-02 1.243328488265429410e+00
1.610169491525423879e-01 2.538220919747243357e-02 1.262615173017014758e+00
1.610169491525423879e-01 2.635763812352018634e-02 1.276957498208100228e+00
1.610169491525423879e-01 2.735145802279290508e-02 1.291324623813209005e+00
1.610169491525423879e-01 2.836366889529060714e-02 1.305406047453111729e+00
1.610169491525423879e-01 2.939427074101327864e-02 1.319302971419001436e+00
1.557377049180327933e-01 2.013514706122411513e-03 2.865892861159879956e+00
1.557377049180327933e-01 2.242859577771236929e-03 1.925834520328823407e+00
1.557377049180327933e-01 2.455974307287166723e-03 1.265131836586143699e+00
1.557377049180327933e-01 2.708802737421331635e-03 8.044049108464721431e-01
1.557377049180327933e-01 2.987770927400651769e-03 4.950574546968040668e-01
1.557377049180327933e-01 3.263277245548314078e-03 2.892877826378193462e-01
1.557377049180327933e-01 3.532330865906129977e-03 1.633691400461201870e-01
1.557377049180327933e-01 3.843588046602234003e-03 9.162739972748890072e-02
1.557377049180327933e-01 4.211994881806295672e-03 6.479963109703965052e-02
1.557377049180327933e-01 4.526758374661434339e-03 5.695317165471902587e-02
1.557377049180327933e-01 4.907960632127825185e-03 7.778633574421092711e-02
1.557377049180327933e-01 5.297055472657337914e-03 1.134590744740416601e-01
1.557377049180327933e-01 5.693073169172580342e-03 1.558203034872556458e-01
1.557377049180327933e-01 6.095037440991857812e-03 2.015386103721770183e-01
1.557377049180327933e-01 6.501965205177516645e-03 2.505381887484801617e-01
1.557377049180327933e-01 6.912866312388142413e-03 3.051039653098319704e-01
1.557377049180327933e-01 7.443651317461994973e-03 3.658084425848021626e-01
1.557377049180327933e-01 7.868514324333438642e-03 4.134863879355892280e-01
1.557377049180327933e-01 8.294704972065195664e-03 4.750332760890987327e-01
1.557377049180327933e-01 8.865832220745332309e-03 5.195597463522841908e-01
1.557377049180327933e-01 9.455972668485237639e-03 5.762825503801851657e-01
1.557377049180327933e-01 9.900937213975398443e-03 6.209408794476279914e-01
1.557377049180327933e-01 1.051885698029870336e-02 6.669839616987995878e-01
1.557377049180327933e-01 1.115547978960735286e-02 7.189710022950948076e-01
1.557377049180327933e-01 1.161434381447360581e-02 7.568083651096542130e-01
1.557377049180327933e-01 1.227716086252416544e-02 7.953754778782458068e-01
1.557377049180327933e-01 1.295836984573941336e-02 8.370510976574948581e-01
1.557377049180327933e-01 1.365797076411934784e-02 8.810767487770436723e-01
1.557377049180327933e-01 1.413202654425237473e-02 9.106503259452356502e-01
1.557377049180327933e-01 1.485591606272868362e-02 9.412222378415124879e-01
1.557377049180327933e-01 1.559788543469239896e-02 9.731291963036143855e-01
1.557377049180327933e-01 1.635793466014350689e-02 1.005860197127325550e+00
1.557377049180327933e-01 1.713606373908202127e-02 1.039111740342048229e+00
1.557377049180327933e-01 1.762174962306043910e-02 1.067921172986036726e+00
1.557377049180327933e-01 1.842193782949057973e-02 1.089837913283141280e+00
1.557377049180327933e-01 1.923989281078596070e-02 1.112242253164583916e+00
1.557377049180327933e-01 2.007561456694656465e-02 1.134832861284186922e+00
1.557377049180327933e-01 2.092910309797240201e-02 1.157470346792607074e+00
1.557377049180327933e-01 2.180035840386346582e-02 1.180049080748653445e+00
1.557377049180327933e-01 2.268938048461975956e-02 1.202421571691538071e+00
1.557377049180327933e-01 2.359616934024128324e-02 1.224637689826525211e+00
1.557377049180327933e-01 2.452072497072804377e-02 1.246401549466195746e+00
1.557377049180327933e-01 2.501288489329571429e-02 1.264437632722593463e+00
1.557377049180327933e-01 2.595600060907728157e-02 1.278662839320383826e+00
1.557377049180327933e-01 2.691656900002634481e-02 1.292644333268849532e+00
1.557377049180327933e-01 2.789459006614288666e-02 1.306479434984112675e+00
1.507936507936507853e-01 1.921368933558232576e-03 3.075223647559832685e+00
1.507936507936507853e-01 2.161139785230538433e-03 2.066759300643848718e+00
1.507936507936507853e-01 2.367446224686929265e-03 1.374217926742937745e+00
1.507936507936507853e-01 2.612003558141575386e-03 8.863120687302030731e-01
1.507936507936507853e-01 2.847692096495276371e-03 5.556081365567401287e-01
1.507936507936507853e-01 3.109616159002716318e-03 3.335271402396651208e-01
1.507936507936507853e-01 3.409275969686124171e-03 1.878167590609433613e-01
1.507936507936507853e-01 3.710638178515020952e-03 1.054522691247586075e-01
1.507936507936507853e-01 4.011823280085932177e-03 6.449239728842269537e-02
1.507936507936507853e-01 4.310927059665988284e-03 6.072616461797013948e-02
1.507936507936507853e-01 4.673564516082288726e-03 6.771142568199535472e-02
1.507936507936507853e-01 5.043649323732169419e-03 9.525737517641101604e-02
1.507936507936507853e-01 5.420254466795449734e-03 1.338734240862201885e-01
1.507936507936507853e-01 5.802446858900670371e-03 1.791460921193592237e-01
1.507936507936507853e-01 6.189287113725355435e-03 2.301529771725489282e-01
1.507936507936507853e-01 6.579829301330906120e-03 2.885032364694151696e-01
1.507936507936507853e-01 7.085042995805707587e-03 3.366459676164692549e-01
1.507936507936507853e-01 7.488743365979198298e-03 3.910692694326231011e-01
1.507936507936507853e-01 8.022755877782264747e-03 4.456336455568039590e-01
1.507936507936507853e-01 8.437128942362362091e-03 4.966068472804972544e-01
1.507936507936507853e-01 8.998733417578390348e-03 5.470059552114836521e-01
1.507936507936507853e-01 9.421274443986922195e-03 6.005695963159707329e-01
1.507936507936507853e-01 1.000925834662987936e-02 6.419361370355813889e-01
1.507936507936507853e-01 1.061503920092442960e-02 6.901203800475828043e-01
1.507936507936507853e-01 1.105058746145196752e-02 7.371686094306875159e-01
1.507936507936507853e-01 1.168123159231508439e-02 7.727963521285415860e-01
1.507936507936507853e-01 1.232937491997909869e-02 8.120776905343263241e-01
1.507936507936507853e-01 1.299501744444400350e-02 8.541682307966245169e-01
1.507936507936507853e-01 1.344471520912145224e-02 8.925711687159202379e-01
1.507936507936507853e-01 1.413339834938489095e-02 9.215352003324468466e-01
1.507936507936507853e-01 1.483928202917461289e-02 9.521346603948510623e-01
1.507936507936507853e-01 1.556236624849059551e-02 9.838136665826078264e-01
1.507936507936507853e-01 1.630265100733285788e-02 1.016233144305982883e+00
1.507936507936507853e-01 1.706013630570139133e-02 1.048995649463648761e+00
1.507936507936507853e-01 1.752419387194755623e-02 1.074028476065677307e+00
1.507936507936507853e-01 1.830228800099184538e-02 1.095794998656540065e+00
1.507936507936507853e-01 1.909728308856173395e-02 1.117876931589107059e+00
1.507936507936507853e-01 1.990917913465723582e-02 1.140117639491162738e+00
1.507936507936507853e-01 2.073797613927833364e-02 1.162396929773191756e+00
1.507936507936507853e-01 2.158367410242504822e-02 1.184552544216964654e+00
1.507936507936507853e-01 2.244627302409736222e-02 1.206624666017791281e+00
1.507936507936507853e-01 2.332577290429528952e-02 1.228305548360608679e+00
1.507936507936507853e-01 2.422217374301883011e-02 1.249686716980354939e+00
1.507936507936507853e-01 2.468852522359116577e-02 1.266531306168277027e+00
1.507936507936507853e-01 2.560218743627568419e-02 1.280379847715208852e+00
1.507936507936507853e-01 2.653245008049744807e-02 1.294122529659900600e+00
1.461538461538461620e-01 1.836968305739044129e-03 3.322455400214371135e+00
1.461538461538461620e-01 2.086430704900707912e-03 2.209898968703423172e+00
1.461538461538461620e-01 2.286557298949643078e-03 1.485525442335186241e+00
1.461538461538461620e-01 2.523591176962567805e-03 9.713970036448333900e-01
1.461538461538461620e-01 2.752349669024877019e-03 6.154468322592099305e-01
1.461538461538461620e-01 3.006480519488621567e-03 3.740945104720465597e-01
1.461538461538461620e-01 3.296985890320114181e-03 2.214686820944676837e-01
1.461538461538461620e-01 3.542019982913415573e-03 1.255368464158440334e-01
1.461538461538461620e-01 3.881764377040085139e-03 7.784354541610426226e-02
1.461538461538461620e-01 4.172429565885105336e-03 5.519872334324913560e-02
1.461538461538461620e-01 4.524141861042768088e-03 6.721682412347562696e-02
1.461538461538461620e-01 4.812252162571348246e-03 8.734291788583059546e-02
1.461538461538461620e-01 5.171160556946810885e-03 1.210579126462709570e-01
1.461538461538461620e-01 5.535332926867466037e-03 1.648327378580191627e-01
1.461538461538461620e-01 5.903870019607843425e-03 2.168978072871828866e-01
1.461538461538461620e-01 6.375273344133975534e-03 2.627394633740779417e-01
1.461538461538461620e-01 6.757741271988661029e-03 3.132519386743778389e-01
1.461538461538461620e-01 7.142170850525572483e-03 3.737226983857392937e-01
1.461538461538461620e-01 7.651469728751599149e-03 4.190609401699725289e-01
1.461538461538461620e-01 8.045952572164082051e-03 4.777413992026254830e-01
1.461538461538461620e-01 8.581518995620693313e-03 5.214816151301489011e-01
1.461538461538461620e-01 9.134340347218413217e-03 5.764868535230582847e-01
1.461538461538461620e-01 9.544329529201844506e-03 6.199169895033310729e-01
1.461538461538461620e-01 1.012197193742435906e-02 6.640544800826674310e-01
1.461538461538461620e-01 1.071658463108617933e-02 7.140104551710800829e-01
1.461538461538461620e-01 1.113761306002698619e-02 7.524732099942831320e-01
1.461538461538461620e-01 1.175559323907841500e-02 7.891838139954787668e-01
1.461538461538461620e-01 1.239025824124025989e-02 8.291780424951898931e-01
1.461538461538461620e-01 1.304160806651253127e-02 8.713346252173657103e-01
1.461538461538461620e-01 1.347439406028026754e-02 9.034128406384664967e-01
1.461538461538461620e-01 1.414736418587085598e-02 9.325879241296537447e-01
1.461538461538461620e-01 1.483673283373449642e-02 9.631080885466769548e-01
1.461538461538461620e-01 1.554250000387120446e-02 9.945977605286873136e-01
1.461538461538461620e-01 1.626466569628097145e-02 1.026626175619005821e+00
1.461538461538461620e-01 1.700322991096379216e-02 1.058908275640393581e+00
1.461538461538461620e-01 1.744722402551634674e-02 1.080299718148651555e+00
1.461538461538461620e-01 1.820507776441856324e-02 1.101807210115836932e+00
1.461538461538461620e-01 1.897904286653538317e-02 1.123590712718999463e+00
1.461538461538461620e-01 1.976911933186680306e-02 1.145514999109243925e+00
1.461538461538461620e-01 2.057530716041282640e-02 1.167402602547634061e+00
1.461538461538461620e-01 2.139760635217344623e-02 1.189283504011584336e+00
1.461538461538461620e-01 2.223601690714867643e-02 1.210838022029522509e+00
1.461538461538461620e-01 2.309053882533851007e-02 1.232148332912857081e+00
1.461538461538461620e-01 2.396117210674293327e-02 1.253272218734113874e+00
1.461538461538461620e-01 2.440368735112641296e-02 1.268608795008787649e+00
1.461538461538461620e-01 2.529040215940305675e-02 1.282228814318752352e+00
1.417910447761193959e-01 2.017892539498538588e-03 2.354969912584069291e+00
1.417910447761193959e-01 2.212388075221788895e-03 1.598864520238390430e+00
1.417910447761193959e-01 2.442552788051721713e-03 1.059472359466439695e+00
1.417910447761193959e-01 2.664992039155543967e-03 6.799290768456027756e-01
1.417910447761193959e-01 2.912009843500364299e-03 4.213704068762992305e-01
1.417910447761193959e-01 3.153696296983246258e-03 2.494910870534738923e-01
1.417910447761193959e-01 3.432893959084737639e-03 1.419879827807955242e-01
1.417910447761193959e-01 3.712060223969367891e-03 8.222996420770915804e-02
1.417910447761193959e-01 3.989454963641531071e-03 6.085406320356188947e-02
1.417910447761193959e-01 4.325430733742067872e-03 5.731440123174708079e-02
1.417910447761193959e-01 4.668385060706781338e-03 7.778119406558761662e-02
1.417910447761193959e-01 5.017469246898743733e-03 1.106007646133801425e-01
1.417910447761193959e-01 5.371829469425948474e-03 1.496749219983108392e-01
1.417910447761193959e-01 5.730606591526282885e-03 1.927873384028359616e-01
1.417910447761193959e-01 6.092935962487847947e-03 2.405648264281289306e-01
1.417910447761193959e-01 6.457947205151083961e-03 2.954741327345177249e-01
1.417910447761193959e-01 6.935475728474456945e-03 3.466504106441584687e-01
1.417910447761193959e-01 7.311428999356241881e-03 3.970323424571208237e-01
1.417910447761193959e-01 7.814853333601469443e-03 4.517230341029297991e-01
1.417910447761193959e-01 8.199462129806390706e-03 4.996304544501093403e-01
1.417910447761193959e-01 8.727671382653942600e-03 5.489143697994272042e-01
1.417910447761193959e-01 9.118632434533462811e-03 6.008689134135819510e-01
1.417910447761193959e-01 9.670510781049475313e-03 6.407231406494628967e-01
1.417910447761193959e-01 1.023860250271736716e-02 6.871708959828296548e-01
1.417910447761193959e-01 1.063992986157875215e-02 7.343690628644401475e-01
1.417910447761193959e-01 1.123029565409777546e-02 7.683370511236214950e-01
1.417910447761193959e-01 1.183660070996621870e-02 8.060777220491993633e-01
1.417910447761193959e-01 1.245884502918409055e-02 8.464007644200619573e-01
1.417910447761193959e-01 1.287115366939037796e-02 8.868338246028704130e-01
1.417910447761193959e-01 1.351399533355981952e-02 9.144701384132619681e-01
1.417910447761193959e-01 1.417250136817762088e-02 9.437267754405829212e-01
1.417910447761193959e-01 1.484667177324378896e-02 9.741907866550532091e-01
1.417910447761193959e-01 1.553650654875832204e-02 1.005397347683952169e+00
1.417910447761193959e-01 1.624200569472121838e-02 1.037030856386905286e+00
1.417910447761193959e-01 1.666461811307652641e-02 1.065746319338895409e+00
1.417910447761193959e-01 1.738847785866713333e-02 1.086614677167164755e+00
1.417910447761193959e-01 1.812772628241421380e-02 1.107881490859781159e+00
1.417910447761193959e-01 1.888236338431775047e-02 1.129396045848794383e+00
1.417910447761193959e-01 1.965238916437775721e-02 1.150965239399310835e+00
1.417910447761193959e-01 2.043780362259422362e-02 1.172608350203053984e+00
1.417910447761193959e-01 2.123860675896715663e-02 1.193993693174853599e+00
1.417910447761193959e-01 2.205479857349655973e-02 1.215193541351158535e+00
1.417910447761193959e-01 2.288637906618241902e-02 1.236261684947864259e+00
1.417910447761193959e-01 2.373334823702474838e-02 1.256856090468181364e+00
1.417910447761193959e-01 2.415375920892091216e-02 1.270794876869465018e+00
1.376811594202898559e-01 1.954811807631985036e-03 2.501717350576985410e+00
1.376811594202898559e-01 2.144157969897457321e-03 1.714060983000925908e+00
1.376811594202898559e-01 2.368029000605892300e-03 1.150362432350784392e+00
1.376811594202898559e-01 2.584685477239835518e-03 7.488239672102732225e-01
1.376811594202898559e-01 2.790761009504241687e-03 4.738438966002200825e-01
1.376811594202898559e-01 3.060788283117007753e-03 2.841774411413678370e-01
1.376811594202898559e-01 3.288952439691403013e-03 1.689580212316551255e-01
1.376811594202898559e-01 3.604703729152936281e-03 9.976757183582414534e-02
1.376811594202898559e-01 3.875281225421356879e-03 6.198706580354777784e-02
1.376811594202898559e-01 4.142698394164934413e-03 5.852908233107514263e-02
1.376811594202898559e-01 4.470854553339416622e-03 6.818695226738466508e-02
1.376811594202898559e-01 4.804829609606623038e-03 9.485317071139426348e-02
1.376811594202898559e-01 5.143803344798635567e-03 1.313542901401903717e-01
1.376811594202898559e-01 5.486950580730710035e-03 1.746199118393374772e-01
1.376811594202898559e-01 5.833440993073657661e-03 2.245846720019230025e-01
1.376811594202898559e-01 6.281345359683196232e-03 2.769291651993670000e-01
1.376811594202898559e-01 6.639595163383475024e-03 3.228466286678806085e-01
1.376811594202898559e-01 6.998970174112851932e-03 3.794414233054006491e-01
1.376811594202898559e-01 7.480880331568418203e-03 4.259134938176507013e-01
1.376811594202898559e-01 7.848436209789120405e-03 4.813752949708866025e-01
1.376811594202898559e-01 8.354032377045553584e-03 5.246515981059134415e-01
1.376811594202898559e-01 8.875409457085500428e-03 5.784668897629414719e-01
1.376811594202898559e-01 9.255766927251184162e-03 6.200772312510994810e-01
1.376811594202898559e-01 9.799494625622896110e-03 6.628066946544804994e-01
1.376811594202898559e-01 1.035874034831696551e-02 7.110711182861428892e-01
1.376811594202898559e-01 1.074777889828903293e-02 7.495055619102652944e-01
1.376811594202898559e-01 1.132803367395124328e-02 7.848392906989856144e-01
1.376811594202898559e-01 1.192354287243167603e-02 8.231886082200734478e-01
1.376811594202898559e-01 1.253430649373032078e-02 8.638211454606662398e-01
1.376811594202898559e-01 1.293228052611332737e-02 8.977627343982951258e-01
1.376811594202898559e-01 1.356244093076196602e-02 9.256532772180867674e-01
1.376811594202898559e-01 1.420759142737846453e-02 9.549976222028273565e-01
1.376811594202898559e-01 1.486773201596281770e-02 9.852961803351530934e-01
1.376811594202898559e-01 1.554286269651501858e-02 1.016202028417343639e+00
1.376811594202898559e-01 1.623298346903508105e-02 1.047537922491838636e+00
1.376811594202898559e-01 1.663856962898084546e-02 1.072290417972885157e+00
1.376811594202898559e-01 1.734593668385502052e-02 1.092981988662043102e+00
1.376811594202898559e-01 1.806802875348237011e-02 1.114032905093846226e+00
1.376811594202898559e-01 1.880484583786290811e-02 1.135234014998478536e+00
1.376811594202898559e-01 1.955638793699663106e-02 1.156593409501836200e+00
1.376811594202898559e-01 2.032265505088354240e-02 1.177767335387388981e+00
1.376811594202898559e-01 2.110364717952364216e-02 1.198817622753205026e+00
1.376811594202898559e-01 2.189936432291691992e-02 1.219793819912154520e+00
1.376811594202898559e-01 2.270980648106338609e-02 1.240340765336241713e+00
1.376811594202898559e-01 2.311007972472041774e-02 1.259817333964929009e+00
1.338028169014084390e-01 1.896578810531185464e-03 2.649912149957354579e+00
1.338028169014084390e-01 2.081200405982889298e-03 1.830954827533868734e+00
1.338028169014084390e-01 2.274000882290601669e-03 1.241140565050944167e+00
1.338028169014084390e-01 2.481546683397796525e-03 8.198321288799659268e-01
1.338028169014084390e-01 2.712016109250065411e-03 5.212120116820355697e-01
1.338028169014084390e-01 2.937685354004710304e-03 3.222090086062333603e-01
1.338028169014084390e-01 3.198242814187138294e-03 1.878553741261245191e-01
1.338028169014084390e-01 3.458909446268877350e-03 1.083316048302957191e-01
1.338028169014084390e-01 3.718084223261999572e-03 6.925226058397884743e-02
1.338028169014084390e-01 4.031616202606498438e-03 5.568222725406890561e-02
1.338028169014084390e-01 4.288671397828748219e-03 6.820361570547700536e-02
1.338028169014084390e-01 4.608730848690813058e-03 8.769934803662016165e-02
1.338028169014084390e-01 4.933536350408300117e-03 1.206888340121232278e-01
1.338028169014084390e-01 5.262294195380967307e-03 1.632509830727458255e-01
1.338028169014084390e-01 5.682469939443492504e-03 2.095854139721689269e-01
1.338028169014084390e-01 6.023741232010793381e-03 2.531556761690935686e-01
1.338028169014084390e-01 6.366844362426044880e-03 3.039544793963997460e-01
1.338028169014084390e-01 6.820855721085251205e-03 3.580975813393693086e-01
1.338028169014084390e-01 7.173048362784119163e-03 4.040972886104127193e-01
1.338028169014084390e-01 7.650511263849209438e-03 4.591983528305196849e-01
1.338028169014084390e-01 8.009677307001602728e-03 5.036330502868439085e-01
1.338028169014084390e-01 8.509563108002484930e-03 5.522709894004318443e-01
1.338028169014084390e-01 8.873571695022950886e-03 6.020686273850490711e-01
1.338028169014084390e-01 9.394847430679798689e-03 6.408757740345764065e-01
1.338028169014084390e-01 9.931000410164399564e-03 6.859071701992123238e-01
1.338028169014084390e-01 1.030318057440388763e-02 7.326580710195651491e-01
1.338028169014084390e-01 1.085943222317568325e-02 7.654352429719235573e-01
1.338028169014084390e-01 1.143030727221852963e-02 8.016739132887323871e-01
1.338028169014084390e-01 1.201580572153241981e-02 8.405731444322623869e-01
1.338028169014084390e-01 1.261592757111736421e-02 8.813510010661242955e-01
1.338028169014084390e-01 1.300038770267272770e-02 9.088713773329586409e-01
1.338028169014084390e-01 1.361880194133405220e-02 9.370038652775264376e-01
1.338028169014084390e-01 1.425158505417338517e-02 9.663098576518731608e-01
1.338028169014084390e-01 1.489873704119072488e-02 9.964103663357308793e-01
1.338028169014084390e-01 1.556025790238608521e-02 1.027104187074102226e+00
1.338028169014084390e-01 1.623614763775944880e-02 1.058020315255463917e+00
1.338028169014084390e-01 1.662575405126320155e-02 1.078884310032558691e+00
1.338028169014084390e-01 1.731786571815093281e-02 1.099418488953479045e+00
1.338028169014084390e-01 1.802409103471638158e-02 1.120202556246020498e+00
1.338028169014084390e-01 1.874443000095953396e-02 1.141232944633483015e+00
1.338028169014084390e-01 1.947888261688040731e-02 1.162153772560527765e+00
1.338028169014084390e-01 2.022744888247898429e-02 1.183015901413772442e+00
1.338028169014084390e-01 2.099012879775527182e-02 1.203864394682428784e+00
1.338028169014084390e-01 2.176692236270926992e-02 1.224330846063131029e+00
1.338028169014084390e-01 2.255782957734097857e-02 1.244531206343692853e+00
1.301369863013698558e-01 1.842669699800685186e-03 2.799348036382789395e+00
1.301369863013698558e-01 2.022943042546624780e-03 1.949398882283990275e+00
1.301369863013698558e-01 2.211315100908891641e-03 1.332573850142210858e+00
1.301369863013698558e-01 2.414115166011501518e-03 8.885098026110336278e-01
1.301369863013698558e-01 2.639219478485501594e-03 5.748365686797405338e-01
1.301369863013698558e-01 2.859908508825206343e-03 3.577332241199548402e-01
1.301369863013698558e-01 3.114421181849299971e-03 2.179341803033654767e-01
1.301369863013698558e-01 3.369248541323531607e-03 1.298509858587096888e-01
1.301369863013698558e-01 3.622853931052970929e-03 7.674787780108731361e-02
1.301369863013698558e-01 3.873683252529615869e-03 5.654477132156836283e-02
1.301369863013698558e-01 4.181014255109664554e-03 5.868348519929568463e-02
1.301369863013698558e-01 4.493886367651209711e-03 7.965813137159004353e-02
1.301369863013698558e-01 4.811541866790769277e-03 1.106032482161906083e-01
1.301369863013698558e-01 5.133218782885277595e-03 1.471276589512021393e-01
1.301369863013698558e-01 5.458150744663742282e-03 1.881459532023158909e-01
1.301369863013698558e-01 5.785566814465749851e-03 2.347976283327044000e-01
1.301369863013698558e-01 6.114691313285609484e-03 2.898536688052863464e-01
1.301369863013698558e-01 6.550721967232459725e-03 3.338611131974874024e-01
1.301369863013698558e-01 6.888492835359152043e-03 3.861869224529702049e-01
1.301369863013698558e-01 7.347014736619564626e-03 4.339565842182215305e-01
1.301369863013698558e-01 7.691393827991673850e-03 4.857947138932999787e-01
1.301369863013698558e-01 8.171415483940026522e-03 5.290090701207722512e-01
1.301369863013698558e-01 8.665966316901951502e-03 5.817870826003498363e-01
1.301369863013698558e-01 9.020876694648034128e-03 6.213368731985859927e-01
1.301369863013698558e-01 9.535687600635122524e-03 6.629531974800446648e-01
1.301369863013698558e-01 1.006478354777019801e-02 7.096769100479838333e-01
1.301369863013698558e-01 1.042640289358767389e-02 7.478385371380522617e-01
1.301369863013698558e-01 1.097451380223301610e-02 7.818328266946936722e-01
1.301369863013698558e-01 1.153666499031163507e-02 8.188759572633631523e-01
1.301369863013698558e-01 1.211285645782353947e-02 8.581330854950053322e-01
1.301369863013698558e-01 1.248105840544345806e-02 8.933650887868924695e-01
1.301369863013698558e-01 1.307476871686001629e-02 9.201953093503167924e-01
1.301369863013698558e-01 1.368227390593236559e-02 9.484257304785902454e-01
1.301369863013698558e-01 1.430357397266050420e-02 9.776445874750254728e-01
1.301369863013698558e-01 1.493866891704443735e-02 1.007626088669677289e+00
1.301369863013698558e-01 1.558755873908415808e-02 1.037974734360925577e+00
1.301369863013698558e-01 1.596039085970085702e-02 1.065580646848839574e+00
1.301369863013698558e-01 1.662480419626456013e-02 1.085545785556277565e+00
1.301369863013698558e-01 1.730276635380917361e-02 1.105864555893282253e+00
1.301369863013698558e-01 1.799427733233469051e-02 1.126521275450866444e+00
1.301369863013698558e-01 1.869933713184112126e-02 1.147147878312125391e+00
1.301369863013698558e-01 1.941794575232845890e-02 1.167783744978135418e+00
1.301369863013698558e-01 2.015010319379669651e-02 1.188469218167685693e+00
1.301369863013698558e-01 2.089580945624584449e-02 1.208822533726788384e+00
1.301369863013698558e-01 2.165506453967589937e-02 1.228954544265855153e+00
1.266666666666666774e-01 1.775384447065867909e-03 2.972003074775940057e+00
1.266666666666666774e-01 1.968891932505546696e-03 2.069257611615515025e+00
1.266666666666666774e-01 2.153176530213906769e-03 1.426479447328994121e+00
1.266666666666666774e-01 2.351594157780792158e-03 9.612685526322906071e-01
1.266666666666666774e-01 2.540875679801877281e-03 6.337433722663712299e-01
1.266666666666666774e-01 2.787830004763948172e-03 4.016419955139094999e-01
1.266666666666666774e-01 2.997619586869287953e-03 2.421473570278841470e-01
1.266666666666666774e-01 3.242548138791546877e-03 1.421307567777581049e-01
1.266666666666666774e-01 3.486237599580443124e-03 8.537947038401975941e-02
1.266666666666666774e-01 3.780642606288143678e-03 6.230848900296413750e-02
1.266666666666666774e-01 4.022666910102031326e-03 5.673456736996084632e-02
1.266666666666666774e-01 4.323436747825795158e-03 6.943446976285466699e-02
1.266666666666666774e-01 4.628768434689245655e-03 9.590598212022508062e-02
1.266666666666666774e-01 4.937927080606752117e-03 1.309064982004235211e-01
1.266666666666666774e-01 5.250173661062096028e-03 1.726510839955920362e-01
1.266666666666666774e-01 5.564764862791715498e-03 2.217156511475116276e-01
1.266666666666666774e-01 5.976247623977984369e-03 2.679023099517253703e-01
1.266666666666666774e-01 6.300315994230321244e-03 3.139445593807092538e-01
1.266666666666666774e-01 6.734120710819817626e-03 3.709682730337153789e-01
1.266666666666666774e-01 7.065710126663894870e-03 4.122427839988407339e-01
1.266666666666666774e-01 7.520883088958027485e-03 4.678625989474738955e-01
1.266666666666666774e-01 7.858024868218323536e-03 5.086265133371544733e-01
1.266666666666666774e-01 8.333608658034270464e-03 5.567194034104472333e-01
1.266666666666666774e-01 8.674321037777659935e-03 6.041495285825160266e-01
1.266666666666666774e-01 9.169354416842755845e-03 6.421736888310830560e-01
1.266666666666666774e-01 9.678124047621501982e-03 6.859238525712662016e-01
1.266666666666666774e-01 1.002515978876950160e-02 7.320225858918036899e-01
1.266666666666666774e-01 1.055217754333149030e-02 7.636418784068944587e-01
1.266666666666666774e-01 1.109269526007929975e-02 7.987088311763215209e-01
1.266666666666666774e-01 1.164671293901294209e-02 8.363349508056785453e-01
1.266666666666666774e-01 1.221423058013239998e-02 8.757638029409632319e-01
1.266666666666666774e-01 1.257072323378403099e-02 9.045579400973599027e-01
1.266666666666666774e-01 1.315480848686146828e-02 9.316313138358965906e-01
1.266666666666666774e-01 1.375215681118782153e-02 9.598935497688620977e-01
1.266666666666666774e-01 1.436276820676310115e-02 9.890936680024107197e-01
1.266666666666666774e-01 1.498664267358729325e-02 1.018811215312379170e+00
1.266666666666666774e-01 1.562378021166041520e-02 1.048823808211636344e+00
1.266666666666666774e-01 1.598275363593540041e-02 1.072407858077615961e+00
1.266666666666666774e-01 1.663453286957939509e-02 1.092213771730059513e+00
1.266666666666666774e-01 1.729933766823087832e-02 1.112452778255185848e+00
1.266666666666666774e-01 1.797716803188985357e-02 1.132744575414097232e+00
1.266666666666666774e-01 1.866802396055631738e-02 1.153116563962025998e+00
1.266666666666666774e-01 1.937190545423026627e-02 1.173604136725743485e+00
1.266666666666666774e-01 2.008881251291171066e-02 1.193812062211271119e+00
1.266666666666666774e-01 2.081874513660063666e-02 1.213845765306940550e+00
1.233766233766233900e-01 1.712692955197400594e-03 3.171831209967512777e+00
1.233766233766233900e-01 1.918618735843507627e-03 2.190406049116544906e+00
1.233766233766233900e-01 2.099120334053224644e-03 1.522717452512686531e+00
1.233766233766233900e-01 2.293480088755686479e-03 1.037909774010270292e+00
1.233766233766233900e-01 2.479216243482892500e-03 6.870652588593353371e-01
1.233766233766233900e-01 2.687160090059855910e-03 4.408962786587871663e-01
1.233766233766233900e-01 2.926815076177904842e-03 2.742326127322259888e-01
1.233766233766233900e-01 3.124694289339723530e-03 1.672492803423023811e-01
1.233766233766233900e-01 3.406000364577910569e-03 9.895598314226083936e-02
1.233766233766233900e-01 3.642663304769764090e-03 6.273123172796755964e-02
1.233766233766233900e-01 3.932156542202983052e-03 5.831610926336765893e-02
1.233766233766233900e-01 4.164965935430510469e-03 6.731488849491359949e-02
1.233766233766233900e-01 4.458854529631694347e-03 8.847451045687715343e-02
1.233766233766233900e-01 4.756391550496145634e-03 1.211769496665580786e-01
1.233766233766233900e-01 5.056863497699204749e-03 1.629397787475241610e-01
1.233766233766233900e-01 5.445140544584087250e-03 2.051905921680542699e-01
1.233766233766233900e-01 5.755861332493767031e-03 2.474928965746374943e-01
1.233766233766233900e-01 6.067611588943720713e-03 2.982491008433163504e-01
1.233766233766233900e-01 6.485393574502436830e-03 3.463112178196211532e-01
1.233766233766233900e-01 6.804315845691071007e-03 3.939844691058111970e-01
1.233766233766233900e-01 7.242649791514918153e-03 4.430509634181133416e-01
1.233766233766233900e-01 7.566843355410453852e-03 4.910698586514660180e-01
1.233766233766233900e-01 8.024804242562194254e-03 5.342646673129265444e-01
1.233766233766233900e-01 8.496219347867544833e-03 5.863797825004493092e-01
1.233766233766233900e-01 8.829015283791480720e-03 6.235337841070026643e-01
1.233766233766233900e-01 9.318900900801056764e-03 6.641519589057639505e-01
1.233766233766233900e-01 9.822012920762082655e-03 7.097922094269600857e-01
1.233766233766233900e-01 1.015984799033763097e-02 7.470779739663608865e-01
1.233766233766233900e-01 1.068026927927931934e-02 7.800513309082579561e-01
1.233766233766233900e-01 1.121368860233483249e-02 8.159384826284337144e-01
1.233766233766233900e-01 1.176010595950415655e-02 8.539328816477462780e-01
1.233766233766233900e-01 1.210253705652209258e-02 8.900779322989604836e-01
1.233766233766233900e-01 1.266486853801871391e-02 9.159142843783554255e-01
1.233766233766233900e-01 1.323996911865848655e-02 9.431462496602769363e-01
1.233766233766233900e-01 1.382783879844142090e-02 9.714970847492703232e-01
1.233766233766233900e-01 1.442847757736750308e-02 1.000520943496801651e+00
1.233766233766233900e-01 1.504188545543674524e-02 1.029975420008620191e+00
1.233766233766233900e-01 1.566806243264913523e-02 1.059662155651470261e+00
1.233766233766233900e-01 1.601390332742971129e-02 1.079244025784153793e+00
1.233766233766233900e-01 1.665390445404297398e-02 1.099021885126241660e+00
1.233766233766233900e-01 1.730644516565393864e-02 1.118938835229518203e+00
1.233766233766233900e-01 1.797152546226260875e-02 1.139009811277640338e+00
1.233766233766233900e-01 1.864914534386896347e-02 1.159265033763346331e+00
1.233766233766233900e-01 1.933930481047302016e-02 1.179295697868067760e+00
1.233766233766233900e-01 2.004200386207477536e-02 1.199201478915643104e+00
1.202531645569620278e-01 1.654150321291733951e-03 3.397020121651275204e+00
1.202531645569620278e-01 1.871750328504721622e-03 2.312728844071195056e+00
1.202531645569620278e-01 2.048741797792727470e-03 1.621155919128641987e+00
1.202531645569620278e-01 2.214003950573639745e-03 1.115993102564605710e+00
1.202531645569620278e-01 2.421784058964838397e-03 7.462390066779405196e-01
1.202531645569620278e-01 2.625909355228532409e-03 4.853058039678245783e-01
1.202531645569620278e-01 2.824292686098712514e-03 3.040553843476764828e-01
1.202531645569620278e-01 3.055685855936591828e-03 1.830231171329026463e-01
1.202531645569620278e-01 3.286068878651515757e-03 1.087362746253340007e-01
1.202531645569620278e-01 3.514049069831399769e-03 7.312266418264089241e-02
1.202531645569620278e-01 3.793127775366073734e-03 5.442372146914029041e-02
1.202531645569620278e-01 4.077296564570877246e-03 6.169177014402701942e-02
1.202531645569620278e-01 4.365874962871113193e-03 8.332169481355054808e-02
1.202531645569620278e-01 4.658179038382365134e-03 1.127385845539835424e-01
1.202531645569620278e-01 4.953521278803287541e-03 1.471131290881000087e-01
1.202531645569620278e-01 5.251210461017870659e-03 1.862146024356780838e-01
1.202531645569620278e-01 5.550551512815034283e-03 2.317305082885905421e-01
1.202531645569620278e-01 5.946354094155476000e-03 2.847135620537218359e-01
1.202531645569620278e-01 6.253702035192470338e-03 3.254732483234221707e-01
1.202531645569620278e-01 6.560846508733712661e-03 3.791108495213547647e-01
1.202531645569620278e-01 6.983496162767488351e-03 4.213711925243123213e-01
1.202531645569620278e-01 7.295654101322929588e-03 4.762867746068258357e-01
1.202531645569620278e-01 7.737202058332652392e-03 5.143770153333074857e-01
1.202531645569620278e-01 8.191722045717801312e-03 5.622471314171331169e-01
1.202531645569620278e-01 8.512072894456703884e-03 6.069992600864495547e-01
1.202531645569620278e-01 8.984372686437662806e-03 6.443310815285799853e-01
1.202531645569620278e-01 9.469424082355798120e-03 6.872338364321552984e-01
1.202531645569620278e-01 9.794523767215254292e-03 7.321183873230834305e-01
1.202531645569620278e-01 1.029623193138777364e-02 7.628833329179751654e-01
1.202531645569620278e-01 1.081047075095750189e-02 7.969258310397354661e-01
1.202531645569620278e-01 1.133724022592442517e-02 8.333884936998914306e-01
1.202531645569620278e-01 1.187654035628854868e-02 8.716804499972031772e-01
1.202531645569620278e-01 1.220869664694292783e-02 9.012624778991281671e-01
1.202531645569620278e-01 1.276308286180450821e-02 9.273918200475627094e-01
1.202531645569620278e-01 1.332977824966899948e-02 9.548266158447776819e-01
1.202531645569620278e-01 1.390878281053639122e-02 9.830952052967117938e-01
1.202531645569620278e-01 1.450009654440668865e-02 1.011934724489260695e+00
1.202531645569620278e-01 1.510371945127988828e-02 1.041129273969028102e+00
1.202531645569620278e-01 1.543610601262659400e-02 1.066949203532957524e+00
1.202531645569620278e-01 1.605301527182520158e-02 1.086223083262576106e+00
1.202531645569620278e-01 1.668201167551451938e-02 1.105725677157813225e+00
1.202531645569620278e-01 1.732309522369454222e-02 1.125458981766332078e+00
1.202531645569620278e-01 1.797626591636526314e-02 1.145447829341919688e+00
1.202531645569620278e-01 1.864152375352668908e-02 1.165269739182122732e+00
1.202531645569620278e-01 1.931886873517881659e-02 1.185018322759173959e+00
1.172839506172839441e-01 1.827960303909349727e-03 2.436119407483341881e+00
1.172839506172839441e-01 2.001687046869588763e-03 1.721670318268108346e+00
1.172839506172839441e-01 2.164248382137387398e-03 1.191787869018734458e+00
1.172839506172839441e-01 2.340213462604015266e-03 8.101191725088765505e-01
1.172839506172839441e-01 2.537150898228022079e-03 5.325757777623895128e-01
1.172839506172839441e-01 2.763953239692611228e-03 3.380150517977566493e-01
1.172839506172839441e-01 2.951758854001754803e-03 2.108665880160546235e-01
1.172839506172839441e-01 3.217867179295879915e-03 1.281269227227746221e-01
1.172839506172839441e-01 3.442305672188156803e-03 7.662679129352915897e-02
1.172839506172839441e-01 3.663260361343516520e-03 5.927254607559916122e-02
1.172839506172839441e-01 3.937506118882980188e-03 5.639337344355354470e-02
1.172839506172839441e-01 4.215979592978795314e-03 7.184838909485265213e-02
1.172839506172839441e-01 4.498018908927899420e-03 9.822152038644837990e-02
1.172839506172839441e-01 4.782958810957225332e-03 1.319836748287887829e-01
1.172839506172839441e-01 5.070130539390860919e-03 1.723336285783145516e-01
1.172839506172839441e-01 5.358861700401647624e-03 2.205040270518866807e-01
1.172839506172839441e-01 5.740995131497341267e-03 2.625479644061462503e-01
1.172839506172839441e-01 6.037398776692377324e-03 3.083725695437098957e-01
1.172839506172839441e-01 6.439268914605056349e-03 3.601647882834927428e-01
1.172839506172839441e-01 6.741575416619536264e-03 4.027628179924114260e-01
1.172839506172839441e-01 7.162318687287734520e-03 4.532426329166014400e-01
1.172839506172839441e-01 7.468747821388676232e-03 4.970115056013766353e-01
1.172839506172839441e-01 7.907497532197181600e-03 5.404512811868436017e-01
1.172839506172839441e-01 8.358769188648964774e-03 5.920870384990756241e-01
1.172839506172839441e-01 8.672144285328175703e-03 6.264315964612252596e-01
1.172839506172839441e-01 9.140338987174386962e-03 6.664579929876954800e-01
1.172839506172839441e-01 9.620842144276414709e-03 7.109861826998117307e-01
1.172839506172839441e-01 9.937827010458035251e-03 7.471850197164455754e-01
1.172839506172839441e-01 1.043416552196408699e-02 7.792794059568017850e-01
1.172839506172839441e-01 1.094259850516568836e-02 8.141149987637361640e-01
1.172839506172839441e-01 1.146312596006284976e-02 8.510587988116102842e-01
1.172839506172839441e-01 1.178301088625743551e-02 8.876638868792776638e-01
1.172839506172839441e-01 1.231806708380336901e-02 9.126195282652651564e-01
1.172839506172839441e-01 1.286500326524016476e-02 9.390726538131506373e-01
1.172839506172839441e-01 1.342381943056781407e-02 9.665253867083427597e-01
1.172839506172839441e-01 1.399451557978632216e-02 9.946939859251406890e-01
1.172839506172839441e-01 1.457709171289568728e-02 1.023344644417171434e+00
1.172839506172839441e-01 1.517154782989591118e-02 1.052211636756788415e+00
1.172839506172839441e-01 1.549233624823149677e-02 1.074050914330143103e+00
1.172839506172839441e-01 1.609936387636726543e-02 1.093100168086749591e+00
1.172839506172839441e-01 1.671805648479240958e-02 1.112459611736713150e+00
1.172839506172839441e-01 1.734841407350692921e-02 1.132148479787469686e+00
1.172839506172839441e-01 1.799043664251082780e-02 1.151730516441142882e+00
1.172839506172839441e-01 1.864412419180410535e-02 1.171292962442290975e+00
1.144578313253012125e-01 1.786961980344278734e-03 2.560479145862554429e+00
1.144578313253012125e-01 1.936952377456372179e-03 1.822840320094574640e+00
1.144578313253012125e-01 2.117693605136034950e-03 1.271201876012179044e+00
1.144578313253012125e-01 2.290925399612616948e-03 8.686810535759139640e-01
1.144578313253012125e-01 2.484668533161640911e-03 5.773593988854747172e-01
1.144578313253012125e-01 2.673167779727517526e-03 3.728569786605530623e-01
1.144578313253012125e-01 2.892807915494053674e-03 2.304596121409421827e-01
1.144578313253012125e-01 3.111645836138214778e-03 1.388611080146636978e-01
1.144578313253012125e-01 3.328380891233446558e-03 8.616918599840350801e-02
1.144578313253012125e-01 3.593206987558755523e-03 6.078751741988017848e-02
1.144578313253012125e-01 3.806666085841302598e-03 5.875179264401835660e-02
1.144578313253012125e-01 4.075691980029783230e-03 6.728243291019975203e-02
1.144578313253012125e-01 4.348135710373710744e-03 8.991142500996254783e-02
1.144578313253012125e-01 4.623352922222150052e-03 1.224140670890616761e-01
1.144578313253012125e-01 4.900695947195256308e-03 1.634197156244169558e-01
1.144578313253012125e-01 5.263074583095894016e-03 2.036124465517144821e-01
1.144578313253012125e-01 5.548858038241000039e-03 2.444955826461226167e-01
1.144578313253012125e-01 5.835038254096172779e-03 2.949293764428979059e-01
1.144578313253012125e-01 6.223438575928825871e-03 3.385161823546545823e-01
1.144578313253012125e-01 6.515267157607564953e-03 3.871666997778338004e-01
1.144578313253012125e-01 6.921886477835160686e-03 4.315593879125450005e-01
1.144578313253012125e-01 7.217639286708674683e-03 4.821240915045235109e-01
1.144578313253012125e-01 7.641637689853948874e-03 5.209534961093813532e-01
1.144578313253012125e-01 8.077737035350243330e-03 5.687385894297405375e-01
1.144578313253012125e-01 8.380114685477705119e-03 6.104243924333702109e-01
1.144578313253012125e-01 8.832543193066333745e-03 6.474389552933622616e-01
1.144578313253012125e-01 9.296865675576406959e-03 6.894525060065441746e-01
1.144578313253012125e-01 9.602637051627080020e-03 7.329368743188858781e-01
1.144578313253012125e-01 1.008223471173142795e-02 7.629818726269683715e-01
1.144578313253012125e-01 1.057351891275677344e-02 7.960969740379040260e-01
1.144578313253012125e-01 1.107648965470313038e-02 8.316064560281763995e-01
1.144578313253012125e-01 1.159114693757049008e-02 8.688184235186408033e-01
1.144578313253012125e-01 1.190191286982973141e-02 8.988187741008328846e-01
1.144578313253012125e-01 1.243037133109086388e-02 9.242257051289302083e-01
1.144578313253012125e-01 1.297030842225407009e-02 9.508029719826920356e-01
1.144578313253012125e-01 1.352172414331936391e-02 9.782455535130182289e-01
1.144578313253012125e-01 1.408461849428672800e-02 1.006301382624469332e+00
1.144578313253012125e-01 1.465899147515617625e-02 1.034686735732004204e+00
1.144578313253012125e-01 1.496806709986033164e-02 1.062499973820555610e+00
1.144578313253012125e-01 1.555455258041155489e-02 1.081057421852318567e+00
1.144578313253012125e-01 1.615230829192680975e-02 1.100007278509241404e+00
1.144578313253012125e-01 1.676133423440608755e-02 1.119362977306018969e+00
1.144578313253012125e-01 1.738163040784939870e-02 1.138674391409503217e+00
1.144578313253012125e-01 1.801319681225673625e-02 1.158022091230255457e+00
1.117647058823529327e-01 1.748502614575830633e-03 2.685716772536286268e+00
1.117647058823529327e-01 1.896265057211627856e-03 1.922635345098001824e+00
1.117647058823529327e-01 2.074047708913061370e-03 1.354062148690661438e+00
1.117647058823529327e-01 2.244728676260574537e-03 9.327301105814373994e-01
1.117647058823529327e-01 2.435487472141735499e-03 6.298135686453534277e-01
1.117647058823529327e-01 2.621347089949025658e-03 4.085734187375631432e-01
1.117647058823529327e-01 2.800396594592068859e-03 2.606973310164453772e-01
1.117647058823529327e-01 3.011997234569374973e-03 1.600866882946902492e-01
1.117647058823529327e-01 3.267019943405872432e-03 9.779946128136415839e-02
1.117647058823529327e-01 3.477692919957189530e-03 6.347093722679546246e-02
1.117647058823529327e-01 3.738601786894776586e-03 5.554252687947316969e-02
1.117647058823529327e-01 4.003629082500247821e-03 6.692397041706847627e-02
1.117647058823529327e-01 4.207594374366606556e-03 8.763484176880932675e-02
1.117647058823529327e-01 4.543556035064824118e-03 1.167847141385453535e-01
1.117647058823529327e-01 4.817206727672030363e-03 1.490482026025162221e-01
1.117647058823529327e-01 5.092477704046412083e-03 1.862247288847211635e-01
1.117647058823529327e-01 5.368736482176614429e-03 2.304644751858115626e-01
1.117647058823529327e-01 5.738397815072796698e-03 2.798646716493125575e-01
1.117647058823529327e-01 6.021120988801966986e-03 3.201916429878849391e-01
1.117647058823529327e-01 6.303144221868214880e-03 3.745249913285253474e-01
1.117647058823529327e-01 6.696524900939814645e-03 4.126178651909337969e-01
1.117647058823529327e-01 7.101812329319751906e-03 4.643134969444887572e-01
1.117647058823529327e-01 7.392462133265833082e-03 5.037157723994734049e-01
1.117647058823529327e-01 7.814341320524839998e-03 5.474880208862020758e-01
1.117647058823529327e-01 8.106433841210704955e-03 5.962808603097193849e-01
1.117647058823529327e-01 8.544086773455252318e-03 6.301514232242568792e-01
1.117647058823529327e-01 8.993245242846777815e-03 6.695283203805217909e-01
1.117647058823529327e-01 9.453909249385276242e-03 7.132427812689765556e-01
1.117647058823529327e-01 9.752443566892003354e-03 7.480161472087319963e-01
1.117647058823529327e-01 1.022765780091795633e-02 7.793192106439572608e-01
1.117647058823529327e-01 1.071417630766548050e-02 8.133098603372774793e-01
1.117647058823529327e-01 1.121199908713457587e-02 8.492574046535374954e-01
1.117647058823529327e-01 1.151197134572868978e-02 8.859790878453437379e-01
1.117647058823529327e-01 1.202311596004252900e-02 9.102763886046034703e-01
1.117647058823529327e-01 1.254536313072407948e-02 9.359195422879968973e-01
1.117647058823529327e-01 1.307871285777335510e-02 9.625818602616948994e-01
1.117647058823529327e-01 1.362316514119034545e-02 9.899926768563953594e-01
1.117647058823529327e-01 1.417871998097505921e-02 1.017849936065984728e+00
1.117647058823529327e-01 1.474537737712748771e-02 1.046112092047330577e+00
1.117647058823529327e-01 1.504410157334710486e-02 1.069592598705577657e+00
1.117647058823529327e-01 1.562224084116563098e-02 1.088097599966508344e+00
1.117647058823529327e-01 1.621128048676752711e-02 1.107087349603511406e+00
1.117647058823529327e-01 1.681122051015280713e-02 1.126097757005857680e+00
1.117647058823529327e-01 1.742206091132146584e-02 1.145202429774736963e+00
1.091954022988505663e-01 1.695555312310841750e-03 2.820450619432023132e+00
1.091954022988505663e-01 1.858039954842271788e-03 2.024300015441106382e+00
1.091954022988505663e-01 2.010632660063915028e-03 1.436723360022542195e+00
1.091954022988505663e-01 2.175807592545269883e-03 1.000394911410509291e+00
1.091954022988505663e-01 2.360464609281765283e-03 6.768633634028731194e-01
1.091954022988505663e-01 2.540324449659661990e-03 4.479050662873940158e-01
1.091954022988505663e-01 2.749672221910430016e-03 2.839402974565331528e-01
1.091954022988505663e-01 2.958407188444422097e-03 1.753267077492622894e-01
1.091954022988505663e-01 3.165309655253567382e-03 1.064448917356463908e-01
1.091954022988505663e-01 3.369148300225282763e-03 7.436885996275161004e-02
1.091954022988505663e-01 3.621762039392877573e-03 5.463751101819774164e-02
1.091954022988505663e-01 3.878341466565059150e-03 5.831830080345795642e-02
1.091954022988505663e-01 4.138284878324805134e-03 7.583785375507599846e-02
1.091954022988505663e-01 4.400987764546225242e-03 1.019144437969300154e-01
1.091954022988505663e-01 4.665842709012302768e-03 1.343470630225419848e-01
1.091954022988505663e-01 4.932239284164230061e-03 1.732415184030779431e-01
1.091954022988505663e-01 5.199563939506857656e-03 2.203650309341014524e-01
1.091954022988505663e-01 5.557576992063643744e-03 2.598639798328646333e-01
1.091954022988505663e-01 5.831115611144042921e-03 3.051245505526229973e-01
1.091954022988505663e-01 6.206756009437195722e-03 3.529569214560432933e-01
1.091954022988505663e-01 6.484893731138079154e-03 3.963683481169413825e-01
1.091954022988505663e-01 6.877372806851108147e-03 4.426135275870052288e-01
1.091954022988505663e-01 7.158485701285007517e-03 4.887008217096615592e-01
1.091954022988505663e-01 7.567012126611336563e-03 5.283024335180819264e-01
1.091954022988505663e-01 7.986874397250884675e-03 5.759673714739670380e-01
1.091954022988505663e-01 8.273246531072725451e-03 6.145705120129825172e-01
1.091954022988505663e-01 8.708167061180197357e-03 6.511915630144957667e-01
1.091954022988505663e-01 9.154228412748542307e-03 6.925913021875556019e-01
1.091954022988505663e-01 9.442817403734588347e-03 7.343653924425704860e-01
1.091954022988505663e-01 9.902944264124384152e-03 7.637667100874285797e-01
1.091954022988505663e-01 1.037401650271192570e-02 7.961556303461889694e-01
1.091954022988505663e-01 1.085603411949721299e-02 8.307621921926007236e-01
1.091954022988505663e-01 1.134899711448024082e-02 8.670091963007495739e-01
1.091954022988505663e-01 1.164079289482612169e-02 8.972154338049828093e-01
1.091954022988505663e-01 1.214643312769229065e-02 9.218667743935609060e-01
1.091954022988505663e-01 1.266282286673550521e-02 9.476954218959318110e-01
1.091954022988505663e-01 1.318996211195575669e-02 9.744117871000691489e-01
1.091954022988505663e-01 1.372785086335304855e-02 1.001695158884956527e+00
1.091954022988505663e-01 1.427648912092737907e-02 1.029489670783379385e+00
1.091954022988505663e-01 1.483587688467875518e-02 1.057329897072402547e+00
1.091954022988505663e-01 1.512466515653211087e-02 1.076726234109112834e+00
1.091954022988505663e-01 1.569494361365173299e-02 1.095317659510357977e+00
1.091954022988505663e-01 1.627577526641911868e-02 1.113997036984441413e+00
1.091954022988505663e-01 1.686716011483426966e-02 1.132830725842738806e+00
1.067415730337078622e-01 1.645643023527077657e-03 2.975754795966244259e+00
1.067415730337078622e-01 1.822065067096036725e-03 2.127731204016487521e+00
1.067415730337078622e-01 1.972694316788981862e-03 1.518297817272906247e+00
1.067415730337078622e-01 2.135727462911382428e-03 1.063589715816460668e+00
1.067415730337078622e-01 2.317862864171621809e-03 7.294370957287288348e-01
1.067415730337078622e-01 2.495515433551587225e-03 4.852729703522218330e-01
1.067415730337078622e-01 2.666890866957312249e-03 3.162752970637415229e-01
1.067415730337078622e-01 2.869130972135828985e-03 1.969426191379742286e-01
1.067415730337078622e-01 3.069557335774543254e-03 1.240882285593276346e-01
1.067415730337078622e-01 3.314129514097074666e-03 7.592649276912985523e-02
1.067415730337078622e-01 3.511786947619281469e-03 6.097974434659776677e-02
1.067415730337078622e-01 3.760422372606976767e-03 5.628927105581383455e-02
1.067415730337078622e-01 4.012296388236973217e-03 6.875104629683964630e-02
1.067415730337078622e-01 4.266821891430704061e-03 9.239462720844732191e-02
1.067415730337078622e-01 4.523409018922897040e-03 1.244492413468748226e-01
1.067415730337078622e-01 4.781465047501052071e-03 1.645599369404781021e-01
1.067415730337078622e-01 5.122425077152267976e-03 2.041609825607700879e-01
1.067415730337078622e-01 5.387447803921025305e-03 2.434438472156389699e-01
1.067415730337078622e-01 5.652357539653037749e-03 2.932498011646025304e-01
1.067415730337078622e-01 6.016482345107545919e-03 3.335742459984951114e-01
1.067415730337078622e-01 6.285804285271637780e-03 3.827621448832938533e-01
1.067415730337078622e-01 6.666234059186135208e-03 4.233707489162283899e-01
1.067415730337078622e-01 6.938391300692461731e-03 4.758720550888095313e-01
1.067415730337078622e-01 7.334357195417706872e-03 5.111495163069528225e-01
1.067415730337078622e-01 7.741310404190823551e-03 5.551799722117969349e-01
1.067415730337078622e-01 8.018494436116003696e-03 6.006717441238615951e-01
1.067415730337078622e-01 8.440022772993351768e-03 6.344205163334076802e-01
1.067415730337078622e-01 8.872348880076421848e-03 6.733976507785151000e-01
1.067415730337078622e-01 9.315472757365219139e-03 7.163887435300428930e-01
1.067415730337078622e-01 9.597542143825377528e-03 7.494246807878929273e-01
1.067415730337078622e-01 1.005408673723573454e-02 7.801305617317999541e-01
1.067415730337078622e-01 1.052123915855375166e-02 8.133209789084226982e-01
1.067415730337078622e-01 1.099899940777942196e-02 8.483819445098372825e-01
1.067415730337078622e-01 1.148736748491275585e-02 8.849302281262543257e-01
1.067415730337078622e-01 1.177125733687661713e-02 9.086364393749684076e-01
1.067415730337078622e-01 1.227169696721895457e-02 9.335788357776659829e-01
1.067415730337078622e-01 1.278255407585504252e-02 9.595520441629943331e-01
1.067415730337078622e-01 1.330382866278488792e-02 9.862163868869634475e-01
1.067415730337078622e-01 1.383552072800848555e-02 1.013501298876309020e+00
1.067415730337078622e-01 1.437763027152584409e-02 1.040928550154342602e+00
1.067415730337078622e-01 1.465675437570756676e-02 1.065888878617730295e+00
1.067415730337078622e-01 1.520939016534353719e-02 1.084050004611058160e+00
1.067415730337078622e-01 1.577225266710088544e-02 1.102368685620654709e+00
1.067415730337078622e-01 1.634534188097961152e-02 1.120903754049174861e+00
1.043956043956044133e-01 1.598516698290321746e-03 3.150455371613752220e+00
1.043956043956044133e-01 1.788151667754943330e-03 2.232831175551377001e+00
1.043956043956044133e-01 1.936939647025592761e-03 1.603105622186405732e+00
1.043956043956044133e-01 2.097962822690104499e-03 1.131940964055810017e+00
1.043956043956044133e-01 2.250450373278906242e-03 7.829859853710278150e-01
1.043956043956044133e-01 2.422700343416462655e-03 5.286188222586121199e-01
1.043956043956044133e-01 2.622966444975975784e-03 3.430090486594346566e-01
1.043956043956044133e-01 2.822792805366883175e-03 2.177369657253890867e-01
1.043956043956044133e-01 3.021031451246083445e-03 1.335524646687373529e-01
1.043956043956044133e-01 3.216524140086643360e-03 8.447552278129058512e-02
1.043956043956044133e-01 3.458233846175572113e-03 6.017431128058826906e-02
1.043956043956044133e-01 3.703830084649967561e-03 6.058818316650901870e-02
1.043956043956044133e-01 3.893528241466394455e-03 6.744412667547156071e-02
1.043956043956044133e-01 4.140353006633758041e-03 8.808683395105849911e-02
1.043956043956044133e-01 4.389155270656347647e-03 1.192369572704495423e-01
1.043956043956044133e-01 4.713708378393389152e-03 1.526554980351401414e-01
1.043956043956044133e-01 4.970185678649344414e-03 1.877520185589316715e-01
1.043956043956044133e-01 5.227110257463179338e-03 2.305294977516590127e-01
1.043956043956044133e-01 5.575044789825201255e-03 2.776542677946909343e-01
1.043956043956044133e-01 5.837171855642841675e-03 3.171044818743523619e-01
1.043956043956044133e-01 6.201471092278397663e-03 3.688299019098821852e-01
1.043956043956044133e-01 6.467274392629208946e-03 4.065431163539616755e-01
1.043956043956044133e-01 6.847192798946179389e-03 4.546187032726822230e-01
1.043956043956044133e-01 7.115137831253131977e-03 4.959975340286665313e-01
1.043956043956044133e-01 7.509927462319982219e-03 5.362547204633016928e-01
1.043956043956044133e-01 7.915376003467554378e-03 5.840902974126995773e-01
1.043956043956044133e-01 8.187381564659859320e-03 6.191938015539502072e-01
1.043956043956044133e-01 8.606766546697971684e-03 6.556428200548409801e-01
1.043956043956044133e-01 9.036626081601596000e-03 6.965056160591767132e-01
1.043956043956044133e-01 9.309818141943586312e-03 7.362785346760057914e-01
1.043956043956044133e-01 9.752676018954575810e-03 7.652216244458684979e-01
1.043956043956044133e-01 1.020582371258959252e-02 7.969221071967356185e-01
1.043956043956044133e-01 1.066926122284863124e-02 8.307287081421097508e-01
1.043956043956044133e-01 1.114298854973170237e-02 8.662293462407841815e-01
1.043956043956044133e-01 1.141782470084718067e-02 8.962204013395245195e-01
1.043956043956044133e-01 1.190323860431398602e-02 9.202247798433466075e-01
1.043956043956044133e-01 1.239875720072725410e-02 9.454068487847026026e-01
1.043956043956044133e-01 1.290438049008699357e-02 9.714076635970472218e-01
1.043956043956044133e-01 1.342010847239319404e-02 9.981415944897724657e-01
1.043956043956044133e-01 1.394594114764586591e-02 1.025117583026559309e+00
1.043956043956044133e-01 1.448187851584500745e-02 1.052334195131807038e+00
1.043956043956044133e-01 1.475201134035963521e-02 1.073280516877997748e+00
1.043956043956044133e-01 1.529794736532320149e-02 1.091209187400031366e+00
1.043956043956044133e-01 1.585380256334690055e-02 1.109418315592078930e+00
1.021505376344086086e-01 1.553953439067894083e-03 3.343450596210990167e+00
1.021505376344086086e-01 1.756131237121149507e-03 2.339507257206797419e+00
1.021505376344086086e-01 1.903189508510277515e-03 1.690994625230061610e+00
1.021505376344086086e-01 2.038819637711948660e-03 1.202419021593430282e+00
1.021505376344086086e-01 2.213323052777504268e-03 8.355992961477125558e-01
1.021505376344086086e-01 2.383720041355113541e-03 5.675434801925223205e-01
1.021505376344086086e-01 2.548319883033379769e-03 3.771743561429582448e-01
1.021505376344086086e-01 2.742277878118098196e-03 2.396107708210219733e-01
1.021505376344086086e-01 2.934661954893317930e-03 1.499778537640947262e-01
1.021505376344086086e-01 3.168954715789850437e-03 9.621098241420476815e-02
1.021505376344086086e-01 3.359007692422035299e-03 6.318912976190378672e-02
1.021505376344086086e-01 3.597425418748194121e-03 5.453171375894200201e-02
1.021505376344086086e-01 3.839047684128719766e-03 6.308598946920367101e-02
1.021505376344086086e-01 4.083320806910667282e-03 8.182175867427599059e-02
1.021505376344086086e-01 4.329688663935054443e-03 1.071269687594705589e-01
1.021505376344086086e-01 4.577592604283708261e-03 1.379581493910110312e-01
1.021505376344086086e-01 4.826471357938946424e-03 1.751795680296096280e-01
1.021505376344086086e-01 5.075760938944123314e-03 2.210479258607983555e-01
1.021505376344086086e-01 5.413621137349433447e-03 2.592083345456536181e-01
1.021505376344086086e-01 5.667924185692008177e-03 3.034928650632828795e-01
1.021505376344086086e-01 6.021660636360275966e-03 3.485409310833723628e-01
1.021505376344086086e-01 6.279492672818741926e-03 3.920894038161669704e-01
1.021505376344086086e-01 6.648379889271994851e-03 4.351096449783201092e-01
1.021505376344086086e-01 6.908248580094338530e-03 4.828153150293897911e-01
1.021505376344086086e-01 7.291558780534011623e-03 5.191640000706971847e-01
1.021505376344086086e-01 7.685217958347962015e-03 5.636988471700273839e-01
1.021505376344086086e-01 7.948966655344480089e-03 6.054903723853445330e-01
1.021505376344086086e-01 8.356139230806546025e-03 6.393080859572767283e-01
1.021505376344086086e-01 8.773481342255182169e-03 6.779469065527272686e-01
1.021505376344086086e-01 9.200992989690379847e-03 7.202708039120035988e-01
1.021505376344086086e-01 9.468257703779381015e-03 7.514159599722470828e-01
1.021505376344086086e-01 9.908190203625665687e-03 7.815540668143157177e-01
1.021505376344086086e-01 1.035811243709290966e-02 8.140391686462780108e-01
1.021505376344086086e-01 1.081802440418112334e-02 8.484299085183781841e-01
1.021505376344086086e-01 1.128792610489029805e-02 8.841190642914966702e-01
1.021505376344086086e-01 1.155557730410668518e-02 9.076260115577103882e-01
1.021505376344086086e-01 1.203662314690788493e-02 9.319696707616733633e-01
1.021505376344086086e-01 1.252747855199365552e-02 9.572630926331988643e-01
1.021505376344086086e-01 1.302814351936400043e-02 9.834052281484753077e-01
1.021505376344086086e-01 1.353861804901892139e-02 1.009892169389663863e+00
1.021505376344086086e-01 1.405890214095841841e-02 1.036707620619568448e+00
1.021505376344086086e-01 1.432047989811309312e-02 1.063005362310025514e+00
1.021505376344086086e-01 1.485044599499082962e-02 1.080515056711114585e+00
1.021505376344086086e-01 1.539004110550855169e-02 1.098371237991138560e+00
1.000000000000000056e-01 1.708357789435965141e-03 2.445314393800679387e+00
1.000000000000000056e-01 1.851182171265431569e-03 1.776377173471808568e+00
1.000000000000000056e-01 2.005753767727116565e-03 1.269726112204649038e+00
1.000000000000000056e-01 2.152370698412851661e-03 8.949893465273771609e-01
1.000000000000000056e-01 2.317871195498839767e-03 6.144757861707902391e-01
1.000000000000000056e-01 2.510069369924167442e-03 4.072489253327096215e-01
1.000000000000000056e-01 2.701986415393030274e-03 2.657241297642766176e-01
1.000000000000000056e-01 2.892538305279957183e-03 1.671190224630680343e-01
1.000000000000000056e-01 3.080631894551166556e-03 1.024597176857930253e-01
1.000000000000000056e-01 3.265164317668699592e-03 7.307523177845746953e-02
1.000000000000000056e-01 3.496798557366573214e-03 5.474610846197108804e-02
1.000000000000000056e-01 3.731529173346351085e-03 5.704731364807297256e-02
1.000000000000000056e-01 3.968817190945075207e-03 7.227068062122803116e-02
1.000000000000000056e-01 4.208121308007114168e-03 9.623772339151454025e-02
1.000000000000000056e-01 4.448897812808438879e-03 1.274424874274138197e-01
1.000000000000000056e-01 4.690600497144758151e-03 1.663600438853787000e-01
1.000000000000000056e-01 5.013569157948733791e-03 2.064642111955644621e-01
1.000000000000000056e-01 5.261016838129163598e-03 2.439005685094350340e-01
1.000000000000000056e-01 5.507933333451415364e-03 2.926857999536385813e-01
1.000000000000000056e-01 5.851684718272498996e-03 3.308665185499938821e-01
1.000000000000000056e-01 6.101992762387672617e-03 3.799691847367601683e-01
1.000000000000000056e-01 6.460452791281164932e-03 4.177750516722672502e-01
1.000000000000000056e-01 6.829143293008063317e-03 4.675282676379910463e-01
1.000000000000000056e-01 7.085160035943460083e-03 5.038806615673901979e-01
1.000000000000000056e-01 7.467676087501024136e-03 5.449919829011722339e-01
1.000000000000000056e-01 7.860248172769911459e-03 5.928125544504972977e-01
1.000000000000000056e-01 8.119265742173087386e-03 6.243750023329130983e-01
1.000000000000000056e-01 8.524777356407407802e-03 6.606961700484759170e-01
1.000000000000000056e-01 8.940170228345653905e-03 7.010620695357108190e-01
1.000000000000000056e-01 9.199465648402063364e-03 7.387008786348343570e-01
1.000000000000000056e-01 9.626909011961557947e-03 7.672054926570998079e-01
1.000000000000000056e-01 1.006405851303418704e-02 7.983031325153817637e-01
1.000000000000000056e-01 1.051091415161996452e-02 8.315227603180459504e-01
1.000000000000000056e-01 1.096747592771887998e-02 8.662289793580679742e-01
1.000000000000000056e-01 1.122703940611973795e-02 8.957753668834737004e-01
1.000000000000000056e-01 1.169440858129368495e-02 9.192340480850627049e-01
1.000000000000000056e-01 1.217130842200059293e-02 9.437768369826620152e-01
1.000000000000000056e-01 1.265773892824045670e-02 9.692869221299039717e-01
1.000000000000000056e-01 1.315370010001328666e-02 9.952475281929671347e-01
1.000000000000000056e-01 1.365919193731907240e-02 1.021627092620931210e+00
1.000000000000000056e-01 1.417421444015781566e-02 1.048410337346843191e+00
1.000000000000000056e-01 1.442758934374049895e-02 1.070282837541902232e+00
1.000000000000000056e-01 1.495181983951590805e-02 1.087759374829104342e+00
