-6.666666666666667095e-03 1.129297352639808223e-03 2.530036674531570107e+00
-6.666666666666667095e-03 1.256404503165721789e-03 1.807981339312506597e+00
-6.666666666666667095e-03 1.342769033531294879e-03 1.373509721894859981e+00
-6.666666666666667095e-03 1.423791935082076646e-03 1.032442437822336911e+00
-6.666666666666667095e-03 1.517141562829971710e-03 7.615973537620186473e-01
-6.666666666666667095e-03 1.606756989728578156e-03 5.554699902044535342e-01
-6.666666666666667095e-03 1.714388506032582006e-03 3.924432697974640227e-01
-6.666666666666667095e-03 1.820777118541515999e-03 2.726278753591901971e-01
-6.666666666666667095e-03 1.925392224141793179e-03 1.851803579219445384e-01
-6.666666666666667095e-03 2.027703502817846445e-03 1.263471935065530183e-01
-6.666666666666667095e-03 2.158422476273393672e-03 8.527493068076567873e-02
-6.666666666666667095e-03 2.256929388086324761e-03 6.685513236710441398e-02
-6.666666666666667095e-03 2.387749842612568035e-03 5.526095851385162683e-02
-6.666666666666667095e-03 2.519376807525821639e-03 5.735165041501187611e-02
-6.666666666666667095e-03 2.651544863744906798e-03 6.902239726345141269e-02
-6.666666666666667095e-03 2.783988664336831901e-03 8.844955013849781222e-02
-6.666666666666667095e-03 2.916442936634714659e-03 1.146898510923182457e-01
-6.666666666666667095e-03 3.098510214259943187e-03 1.447658490523873742e-01
-6.666666666666667095e-03 3.233203115510272820e-03 1.732334045662428101e-01
-6.666666666666667095e-03 3.367199081298496988e-03 2.101836558313979197e-01
-6.666666666666667095e-03 3.559410828776790950e-03 2.507009059244125204e-01
-6.666666666666667095e-03 3.694495362437404638e-03 2.870464412637727669e-01
-6.666666666666667095e-03 3.894003775684465492e-03 3.330560042501276574e-01
-6.666666666666667095e-03 4.029469246829925355e-03 3.692680498578564396e-01
-6.666666666666667095e-03 4.235919940308667184e-03 4.146190328131837965e-01
-6.666666666666667095e-03 4.371058945456452426e-03 4.552124366457134808e-01
-6.666666666666667095e-03 4.584097600292727503e-03 4.964031254439408292e-01
-6.666666666666667095e-03 4.718202970479453209e-03 5.447617536240212388e-01
-6.666666666666667095e-03 4.937475336066981732e-03 5.807117860878691085e-01
-6.666666666666667095e-03 5.161727835542273025e-03 6.215538035255067095e-01
-6.666666666666667095e-03 5.390960468905321885e-03 6.693966346348204643e-01
-6.666666666666667095e-03 5.525035415142134400e-03 7.047047632340022183e-01
-6.666666666666667095e-03 5.759970268587507811e-03 7.431444652720581301e-01
-6.666666666666667095e-03 5.999796600916618497e-03 7.831344391542015559e-01
-6.666666666666667095e-03 6.244514412129465591e-03 8.276304153158035026e-01
-6.666666666666667095e-03 6.376435887129526699e-03 8.618272378077290741e-01
-6.666666666666667095e-03 6.626324542017932549e-03 8.962123504791634776e-01
-6.666666666666667095e-03 6.881016031426523058e-03 9.335733808631319075e-01
-6.666666666666667095e-03 7.140510355355298225e-03 9.726320087253252922e-01
-6.666666666666667095e-03 7.404807513804259785e-03 1.013834689989762339e+00
-6.666666666666667095e-03 7.532289988414005329e-03 1.048544597977449255e+00
-6.666666666666667095e-03 7.801138097864783114e-03 1.080662500476912813e+00
-6.666666666666667095e-03 8.074700408306446572e-03 1.115182509231273045e+00
-6.666666666666667095e-03 8.352976919738993103e-03 1.149815738855030300e+00
-6.666666666666667095e-03 8.635967632162424440e-03 1.185195030919802495e+00
-6.551724137931034739e-03 1.110191171726074288e-03 2.688645585592954745e+00
-6.551724137931034739e-03 1.248583690859567412e-03 1.882829257452024896e+00
-6.551724137931034739e-03 1.335066033707468444e-03 1.438344715986598299e+00
-6.551724137931034739e-03 1.416384515211902137e-03 1.083316763986812203e+00
-6.551724137931034739e-03 1.509908066488330810e-03 8.050684969146474357e-01
-6.551724137931034739e-03 1.599847877166376154e-03 5.871921420339331066e-01
-6.551724137931034739e-03 1.685422229556133222e-03 4.242703726795094554e-01
-6.551724137931034739e-03 1.790018749379245931e-03 2.960032988925413999e-01
-6.551724137931034739e-03 1.892872510085868380e-03 2.043551252706959920e-01
-6.551724137931034739e-03 2.021906457639003046e-03 1.375324012297069187e-01
-6.551724137931034739e-03 2.121977201472753996e-03 9.257610018946504926e-02
-6.551724137931034739e-03 2.251894476699869193e-03 6.742485886366951509e-02
-6.551724137931034739e-03 2.382952897999616754e-03 5.984531366183539619e-02
-6.551724137931034739e-03 2.476853631167435805e-03 5.895706413899134968e-02
-6.551724137931034739e-03 2.606795501995080779e-03 6.818045811356648889e-02
-6.551724137931034739e-03 2.737008998783816045e-03 8.649767602390638632e-02
-6.551724137931034739e-03 2.913378483894937029e-03 1.087216114447151633e-01
-6.551724137931034739e-03 3.046228567626609995e-03 1.329779511275541448e-01
-6.551724137931034739e-03 3.178654663273856353e-03 1.634390326234282931e-01
-6.551724137931034739e-03 3.310396171542263639e-03 2.029686814836265951e-01
-6.551724137931034739e-03 3.499365406094387225e-03 2.366586664598271106e-01
-6.551724137931034739e-03 3.632178086508991172e-03 2.767026010224972743e-01
-6.551724137931034739e-03 3.828321271323295843e-03 3.173508458484644024e-01
-6.551724137931034739e-03 3.961509476832341184e-03 3.579324309471023646e-01
-6.551724137931034739e-03 4.164478237385129018e-03 3.990899233071361074e-01
-6.551724137931034739e-03 4.297346540148952974e-03 4.444110779931301769e-01
-6.551724137931034739e-03 4.506792566318488548e-03 4.822183487266758495e-01
-6.551724137931034739e-03 4.721221912914730194e-03 5.280290603961903528e-01
-6.551724137931034739e-03 4.854220812683475439e-03 5.686796647231384672e-01
-6.551724137931034739e-03 5.074692020366785954e-03 6.071643997746768440e-01
-6.551724137931034739e-03 5.300059388116216443e-03 6.528899911857348748e-01
-6.551724137931034739e-03 5.431884735238155619e-03 6.933822964599152261e-01
-6.551724137931034739e-03 5.662858647316239454e-03 7.300468457587537818e-01
-6.551724137931034739e-03 5.898641569198765852e-03 7.685346641679086099e-01
-6.551724137931034739e-03 6.139233500885733948e-03 8.116973351730861763e-01
-6.551724137931034739e-03 6.268943904424740740e-03 8.509322872489856193e-01
-6.551724137931034739e-03 6.514620013708539124e-03 8.841717723282276342e-01
-6.551724137931034739e-03 6.765017992814639433e-03 9.205080885675780422e-01
-6.551724137931034739e-03 7.020137841743039064e-03 9.587196247909353097e-01
-6.551724137931034739e-03 7.279979560493743222e-03 9.991681990393826984e-01
-6.551724137931034739e-03 7.405328724903395207e-03 1.038564328746450549e+00
-6.551724137931034739e-03 7.669645238289655477e-03 1.069985874943903958e+00
-6.551724137931034739e-03 7.938596491982842507e-03 1.103913630485513275e+00
-6.551724137931034739e-03 8.212182485982953695e-03 1.138032745476093011e+00
-6.551724137931034739e-03 8.490403220289995112e-03 1.172957583251711622e+00
-6.440677966101694858e-03 1.091720638306086823e-03 2.858067322653632392e+00
-6.440677966101694858e-03 1.227810685833940173e-03 1.962954974447696621e+00
-6.440677966101694858e-03 1.312860570992550229e-03 1.501593597118219492e+00
-6.440677966101694858e-03 1.409220868122478725e-03 1.139579161578654798e+00
-6.440677966101694858e-03 1.484807967589561522e-03 8.492060757314223718e-01
-6.440677966101694858e-03 1.573259122986805231e-03 6.258349628525735620e-01
-6.440677966101694858e-03 1.679211448465075087e-03 4.489381995932116287e-01
-6.440677966101694858e-03 1.784048780665828306e-03 3.175975032664950515e-01
-6.440677966101694858e-03 1.887258108983727155e-03 2.191129384686691384e-01
-6.440677966101694858e-03 1.988326682429322149e-03 1.480375910943674267e-01
-6.440677966101694858e-03 2.086742023632284868e-03 1.049803133094383695e-01
-6.440677966101694858e-03 2.214505599690738766e-03 7.121530966590118583e-02
-6.440677966101694858e-03 2.343391843195969434e-03 5.741695592171410650e-02
-6.440677966101694858e-03 2.473144075172622938e-03 5.690147304561499197e-02
-6.440677966101694858e-03 2.603505680925035422e-03 6.488900343849271501e-02
-6.440677966101694858e-03 2.734220111855237625e-03 7.930669419102416573e-02
-6.440677966101694858e-03 2.865030887370763422e-03 9.876326790941780676e-02
-6.440677966101694858e-03 2.995681596888434550e-03 1.240398588370047184e-01
-6.440677966101694858e-03 3.125915901940840534e-03 1.562429371086297702e-01
-6.440677966101694858e-03 3.309595859414078342e-03 1.919321557115832577e-01
-6.440677966101694858e-03 3.441311821256060402e-03 2.248523687613647459e-01
-6.440677966101694858e-03 3.571927778933935062e-03 2.683913746318766780e-01
-6.440677966101694858e-03 3.764817354775236696e-03 3.035640583753351773e-01
-6.440677966101694858e-03 3.895803570923255053e-03 3.483382574480836658e-01
-6.440677966101694858e-03 4.095405875744620797e-03 3.852040920502557420e-01
-6.440677966101694858e-03 4.299994571722433843e-03 4.336310886453679236e-01
-6.440677966101694858e-03 4.432051031568412167e-03 4.694390149929773548e-01
-6.440677966101694858e-03 4.642924239686075337e-03 5.122641246652696045e-01
-6.440677966101694858e-03 4.773726752420133848e-03 5.578488301937328808e-01
-6.440677966101694858e-03 4.990542044280409789e-03 5.939094371208842871e-01
-6.440677966101694858e-03 5.212172306697998754e-03 6.374529949303966436e-01
-6.440677966101694858e-03 5.341822273027318178e-03 6.830301933499024480e-01
-6.440677966101694858e-03 5.568966560538210313e-03 7.178648569278460734e-01
-6.440677966101694858e-03 5.800840122865617669e-03 7.548004173211121381e-01
-6.440677966101694858e-03 6.037442960009541115e-03 7.965815676306149395e-01
-6.440677966101694858e-03 6.278775071969979783e-03 8.400143181464483355e-01
-6.440677966101694858e-03 6.406618363896302189e-03 8.728327181069824858e-01
-6.440677966101694858e-03 6.652865157699775107e-03 9.081057619165173733e-01
-6.440677966101694858e-03 6.903755540515624581e-03 9.454352716634901732e-01
-6.440677966101694858e-03 7.159289512343857548e-03 9.850961132309129509e-01
-6.440677966101694858e-03 7.419467073184465335e-03 1.025428597541115261e+00
-6.440677966101694858e-03 7.542510674083706922e-03 1.059820861131489211e+00
-6.440677966101694858e-03 7.807003703260819230e-03 1.093129750631947283e+00
-6.440677966101694858e-03 8.076054645763842618e-03 1.126709990710804465e+00
-6.440677966101694858e-03 8.349663501592776219e-03 1.161156814580292185e+00
-6.333333333333333176e-03 1.073854554939877208e-03 3.037826321690545228e+00
-6.333333333333333176e-03 1.207717479475701626e-03 2.054067569051893916e+00
-6.333333333333333176e-03 1.305894943135811571e-03 1.565461609633347573e+00
-6.333333333333333176e-03 1.386170444763144653e-03 1.190868151553542198e+00
-6.333333333333333176e-03 1.478334964168055276e-03 8.934750106885530618e-01
-6.333333333333333176e-03 1.567118332977481248e-03 6.596534748642526313e-01
-6.333333333333333176e-03 1.651764297236974844e-03 4.807872174994896053e-01
-6.333333333333333176e-03 1.754892958038715934e-03 3.401237763876979736e-01
-6.333333333333333176e-03 1.856420934358899398e-03 2.366096193280266269e-01
-6.333333333333333176e-03 1.955843869106519903e-03 1.640523250172038483e-01
-6.333333333333333176e-03 2.082361285419994084e-03 1.097976971279862879e-01
-6.333333333333333176e-03 2.178337772376532332e-03 7.962937402626224515e-02
-6.333333333333333176e-03 2.305122651872867044e-03 5.927136197045944355e-02
-6.333333333333333176e-03 2.432759836264481758e-03 5.429177000239929218e-02
-6.333333333333333176e-03 2.560996915662755967e-03 5.954856142372545041e-02
-6.333333333333333176e-03 2.689581544108772711e-03 7.261142781040835770e-02
-6.333333333333333176e-03 2.818261441418738657e-03 9.186405524546391310e-02
-6.333333333333333176e-03 2.946784395122248323e-03 1.178983944675077999e-01
-6.333333333333333176e-03 3.074898262499884197e-03 1.515985501410714031e-01
-6.333333333333333176e-03 3.255580404888883377e-03 1.794507860537508104e-01
-6.333333333333333176e-03 3.385152601512833679e-03 2.152452831010308043e-01
-6.333333333333333176e-03 3.573027908158597690e-03 2.563745389646201467e-01
-6.333333333333333176e-03 3.703385426501129129e-03 2.916666381986910972e-01
-6.333333333333333176e-03 3.898116903306534254e-03 3.367295164660399909e-01
-6.333333333333333176e-03 4.028586935472100623e-03 3.729385625364141643e-01
-6.333333333333333176e-03 4.229837647310676595e-03 4.175252925812990012e-01
-6.333333333333333176e-03 4.359747591600056892e-03 4.580469054188777700e-01
-6.333333333333333176e-03 4.567180663709476812e-03 4.978089825619258502e-01
-6.333333333333333176e-03 4.779434463400386579e-03 5.460135451296072029e-01
-6.333333333333333176e-03 4.909136750993567389e-03 5.817757540688826001e-01
-6.333333333333333176e-03 5.127151799602064179e-03 6.230737323692163709e-01
-6.333333333333333176e-03 5.349903277381609472e-03 6.668079749083121177e-01
-6.333333333333333176e-03 5.478136548830552822e-03 7.065889509892842035e-01
-6.333333333333333176e-03 5.706228246398684263e-03 7.419229872654871105e-01
-6.333333333333333176e-03 5.938972084169162786e-03 7.822751877951458210e-01
-6.333333333333333176e-03 6.176368062141991862e-03 8.244825166778007031e-01
-6.333333333333333176e-03 6.302138516323533939e-03 8.621887816225775047e-01
-6.333333333333333176e-03 6.544369489920380707e-03 8.963605605583205849e-01
-6.333333333333333176e-03 6.791168324361538701e-03 9.327735945824922048e-01
-6.333333333333333176e-03 7.042535019647012257e-03 9.716135340056173408e-01
-6.333333333333333176e-03 7.298469575776791833e-03 1.011223079698218008e+00
-6.333333333333333176e-03 7.419521304892228754e-03 1.050163468390009847e+00
-6.333333333333333176e-03 7.679701469000975791e-03 1.082827208273697828e+00
-6.333333333333333176e-03 7.944365224381742460e-03 1.115844105770935624e+00
-6.333333333333333176e-03 8.213512571034529627e-03 1.149789625833166129e+00
-6.229508196721311036e-03 1.056563732573720816e-03 3.227468868230359611e+00
-6.229508196721311036e-03 1.188271244126552599e-03 2.155728923696360155e+00
-6.229508196721311036e-03 1.299151482018381064e-03 1.633083554142847449e+00
-6.229508196721311036e-03 1.379719483596253057e-03 1.246859209462518159e+00
-6.229508196721311036e-03 1.454548416330543993e-03 9.399398154312161857e-01
-6.229508196721311036e-03 1.541909106740425904e-03 6.993425706907543393e-01
-6.229508196721311036e-03 1.646289260492064116e-03 5.089226554758959908e-01
-6.229508196721311036e-03 1.749674039330541752e-03 3.666233476987180717e-01
-6.229508196721311036e-03 1.851566897652391240e-03 2.579287923601852883e-01
-6.229508196721311036e-03 1.951471528543846472e-03 1.757253221733987569e-01
-6.229508196721311036e-03 2.048891876460611286e-03 1.192284815136122889e-01
-6.229508196721311036e-03 2.174797134447327852e-03 8.410005963675992735e-02
-6.229508196721311036e-03 2.268083073830118399e-03 6.530906988174196848e-02
-6.229508196721311036e-03 2.393673042777099812e-03 5.554764639649120012e-02
-6.229508196721311036e-03 2.519853717280845246e-03 5.776960524728187718e-02
-6.229508196721311036e-03 2.646376818570302450e-03 6.918854082098616076e-02
-6.229508196721311036e-03 2.772994131527111664e-03 8.796460991971069565e-02
-6.229508196721311036e-03 2.899457506561510869e-03 1.145014977660983868e-01
-6.229508196721311036e-03 3.074986683836236807e-03 1.395733193617436085e-01
-6.229508196721311036e-03 3.203299452381866939e-03 1.693444267531384329e-01
-6.229508196721311036e-03 3.330796530633751799e-03 2.078013613545722504e-01
-6.229508196721311036e-03 3.515655085987447106e-03 2.427394829221585781e-01
-6.229508196721311036e-03 3.643925728528214867e-03 2.816300780722795771e-01
-6.229508196721311036e-03 3.835530694462292983e-03 3.218059675315684820e-01
-6.229508196721311036e-03 3.963912935542717071e-03 3.622707224812679039e-01
-6.229508196721311036e-03 4.161932815148623212e-03 4.029281901052018666e-01
-6.229508196721311036e-03 4.289764888563358906e-03 4.480240689549698230e-01
-6.229508196721311036e-03 4.493868243348455790e-03 4.846473599379879094e-01
-6.229508196721311036e-03 4.702714943357539853e-03 5.300507211338141289e-01
-6.229508196721311036e-03 4.830344040445367845e-03 5.707503626244554429e-01
-6.229508196721311036e-03 5.044859900196131675e-03 6.097404410228721705e-01
-6.229508196721311036e-03 5.264036168401547630e-03 6.515236711091150212e-01
-6.229508196721311036e-03 5.390221253736544524e-03 6.962096932570083219e-01
-6.229508196721311036e-03 5.614652445816823052e-03 7.298937625414304575e-01
-6.229508196721311036e-03 5.843661118719373736e-03 7.687703584522358469e-01
-6.229508196721311036e-03 6.077247272444199176e-03 8.097090014544574554e-01
-6.229508196721311036e-03 6.201011009269375394e-03 8.522336232661211763e-01
-6.229508196721311036e-03 6.439355014271719996e-03 8.852667027758156504e-01
-6.229508196721311036e-03 6.682193581764404346e-03 9.207292909245933243e-01
-6.229508196721311036e-03 6.929526711747428444e-03 9.587156089500243894e-01
-6.229508196721311036e-03 7.181354404220787954e-03 9.975713672097257234e-01
-6.229508196721311036e-03 7.437676659184488948e-03 1.037666370622805756e+00
-6.229508196721311036e-03 7.556483362209027652e-03 1.073002373532344622e+00
-6.229508196721311036e-03 7.816900680797152917e-03 1.105431750026973914e+00
-6.229508196721311036e-03 8.081729653013578277e-03 1.138852943090856940e+00
-6.129032258064516341e-03 1.039820831507357437e-03 3.426561930055543215e+00
-6.129032258064516341e-03 1.169441232015544160e-03 2.267519738920570571e+00
-6.129032258064516341e-03 1.278567175881516584e-03 1.696887370955042496e+00
-6.129032258064516341e-03 1.357864719387315419e-03 1.301817789220552468e+00
-6.129032258064516341e-03 1.448755302045348506e-03 9.849664639066811889e-01
-6.129032258064516341e-03 1.536454423489780601e-03 7.351773012013855801e-01
-6.129032258064516341e-03 1.620229689463181582e-03 5.407303049144280838e-01
-6.129032258064516341e-03 1.721982424455130271e-03 3.882881722559468618e-01
-6.129032258064516341e-03 1.822267499768387942e-03 2.737775743820183849e-01
-6.129032258064516341e-03 1.920596476868301249e-03 1.893569796727117560e-01
-6.129032258064516341e-03 2.016481160606389388e-03 1.335491055210084876e-01
-6.129032258064516341e-03 2.140397836943840233e-03 8.908216403439643549e-02
-6.129032258064516341e-03 2.265466439893500366e-03 6.739832764132980270e-02
-6.129032258064516341e-03 2.355822169058667710e-03 6.058369262067024585e-02
-6.129032258064516341e-03 2.480011336164268144e-03 5.947693644468519253e-02
-6.129032258064516341e-03 2.604537955109512398e-03 6.897192052183610811e-02
-6.129032258064516341e-03 2.772371169504917951e-03 8.694964619589135024e-02
-6.129032258064516341e-03 2.899533211838667846e-03 1.055916025660532109e-01
-6.129032258064516341e-03 3.026381126945811365e-03 1.297921813824567672e-01
-6.129032258064516341e-03 3.152670792690545794e-03 1.615727214816496393e-01
-6.129032258064516341e-03 3.332636499396887057e-03 1.997751222405363680e-01
-6.129032258064516341e-03 3.460095290759485770e-03 2.311191694549896147e-01
-6.129032258064516341e-03 3.586344804366800153e-03 2.734263570355549566e-01
-6.129032258064516341e-03 3.774922049146733124e-03 3.086156948625898844e-01
-6.129032258064516341e-03 3.901282246653066301e-03 3.531783169518831755e-01
-6.129032258064516341e-03 4.096173368974128856e-03 3.898196548165457909e-01
-6.129032258064516341e-03 4.295814525817714252e-03 4.367132620177274771e-01
-6.129032258064516341e-03 4.422871801132274329e-03 4.727632123592396263e-01
-6.129032258064516341e-03 4.628419033540994570e-03 5.152938582892467867e-01
-6.129032258064516341e-03 4.754040154145153414e-03 5.608204455692378243e-01
-6.129032258064516341e-03 4.965167353867779194e-03 5.974415071508023534e-01
-6.129032258064516341e-03 5.180881342593964510e-03 6.372176282272893344e-01
-6.129032258064516341e-03 5.401182120323707626e-03 6.835259729034129927e-01
-6.129032258064516341e-03 5.525968918486988748e-03 7.187042302106417813e-01
-6.129032258064516341e-03 5.751360395650691529e-03 7.560593289072611300e-01
-6.129032258064516341e-03 5.981257052252117803e-03 7.956866938791578026e-01
-6.129032258064516341e-03 6.215658888291265838e-03 8.378836509469359539e-01
-6.129032258064516341e-03 6.337656864969424750e-03 8.748184647820511639e-01
-6.129032258064516341e-03 6.576660229582551552e-03 9.092971095951073446e-01
-6.129032258064516341e-03 6.820087173072570015e-03 9.463975312743337920e-01
-6.129032258064516341e-03 7.067937695439475802e-03 9.844690546811658560e-01
-6.129032258064516341e-03 7.320211796683272383e-03 1.023892014719947730e+00
-6.129032258064516341e-03 7.437155986132715398e-03 1.063651647721661986e+00
-6.129032258064516341e-03 7.693460953270779210e-03 1.095469610724435938e+00
-6.129032258064516341e-03 7.954107907893992815e-03 1.128343717340085872e+00
-6.031746031746032174e-03 1.151198613129621922e-03 2.389038586318101398e+00
-6.031746031746032174e-03 1.272456916326943728e-03 1.763474193378641086e+00
-6.031746031746032174e-03 1.352052586298623871e-03 1.357519061398097637e+00
-6.031746031746032174e-03 1.426169577625027371e-03 1.033546427204837137e+00
-6.031746031746032174e-03 1.512506808399242562e-03 7.757865286152291207e-01
-6.031746031746032174e-03 1.615411895839930639e-03 5.722025382341506816e-01
-6.031746031746032174e-03 1.695153552350522549e-03 4.162262674299941900e-01
-6.031746031746032174e-03 1.793880784240268079e-03 2.953903733058589332e-01
-6.031746031746032174e-03 1.890683025469593655e-03 2.082470833681527023e-01
-6.031746031746032174e-03 2.013389644390311053e-03 1.405551651246988720e-01
-6.031746031746032174e-03 2.107069618133286786e-03 9.851411165819951021e-02
-6.031746031746032174e-03 2.230193915386835014e-03 6.961040587443878547e-02
-6.031746031746032174e-03 2.354211916982024751e-03 5.797547941710510383e-02
-6.031746031746032174e-03 2.478883007441487832e-03 5.742784753873291653e-02
-6.031746031746032174e-03 2.603966628233886013e-03 6.494091298287539560e-02
-6.031746031746032174e-03 2.729222279390760859e-03 7.822163907574747332e-02
-6.031746031746032174e-03 2.854409521203423762e-03 9.719854640360102438e-02
-6.031746031746032174e-03 2.979287976005382584e-03 1.225227218867648571e-01
-6.031746031746032174e-03 3.103617330046309648e-03 1.560960873642644742e-01
-6.031746031746032174e-03 3.280782889940103697e-03 1.871016209849147294e-01
-6.031746031746032174e-03 3.406263935776126812e-03 2.214822007943502424e-01
-6.031746031746032174e-03 3.590207410123604989e-03 2.635041962465488607e-01
-6.031746031746032174e-03 3.716198714089076482e-03 2.971337777525521195e-01
-6.031746031746032174e-03 3.906598926780135116e-03 3.422395235893598286e-01
-6.031746031746032174e-03 4.032459237501995891e-03 3.781798649461127759e-01
-6.031746031746032174e-03 4.228995066087083005e-03 4.215015701564231998e-01
-6.031746031746032174e-03 4.354083320493459808e-03 4.621407212446567714e-01
-6.031746031746032174e-03 4.556433697453354109e-03 5.017286316315153760e-01
-6.031746031746032174e-03 4.763379874557962385e-03 5.472630939860047006e-01
-6.031746031746032174e-03 4.887952941195333571e-03 5.861654635123840773e-01
-6.031746031746032174e-03 5.100312314103435177e-03 6.238793889275593418e-01
-6.031746031746032174e-03 5.317187145847604955e-03 6.683299592272348155e-01
-6.031746031746032174e-03 5.440042800302638364e-03 7.083459745139665253e-01
-6.031746031746032174e-03 5.661929550061935677e-03 7.441344338486634014e-01
-6.031746031746032174e-03 5.888251425918715823e-03 7.824085907862283751e-01
-6.031746031746032174e-03 6.119008427872976198e-03 8.234227453608273795e-01
-6.031746031746032174e-03 6.239120422778257624e-03 8.650101800307244959e-01
-6.031746031746032174e-03 6.474407817637503441e-03 8.984718504332807054e-01
-6.031746031746032174e-03 6.714050014579068040e-03 9.346545393038566685e-01
-6.031746031746032174e-03 6.958047013602947084e-03 9.719117767902818450e-01
-6.031746031746032174e-03 7.206398814709143175e-03 1.010634627612144509e+00
-6.031746031746032174e-03 7.459105417897654577e-03 1.051804657503152107e+00
-6.031746031746032174e-03 7.573858412554070919e-03 1.085954402709607081e+00
-6.031746031746032174e-03 7.830453349731253745e-03 1.118258924236341434e+00
-5.937499999999999202e-03 1.133516328015035700e-03 2.519901016976389130e+00
-5.937499999999999202e-03 1.252913385994649685e-03 1.832161745476421189e+00
-5.937499999999999202e-03 1.331292098240996914e-03 1.415839685078396970e+00
-5.937499999999999202e-03 1.420986090955013220e-03 1.079293807754531764e+00
-5.937499999999999202e-03 1.507666604929093533e-03 8.135611145228657248e-01
-5.937499999999999202e-03 1.590623648389157246e-03 6.039115721423612415e-01
-5.937499999999999202e-03 1.691084017022535758e-03 4.402971904594006336e-01
-5.937499999999999202e-03 1.790201538466034293e-03 3.156296041967790456e-01
-5.937499999999999202e-03 1.887502720200579832e-03 2.204458039475346853e-01
-5.937499999999999202e-03 1.982514294069646129e-03 1.519085880225908847e-01
-5.937499999999999202e-03 2.104774834824223000e-03 1.067678986709287847e-01
-5.937499999999999202e-03 2.196002734894005742e-03 7.586511254546048078e-02
-5.937499999999999202e-03 2.318122622953072524e-03 5.885301051999348304e-02
-5.937499999999999202e-03 2.440885977842297862e-03 5.471864915853132810e-02
-5.937499999999999202e-03 2.564055939968193538e-03 6.008267740771827681e-02
-5.937499999999999202e-03 2.687395706497580465e-03 7.243026794515528000e-02
-5.937499999999999202e-03 2.810668533002389294e-03 9.150017459310437473e-02
-5.937499999999999202e-03 2.933637735187383851e-03 1.177207625423621479e-01
-5.937499999999999202e-03 3.106019357516550880e-03 1.482097372390340506e-01
-5.937499999999999202e-03 3.230517890308509665e-03 1.765678353875357598e-01
-5.937499999999999202e-03 3.354081614627349960e-03 2.137977321126708907e-01
-5.937499999999999202e-03 3.535207163637096774e-03 2.500501069487273131e-01
-5.937499999999999202e-03 3.659274085217953040e-03 2.873357012366145602e-01
-5.937499999999999202e-03 3.846757752729839958e-03 3.279154117515415412e-01
-5.937499999999999202e-03 3.970696476717480716e-03 3.679892978704779605e-01
-5.937499999999999202e-03 4.164222083834339186e-03 4.076602823377308837e-01
-5.937499999999999202e-03 4.287401397880106178e-03 4.527642900824272454e-01
-5.937499999999999202e-03 4.486652818944113739e-03 4.893409095971448797e-01
-5.937499999999999202e-03 4.690429656384994400e-03 5.323288672052794990e-01
-5.937499999999999202e-03 4.813102863238997303e-03 5.759009871667902791e-01
-5.937499999999999202e-03 5.022210339942664338e-03 6.114986231724326426e-01
-5.937499999999999202e-03 5.235764129471797389e-03 6.540390451330215793e-01
-5.937499999999999202e-03 5.356747481948673922e-03 6.988106755485615773e-01
-5.937499999999999202e-03 5.575236808537201508e-03 7.329880922251490460e-01
-5.937499999999999202e-03 5.798093352705983167e-03 7.698677634802830738e-01
-5.937499999999999202e-03 6.025317114455017165e-03 8.096601960024010225e-01
-5.937499999999999202e-03 6.256908093784302634e-03 8.529926228908459862e-01
-5.937499999999999202e-03 6.375285715464329775e-03 8.882483636203775124e-01
-5.937499999999999202e-03 6.611259030401655558e-03 9.234819159707154945e-01
-5.937499999999999202e-03 6.851520476128858395e-03 9.598952078481461925e-01
-5.937499999999999202e-03 7.096070052645945224e-03 9.978902346126339307e-01
-5.937499999999999202e-03 7.344907759952914311e-03 1.038439616405407273e+00
-5.937499999999999202e-03 7.457916911121627995e-03 1.076882868151988193e+00
-5.937499999999999202e-03 7.710583863293574668e-03 1.108595563861965339e+00
-5.846153846153846409e-03 1.116368953929878409e-03 2.659738721680483753e+00
-5.846153846153846409e-03 1.247372972542815442e-03 1.897696927986482152e+00
-5.846153846153846409e-03 1.326054245482737558e-03 1.471236779612402401e+00
-5.846153846153846409e-03 1.399501419905526626e-03 1.129794168022595580e+00
-5.846153846153846409e-03 1.484876205556892462e-03 8.549749300642570660e-01
-5.846153846153846409e-03 1.586394605836362283e-03 6.385954054932805324e-01
-5.846153846153846409e-03 1.665530524289110742e-03 4.672045070588370375e-01
-5.846153846153846409e-03 1.763154517258185353e-03 3.354966376432972908e-01
-5.846153846153846409e-03 1.858990193253113633e-03 2.369153014151081926e-01
-5.846153846153846409e-03 1.952571444269842653e-03 1.679525227095700624e-01
-5.846153846153846409e-03 2.072988091700120588e-03 1.128091984183953733e-01
-5.846153846153846409e-03 2.194583170476340460e-03 8.343275172965937403e-02
-5.846153846153846409e-03 2.283122920609945324e-03 6.339767047730118787e-02
-5.846153846153846409e-03 2.404036033425857588e-03 5.540256278930125872e-02
-5.846153846153846409e-03 2.525349997070007804e-03 5.835481551715170079e-02
-5.846153846153846409e-03 2.646831593910444359e-03 6.951963214340839414e-02
-5.846153846153846409e-03 2.768247662949988031e-03 8.844726743411170100e-02
-5.846153846153846409e-03 2.935833576408170432e-03 1.144595748518453387e-01
-5.846153846153846409e-03 3.059145247742704916e-03 1.376102047804188822e-01
-5.846153846153846409e-03 3.181769610657681196e-03 1.681393236534908797e-01
-5.846153846153846409e-03 3.303473710679419306e-03 2.080354599494334267e-01
-5.846153846153846409e-03 3.481866355293869106e-03 2.384170941707525748e-01
-5.846153846153846409e-03 3.604066781846715795e-03 2.791973482341716939e-01
-5.846153846153846409e-03 3.788721891707977091e-03 3.151626597479353364e-01
-5.846153846153846409e-03 3.910796808077362206e-03 3.592287247408481599e-01
-5.846153846153846409e-03 4.101402997956551250e-03 3.951719598718022031e-01
-5.846153846153846409e-03 4.296544254634824742e-03 4.411800362738429460e-01
-5.846153846153846409e-03 4.418976680696766121e-03 4.781167509144041983e-01
-5.846153846153846409e-03 4.619679772523982951e-03 5.184961286490077370e-01
-5.846153846153846409e-03 4.740510182401931095e-03 5.666368973115832874e-01
-5.846153846153846409e-03 4.946463836561531754e-03 6.000651263755002462e-01
-5.846153846153846409e-03 5.156796742904636195e-03 6.406439521999944819e-01
-5.846153846153846409e-03 5.371508901431246152e-03 6.838250084367052395e-01
-5.846153846153846409e-03 5.491158341846213986e-03 7.226128061427150584e-01
-5.846153846153846409e-03 5.710654053611055603e-03 7.580573567932893386e-01
-5.846153846153846409e-03 5.934451122263509522e-03 7.965897288968584178e-01
-5.846153846153846409e-03 6.162549547803573141e-03 8.387914331886954233e-01
-5.846153846153846409e-03 6.279152372562461434e-03 8.786215490999753630e-01
-5.846153846153846409e-03 6.511567430723068546e-03 9.128749883176028312e-01
-5.846153846153846409e-03 6.748205958673870498e-03 9.484150613723821843e-01
-5.846153846153846409e-03 6.989067956414873363e-03 9.856548960021107586e-01
-5.846153846153846409e-03 7.234153423946072803e-03 1.025557801391184132e+00
-5.846153846153846409e-03 7.483462361267468818e-03 1.065732224867486533e+00
-5.846153846153846409e-03 7.594328309912597337e-03 1.099350660493202625e+00
-5.757575757575758221e-03 1.099732582956207145e-03 2.808198739457102633e+00
-5.757575757575758221e-03 1.228784351423693440e-03 1.970868430710609687e+00
-5.757575757575758221e-03 1.320970718963065385e-03 1.531556177583996980e+00
-5.757575757575758221e-03 1.394866069574839194e-03 1.176228060636732575e+00
-5.757575757575758221e-03 1.480587831169510177e-03 8.946165373404787458e-01
-5.757575757575758221e-03 1.562774523402550532e-03 6.701540694619072536e-01
-5.757575757575758221e-03 1.662018698041130022e-03 4.959620529215400531e-01
-5.757575757575758221e-03 1.736912488230888622e-03 3.608469538503680796e-01
-5.757575757575758221e-03 1.856371085519251075e-03 2.570548094034646458e-01
-5.757575757575758221e-03 1.950560640387334144e-03 1.771082289623266415e-01
-5.757575757575758221e-03 2.042147020577614498e-03 1.231370030602288446e-01
-5.757575757575758221e-03 2.161935791363999750e-03 8.592989492039765365e-02
-5.757575757575758221e-03 2.282655874064637696e-03 6.805748626479538044e-02
-5.757575757575758221e-03 2.368282011207068459e-03 5.940934404585124923e-02
-5.757575757575758221e-03 2.487795069727136502e-03 5.969530153939861528e-02
-5.757575757575758221e-03 2.607473643104884792e-03 6.943502676252487349e-02
-5.757575757575758221e-03 2.770252630382942852e-03 8.638013687373202742e-02
-5.757575757575758221e-03 2.892182213731294468e-03 1.046503956264674129e-01
-5.757575757575758221e-03 3.013664663040239566e-03 1.292761430845385806e-01
-5.757575757575758221e-03 3.134470433601161798e-03 1.617822698407891946e-01
-5.757575757575758221e-03 3.308432929005866198e-03 1.959007000697042811e-01
-5.757575757575758221e-03 3.430111012552506788e-03 2.285782142129803018e-01
-5.757575757575758221e-03 3.610473169378267382e-03 2.714073784023375291e-01
-5.757575757575758221e-03 3.732410876726028823e-03 3.039597518198750015e-01
-5.757575757575758221e-03 3.918865918617070974e-03 3.494808519394030921e-01
-5.757575757575758221e-03 4.040450727784907110e-03 3.840194159266028251e-01
-5.757575757575758221e-03 4.232691927432790518e-03 4.267324565042114326e-01
-5.757575757575758221e-03 4.353311489167650296e-03 4.680424015536737148e-01
-5.757575757575758221e-03 4.551032169473465637e-03 5.057523439722632075e-01
-5.757575757575758221e-03 4.753143772790642714e-03 5.523061284330044174e-01
-5.757575757575758221e-03 4.872967848377024631e-03 5.895688175862237035e-01
-5.757575757575758221e-03 5.080175567655150458e-03 6.281355102988724903e-01
-5.757575757575758221e-03 5.291697470923145685e-03 6.696035068479616603e-01
-5.757575757575758221e-03 5.409577675287039443e-03 7.130011597779080113e-01
-5.757575757575758221e-03 5.625812398138815319e-03 7.469705881538878378e-01
-5.757575757575758221e-03 5.846284573772699694e-03 7.842051343998310831e-01
-5.757575757575758221e-03 6.070994202188695170e-03 8.252397297978145696e-01
-5.757575757575758221e-03 6.299941283386800012e-03 8.684526435747037532e-01
-5.757575757575758221e-03 6.414837142949145199e-03 9.028291270049937367e-01
-5.757575757575758221e-03 6.647960370912562450e-03 9.374670896619070604e-01
-5.757575757575758221e-03 6.885244328403938158e-03 9.739247066597431779e-01
-5.757575757575758221e-03 7.126689015423266250e-03 1.013155623719306897e+00
-5.757575757575758221e-03 7.372294431970551933e-03 1.052745841815153627e+00
-5.757575757575758221e-03 7.481525712939353541e-03 1.090521262365854449e+00
-5.671641791044775525e-03 1.083584710843473126e-03 2.964942711234928474e+00
-5.671641791044775525e-03 1.210741553685009938e-03 2.052811500958061419e+00
-5.671641791044775525e-03 1.301577952785500829e-03 1.587718970410021857e+00
-5.671641791044775525e-03 1.374393804739237066e-03 1.228469802734938110e+00
-5.671641791044775525e-03 1.458861862137369623e-03 9.367290575490814231e-01
-5.671641791044775525e-03 1.559074243006143556e-03 7.079296317795725768e-01
-5.671641791044775525e-03 1.637639118958560645e-03 5.218379091844329576e-01
-5.671641791044775525e-03 1.734223825739986818e-03 3.801037393740309134e-01
-5.671641791044775525e-03 1.829148834140774957e-03 2.711674452250315559e-01
-5.671641791044775525e-03 1.921961663465090184e-03 1.901960753473322940e-01
-5.671641791044775525e-03 2.040896564298897049e-03 1.350591421545507265e-01
-5.671641791044775525e-03 2.130245378628855928e-03 9.233673678847062471e-02
-5.671641791044775525e-03 2.249198703436376852e-03 6.853149706101167860e-02
-5.671641791044775525e-03 2.368843526038217576e-03 5.866763246771380946e-02
-5.671641791044775525e-03 2.488953402566454476e-03 5.878564317511709991e-02
-5.671641791044775525e-03 2.609301940004296692e-03 6.569498186312497379e-02
-5.671641791044775525e-03 2.729662797635373436e-03 7.845368258958895780e-02
-5.671641791044775525e-03 2.849809688564906504e-03 9.727107746189565807e-02
-5.671641791044775525e-03 2.969516381317724527e-03 1.231698385492059761e-01
-5.671641791044775525e-03 3.088556701518503991e-03 1.574634703466183949e-01
-5.671641791044775525e-03 3.259970993781517636e-03 1.849764814903744337e-01
-5.671641791044775525e-03 3.379871494368009207e-03 2.205069740596938832e-01
-5.671641791044775525e-03 3.557591955976185504e-03 2.581021911114505518e-01
-5.671641791044775525e-03 3.677748952094796013e-03 2.942855059909735838e-01
-5.671641791044775525e-03 3.861473321564291069e-03 3.355925386122758369e-01
-5.671641791044775525e-03 3.981283290646254851e-03 3.741857111972431982e-01
-5.671641791044775525e-03 4.170709354097226242e-03 4.135341644000865569e-01
-5.671641791044775525e-03 4.289568941220967165e-03 4.591042917337777030e-01
-5.671641791044775525e-03 4.484394533505672853e-03 4.940851410090462137e-01
-5.671641791044775525e-03 4.683546755534126818e-03 5.381645870416020827e-01
-5.671641791044775525e-03 4.801623562945061749e-03 5.799997377045270630e-01
-5.671641791044775525e-03 5.005797589589075676e-03 6.165046560856193292e-01
-5.671641791044775525e-03 5.214222636996039377e-03 6.562137802726271119e-01
-5.671641791044775525e-03 5.426898705165951117e-03 7.017594616933819918e-01
-5.671641791044775525e-03 5.543454344885217350e-03 7.366007466705075668e-01
-5.671641791044775525e-03 5.760698958365092007e-03 7.725002664102991190e-01
-5.671641791044775525e-03 5.982118991210890087e-03 8.123318962148808886e-01
-5.671641791044775525e-03 6.207714443422608988e-03 8.545395420076180582e-01
-5.671641791044775525e-03 6.320938174198641527e-03 8.933397458257585910e-01
-5.671641791044775525e-03 6.550648995859332559e-03 9.270470833785262599e-01
-5.671641791044775525e-03 6.784459643208459213e-03 9.626957957007135080e-01
-5.671641791044775525e-03 7.022370116246016286e-03 1.001229525125450603e+00
-5.671641791044775525e-03 7.264380414972005512e-03 1.040211996400020711e+00
-5.671641791044775525e-03 7.510490539386426023e-03 1.080320341516546323e+00
-5.588235294117647328e-03 1.067904135497065553e-03 3.129646175726850998e+00
-5.588235294117647328e-03 1.193220889202021738e-03 2.143212331005957871e+00
-5.588235294117647328e-03 1.296992762820672364e-03 1.647644221199684456e+00
-5.588235294117647328e-03 1.370252573075073912e-03 1.275558455920244194e+00
-5.588235294117647328e-03 1.455070312650473584e-03 9.781681544349889457e-01
-5.588235294117647328e-03 1.536530443547830553e-03 7.392911731069261583e-01
-5.588235294117647328e-03 1.613964338043974607e-03 5.535077603780754751e-01
-5.588235294117647328e-03 1.709156430084579582e-03 4.036255492300915293e-01
-5.588235294117647328e-03 1.802713322636500691e-03 2.902125891794739565e-01
-5.588235294117647328e-03 1.894189084427550787e-03 2.077878018443714003e-01
-5.588235294117647328e-03 2.011407690153807146e-03 1.420391691759205488e-01
-5.588235294117647328e-03 2.099470470000989498e-03 1.025658366323868170e-01
-5.588235294117647328e-03 2.216707995616967828e-03 7.256525974078713304e-02
-5.588235294117647328e-03 2.334627355542237288e-03 5.834017707635973798e-02
-5.588235294117647328e-03 2.453005386529771154e-03 5.558439611010872194e-02
-5.588235294117647328e-03 2.571618974709155309e-03 6.089001584692547986e-02
-5.588235294117647328e-03 2.690245056993957259e-03 7.312601380329106227e-02
-5.588235294117647328e-03 2.808660622558909522e-03 9.227966371481008401e-02
-5.588235294117647328e-03 2.926642714391713019e-03 1.192542849783259779e-01
-5.588235294117647328e-03 3.093705931265993119e-03 1.473265954097951191e-01
-5.588235294117647328e-03 3.212908082899150648e-03 1.759588076217104835e-01
-5.588235294117647328e-03 3.331082178778731803e-03 2.141773224194712943e-01
-5.588235294117647328e-03 3.506237199747368107e-03 2.464496774831969883e-01
-5.588235294117647328e-03 3.624664733652707260e-03 2.861190679073878362e-01
-5.588235294117647328e-03 3.805737246051724143e-03 3.231333313062315638e-01
-5.588235294117647328e-03 3.923823434241973003e-03 3.656541496647062739e-01
-5.588235294117647328e-03 4.110515606731029482e-03 4.015699684128638536e-01
-5.588235294117647328e-03 4.301546489995634187e-03 4.481060620628964375e-01
-5.588235294117647328e-03 4.419679876810330213e-03 4.834823072740672134e-01
-5.588235294117647328e-03 4.615958117171383573e-03 5.250304753066977748e-01
-5.588235294117647328e-03 4.816500549335810816e-03 5.705494813060860704e-01
-5.588235294117647328e-03 4.933565737204203064e-03 6.057424315218974398e-01
-5.588235294117647328e-03 5.138983286407699386e-03 6.436476313615032696e-01
-5.588235294117647328e-03 5.348590515678932136e-03 6.875723491791099207e-01
-5.588235294117647328e-03 5.463472430502943657e-03 7.269411922297356332e-01
-5.588235294117647328e-03 5.677582601269966570e-03 7.614690415963923931e-01
-5.588235294117647328e-03 5.895807947732907214e-03 8.000623713704135831e-01
-5.588235294117647328e-03 6.118148469891764724e-03 8.412325453839835099e-01
-5.588235294117647328e-03 6.229748028923092450e-03 8.844023012271009510e-01
-5.588235294117647328e-03 6.456144886323842043e-03 9.171508711347229337e-01
-5.588235294117647328e-03 6.686582422544343207e-03 9.519643261189647543e-01
-5.588235294117647328e-03 6.921060637584595075e-03 9.897759775143732952e-01
-5.588235294117647328e-03 7.159579531444596780e-03 1.028127436191168309e+00
-5.588235294117647328e-03 7.402139104124349188e-03 1.067673662262939693e+00
-5.507246376811594443e-03 1.052670864149616789e-03 3.301997904779117032e+00
-5.507246376811594443e-03 1.176200019089745268e-03 2.241769211164748921e+00
-5.507246376811594443e-03 1.278493861739550931e-03 1.706697969385548852e+00
-5.507246376811594443e-03 1.366227829216317595e-03 1.328913837693503908e+00
-5.507246376811594443e-03 1.434326004908097240e-03 1.020882308561014362e+00
-5.507246376811594443e-03 1.514629225810818804e-03 7.768679453259015322e-01
-5.507246376811594443e-03 1.611331825613344102e-03 5.799491699886194507e-01
-5.507246376811594443e-03 1.706935794503912449e-03 4.290040216699665954e-01
-5.507246376811594443e-03 1.801001319829070987e-03 3.107503883607161121e-01
-5.507246376811594443e-03 1.893088775358977996e-03 2.190532354038161322e-01
-5.507246376811594443e-03 1.982758731099351461e-03 1.531519661025690371e-01
-5.507246376811594443e-03 2.099495581946552412e-03 1.079035451339662027e-01
-5.507246376811594443e-03 2.185142476140339556e-03 8.008298272547566266e-02
-5.507246376811594443e-03 2.301385424982988013e-03 6.124964679005263229e-02
-5.507246376811594443e-03 2.418080834211564379e-03 5.538115026950254233e-02
-5.507246376811594443e-03 2.535008775476815194e-03 5.885429337187970261e-02
-5.507246376811594443e-03 2.651949369762043266e-03 7.035054025849604709e-02
-5.507246376811594443e-03 2.768682788818177185e-03 8.963501331260724514e-02
-5.507246376811594443e-03 2.931371598389559581e-03 1.145206296398252749e-01
-5.507246376811594443e-03 3.049674745438773257e-03 1.379336792500841791e-01
-5.507246376811594443e-03 3.167184486089152842e-03 1.688186074766168665e-01
-5.507246376811594443e-03 3.338217303643828925e-03 2.061656451368686360e-01
-5.507246376811594443e-03 3.456343757821532265e-03 2.364265709216534783e-01
-5.507246376811594443e-03 3.573090897975605886e-03 2.794399048081278036e-01
-5.507246376811594443e-03 3.751587005469252025e-03 3.120845838383052295e-01
-5.507246376811594443e-03 3.934433555726185756e-03 3.574662586506396345e-01
-5.507246376811594443e-03 4.052034360612024981e-03 3.908248866870233096e-01
-5.507246376811594443e-03 4.240347403788093453e-03 4.342165406195595545e-01
-5.507246376811594443e-03 4.356806158931629536e-03 4.739317875055800711e-01
-5.507246376811594443e-03 4.550292173825192139e-03 5.128928332935680512e-01
-5.507246376811594443e-03 4.747981718754782331e-03 5.562110946834762926e-01
-5.507246376811594443e-03 4.863388459276754387e-03 5.958399824156569435e-01
-5.507246376811594443e-03 5.065884056040675237e-03 6.318969547917592244e-01
-5.507246376811594443e-03 5.272509736961748447e-03 6.741579117725884362e-01
-5.507246376811594443e-03 5.385765302237850889e-03 7.179853546048161617e-01
-5.507246376811594443e-03 5.596830177780217318e-03 7.511054386287319140e-01
-5.507246376811594443e-03 5.811951698754148389e-03 7.884256489738430407e-01
-5.507246376811594443e-03 6.031129865159646705e-03 8.285265918180921840e-01
-5.507246376811594443e-03 6.254364676996713134e-03 8.717299334800117094e-01
-5.507246376811594443e-03 6.364328312818840101e-03 9.077743190837626042e-01
-5.507246376811594443e-03 6.591488663450225695e-03 9.417264944312083719e-01
-5.507246376811594443e-03 6.822632228068959033e-03 9.787914826524938272e-01
-5.507246376811594443e-03 7.057759006675038381e-03 1.016488935497014579e+00
-5.507246376811594443e-03 7.296868999268465474e-03 1.055451083553473390e+00
-5.428571428571428437e-03 1.037866028360881921e-03 3.481699275631140011e+00
-5.428571428571428437e-03 1.159657860728216050e-03 2.348191982792068533e+00
-5.428571428571428437e-03 1.274359617487486789e-03 1.766222726207778315e+00
-5.428571428571428437e-03 1.347018928035677342e-03 1.377090784871772167e+00
-5.428571428571428437e-03 1.430982819802090059e-03 1.064052458844489069e+00
-5.428571428571428437e-03 1.511756548768273395e-03 8.111658646650785620e-01
-5.428571428571428437e-03 1.588690206575925660e-03 6.104487809633921680e-01
-5.428571428571428437e-03 1.682954168533819673e-03 4.507358441439687780e-01
-5.428571428571428437e-03 1.775701768931112331e-03 3.274110188689980383e-01
-5.428571428571428437e-03 1.866499566726937493e-03 2.337041680512744191e-01
-5.428571428571428437e-03 1.954914311586037658e-03 1.683019082729966809e-01
-5.428571428571428437e-03 2.070014087470317243e-03 1.144040352584406589e-01
-5.428571428571428437e-03 2.186066219710954689e-03 8.426094942734582705e-02
-5.428571428571428437e-03 2.269076714843325238e-03 6.733031515718984616e-02
-5.428571428571428437e-03 2.384136657256342474e-03 5.811762686246810250e-02
-5.428571428571428437e-03 2.499426182219935660e-03 5.953620904163178795e-02
-5.428571428571428437e-03 2.614728505176120744e-03 7.008161040141910880e-02
-5.428571428571428437e-03 2.773020579563037491e-03 8.756739516180511718e-02
-5.428571428571428437e-03 2.890232513755089210e-03 1.056202907733760910e-01
-5.428571428571428437e-03 3.006879138122470988e-03 1.305584476262324489e-01
-5.428571428571428437e-03 3.122743842803867367e-03 1.635273101730870537e-01
-5.428571428571428437e-03 3.291376797493462698e-03 1.947448913271510873e-01
-5.428571428571428437e-03 3.407850141466209435e-03 2.280099753985764532e-01
-5.428571428571428437e-03 3.582452051018150934e-03 2.676871126727288774e-01
-5.428571428571428437e-03 3.698955877929117290e-03 3.024279256698819696e-01
-5.428571428571428437e-03 3.879237268403586038e-03 3.439151184036126629e-01
-5.428571428571428437e-03 3.995193571549700978e-03 3.812841436163165176e-01
-5.428571428571428437e-03 4.180865012751979783e-03 4.214680984248808104e-01
-5.428571428571428437e-03 4.295695940036712950e-03 4.654216812569593742e-01
-5.428571428571428437e-03 4.486468046555212343e-03 5.017408365367073131e-01
-5.428571428571428437e-03 4.681384722799994576e-03 5.428076001304819043e-01
-5.428571428571428437e-03 4.795179338017609670e-03 5.867885569896384990e-01
-5.428571428571428437e-03 4.994834929951612323e-03 6.209537360374716153e-01
-5.428571428571428437e-03 5.198562681529139001e-03 6.615088301567471074e-01
-5.428571428571428437e-03 5.406362592750191438e-03 7.051581262696504648e-01
-5.428571428571428437e-03 5.518342268307468122e-03 7.414034974286085600e-01
-5.428571428571428437e-03 5.730447003363743803e-03 7.774162768720292993e-01
-5.428571428571428437e-03 5.946551494932450499e-03 8.164166677122590698e-01
-5.428571428571428437e-03 6.166655743013590811e-03 8.586253039234952311e-01
-5.428571428571428437e-03 6.275086257875490091e-03 8.989133305181387090e-01
-5.428571428571428437e-03 6.499061314553519937e-03 9.319785303289519485e-01
-5.428571428571428437e-03 6.726963731689028676e-03 9.682725718681783889e-01
-5.428571428571428437e-03 6.958793509282015441e-03 1.005293295104994433e+00
-5.428571428571428437e-03 7.194550647332483700e-03 1.043649655398482645e+00
-5.352112676056338531e-03 1.143574500686398874e-03 2.462201520135285815e+00
-5.352112676056338531e-03 1.256686485008479039e-03 1.827929338424275407e+00
-5.352112676056338531e-03 1.343425187467597957e-03 1.430946139745377543e+00
-5.352112676056338531e-03 1.411146084343760550e-03 1.107279224047003297e+00
-5.352112676056338531e-03 1.490804171505963165e-03 8.483344472140219583e-01
-5.352112676056338531e-03 1.586477422749222113e-03 6.413700675104894167e-01
-5.352112676056338531e-03 1.659636985558349048e-03 4.775825378137505961e-01
-5.352112676056338531e-03 1.751103074489724666e-03 3.487933242329775418e-01
-5.352112676056338531e-03 1.840646831617757115e-03 2.526839867466166845e-01
-5.352112676056338531e-03 1.954931921084657361e-03 1.764399161825123408e-01
-5.352112676056338531e-03 2.041348989249616372e-03 1.246052686111211449e-01
-5.352112676056338531e-03 2.155796410394127723e-03 8.776718538341121700e-02
-5.352112676056338531e-03 2.270969342018229128e-03 6.794999114798157269e-02
-5.352112676056338531e-03 2.386653891106905578e-03 6.028618882114749472e-02
-5.352112676056338531e-03 2.502636209126337264e-03 6.069640166653899466e-02
-5.352112676056338531e-03 2.618702493271156222e-03 6.735494743781622606e-02
-5.352112676056338531e-03 2.734638987772578314e-03 8.004582710263058454e-02
-5.352112676056338531e-03 2.850231985271550490e-03 9.888373111624934597e-02
-5.352112676056338531e-03 2.965267828261399733e-03 1.251691303278485989e-01
-5.352112676056338531e-03 3.129839612195885277e-03 1.583630225333166053e-01
-5.352112676056338531e-03 3.245832408713181499e-03 1.850554643721312176e-01
-5.352112676056338531e-03 3.360698263449892181e-03 2.211773584336320098e-01
-5.352112676056338531e-03 3.532884336741772512e-03 2.559502799681758201e-01
-5.352112676056338531e-03 3.647780832183023653e-03 2.941452570582324677e-01
-5.352112676056338531e-03 3.825568030050397611e-03 3.316676648223910173e-01
-5.352112676056338531e-03 3.939925179999846129e-03 3.729331664633881438e-01
-5.352112676056338531e-03 4.123028094364009598e-03 4.098474843064379147e-01
-5.352112676056338531e-03 4.310289658753812918e-03 4.547974995364563178e-01
-5.352112676056338531e-03 4.424409329257658272e-03 4.915637940449549825e-01
-5.352112676056338531e-03 4.616629835869194738e-03 5.303292171761260221e-01
-5.352112676056338531e-03 4.812937582771403822e-03 5.771035225307037386e-01
-5.352112676056338531e-03 4.925750869831622969e-03 6.108100501559250439e-01
-5.352112676056338531e-03 5.126660842556500161e-03 6.496178640137744154e-01
-5.352112676056338531e-03 5.331586652478701414e-03 6.917507255899606466e-01
-5.352112676056338531e-03 5.442024950326278775e-03 7.323573184244634993e-01
-5.352112676056338531e-03 5.651196329000589616e-03 7.670288564131755304e-01
-5.352112676056338531e-03 5.864312148537311788e-03 8.048978072049209898e-01
-5.352112676056338531e-03 6.081372408936446157e-03 8.460818858862948488e-01
-5.352112676056338531e-03 6.302377110197988387e-03 8.887967481952147031e-01
-5.352112676056338531e-03 6.409189795752969626e-03 9.227166963319978210e-01
-5.352112676056338531e-03 6.633940690633961107e-03 9.582158057520002714e-01
-5.352112676056338531e-03 6.862564636921923873e-03 9.945373420197530789e-01
-5.352112676056338531e-03 7.095061634616856190e-03 1.032266451291076415e+00
-5.277777777777777936e-03 1.127931114788922927e-03 2.583529239254441556e+00
-5.277777777777777936e-03 1.252961241587243185e-03 1.887049706797200299e+00
-5.277777777777777936e-03 1.325052273273193528e-03 1.480645911656046421e+00
-5.277777777777777936e-03 1.408208427180257950e-03 1.152116898133019429e+00
-5.277777777777777936e-03 1.488332673481849479e-03 8.856300704088944098e-01
-5.277777777777777936e-03 1.564792805308099031e-03 6.707075495735186355e-01
-5.277777777777777936e-03 1.658178788324740508e-03 5.019795649402636339e-01
-5.277777777777777936e-03 1.750160724420804764e-03 3.697618780205415012e-01
-5.277777777777777936e-03 1.840316983345865499e-03 2.660185482560343817e-01
-5.277777777777777936e-03 1.928226111913850047e-03 1.882369155976563735e-01
-5.277777777777777936e-03 2.042159958457908514e-03 1.352253034783186536e-01
-5.277777777777777936e-03 2.126353319827868280e-03 9.465868361363084793e-02
-5.277777777777777936e-03 2.239955672647943926e-03 6.977862521003863616e-02
-5.277777777777777936e-03 2.354062938392314456e-03 5.857879253316699425e-02
-5.277777777777777936e-03 2.468464196738000532e-03 5.676780596812230906e-02
-5.277777777777777936e-03 2.582948571837195492e-03 6.233268105645222573e-02
-5.277777777777777936e-03 2.697305233589634716e-03 7.483683901088138135e-02
-5.277777777777777936e-03 2.811323398978200425e-03 9.427564772073537824e-02
-5.277777777777777936e-03 2.924792333472139936e-03 1.217345207447451672e-01
-5.277777777777777936e-03 3.087117735370030393e-03 1.480510819033054593e-01
-5.277777777777777936e-03 3.201531082038879244e-03 1.770722856208189200e-01
-5.277777777777777936e-03 3.314833206076001852e-03 2.159065442311643435e-01
-5.277777777777777936e-03 3.484669373630611394e-03 2.456976846012657034e-01
-5.277777777777777936e-03 3.598002275962577760e-03 2.872187443089321834e-01
-5.277777777777777936e-03 3.773363343963202169e-03 3.207076635013743626e-01
-5.277777777777777936e-03 3.886164839383775271e-03 3.657575820447106496e-01
-5.277777777777777936e-03 4.066769311621681177e-03 3.993416217432297355e-01
-5.277777777777777936e-03 4.251475689040677165e-03 4.414546097144403936e-01
-5.277777777777777936e-03 4.364043783729300817e-03 4.823511463431482960e-01
-5.277777777777777936e-03 4.553641681337050780e-03 5.187662817990118524e-01
-5.277777777777777936e-03 4.747271053940836996e-03 5.634065629622775351e-01
-5.277777777777777936e-03 4.858551475690232012e-03 6.014580605952716263e-01
-5.277777777777777936e-03 5.056720540723905546e-03 6.384778510110581395e-01
-5.277777777777777936e-03 5.258850657028094934e-03 6.790561823886053228e-01
-5.277777777777777936e-03 5.464941824602798440e-03 7.233119740919657925e-01
-5.277777777777777936e-03 5.574107462366167942e-03 7.572580418227128352e-01
-5.277777777777777936e-03 5.784316135162005136e-03 7.939650916310658779e-01
-5.277777777777777936e-03 5.998415442076004273e-03 8.340951632079798284e-01
-5.277777777777777936e-03 6.216405383108160147e-03 8.758716869871516764e-01
-5.277777777777777936e-03 6.321769557176539801e-03 9.139372874488038700e-01
-5.277777777777777936e-03 6.543454888784030511e-03 9.486177738646395241e-01
-5.277777777777777936e-03 6.768960444048211476e-03 9.842179292099966226e-01
-5.277777777777777936e-03 6.998286222969087034e-03 1.021298567988105921e+00
-5.205479452054794474e-03 1.112709894651362896e-03 2.711916632395244164e+00
-5.205479452054794474e-03 1.236052763195281349e-03 1.951189635985941528e+00
-5.205479452054794474e-03 1.321849378042944763e-03 1.534976994354679380e+00
-5.205479452054794474e-03 1.389212728753860121e-03 1.195774608197012645e+00
-5.205479452054794474e-03 1.468259902711246002e-03 9.223600389381634290e-01
-5.205479452054794474e-03 1.543692917198845674e-03 7.054154899874669482e-01
-5.205479452054794474e-03 1.635822644106517355e-03 5.269698874934416466e-01
-5.205479452054794474e-03 1.726567667342654043e-03 3.887395195322446151e-01
-5.205479452054794474e-03 1.815512049177731577e-03 2.820764378803661820e-01
-5.205479452054794474e-03 1.902240024159005229e-03 2.039310912292602307e-01
-5.205479452054794474e-03 2.014640442367793272e-03 1.417667165666513795e-01
-5.205479452054794474e-03 2.097703539971234200e-03 1.048647460669961951e-01
-5.205479452054794474e-03 2.209777566266539744e-03 7.469904250870992857e-02
-5.205479452054794474e-03 2.322349973949168304e-03 5.974580398971814088e-02
-5.205479452054794474e-03 2.435212691806741200e-03 5.550387122187160072e-02
-5.205479452054794474e-03 2.548157691899598058e-03 5.977471519628313468e-02
-5.205479452054794474e-03 2.660976990798848141e-03 7.190130431517723075e-02
-5.205479452054794474e-03 2.773462650885958822e-03 9.176138599829095077e-02
-5.205479452054794474e-03 2.931781802745252272e-03 1.167183639259999073e-01
-5.205479452054794474e-03 3.045546293204490738e-03 1.395736832191208365e-01
-5.205479452054794474e-03 3.158422618504656051e-03 1.707706866065951956e-01
-5.205479452054794474e-03 3.324498851476735423e-03 2.053530698689401968e-01
-5.205479452054794474e-03 3.437752538028191959e-03 2.369094529232424473e-01
-5.205479452054794474e-03 3.609487728675620909e-03 2.787098969434058660e-01
-5.205479452054794474e-03 3.722564077406150321e-03 3.110191092304452343e-01
-5.205479452054794474e-03 3.899680501345071347e-03 3.531729459705722496e-01
-5.205479452054794474e-03 4.012024951681484805e-03 3.899376061239836488e-01
-5.205479452054794474e-03 4.194244924872982637e-03 4.291581315032186317e-01
-5.205479452054794474e-03 4.305303059338865326e-03 4.740924635459631276e-01
-5.205479452054794474e-03 4.492348939047550831e-03 5.081092447722412864e-01
-5.205479452054794474e-03 4.683372029456730340e-03 5.505688116711997537e-01
-5.205479452054794474e-03 4.793160673918271317e-03 5.928900180187811619e-01
-5.205479452054794474e-03 4.988662599555811726e-03 6.280817057975179862e-01
-5.205479452054794474e-03 5.188072265035609081e-03 6.670680009080117712e-01
-5.205479452054794474e-03 5.391389670357662513e-03 7.099196090998419750e-01
-5.205479452054794474e-03 5.499093151729004397e-03 7.480985395841224239e-01
-5.205479452054794474e-03 5.706472912670127601e-03 7.836136489839400365e-01
-5.205479452054794474e-03 5.917690948990676596e-03 8.226606612068846358e-01
-5.205479452054794474e-03 6.132747260690643576e-03 8.634712704275757655e-01
-5.205479452054794474e-03 6.236701673718909530e-03 9.056366308378278607e-01
-5.205479452054794474e-03 6.455403932029771252e-03 9.394750944431431439e-01
-5.205479452054794474e-03 6.677875007767173840e-03 9.743319353512128744e-01
-5.205479452054794474e-03 6.904114900931120763e-03 1.010743125284546018e+00
-5.135135135135134726e-03 1.097893980081554718e-03 2.847114826317531655e+00
-5.135135135135134726e-03 1.219594518120526794e-03 2.022509293970868427e+00
-5.135135135135134726e-03 1.304251727507365526e-03 1.586058440322952512e+00
-5.135135135135134726e-03 1.386642616523221577e-03 1.242219010034077087e+00
-5.135135135135134726e-03 1.466151398577286583e-03 9.625440547462286167e-01
-5.135135135135134726e-03 1.542162631167377611e-03 7.341253366045873419e-01
-5.135135135135134726e-03 1.614061240829610128e-03 5.568416295670152172e-01
-5.135135135135134726e-03 1.703602170958598647e-03 4.122418031764150115e-01
-5.135135135135134726e-03 1.791366818204836314e-03 3.022989054902048833e-01
-5.135135135135134726e-03 1.902951404093389774e-03 2.157022149775030817e-01
-5.135135135135134726e-03 1.987852665974424501e-03 1.518937280132323930e-01
-5.135135135135134726e-03 2.099731422101414665e-03 1.087020464067335462e-01
-5.135135135135134726e-03 2.180401708583762626e-03 8.264964557758382180e-02
-5.135135135135134726e-03 2.291479994752499468e-03 6.373238635013994680e-02
-5.135135135135134726e-03 2.402844999142292239e-03 5.685585335561223891e-02
-5.135135135135134726e-03 2.514291465831586941e-03 5.963777073229146325e-02
-5.135135135135134726e-03 2.625614182222315001e-03 7.120084067748672085e-02
-5.135135135135134726e-03 2.779896228336315583e-03 9.017265243816285913e-02
-5.135135135135134726e-03 2.892823335963223916e-03 1.083473321893027447e-01
-5.135135135135134726e-03 3.005079440052509099e-03 1.329033908702564604e-01
-5.135135135135134726e-03 3.116459485806897557e-03 1.661264010742405373e-01
-5.135135135135134726e-03 3.280329212606775298e-03 1.950865634169315632e-01
-5.135135135135134726e-03 3.392082107725750018e-03 2.295660122557616756e-01
-5.135135135135134726e-03 3.561535801968717784e-03 2.668234207802153701e-01
-5.135135135135134726e-03 3.673114238311297672e-03 3.025862221445780875e-01
-5.135135135135134726e-03 3.847877881080380945e-03 3.411054868353527447e-01
-5.135135135135134726e-03 3.958734685310709434e-03 3.816227020583126128e-01
-5.135135135135134726e-03 4.138534296957500393e-03 4.178964178756690018e-01
-5.135135135135134726e-03 4.322326845766923976e-03 4.646932729062993594e-01
-5.135135135135134726e-03 4.432684076097985655e-03 4.983486700401321690e-01
-5.135135135135134726e-03 4.621170104790877330e-03 5.385816560804290720e-01
-5.135135135135134726e-03 4.813580521098930094e-03 5.829127368995324909e-01
-5.135135135135134726e-03 4.922412046609986845e-03 6.184224190193592374e-01
-5.135135135135134726e-03 5.119173507217809720e-03 6.557797528342752535e-01
-5.135135135135134726e-03 5.319790812010454992e-03 6.971921543326404791e-01
-5.135135135135134726e-03 5.426070777705671415e-03 7.395451078316550575e-01
-5.135135135135134726e-03 5.630696745966714753e-03 7.738386533893742980e-01
-5.135135135135134726e-03 5.839110021207007291e-03 8.117739462288441343e-01
-5.135135135135134726e-03 6.051310603426543824e-03 8.515914214448253583e-01
-5.135135135135134726e-03 6.267298492625327823e-03 8.935628026657824741e-01
-5.135135135135134726e-03 6.369690861998896642e-03 9.307844141157485263e-01
-5.135135135135134726e-03 6.589208028252819399e-03 9.648762645781269187e-01
-5.135135135135134726e-03 6.812443970616674331e-03 1.000597265798888413e+00
-5.066666666666666367e-03 1.083467396807710021e-03 2.988884163146900086e+00
-5.066666666666666367e-03 1.203568761357853411e-03 2.100776739970961149e+00
-5.066666666666666367e-03 1.301403990711069410e-03 1.640842688284041451e+00
-5.066666666666666367e-03 1.368428019648317354e-03 1.286232729730358182e+00
-5.066666666666666367e-03 1.446895848204176726e-03 9.988083100670865910e-01
-5.066666666666666367e-03 1.521912559714430667e-03 7.675572248985231827e-01
-5.066666666666666367e-03 1.613254174099184451e-03 5.803426380722553901e-01
-5.066666666666666367e-03 1.703315475831051378e-03 4.336697951033761100e-01
-5.066666666666666367e-03 1.791691416404997276e-03 3.176615028988394873e-01
-5.066666666666666367e-03 1.877977107677070243e-03 2.280917334726842716e-01
-5.066666666666666367e-03 1.961767830351868105e-03 1.655290102923618334e-01
-5.066666666666666367e-03 2.072180497380471734e-03 1.149579914660930346e-01
-5.066666666666666367e-03 2.183349004570732475e-03 8.467496907396573902e-02
-5.066666666666666367e-03 2.295070692148135430e-03 6.893230978482517424e-02
-5.066666666666666367e-03 2.371326348157940835e-03 6.077600757779518664e-02
-5.066666666666666367e-03 2.481313519209959063e-03 6.187942128930087188e-02
-5.066666666666666367e-03 2.631528833489246971e-03 7.043117919878880140e-02
-5.066666666666666367e-03 2.743437444722536186e-03 8.280653697941203761e-02
-5.066666666666666367e-03 2.854886547379819912e-03 1.019121805327814489e-01
-5.066666666666666367e-03 2.965673733987780544e-03 1.280132320172914506e-01
-5.066666666666666367e-03 3.125824662012233364e-03 1.601312654544435332e-01
-5.066666666666666367e-03 3.237317719696796055e-03 1.863762056960848457e-01
-5.066666666666666367e-03 3.347609071868041120e-03 2.236480854694617715e-01
-5.066666666666666367e-03 3.514841086334118125e-03 2.562928447800273957e-01
-5.066666666666666367e-03 3.624960769530428083e-03 2.953934439485244035e-01
-5.066666666666666367e-03 3.797433311323576959e-03 3.302169830390142002e-01
-5.066666666666666367e-03 3.906841345244685577e-03 3.743843407364513265e-01
-5.066666666666666367e-03 4.084284041580748051e-03 4.076579690382839405e-01
-5.066666666666666367e-03 4.265667333393899190e-03 4.517194966413517476e-01
-5.066666666666666367e-03 4.374583098779417402e-03 4.894752331200000750e-01
-5.066666666666666367e-03 4.560598565101982478e-03 5.274365817942021639e-01
-5.066666666666666367e-03 4.750486980509034153e-03 5.698200169415333916e-01
-5.066666666666666367e-03 4.857897838146304874e-03 6.094930563485005948e-01
-5.066666666666666367e-03 5.052080500033689393e-03 6.451850764614820433e-01
-5.066666666666666367e-03 5.250068470569010937e-03 6.851237684687082607e-01
-5.066666666666666367e-03 5.451861749752269504e-03 7.297607507532150040e-01
-5.066666666666666367e-03 5.556906392205954691e-03 7.646353245838669599e-01
-5.066666666666666367e-03 5.762588408775739732e-03 8.014306251972235229e-01
-5.066666666666666367e-03 5.972008099617768032e-03 8.402280991519548436e-01
-5.066666666666666367e-03 6.185165464732044795e-03 8.813099367893955094e-01
-5.066666666666666367e-03 6.286223800129429364e-03 9.225424076163724063e-01
-5.066666666666666367e-03 6.502864460553777100e-03 9.558478462353094951e-01
-5.066666666666666367e-03 6.723175167044109085e-03 9.908581547552679503e-01
-5.000000000000000104e-03 1.069414999050026819e-03 3.136993802460745329e+00
-5.000000000000000104e-03 1.187958668231696999e-03 2.185768122265691726e+00
-5.000000000000000104e-03 1.284526841137820447e-03 1.693175516270409631e+00
-5.000000000000000104e-03 1.366191673837159355e-03 1.334225637861513825e+00
-5.000000000000000104e-03 1.428139473087922497e-03 1.040644079693906265e+00
-5.000000000000000104e-03 1.520701492543848326e-03 8.005513231074767866e-01
-5.000000000000000104e-03 1.592347736985891401e-03 6.083026175530568125e-01
-5.000000000000000104e-03 1.681244773002226606e-03 4.547538093855271746e-01
-5.000000000000000104e-03 1.768478663370672390e-03 3.349839447387049640e-01
-5.000000000000000104e-03 1.853649772203278933e-03 2.442462931145873706e-01
-5.000000000000000104e-03 1.963559630857883431e-03 1.741426448010190420e-01
-5.000000000000000104e-03 2.045343127862970893e-03 1.244376063069249361e-01
-5.000000000000000104e-03 2.155073912832581630e-03 8.845531556826476127e-02
-5.000000000000000104e-03 2.265350954945763266e-03 6.857076624461624914e-02
-5.000000000000000104e-03 2.375974264314547994e-03 5.962196535765575123e-02
-5.000000000000000104e-03 2.486743890252239141e-03 5.870540354257607063e-02
-5.000000000000000104e-03 2.597459922376699204e-03 6.497987281237936619e-02
-5.000000000000000104e-03 2.707922491767602528e-03 7.750962478420628243e-02
-5.000000000000000104e-03 2.817931772181309427e-03 9.738301729257921313e-02
-5.000000000000000104e-03 2.927287981327351615e-03 1.248766873155609802e-01
-5.000000000000000104e-03 3.085366019862636252e-03 1.505480422841213861e-01
-5.000000000000000104e-03 3.195419417386646203e-03 1.792005761624363425e-01
-5.000000000000000104e-03 3.359137394684501982e-03 2.177208746161849451e-01
-5.000000000000000104e-03 3.469354785244339184e-03 2.471008583325268737e-01
-5.000000000000000104e-03 3.578053359049985366e-03 2.894254342148780412e-01
-5.000000000000000104e-03 3.748294086258408941e-03 3.204934207606977559e-01
-5.000000000000000104e-03 3.922491194003460170e-03 3.644699636825546873e-01
-5.000000000000000104e-03 4.031437486875183961e-03 3.984314302131878871e-01
-5.000000000000000104e-03 4.210473860120505368e-03 4.397065760991494265e-01
-5.000000000000000104e-03 4.317985323759319580e-03 4.814797195299167498e-01
-5.000000000000000104e-03 4.501594146688570400e-03 5.171251712638313958e-01
-5.000000000000000104e-03 4.689025811001529265e-03 5.575197337457051816e-01
-5.000000000000000104e-03 4.795052605151128161e-03 6.012867575252196506e-01
-5.000000000000000104e-03 4.986723181556987523e-03 6.352776758679914426e-01
-5.000000000000000104e-03 5.182149838422674647e-03 6.737086687049810285e-01
-5.000000000000000104e-03 5.381332575748186929e-03 7.169793998283635617e-01
-5.000000000000000104e-03 5.485024810412798303e-03 7.559989273999974113e-01
-5.000000000000000104e-03 5.688046219145427920e-03 7.916263451694789399e-01
-5.000000000000000104e-03 5.894756953317343597e-03 8.293772984628300371e-01
-5.000000000000000104e-03 6.105157012928549669e-03 8.695446686080112730e-01
-5.000000000000000104e-03 6.319246397979043535e-03 9.129803591432282817e-01
-5.000000000000000104e-03 6.418754174952716850e-03 9.472436346321262413e-01
-5.000000000000000104e-03 6.636215306989162385e-03 9.815229797697221370e-01
