3.333333333333333148e-01 4.425534220210123638e-03 1.837410404661836028e+00
3.333333333333333148e-01 5.052452209059612315e-03 1.002446235865180668e+00
3.333333333333333148e-01 5.781834703347484006e-03 5.167120217531233628e-01
3.333333333333333148e-01 6.510143044227842228e-03 2.430634946894617565e-01
3.333333333333333148e-01 7.354491638223408477e-03 1.109202509857626084e-01
3.333333333333333148e-01 8.215741619562469400e-03 6.212466633742047550e-02
3.333333333333333148e-01 9.172987888553786606e-03 7.137134697713458376e-02
3.333333333333333148e-01 1.015694588141534925e-02 1.091115957666689285e-01
3.333333333333333148e-01 1.116287658054625209e-02 1.659271173752592254e-01
3.333333333333333148e-01 1.231058862735145455e-02 2.355045075462898208e-01
3.333333333333333148e-01 1.349945345390654063e-02 3.110854478342557350e-01
3.333333333333333148e-01 1.472718924267839291e-02 3.858717106501269312e-01
3.333333333333333148e-01 1.599148661759677501e-02 4.579724268599641990e-01
3.333333333333333148e-01 1.729000760126121750e-02 5.287789207389465007e-01
3.333333333333333148e-01 1.862038451075446674e-02 6.013691047624688535e-01
3.333333333333333148e-01 2.020160906880753143e-02 6.629582188041326374e-01
3.333333333333333148e-01 2.160783874840188981e-02 7.262036706466188374e-01
3.333333333333333148e-01 2.329918281898400376e-02 7.815209905830518000e-01
3.333333333333333148e-01 2.477509136865834252e-02 8.406421046868762792e-01
3.333333333333333148e-01 2.657361829937261374e-02 8.855180827693607259e-01
3.333333333333333148e-01 2.843515931233089877e-02 9.339274850073696621e-01
3.333333333333333148e-01 3.001569035313958120e-02 9.825612387229580857e-01
3.333333333333333148e-01 3.198073719728476011e-02 1.018605024869616571e+00
3.333333333333333148e-01 3.400808407347682277e-02 1.055982453786472597e+00
3.333333333333333148e-01 3.609773098171575184e-02 1.093830685932162261e+00
3.333333333333333148e-01 3.824967792200156119e-02 1.131753922242196175e+00
3.333333333333333148e-01 3.999747546206731952e-02 1.159919931154310468e+00
3.333333333333333148e-01 4.224777948432156122e-02 1.186766841014663232e+00
3.333333333333333148e-01 4.455966537263521265e-02 1.213646948322804731e+00
3.333333333333333148e-01 4.693313312700828771e-02 1.239995173860605426e+00
3.333333333333333148e-01 4.936818274744076557e-02 1.265987245811716289e+00
3.333333333333333148e-01 5.186481423393263929e-02 1.291497173848063618e+00
3.333333333333333148e-01 5.378462509657335605e-02 1.315030813211629734e+00
3.333333333333333148e-01 5.637368913640208867e-02 1.332753503808559614e+00
3.333333333333333148e-01 5.902361266394469397e-02 1.350096852324065733e+00
3.333333333333333148e-01 6.173439567920122051e-02 1.367050362871177205e+00
3.333333333333333148e-01 6.450603818217164054e-02 1.383605915396010300e+00
3.333333333333333148e-01 6.733854017285594018e-02 1.399659147763068212e+00
3.333333333333333148e-01 7.023190165125416107e-02 1.415359824685932466e+00
3.333333333333333148e-01 7.318612261736628932e-02 1.430592612540289910e+00
3.333333333333333148e-01 7.620120307119226943e-02 1.445319138020945360e+00
3.333333333333333148e-01 7.927714301273218467e-02 1.459700623919332196e+00
3.166666666666666519e-01 4.016109990461970598e-03 2.051247798599003858e+00
3.166666666666666519e-01 4.616048829342927866e-03 1.150444255264690518e+00
3.166666666666666519e-01 5.240012379506154422e-03 6.106339130048795694e-01
3.166666666666666519e-01 5.897037114422536488e-03 3.028457191778854418e-01
3.166666666666666519e-01 6.659814901795151586e-03 1.397572749893589705e-01
3.166666666666666519e-01 7.437433698614633396e-03 7.063568988939114557e-02
3.166666666666666519e-01 8.223342121494295331e-03 6.408033042022090453e-02
3.166666666666666519e-01 9.101099371054188758e-03 9.257542502764717907e-02
3.166666666666666519e-01 1.009928383472380974e-02 1.403729693508066478e-01
3.166666666666666519e-01 1.102269484198602732e-02 2.056681303026425822e-01
3.166666666666666519e-01 1.208410920505800616e-02 2.734033621004172687e-01
3.166666666666666519e-01 1.317971745603459081e-02 3.459231353589699576e-01
3.166666666666666519e-01 1.430741192503391830e-02 4.196405284006160530e-01
3.166666666666666519e-01 1.546506009751716024e-02 4.946818739212894278e-01
3.166666666666666519e-01 1.683654501079527577e-02 5.590550477968212473e-01
3.166666666666666519e-01 1.806444789977663598e-02 6.240715600027110233e-01
3.166666666666666519e-01 1.953600615959049519e-02 6.885619500002670978e-01
3.166666666666666519e-01 2.082858544784584390e-02 7.443285892869964115e-01
3.166666666666666519e-01 2.239754981186504318e-02 8.002669793698583556e-01
3.166666666666666519e-01 2.374915301997858330e-02 8.532925786313227956e-01
3.166666666666666519e-01 2.541283396367438607e-02 8.981361962949052646e-01
3.166666666666666519e-01 2.713283132859542479e-02 9.457723302683139766e-01
3.166666666666666519e-01 2.857341639476716419e-02 9.902522462098033440e-01
3.166666666666666519e-01 3.038476383534412933e-02 1.025695224205072975e+00
3.166666666666666519e-01 3.225177368126531940e-02 1.062126094404751697e+00
3.166666666666666519e-01 3.417444593253074481e-02 1.099045535323856182e+00
3.166666666666666519e-01 3.615278058914041248e-02 1.136047162091839979e+00
3.166666666666666519e-01 3.773563839289791055e-02 1.162373577569810967e+00
3.166666666666666519e-01 3.980061058674831675e-02 1.188667688014999557e+00
3.166666666666666519e-01 4.192058758931394707e-02 1.214630813583813307e+00
3.166666666666666519e-01 4.409556940059478763e-02 1.240407595295729637e+00
3.166666666666666519e-01 4.632555602059083150e-02 1.265839195222591584e+00
3.166666666666666519e-01 4.861054744930211335e-02 1.290913445020802630e+00
3.166666666666666519e-01 5.033802318059923953e-02 1.314416637024136580e+00
3.166666666666666519e-01 5.270423184992189397e-02 1.331675632147328425e+00
3.166666666666666519e-01 5.512478406763093169e-02 1.348619942886617462e+00
3.166666666666666519e-01 5.759967983372631800e-02 1.365229321900655712e+00
3.166666666666666519e-01 6.012891914820805289e-02 1.381387586265218959e+00
3.166666666666666519e-01 6.271250201107615718e-02 1.397238692114191716e+00
3.166666666666666519e-01 6.535042842233063087e-02 1.412654121571336852e+00
3.166666666666666519e-01 6.804269838197143927e-02 1.427592337064178984e+00
3.166666666666666519e-01 7.078931188999861013e-02 1.442210576756986828e+00
3.015873015873015706e-01 3.647534836592128491e-03 2.323100909879524334e+00
3.015873015873015706e-01 4.219819649332038312e-03 1.305180737891954657e+00
3.015873015873015706e-01 4.787863446566216138e-03 7.148809693515264518e-01
3.015873015873015706e-01 5.432357696708389402e-03 3.684834844955638400e-01
3.015873015873015706e-01 6.081216783621008759e-03 1.747483066962792764e-01
3.015873015873015706e-01 6.789671882015918362e-03 8.493432010173024294e-02
3.015873015873015706e-01 7.505400058464770964e-03 5.944540656374614623e-02
3.015873015873015706e-01 8.305280477061161362e-03 7.533101876332982949e-02
3.015873015873015706e-01 9.122021129762441366e-03 1.206336092722801456e-01
3.015873015873015706e-01 1.005666578046242494e-02 1.745482786930184216e-01
3.015873015873015706e-01 1.102428746584786443e-02 2.425304603916471069e-01
3.015873015873015706e-01 1.202298353131406490e-02 3.139255496667265888e-01
3.015873015873015706e-01 1.305083082688164760e-02 3.841178176360198759e-01
3.015873015873015706e-01 1.410588496171874540e-02 4.525567663627803605e-01
3.015873015873015706e-01 1.518617951605642259e-02 5.209657851229383407e-01
3.015873015873015706e-01 1.647577479696600219e-02 5.917490019144987512e-01
3.015873015873015706e-01 1.761671177287391088e-02 6.484175617270976355e-01
3.015873015873015706e-01 1.877762203633835322e-02 7.130638105394289106e-01
3.015873015873015706e-01 2.019209254321972791e-02 7.631118851871490083e-01
3.015873015873015706e-01 2.165792052690163408e-02 8.195234279188509108e-01
3.015873015873015706e-01 2.290465992275381862e-02 8.664690621787927149e-01
3.015873015873015706e-01 2.445489846631265091e-02 9.110330362509129198e-01
3.015873015873015706e-01 2.605589516136591274e-02 9.580581614697101234e-01
3.015873015873015706e-01 2.737881609919158230e-02 9.983218451624873424e-01
3.015873015873015706e-01 2.906112370256339408e-02 1.033060244320445298e+00
3.015873015873015706e-01 3.079358706056989359e-02 1.068730870075524253e+00
3.015873015873015706e-01 3.257620617321109469e-02 1.104846276139438199e+00
3.015873015873015706e-01 3.399355653927937232e-02 1.139885184126210760e+00
3.015873015873015706e-01 3.585375427312518376e-02 1.165425451538887103e+00
3.015873015873015706e-01 3.776350222407676149e-02 1.190853592426597718e+00
3.015873015873015706e-01 3.972280039213411246e-02 1.216280245930161819e+00
3.015873015873015706e-01 4.173164877729722971e-02 1.241512044640661117e+00
3.015873015873015706e-01 4.379004737956612714e-02 1.266513760152601309e+00
3.015873015873015706e-01 4.589799619894079780e-02 1.290976144081701360e+00
3.015873015873015706e-01 4.746510855645895421e-02 1.314248589843548531e+00
3.015873015873015706e-01 4.964504306546189960e-02 1.331106306889609625e+00
3.015873015873015706e-01 5.187391904145835508e-02 1.347699243178144490e+00
3.015873015873015706e-01 5.415173648444832066e-02 1.363898928243584940e+00
3.015873015873015706e-01 5.647849539443181716e-02 1.379842539878518348e+00
3.015873015873015706e-01 5.885419577140883068e-02 1.395387750959750539e+00
3.015873015873015706e-01 6.127883761537934043e-02 1.410489682545039924e+00
3.015873015873015706e-01 6.375242092634338109e-02 1.425300516777987525e+00
2.878787878787878451e-01 3.335062840633292759e-03 2.663112349352948272e+00
2.878787878787878451e-01 3.914475293753643531e-03 1.461049933979706505e+00
2.878787878787878451e-01 4.442001006930033045e-03 8.234715272247458140e-01
2.878787878787878451e-01 4.997818750777662487e-03 4.367465024154378872e-01
2.878787878787878451e-01 5.593400486530986614e-03 2.154039913256804439e-01
2.878787878787878451e-01 6.243919117003892370e-03 1.046755526929544211e-01
2.878787878787878451e-01 6.900948755122133724e-03 6.091195044279922033e-02
2.878787878787878451e-01 7.635589375027895809e-03 6.540120635133102323e-02
2.878787878787878451e-01 8.385613582783293940e-03 9.852324530888273424e-02
2.878787878787878451e-01 9.244352087288885272e-03 1.541311670794574262e-01
2.878787878787878451e-01 1.002539736689802251e-02 2.124831525165366553e-01
2.878787878787878451e-01 1.093131534499439637e-02 2.786985835801851219e-01
2.878787878787878451e-01 1.186331401729454060e-02 3.480875917439526512e-01
2.878787878787878451e-01 1.281959914309337492e-02 4.187765028584166660e-01
2.878787878787878451e-01 1.395647715767336927e-02 4.901820700114649654e-01
2.878787878787878451e-01 1.497009982080858836e-02 5.507171576690818027e-01
2.878787878787878451e-01 1.600320212511303214e-02 6.149576321772858289e-01
2.878787878787878451e-01 1.725584573004732697e-02 6.740900281518076298e-01
2.878787878787878451e-01 1.833854865702323755e-02 7.311350038003932017e-01
2.878787878787878451e-01 1.966982018046934538e-02 7.825538804847399499e-01
2.878787878787878451e-01 2.079732220184884323e-02 8.388351971584844247e-01
2.878787878787878451e-01 2.220493142149455867e-02 8.799307085632059877e-01
2.878787878787878451e-01 2.365862880112867481e-02 9.243094925004917695e-01
2.878787878787878451e-01 2.515841434075119509e-02 9.707070085531603887e-01
2.878787878787878451e-01 2.638117914324678362e-02 1.006586975366582370e+00
2.878787878787878451e-01 2.795387903862794204e-02 1.040770324980931028e+00
2.878787878787878451e-01 2.957210944967756522e-02 1.075786248698650915e+00
2.878787878787878451e-01 3.123587037639562886e-02 1.111009901926924393e+00
2.878787878787878451e-01 3.253965135033665135e-02 1.143895509832695723e+00
2.878787878787878451e-01 3.427287381896845786e-02 1.168642019767947016e+00
2.878787878787878451e-01 3.605106638408368119e-02 1.193586475613611864e+00
2.878787878787878451e-01 3.787422904568232829e-02 1.218499372990861529e+00
2.878787878787878451e-01 3.974236180376439914e-02 1.243321122207290186e+00
2.878787878787878451e-01 4.165546465832989376e-02 1.267717712798580143e+00
2.878787878787878451e-01 4.361353760937878438e-02 1.291562562450841112e+00
2.878787878787878451e-01 4.504522643843417856e-02 1.314499978450169415e+00
2.878787878787878451e-01 4.706758792394157703e-02 1.331007298134875061e+00
2.878787878787878451e-01 4.913435624902094678e-02 1.347185740482089722e+00
2.878787878787878451e-01 5.124553141367231557e-02 1.363164762145922859e+00
2.878787878787878451e-01 5.340111341789567645e-02 1.378787619069965276e+00
2.878787878787878451e-01 5.560110226169099473e-02 1.394005923145742232e+00
2.878787878787878451e-01 5.784549794505830511e-02 1.408965751351362039e+00
2.753623188405797118e-01 3.067433594078938872e-03 3.063825565659680894e+00
2.753623188405797118e-01 3.653791960741348873e-03 1.624265090246771681e+00
2.753623188405797118e-01 4.113587862660040770e-03 9.358412257000994217e-01
2.753623188405797118e-01 4.627192774744580579e-03 5.113370775018831749e-01
2.753623188405797118e-01 5.177667473999758227e-03 2.612799754453161705e-01
2.753623188405797118e-01 5.779101294390461691e-03 1.295392911498548794e-01
2.753623188405797118e-01 6.386469408761378565e-03 6.819047249317111703e-02
2.753623188405797118e-01 7.065832982617984565e-03 6.246523436190671436e-02
2.753623188405797118e-01 7.759379555810777887e-03 8.511199981482370225e-02
2.753623188405797118e-01 8.463715326743902895e-03 1.283658839253322692e-01
2.753623188405797118e-01 9.275907340197489873e-03 1.862076834581224971e-01
2.753623188405797118e-01 1.011384963874344296e-02 2.526164704793123494e-01
2.753623188405797118e-01 1.097590433888820903e-02 3.201534498834573972e-01
2.753623188405797118e-01 1.186041728298716652e-02 3.862118118181123716e-01
2.753623188405797118e-01 1.276571745677004301e-02 4.510494279672397910e-01
2.753623188405797118e-01 1.369011637387994307e-02 5.172012995072950980e-01
2.753623188405797118e-01 1.480533472650090270e-02 5.829881282898063954e-01
2.753623188405797118e-01 1.577721354055818676e-02 6.389782108695065688e-01
2.753623188405797118e-01 1.696567090702889857e-02 7.007066102421182219e-01
2.753623188405797118e-01 1.798061712273864299e-02 7.501299379861132710e-01
2.753623188405797118e-01 1.924019930816757776e-02 8.025617686538699669e-01
2.753623188405797118e-01 2.029374874813383300e-02 8.523902921179072889e-01
2.753623188405797118e-01 2.162232611764365944e-02 8.937819299067673029e-01
2.753623188405797118e-01 2.299302483044045678e-02 9.378914390954208313e-01
2.753623188405797118e-01 2.410538784617810570e-02 9.826610516880834867e-01
2.753623188405797118e-01 2.554241765966584060e-02 1.015125049783109468e+00
2.753623188405797118e-01 2.702105026630642962e-02 1.048833620914057851e+00
2.753623188405797118e-01 2.854128566609985193e-02 1.083093049321188328e+00
2.753623188405797118e-01 3.010312385904612142e-02 1.117688086740681097e+00
2.753623188405797118e-01 3.130948354270620543e-02 1.147974938400248224e+00
2.753623188405797118e-01 3.293392540151596909e-02 1.172307839086409453e+00
2.753623188405797118e-01 3.459944903546949280e-02 1.196785061755227808e+00
2.753623188405797118e-01 3.630605444456679737e-02 1.221321410747782998e+00
2.753623188405797118e-01 3.805374162880787586e-02 1.245557078294076359e+00
2.753623188405797118e-01 3.984251058819270053e-02 1.269342366634487629e+00
2.753623188405797118e-01 4.167236132272130605e-02 1.292642557227287048e+00
2.753623188405797118e-01 4.298838329046925782e-02 1.315145200742406928e+00
2.753623188405797118e-01 4.487603109334126206e-02 1.331240670677786175e+00
2.753623188405797118e-01 4.680423713011562514e-02 1.347198822140599495e+00
2.753623188405797118e-01 4.877300140079236096e-02 1.362847903357131463e+00
2.753623188405797118e-01 5.078232390537142094e-02 1.378135858302416139e+00
2.753623188405797118e-01 5.283220464385284670e-02 1.393201631479825231e+00
2.638888888888888951e-01 2.836112383025668482e-03 3.518665940641072076e+00
2.638888888888888951e-01 3.403315475866382830e-03 1.788988768474352842e+00
2.638888888888888951e-01 3.830549002127928843e-03 1.055839937918766847e+00
2.638888888888888951e-01 4.308053581308786753e-03 5.916163935874834134e-01
2.638888888888888951e-01 4.819950092442552673e-03 3.119719880252312394e-01
2.638888888888888951e-01 5.328523672393448152e-03 1.575740561943803630e-01
2.638888888888888951e-01 5.944298376651365248e-03 8.100738291075371134e-02
2.638888888888888951e-01 6.509916461984462978e-03 5.938628954424372136e-02
2.638888888888888951e-01 7.146586801095053919e-03 7.454638961655460361e-02
2.638888888888888951e-01 7.876900496797194576e-03 1.113685923345355405e-01
2.638888888888888951e-01 8.539055113433285590e-03 1.630561414234071582e-01
2.638888888888888951e-01 9.308827364457903514e-03 2.216558783936029009e-01
2.638888888888888951e-01 1.010049647156378155e-02 2.861756003888507593e-01
2.638888888888888951e-01 1.091252174234832485e-02 3.526461385738644538e-01
2.638888888888888951e-01 1.174334741747610177e-02 4.203362826848685563e-01
2.638888888888888951e-01 1.274058081614934217e-02 4.883822377398954750e-01
2.638888888888888951e-01 1.361711749183262994e-02 5.464054617604564568e-01
2.638888888888888951e-01 1.450829020430399394e-02 6.095459038628590065e-01
2.638888888888888951e-01 1.560116280337701770e-02 6.644242227300676262e-01
2.638888888888888951e-01 1.653134390608951634e-02 7.221464224941978038e-01
2.638888888888888951e-01 1.768940128216127047e-02 7.699089167442749737e-01
2.638888888888888951e-01 1.888665947209157425e-02 8.228510519700631409e-01
2.638888888888888951e-01 1.987569086647907740e-02 8.664130925131295902e-01
2.638888888888888951e-01 2.113566556755434520e-02 9.079395632101279201e-01
2.638888888888888951e-01 2.243435908146674401e-02 9.515466449454875741e-01
2.638888888888888951e-01 2.347451581011711017e-02 9.917569284783795958e-01
2.638888888888888951e-01 2.483343903204649622e-02 1.023955533609214319e+00
2.638888888888888951e-01 2.623059690500319577e-02 1.057069319207014635e+00
2.638888888888888951e-01 2.766598942898721922e-02 1.090821469502393004e+00
2.638888888888888951e-01 2.913961660399857004e-02 1.124412974460761383e+00
2.638888888888888951e-01 3.026157155448492772e-02 1.152426163043611673e+00
2.638888888888888951e-01 3.179194978939312716e-02 1.176353219125501059e+00
2.638888888888888951e-01 3.336007630553237957e-02 1.200500694971892379e+00
2.638888888888888951e-01 3.496595110290266067e-02 1.224481995595473549e+00
2.638888888888888951e-01 3.660957418150396353e-02 1.248123197459137579e+00
2.638888888888888951e-01 3.829094554133632283e-02 1.271370696541272549e+00
2.638888888888888951e-01 4.001006518239971083e-02 1.294189773416315026e+00
2.638888888888888951e-01 4.122628741936952557e-02 1.316056446389300083e+00
2.638888888888888951e-01 4.299767348759111346e-02 1.331938251281718610e+00
2.638888888888888951e-01 4.480631921018371489e-02 1.347562839657878042e+00
2.638888888888888951e-01 4.665222458714730208e-02 1.362874337618972698e+00
2.638888888888888951e-01 4.853538961848190281e-02 1.378003551314963993e+00
2.533333333333333548e-01 3.185378652857899246e-03 1.963590773269711320e+00
2.533333333333333548e-01 3.613913700373916696e-03 1.176238951528258303e+00
2.533333333333333548e-01 4.030893893477918190e-03 6.770126239472928908e-01
2.533333333333333548e-01 4.509495858389585624e-03 3.671115429931161578e-01
2.533333333333333548e-01 4.985004500073071838e-03 1.887196289230361201e-01
2.533333333333333548e-01 5.506230442876409135e-03 9.710877588438707186e-02
2.533333333333333548e-01 6.089965968952492162e-03 5.939245404484238405e-02
2.533333333333333548e-01 6.685530492626781673e-03 6.390591695404718164e-02
2.533333333333333548e-01 7.289989488381492556e-03 9.555222721286092680e-02
2.533333333333333548e-01 7.988231735760270569e-03 1.411388087731957064e-01
2.533333333333333548e-01 8.708415119086163406e-03 2.012354463762904000e-01
2.533333333333333548e-01 9.342013658334211504e-03 2.629954824389875156e-01
2.533333333333333548e-01 1.009140936666797980e-02 3.284665701562370366e-01
2.533333333333333548e-01 1.098634385853720745e-02 3.911268179176846105e-01
2.533333333333333548e-01 1.177995781308607652e-02 4.525963746628570705e-01
2.533333333333333548e-01 1.258827853330760256e-02 5.161930734818198641e-01
2.533333333333333548e-01 1.357362049665970100e-02 5.783478214413015905e-01
2.533333333333333548e-01 1.441994440943409998e-02 6.331307059556794403e-01
2.533333333333333548e-01 1.546674815170317845e-02 6.910874067717288627e-01
2.533333333333333548e-01 1.634722263079977506e-02 7.411777431877264455e-01
2.533333333333333548e-01 1.745363917170758561e-02 7.901397567042638403e-01
2.533333333333333548e-01 1.836436978641982701e-02 8.421419811799926158e-01
2.533333333333333548e-01 1.952853768818086505e-02 8.807992396670929480e-01
2.533333333333333548e-01 2.072848027578346256e-02 9.221835304920311671e-01
2.533333333333333548e-01 2.196419754922762993e-02 9.653803592738277040e-01
2.533333333333333548e-01 2.294099750441102800e-02 1.001119714461241594e+00
2.533333333333333548e-01 2.423168443808162986e-02 1.032910769523136096e+00
2.533333333333333548e-01 2.555769233686978198e-02 1.065660583008313234e+00
2.533333333333333548e-01 2.691902120077549476e-02 1.098511838681218933e+00
2.533333333333333548e-01 2.831567102979875433e-02 1.131528961006234457e+00
2.533333333333333548e-01 2.936384124751500665e-02 1.157188176196236817e+00
2.533333333333333548e-01 3.081220218105215972e-02 1.180845230671199397e+00
2.533333333333333548e-01 3.229542837276874051e-02 1.204480376512593764e+00
2.533333333333333548e-01 3.381351982266474210e-02 1.227894393711394194e+00
2.533333333333333548e-01 3.536647653074018183e-02 1.251013710498106724e+00
2.533333333333333548e-01 3.695429849699505276e-02 1.273788378675122068e+00
2.533333333333333548e-01 3.857698572142933408e-02 1.296038568244492373e+00
2.533333333333333548e-01 3.970630939251458547e-02 1.317376648333907330e+00
2.533333333333333548e-01 4.137650781995822619e-02 1.332926721491121125e+00
2.533333333333333548e-01 4.308111376865390862e-02 1.348216260288966017e+00
2.533333333333333548e-01 4.482012723860166054e-02 1.363366947678764207e+00
2.435897435897436125e-01 2.971413676103374247e-03 2.183346595964331005e+00
2.435897435897436125e-01 3.396752634407723247e-03 1.301294994143540107e+00
2.435897435897436125e-01 3.788335849633434668e-03 7.670129725129586351e-01
2.435897435897436125e-01 4.237968234958497046e-03 4.263621746429354653e-01
2.435897435897436125e-01 4.684751317779030540e-03 2.241747016964625305e-01
2.435897435897436125e-01 5.174587012345581612e-03 1.135191083342457219e-01
2.435897435897436125e-01 5.723216883254389487e-03 6.586865046553881664e-02
2.435897435897436125e-01 6.283023529209228950e-03 6.138167228349600962e-02
2.435897435897436125e-01 6.851269090690520307e-03 8.170584317509468897e-02
2.435897435897436125e-01 7.425167119053204673e-03 1.242194285335495307e-01
2.435897435897436125e-01 8.093418718698026232e-03 1.741300396437970854e-01
2.435897435897436125e-01 8.780526994922314976e-03 2.333700340871506795e-01
2.435897435897436125e-01 9.485146937810681397e-03 2.958071396506497530e-01
2.435897435897436125e-01 1.020592158231672930e-02 3.591269168133464085e-01
2.435897435897436125e-01 1.094148158911915567e-02 4.239320501096250915e-01
2.435897435897436125e-01 1.183279184096851754e-02 4.897374571125709397e-01
2.435897435897436125e-01 1.260550922509763583e-02 5.451069467225714282e-01
2.435897435897436125e-01 1.338934926046289609e-02 6.067046961055893028e-01
2.435897435897436125e-01 1.436133781426276144e-02 6.584267434757228310e-01
2.435897435897436125e-01 1.517644024276222463e-02 7.162836938437474599e-01
2.435897435897436125e-01 1.620361561658103383e-02 7.609060642374467776e-01
2.435897435897436125e-01 1.726442292624112002e-02 8.108607977943318446e-01
2.435897435897436125e-01 1.812694188310561352e-02 8.564194138781831001e-01
2.435897435897436125e-01 1.924076258467817199e-02 8.953326601000375362e-01
2.435897435897436125e-01 2.038779036306779743e-02 9.366068149453303793e-01
2.435897435897436125e-01 2.156802521827450025e-02 9.794237144273101325e-01
2.435897435897436125e-01 2.248878985569996436e-02 1.010589930792575863e+00
2.435897435897436125e-01 2.371942295753999216e-02 1.042181565429166623e+00
2.435897435897436125e-01 2.498283651936243979e-02 1.074152573653983200e+00
2.435897435897436125e-01 2.627903054116731071e-02 1.106523248457518260e+00
2.435897435897436125e-01 2.760800502295458758e-02 1.138963514164651691e+00
2.435897435897436125e-01 2.859115011874576937e-02 1.162341457247208609e+00
2.435897435897436125e-01 2.996746014223063137e-02 1.185540287240742119e+00
2.435897435897436125e-01 3.137612221328026779e-02 1.208645424526957779e+00
2.435897435897436125e-01 3.281713633189468210e-02 1.231562286123166317e+00
2.435897435897436125e-01 3.429050249807388123e-02 1.254224877964513540e+00
2.435897435897436125e-01 3.579622071181783743e-02 1.276438853335662760e+00
2.435897435897436125e-01 3.733429097312658540e-02 1.298348229982684954e+00
2.435897435897436125e-01 3.838732264736802180e-02 1.318933899368596396e+00
2.435897435897436125e-01 3.996878183730093875e-02 1.334156574525137362e+00
2.435897435897436125e-01 4.158216282753528226e-02 1.349287299591271694e+00
2.345679012345678882e-01 2.782319583798201299e-03 2.448932125320715691e+00
2.345679012345678882e-01 3.205221078501732310e-03 1.432059828463039031e+00
2.345679012345678882e-01 3.605630922776716443e-03 8.588245186248342211e-01
2.345679012345678882e-01 3.998819900858126622e-03 4.894161312780972439e-01
2.345679012345678882e-01 4.420460123486119955e-03 2.637033073226431323e-01
2.345679012345678882e-01 4.882799872840873530e-03 1.349268511621431743e-01
2.345679012345678882e-01 5.345440315933622059e-03 7.654881912667457766e-02
2.345679012345678882e-01 5.866844994595115867e-03 5.824054051055418263e-02
2.345679012345678882e-01 6.395825052931183689e-03 7.485926999726631725e-02
2.345679012345678882e-01 7.007630304850746145e-03 1.064413042200959003e-01
2.345679012345678882e-01 7.552416553745956371e-03 1.588833881465289144e-01
2.345679012345678882e-01 8.192483737372380573e-03 2.116102793486853706e-01
2.345679012345678882e-01 8.848695461002590440e-03 2.714479489961583170e-01
2.345679012345678882e-01 9.519774585695639502e-03 3.350553513625547097e-01
2.345679012345678882e-01 1.032818438804624858e-02 3.985631172442926085e-01
2.345679012345678882e-01 1.103570184138230430e-02 4.563798586780617450e-01
2.345679012345678882e-01 1.175466987916391065e-02 5.173141042218574182e-01
2.345679012345678882e-01 1.264011926301179464e-02 5.767445586229841270e-01
2.345679012345678882e-01 1.339002011112105928e-02 6.300672155711377620e-01
2.345679012345678882e-01 1.432802077480096851e-02 6.850778354795975522e-01
2.345679012345678882e-01 1.510544415045353764e-02 7.350797041091948758e-01
2.345679012345678882e-01 1.609435711590713122e-02 7.813269648805009071e-01
2.345679012345678882e-01 1.711462267207523869e-02 8.319502438044895642e-01
2.345679012345678882e-01 1.793403427533384747e-02 8.709510376471467641e-01
2.345679012345678882e-01 1.900316214393405617e-02 9.100855502320839285e-01
2.345679012345678882e-01 2.010324184467709649e-02 9.512376626066492147e-01
2.345679012345678882e-01 2.095824064056303615e-02 9.900797965847241144e-01
2.345679012345678882e-01 2.210511892321409544e-02 1.020360937506413768e+00
2.345679012345678882e-01 2.328254668287251319e-02 1.051314696665612836e+00
2.345679012345678882e-01 2.449052391953828248e-02 1.082914894447367438e+00
2.345679012345678882e-01 2.572905063321139982e-02 1.114789541916902937e+00
2.345679012345678882e-01 2.664110406193141364e-02 1.144975994783735018e+00
2.345679012345678882e-01 2.792354350227764861e-02 1.167649946006932282e+00
2.345679012345678882e-01 2.923612843387589713e-02 1.190365887487549124e+00
2.345679012345678882e-01 3.057885885672616960e-02 1.213007219280565652e+00
2.345679012345678882e-01 3.195173477082845909e-02 1.235491111327713609e+00
2.345679012345678882e-01 3.335475617618275518e-02 1.257608322368966691e+00
2.345679012345678882e-01 3.478792307278907869e-02 1.279492300773431568e+00
2.345679012345678882e-01 3.625123546064742269e-02 1.300950951763323094e+00
2.345679012345678882e-01 3.723678316813773537e-02 1.320690276996932422e+00
2.345679012345678882e-01 3.873988422199284298e-02 1.335760127804627828e+00
2.261904761904762196e-01 2.614187863213776088e-03 2.756272290974907335e+00
2.261904761904762196e-01 3.059929278697855453e-03 1.561633100050798806e+00
2.261904761904762196e-01 3.414408551655063930e-03 9.531059311784020327e-01
2.261904761904762196e-01 3.786848115628046411e-03 5.559914640685554854e-01
2.261904761904762196e-01 4.186331660789845317e-03 3.070846327899891537e-01
2.261904761904762196e-01 4.624423795878267705e-03 1.611062724906054955e-01
2.261904761904762196e-01 5.062933511509307496e-03 8.517022233455329161e-02
2.261904761904762196e-01 5.557098727547159570e-03 5.792985307024011571e-02
2.261904761904762196e-01 6.058555437345350229e-03 6.392800729851144670e-02
2.261904761904762196e-01 6.564844397774782098e-03 9.515707993339105053e-02
2.261904761904762196e-01 7.155021615218664331e-03 1.355103644886056780e-01
2.261904761904762196e-01 7.761769873627725677e-03 1.891727794083374881e-01
2.261904761904762196e-01 8.383898920714862729e-03 2.478041587308194016e-01
2.261904761904762196e-01 9.020208832115794717e-03 3.074498732183307825e-01
2.261904761904762196e-01 9.669489682255883595e-03 3.675258205782784282e-01
2.261904761904762196e-01 1.033052119722556797e-02 4.291014185268432479e-01
2.261904761904762196e-01 1.113913819850907705e-02 4.936216855441615259e-01
2.261904761904762196e-01 1.183083051743847106e-02 5.460345377156610169e-01
2.261904761904762196e-01 1.253101155371238659e-02 6.059115048934912151e-01
2.261904761904762196e-01 1.340883675908310230e-02 6.552667534845405539e-01
2.261904761904762196e-01 1.431637678099668444e-02 7.125835219368747975e-01
2.261904761904762196e-01 1.505977199392615797e-02 7.548298276231142356e-01
2.261904761904762196e-01 1.601445235416010249e-02 8.022731190434245763e-01
2.261904761904762196e-01 1.677882751933962996e-02 8.489965087217355988e-01
2.261904761904762196e-01 1.777908835457371259e-02 8.857801739820136966e-01
2.261904761904762196e-01 1.880830728395209081e-02 9.250769381175243389e-01
2.261904761904762196e-01 1.986648430747475422e-02 9.658804097475938155e-01
2.261904761904762196e-01 2.067827352764669765e-02 1.000175595232727588e+00
2.261904761904762196e-01 2.177970045766390930e-02 1.029978036985882195e+00
2.261904761904762196e-01 2.290970495127074916e-02 1.060686251079288267e+00
2.261904761904762196e-01 2.406828700846722069e-02 1.091885062397164319e+00
2.261904761904762196e-01 2.525544662925334471e-02 1.123380406657856545e+00
2.261904761904762196e-01 2.611732381730403132e-02 1.150797720758042875e+00
2.261904761904762196e-01 2.734500488484006842e-02 1.173045506750260980e+00
2.261904761904762196e-01 2.860088149842479263e-02 1.195339413153940100e+00
2.261904761904762196e-01 2.988495365805819010e-02 1.217579010046347943e+00
2.261904761904762196e-01 3.119722136374024693e-02 1.239539799800466024e+00
2.261904761904762196e-01 3.253768461547099783e-02 1.261343827449139088e+00
2.261904761904762196e-01 3.390634341325041851e-02 1.282782525388968420e+00
2.261904761904762196e-01 3.530319775707850549e-02 1.303753198156704318e+00
2.261904761904762196e-01 3.622864297350016083e-02 1.322780994342865668e+00
2.183908045977011325e-01 2.463864075859525764e-03 3.101683735958193466e+00
2.183908045977011325e-01 2.906960488219855702e-03 1.695335763329704371e+00
2.183908045977011325e-01 3.243828074172720732e-03 1.051043619729944201e+00
2.183908045977011325e-01 3.597874135717985498e-03 6.258294577239100764e-01
2.183908045977011325e-01 3.977711635930839332e-03 3.541118000410324873e-01
2.183908045977011325e-01 4.394289139730608168e-03 1.918430801553714093e-01
2.183908045977011325e-01 4.811408168992330203e-03 9.980699555968322589e-02
2.183908045977011325e-01 5.281397795471832676e-03 6.520907147732422915e-02
2.183908045977011325e-01 5.758441310587124155e-03 6.251166166259462809e-02
2.183908045977011325e-01 6.240223345132564492e-03 8.131708202902694638e-02
2.183908045977011325e-01 6.724391023068004673e-03 1.232445810393142244e-01
2.183908045977011325e-01 7.293778795999225628e-03 1.686537531525337530e-01
2.183908045977011325e-01 7.877472952916868623e-03 2.231994369206578288e-01
2.183908045977011325e-01 8.474337630734914140e-03 2.818848694225292717e-01
2.183908045977011325e-01 9.083227816460178253e-03 3.432471535618307756e-01
2.183908045977011325e-01 9.702989031517911950e-03 4.077373350492620174e-01
2.183908045977011325e-01 1.046248622864480449e-02 4.620620568354227853e-01
2.183908045977011325e-01 1.111077470353293364e-02 5.200206380013541185e-01
2.183908045977011325e-01 1.191735205285735823e-02 5.776256875490961562e-01
2.183908045977011325e-01 1.259114229341940644e-02 6.291902726759031061e-01
2.183908045977011325e-01 1.344333892748956864e-02 6.817066089464605128e-01
2.183908045977011325e-01 1.413957755586451974e-02 7.313119196563683255e-01
2.183908045977011325e-01 1.503592426018598993e-02 7.753111818407874001e-01
2.183908045977011325e-01 1.595981554953142256e-02 8.234298238154386107e-01
2.183908045977011325e-01 1.669054792893990766e-02 8.636549680771956616e-01
2.183908045977011325e-01 1.765675201812443376e-02 9.009106018495869339e-01
2.183908045977011325e-01 1.865014121650054174e-02 9.401092802035077023e-01
2.183908045977011325e-01 1.967071552406824200e-02 9.807448369654101494e-01
2.183908045977011325e-01 2.044349308157641237e-02 1.010122730195472496e+00
2.183908045977011325e-01 2.150417061899740148e-02 1.039819926103068060e+00
2.183908045977011325e-01 2.259167245662713555e-02 1.070234816307362502e+00
2.183908045977011325e-01 2.370599859446563193e-02 1.101141833517725432e+00
2.183908045977011325e-01 2.484714903251287674e-02 1.132042786214563002e+00
2.183908045977011325e-01 2.566387872989359456e-02 1.156674131209122436e+00
2.183908045977011325e-01 2.684254610430010859e-02 1.178549876752346570e+00
2.183908045977011325e-01 2.804767560872136259e-02 1.200480595422122487e+00
2.183908045977011325e-01 2.927926724315734267e-02 1.222226186953293547e+00
2.183908045977011325e-01 3.053732100760807658e-02 1.243896482702119943e+00
2.183908045977011325e-01 3.182183690207355392e-02 1.265265920973137170e+00
2.183908045977011325e-01 3.313281492655375388e-02 1.286226219453823205e+00
2.183908045977011325e-01 3.447025508104870073e-02 1.306963484043481838e+00
2.111111111111111382e-01 2.328778226225314187e-03 3.481830525135984011e+00
2.111111111111111382e-01 2.769695781168593322e-03 1.833352163354718734e+00
2.111111111111111382e-01 3.090859968752208281e-03 1.152276823472679457e+00
2.111111111111111382e-01 3.428508634268863375e-03 6.986923575974720579e-01
2.111111111111111382e-01 3.790827699945382122e-03 4.045907662258703130e-01
2.111111111111111382e-01 4.146853035047311231e-03 2.233209517357968577e-01
2.111111111111111382e-01 4.586257613199307137e-03 1.202057068678908935e-01
2.111111111111111382e-01 4.981638220586660087e-03 6.805487913350284634e-02
2.111111111111111382e-01 5.430522621553929979e-03 5.695166864110202953e-02
2.111111111111111382e-01 5.883662504806684741e-03 7.512997480388858285e-02
2.111111111111111382e-01 6.412252711276427743e-03 1.052348866067373545e-01
2.111111111111111382e-01 6.955646812703930419e-03 1.531189930353478168e-01
2.111111111111111382e-01 7.424180358144812260e-03 2.071032719950322565e-01
2.111111111111111382e-01 7.985812102212358488e-03 2.637996637662272104e-01
2.111111111111111382e-01 8.663959334065838083e-03 3.212728099471330867e-01
2.111111111111111382e-01 9.255835022913409468e-03 3.775678003063220323e-01
2.111111111111111382e-01 9.857105799246592207e-03 4.357341441877481403e-01
2.111111111111111382e-01 1.046666380054515899e-02 4.985912060533107537e-01
2.111111111111111382e-01 1.122648246033935114e-02 5.488637338379580566e-01
2.111111111111111382e-01 1.185980796301587710e-02 6.067695799859609274e-01
2.111111111111111382e-01 1.266250625609154773e-02 6.541590002399155779e-01
2.111111111111111382e-01 1.349148662151894613e-02 7.092230123462935909e-01
2.111111111111111382e-01 1.416088501680632175e-02 7.510160839422627133e-01
2.111111111111111382e-01 1.503100900054390489e-02 7.961886088438632214e-01
2.111111111111111382e-01 1.571729212182075910e-02 8.436748725855194309e-01
2.111111111111111382e-01 1.662715511635310534e-02 8.787082559654909586e-01
2.111111111111111382e-01 1.756261800756631075e-02 9.161386055843044884e-01
2.111111111111111382e-01 1.852368079546037535e-02 9.553852871760231125e-01
2.111111111111111382e-01 1.924900076882346198e-02 9.917292126348944414e-01
2.111111111111111382e-01 2.024770400666152728e-02 1.020298778493368808e+00
2.111111111111111382e-01 2.127166422838589963e-02 1.049823754784452223e+00
2.111111111111111382e-01 2.232088143399659982e-02 1.080046128378240544e+00
2.111111111111111382e-01 2.339535562349361053e-02 1.110436147888927083e+00
2.111111111111111382e-01 2.449508679687693521e-02 1.140724432022393042e+00
2.111111111111111382e-01 2.527096402065013778e-02 1.162629723440614438e+00
2.111111111111111382e-01 2.640553539208850831e-02 1.184187977577583428e+00
2.111111111111111382e-01 2.756501958412569536e-02 1.205660461034073316e+00
2.111111111111111382e-01 2.874941659676172670e-02 1.227144004219325790e+00
2.111111111111111382e-01 2.995872642999658844e-02 1.248395544848842409e+00
2.111111111111111382e-01 3.119294908383026671e-02 1.269301111396464732e+00
2.111111111111111382e-01 3.245208455826278232e-02 1.290036042165267682e+00
2.043010752688172171e-01 2.624644562008002398e-03 1.999558427605125033e+00
2.043010752688172171e-01 2.953022839338514949e-03 1.256479272830337113e+00
2.043010752688172171e-01 3.275977712298741053e-03 7.743613545306649026e-01
2.043010752688172171e-01 3.622594537504651279e-03 4.583393296892215307e-01
2.043010752688172171e-01 3.963387000757762416e-03 2.560665754107466774e-01
2.043010752688172171e-01 4.338939782368047074e-03 1.378992118305865100e-01
2.043010752688172171e-01 4.762317971338842111e-03 7.708304992526796018e-02
2.043010752688172171e-01 5.192000930961212200e-03 5.802285632049399011e-02
2.043010752688172171e-01 5.625910197236507100e-03 6.504272851728445937e-02
2.043010752688172171e-01 6.061936263352574530e-03 9.564682708581992432e-02
2.043010752688172171e-01 6.574989759787609397e-03 1.336780065710485021e-01
2.043010752688172171e-01 7.100916158383964449e-03 1.832992034552421434e-01
2.043010752688172171e-01 7.638694558231883154e-03 2.378237020765497922e-01
2.043010752688172171e-01 8.187296487252044425e-03 2.945370127157805329e-01
2.043010752688172171e-01 8.745685648081915828e-03 3.529402503269626346e-01
2.043010752688172171e-01 9.312817650176807502e-03 4.145065911879223797e-01
2.043010752688172171e-01 1.001432851649671114e-02 4.692888108351516152e-01
2.043010752688172171e-01 1.060542462105176255e-02 5.241783975471197010e-01
2.043010752688172171e-01 1.134835818280882300e-02 5.805489287919763930e-01
2.043010752688172171e-01 1.196068191477963130e-02 6.298747985619673750e-01
2.043010752688172171e-01 1.274371572056393585e-02 6.805737899038203365e-01
2.043010752688172171e-01 1.337450686110356300e-02 7.293404612745848503e-01
2.043010752688172171e-01 1.419631137238217163e-02 7.713425801462354681e-01
2.043010752688172171e-01 1.504261688772374345e-02 8.174581843817372295e-01
2.043010752688172171e-01 1.570202345488485099e-02 8.584400326032654016e-01
2.043010752688172171e-01 1.658543737363500289e-02 8.939423905742207577e-01
2.043010752688172171e-01 1.749302681581731134e-02 9.316553828926112946e-01
2.043010752688172171e-01 1.842479178143178672e-02 9.703956432643734420e-01
2.043010752688172171e-01 1.911889988094288631e-02 1.002105914118030405e+00
2.043010752688172171e-01 2.008577459201014992e-02 1.030637035935065171e+00
2.043010752688172171e-01 2.107649821681392352e-02 1.060080224179582586e+00
2.043010752688172171e-01 2.209107075535419670e-02 1.089873421696746725e+00
2.043010752688172171e-01 2.312949220763096253e-02 1.119717767496620997e+00
2.043010752688172171e-01 2.385928845896251316e-02 1.147570169493508985e+00
2.043010752688172171e-01 2.493048089967464520e-02 1.168693354275514462e+00
2.043010752688172171e-01 2.602519449187541689e-02 1.189835674164007040e+00
2.043010752688172171e-01 2.714342923556484558e-02 1.211080193884595646e+00
2.043010752688172171e-01 2.828518513074292431e-02 1.232165858491429677e+00
2.043010752688172171e-01 2.945046217740963576e-02 1.252972912261330451e+00
2.043010752688172171e-01 3.063926037556500767e-02 1.273665011914094203e+00
1.979166666666666852e-01 2.493123324253628155e-03 2.198875565022445855e+00
1.979166666666666852e-01 2.828267408846992046e-03 1.363355495007073204e+00
1.979166666666666852e-01 3.137992232638522633e-03 8.526347943595795620e-01
1.979166666666666852e-01 3.470467607545337906e-03 5.151862297459750550e-01
1.979166666666666852e-01 3.797557099714336196e-03 2.929805072991679138e-01
1.979166666666666852e-01 4.157985686160345883e-03 1.596629891930947120e-01
1.979166666666666852e-01 4.515959194684438655e-03 9.033296704300211588e-02
1.979166666666666852e-01 4.922564766415760650e-03 5.980822193930891012e-02
1.979166666666666852e-01 5.333010613169855176e-03 6.346703555962220078e-02
1.979166666666666852e-01 5.811978118005967607e-03 8.278551338863761322e-02
1.979166666666666852e-01 6.230960945063802187e-03 1.235546376203106450e-01
1.979166666666666852e-01 6.728732375699427587e-03 1.666418535322297945e-01
1.979166666666666852e-01 7.237629030619249088e-03 2.180699115323807002e-01
1.979166666666666852e-01 7.756670803103565652e-03 2.742252252991426165e-01
1.979166666666666852e-01 8.284870355905049957e-03 3.339672975841874170e-01
1.979166666666666852e-01 8.933364937670561917e-03 3.892367918559287432e-01
1.979166666666666852e-01 9.485713910497940715e-03 4.436068091200970898e-01
1.979166666666666852e-01 1.004458238493546873e-02 5.034794398339830224e-01
1.979166666666666852e-01 1.074822770176600550e-02 5.533123644449982059e-01
1.979166666666666852e-01 1.132699421437401675e-02 6.087895962114842074e-01
1.979166666666666852e-01 1.206854218387718239e-02 6.548468855583314818e-01
1.979166666666666852e-01 1.283360026073579810e-02 7.080868654131768913e-01
1.979166666666666852e-01 1.344275932296639005e-02 7.488516151699999845e-01
1.979166666666666852e-01 1.424414223561285692e-02 7.922360937119019564e-01
1.979166666666666852e-01 1.506872561858926297e-02 8.390866304809564413e-01
1.979166666666666852e-01 1.570338340461927690e-02 8.734950695196457282e-01
1.979166666666666852e-01 1.656270502897567651e-02 9.095328080710842755e-01
1.979166666666666852e-01 1.744491646352581277e-02 9.469416587517273109e-01
1.979166666666666852e-01 1.810013468561262259e-02 9.852246814943997899e-01
1.979166666666666852e-01 1.901548873858689009e-02 1.012660021437535862e+00
1.979166666666666852e-01 1.995342089769824509e-02 1.041231225162032370e+00
1.979166666666666852e-01 2.091393116294669105e-02 1.070343219787859734e+00
1.979166666666666852e-01 2.189701953433220716e-02 1.099666796357376963e+00
1.979166666666666852e-01 2.290268601185481770e-02 1.129016197529882914e+00
1.979166666666666852e-01 2.359942063662021777e-02 1.153989009756972273e+00
1.979166666666666852e-01 2.463568650902497534e-02 1.174744952424703115e+00
1.979166666666666852e-01 2.569421771798991588e-02 1.195698916992619765e+00
1.979166666666666852e-01 2.677501426351503594e-02 1.216571377869104076e+00
1.979166666666666852e-01 2.787807614560031816e-02 1.237236707319456785e+00
1.979166666666666852e-01 2.900340336424578336e-02 1.257845985614125528e+00
1.919191919191919338e-01 2.373395229452858989e-03 2.428852990795650868e+00
1.919191919191919338e-01 2.714888309878844309e-03 1.472637565036414742e+00
1.919191919191919338e-01 3.012648554033462052e-03 9.333265837244107965e-01
1.919191919191919338e-01 3.300985462390900946e-03 5.725169318800584772e-01
1.919191919191919338e-01 3.647039832356598500e-03 3.338814520095713667e-01
1.919191919191919338e-01 3.993792091385588681e-03 1.868096562578781539e-01
1.919191919191919338e-01 4.338383737492444193e-03 1.008694440939142400e-01
1.919191919191919338e-01 4.729611648232525702e-03 6.319175189306824869e-02
1.919191919191919338e-01 5.124691194031570987e-03 5.696105161934929273e-02
1.919191919191919338e-01 5.521713571313970233e-03 7.560037846165264253e-02
1.919191919191919338e-01 5.988979224180496393e-03 1.062639088486319050e-01
1.919191919191919338e-01 6.467975242224113970e-03 1.513490721330505717e-01
1.919191919191919338e-01 6.957775821885214644e-03 2.024563968857098217e-01
1.919191919191919338e-01 7.457448811956021717e-03 2.555880581241486982e-01
1.919191919191919338e-01 7.966055506014741924e-03 3.092590360326172849e-01
1.919191919191919338e-01 8.482650423838580117e-03 3.642158006177517726e-01
1.919191919191919338e-01 9.006281081000891420e-03 4.223537322490720225e-01
1.919191919191919338e-01 9.660084484941263566e-03 4.780139077708916440e-01
1.919191919191919338e-01 1.020400487796009441e-02 5.296372018037291962e-01
1.919191919191919338e-01 1.089463471982740975e-02 5.850003658289459896e-01
1.919191919191919338e-01 1.145634961611256830e-02 6.319880875666548103e-01
1.919191919191919338e-01 1.218259912260493023e-02 6.812541986457609777e-01
1.919191919191919338e-01 1.275959282256036893e-02 7.286763595144236660e-01
1.919191919191919338e-01 1.352024912939886470e-02 7.691372974882736413e-01
1.919191919191919338e-01 1.430292684922183401e-02 8.136313088525117809e-01
1.919191919191919338e-01 1.490382868260090553e-02 8.547714979555598447e-01
1.919191919191919338e-01 1.571939701858732566e-02 8.889955966840276114e-01
1.919191919191919338e-01 1.655668970536583809e-02 9.249476750469038944e-01
1.919191919191919338e-01 1.741570674293644108e-02 9.624149552788812123e-01
1.919191919191919338e-01 1.804544442144962596e-02 9.958782732092887890e-01
1.919191919191919338e-01 1.893552949267835947e-02 1.023486404184955845e+00
1.919191919191919338e-01 1.984704088457859422e-02 1.051834296780463252e+00
1.919191919191919338e-01 2.077997859715032675e-02 1.080561558164602198e+00
1.919191919191919338e-01 2.173434263039356745e-02 1.109455936903873230e+00
1.919191919191919338e-01 2.271013298430831634e-02 1.138371492056224232e+00
1.919191919191919338e-01 2.337649846913093105e-02 1.160381494918213852e+00
1.919191919191919338e-01 2.438092565149629215e-02 1.180994101474095448e+00
1.919191919191919338e-01 2.540648013655821477e-02 1.201606672802340459e+00
1.919191919191919338e-01 2.645316192431667462e-02 1.222087628304310059e+00
1.919191919191919338e-01 2.752097101477169946e-02 1.242574595706456231e+00
1.862745098039215730e-01 2.264000698389920067e-03 2.687236964292361918e+00
1.862745098039215730e-01 2.633570415740628997e-03 1.582854833061001276e+00
1.862745098039215730e-01 2.898352312234270430e-03 1.016264767803433333e+00
1.862745098039215730e-01 3.176395417259047886e-03 6.317123432281367412e-01
1.862745098039215730e-01 3.475441883632324983e-03 3.780172559526189247e-01
1.862745098039215730e-01 3.805078383368747704e-03 2.135933684882265482e-01
1.862745098039215730e-01 4.176676504637964055e-03 1.183689417733392729e-01
1.862745098039215730e-01 4.504466423403283293e-03 7.162961070716800105e-02
1.862745098039215730e-01 4.879984081102965894e-03 5.955762764035568008e-02
1.862745098039215730e-01 5.318244749043843193e-03 6.768374528512878519e-02
1.862745098039215730e-01 5.701631934663986372e-03 9.675128426745344123e-02
1.862745098039215730e-01 6.157138634875506701e-03 1.340916239309427882e-01
1.862745098039215730e-01 6.622846611963407841e-03 1.810601075695277284e-01
1.862745098039215730e-01 7.097864124511802514e-03 2.327511953781210563e-01
1.862745098039215730e-01 7.581293339890063376e-03 2.870264959887310896e-01
1.862745098039215730e-01 8.072230132043148668e-03 3.441002277706517454e-01
1.862745098039215730e-01 8.680290696071877449e-03 4.023699537133190729e-01
1.862745098039215730e-01 9.191878672226498972e-03 4.527825642844474086e-01
1.862745098039215730e-01 9.708559398447610261e-03 5.094498463021268631e-01
1.862745098039215730e-01 1.036565638363150417e-02 5.589737426081726746e-01
1.862745098039215730e-01 1.089909733766675388e-02 6.119443325675947287e-01
1.862745098039215730e-01 1.159002108981553071e-02 6.569999868690097333e-01
1.862745098039215730e-01 1.230217681386132182e-02 7.085701782901854262e-01
1.862745098039215730e-01 1.286140593899327313e-02 7.481282718218291716e-01
1.862745098039215730e-01 1.360594368957068583e-02 7.900952458018859481e-01
1.862745098039215730e-01 1.437142974731557034e-02 8.352410292400993530e-01
1.862745098039215730e-01 1.495197054233978959e-02 8.700221261697635988e-01
1.862745098039215730e-01 1.574838630645756382e-02 9.043947316760592159e-01
1.862745098039215730e-01 1.656546583094163638e-02 9.405936880606806660e-01
1.862745098039215730e-01 1.740320911579200033e-02 9.779887762427064146e-01
1.862745098039215730e-01 1.800935244709528718e-02 1.006833200095136327e+00
1.862745098039215730e-01 1.887627987696309864e-02 1.034335547633103092e+00
1.862745098039215730e-01 1.976358562055942694e-02 1.062392211576136170e+00
1.862745098039215730e-01 2.067126967788429290e-02 1.090763637687215626e+00
1.862745098039215730e-01 2.159933204893768957e-02 1.119283129387885989e+00
1.862745098039215730e-01 2.223092164395214579e-02 1.146738572841052850e+00
1.862745098039215730e-01 2.318612637736019999e-02 1.166959737132013064e+00
1.862745098039215730e-01 2.416142305958665290e-02 1.187266366332125234e+00
1.862745098039215730e-01 2.515681169063150105e-02 1.207520852886889262e+00
1.862745098039215730e-01 2.617229227049474791e-02 1.227846514312714188e+00
1.809523809523809479e-01 2.163705277470617805e-03 2.971951961114537077e+00
1.809523809523809479e-01 2.537996938835968865e-03 1.693883473534054662e+00
1.809523809523809479e-01 2.793759315653614184e-03 1.101290258961042490e+00
1.809523809523809479e-01 3.062432128179310396e-03 6.936133386113985111e-01
1.809523809523809479e-01 3.351438419398574016e-03 4.199811644918185483e-01
1.809523809523809479e-01 3.669960426657980970e-03 2.416219309868272158e-01
1.809523809523809479e-01 3.986529407254565949e-03 1.353453506273397111e-01
1.809523809523809479e-01 4.346005844832192926e-03 7.717015136547573928e-02
1.809523809523809479e-01 4.709054832414097565e-03 5.647374472331825185e-02
1.809523809523809479e-01 5.073935493071971177e-03 6.265214797125201462e-02
1.809523809523809479e-01 5.503360257088311253e-03 8.601877222606507667e-02
1.809523809523809479e-01 5.872942745839352871e-03 1.245891738356070116e-01
1.809523809523809479e-01 6.316656902105622327e-03 1.665589159469053615e-01
1.809523809523809479e-01 6.769171460231594196e-03 2.160291646338042548e-01
1.809523809523809479e-01 7.229626240030988422e-03 2.702067942646454446e-01
1.809523809523809479e-01 7.795522052933870870e-03 3.260662922349610304e-01
1.809523809523809479e-01 8.276962322951835968e-03 3.769475688967126037e-01
1.809523809523809479e-01 8.764044855100999037e-03 4.314211767378666185e-01
1.809523809523809479e-01 9.377985672395033889e-03 4.881266377533867717e-01
1.809523809523809479e-01 9.882347784918683528e-03 5.360762890250561075e-01
1.809523809523809479e-01 1.052931862247159615e-02 5.908998799847815508e-01
1.809523809523809479e-01 1.104866912118961098e-02 6.352793073979881022e-01
1.809523809523809479e-01 1.172756115225393088e-02 6.832528403943943784e-01
1.809523809523809479e-01 1.225959101260005318e-02 7.291760976435632813e-01
1.809523809523809479e-01 1.296929012005508010e-02 7.684497700912205076e-01
1.809523809523809479e-01 1.369895731494142656e-02 8.114161096842348320e-01
1.809523809523809479e-01 1.425105845444730318e-02 8.525911110253574510e-01
1.809523809523809479e-01 1.501014018058810344e-02 8.852641501206628405e-01
1.809523809523809479e-01 1.578891700016391009e-02 9.200851417323675507e-01
1.809523809523809479e-01 1.658738891317471098e-02 9.563741492485366980e-01
1.809523809523809479e-01 1.716355612594610419e-02 9.912592151433641252e-01
1.809523809523809479e-01 1.798976893084116430e-02 1.017836005554071166e+00
1.809523809523809479e-01 1.883540299657606235e-02 1.045149032647215037e+00
1.809523809523809479e-01 1.970045832315081569e-02 1.072930661707068634e+00
1.809523809523809479e-01 2.058493491056541044e-02 1.100992811034642305e+00
1.809523809523809479e-01 2.148883275881983967e-02 1.128995244316388202e+00
1.809523809523809479e-01 2.209516133442622141e-02 1.153589874888971245e+00
1.809523809523809479e-01 2.302456787659730789e-02 1.173545134096998677e+00
1.809523809523809479e-01 2.397312099131096441e-02 1.193531604157890502e+00
1.809523809523809479e-01 2.494082067856720486e-02 1.213657452804347558e+00
1.759259259259259300e-01 2.071458668219273731e-03 3.281084101580931112e+00
1.759259259259259300e-01 2.429792917550963657e-03 1.812594997493679028e+00
1.759259259259259300e-01 2.697729288893444162e-03 1.188255698156267970e+00
1.759259259259259300e-01 2.957841946352608373e-03 7.580850599645940768e-01
1.759259259259259300e-01 3.237672616217832870e-03 4.656274500399818495e-01
1.759259259259259300e-01 3.546030306077535641e-03 2.746967027856291321e-01
1.759259259259259300e-01 3.852695650475041617e-03 1.540078482055173559e-01
1.759259259259259300e-01 4.200731484611147301e-03 9.122375145851219225e-02
1.759259259259259300e-01 4.501621906063749991e-03 6.284495190331372549e-02
1.759259259259259300e-01 4.905972569391007197e-03 5.948689671827054465e-02
1.759259259259259300e-01 5.259828756374385246e-03 7.700135182396333766e-02
1.759259259259259300e-01 5.680164674103557396e-03 1.090814105274332257e-01
1.759259259259259300e-01 6.109947997430170696e-03 1.523766418863403138e-01
1.759259259259259300e-01 6.548361528550100327e-03 2.006701841415269305e-01
1.759259259259259300e-01 6.994582882830969843e-03 2.507996271706043334e-01
1.759259259259259300e-01 7.447784320810983509e-03 3.022090261936341560e-01
1.759259259259259300e-01 7.907132571323418138e-03 3.558073314659255804e-01
1.759259259259259300e-01 8.371788645109200233e-03 4.138459000547373701e-01
1.759259259259259300e-01 8.958251043233477970e-03 4.632234273812380065e-01
1.759259259259259300e-01 9.439280014281859962e-03 5.162474836029830039e-01
1.759259259259259300e-01 1.005724439174043514e-02 5.658513961931588288e-01
1.759259259259259300e-01 1.055244767798431405e-02 6.160481312118027963e-01
1.759259259259259300e-01 1.120084908798467047e-02 6.602221529757137386e-01
1.759259259259259300e-01 1.186858172014652532e-02 7.105358044816477703e-01
1.759259259259259300e-01 1.238578001770111910e-02 7.486667003683048494e-01
1.759259259259259300e-01 1.308261826238038550e-02 7.893060001609459864e-01
1.759259259259259300e-01 1.379852619676581564e-02 8.332265861867294010e-01
1.759259259259259300e-01 1.433359785631048954e-02 8.675375288136888408e-01
1.759259259259259300e-01 1.507727337281580642e-02 9.008731277678591054e-01
1.759259259259259300e-01 1.583975627856887974e-02 9.359578453176933266e-01
1.759259259259259300e-01 1.662104657356972687e-02 9.723606648443186007e-01
1.759259259259259300e-01 1.717745170455683285e-02 1.002324839947421609e+00
1.759259259259259300e-01 1.798490167124242728e-02 1.028822413158539950e+00
1.759259259259259300e-01 1.881089594338300822e-02 1.055948469379283106e+00
1.759259259259259300e-01 1.965543452097857219e-02 1.083492934180122491e+00
1.759259259259259300e-01 2.051851740402910879e-02 1.111097658718241510e+00
1.759259259259259300e-01 2.140014459253463536e-02 1.138834220776404171e+00
1.759259259259259300e-01 2.198298551316631502e-02 1.160437703718665281e+00
1.759259259259259300e-01 2.288862810724138358e-02 1.180115150116751277e+00
1.759259259259259300e-01 2.381255112373681371e-02 1.200003161377374949e+00
1.711711711711711714e-01 2.329975984920714185e-03 1.956432622522642273e+00
1.711711711711711714e-01 2.609289359210365325e-03 1.277024433388758151e+00
1.711711711711711714e-01 2.861555894628079518e-03 8.250000056412519767e-01
1.711711711711711714e-01 3.132973207938330885e-03 5.148000916264329208e-01
1.711711711711711714e-01 3.397278983627937884e-03 3.089412629278329159e-01
1.711711711711711714e-01 3.729589433584185650e-03 1.792142551761128910e-01
1.711711711711711714e-01 4.023297251135250080e-03 9.919538640545703945e-02
1.711711711711711714e-01 4.359538157596001828e-03 6.303499956821013994e-02
1.711711711711711714e-01 4.697541953276359282e-03 5.638227377032360710e-02
1.711711711711711714e-01 5.095242126168616180e-03 7.257425905648028086e-02
1.711711711711711714e-01 5.437741952111827155e-03 9.872486833159654918e-02
1.711711711711711714e-01 5.848776631242137529e-03 1.360927332968165648e-01
1.711711711711711714e-01 6.268008511135457136e-03 1.813691250072870798e-01
1.711711711711711714e-01 6.694647231928732047e-03 2.307304583497746253e-01
1.711711711711711714e-01 7.127897423141714602e-03 2.830743244335112152e-01
1.711711711711711714e-01 7.566958538799122003e-03 3.388515309012435917e-01
1.711711711711711714e-01 8.116275532755600972e-03 3.912337893786711485e-01
1.711711711711711714e-01 8.572214764653576444e-03 4.417209571277381230e-01
1.711711711711711714e-01 9.152401406876045989e-03 4.993416636756944360e-01
1.711711711711711714e-01 9.623117260737248241e-03 5.435666582242553169e-01
1.711711711711711714e-01 1.023315312693491574e-02 5.980606880629091293e-01
1.711711711711711714e-01 1.071652897969675548e-02 6.394406093102337207e-01
1.711711711711711714e-01 1.135538912744464557e-02 6.864861307095612153e-01
1.711711711711711714e-01 1.184929267789338637e-02 7.307183351821506800e-01
1.711711711711711714e-01 1.251594752712804209e-02 7.688864707377397467e-01
1.711711711711711714e-01 1.320084606664961857e-02 8.107925803201206927e-01
1.711711711711711714e-01 1.371164542238267718e-02 8.511967382399746596e-01
1.711711711711711714e-01 1.442305194388899224e-02 8.829416861834382679e-01
1.711711711711711714e-01 1.515244977890020141e-02 9.167257898978601327e-01
1.711711711711711714e-01 1.589983892741632029e-02 9.520803240261618283e-01
1.711711711711711714e-01 1.643076541144679326e-02 9.877913543947494102e-01
1.711711711711711714e-01 1.720311635221946286e-02 1.013402858972228593e+00
1.711711711711711714e-01 1.799320549641657968e-02 1.039808618364740589e+00
1.711711711711711714e-01 1.880103284403814717e-02 1.066775979099780169e+00
1.711711711711711714e-01 1.962659839508414453e-02 1.093928632749037622e+00
1.711711711711711714e-01 2.046990214955459603e-02 1.121321374286313066e+00
1.711711711711711714e-01 2.102566881282130068e-02 1.147938854195944103e+00
1.711711711711711714e-01 2.189187241534844980e-02 1.167266803167342548e+00
1.711711711711711714e-01 2.277556036309061338e-02 1.186879428632531486e+00
1.666666666666666574e-01 2.237639594015610172e-03 2.123819258208326399e+00
1.666666666666666574e-01 2.527605001510024353e-03 1.367469601532921519e+00
1.666666666666666574e-01 2.772657517594114690e-03 8.942375364300945151e-01
1.666666666666666574e-01 3.036336509321876063e-03 5.673501489871225489e-01
1.666666666666666574e-01 3.293350039410714285e-03 3.425085618483619254e-01
1.666666666666666574e-01 3.578311152626075659e-03 1.990837945707378265e-01
1.666666666666666574e-01 3.901704768033326803e-03 1.150821861104734944e-01
1.666666666666666574e-01 4.181476423420657854e-03 7.282028237073004395e-02
1.666666666666666574e-01 4.557201233335418135e-03 5.778475051783479172e-02
1.666666666666666574e-01 4.886220197685371691e-03 6.394751652561439514e-02
1.666666666666666574e-01 5.276893905033373279e-03 9.126007905867732084e-02
1.666666666666666574e-01 5.607751843448137083e-03 1.263427840054617279e-01
1.666666666666666574e-01 6.009306371745467591e-03 1.678966599361314260e-01
1.666666666666666574e-01 6.417901502270319247e-03 2.158487355185202405e-01
1.666666666666666574e-01 6.832771919344805649e-03 2.685485089138691106e-01
1.666666666666666574e-01 7.347467248788402093e-03 3.195580041242977454e-01
1.666666666666666574e-01 7.779683597197746027e-03 3.692020698072345786e-01
1.666666666666666574e-01 8.216131606901285953e-03 4.235503869483761008e-01
1.666666666666666574e-01 8.772217745657586579e-03 4.746865139806299982e-01
1.666666666666666574e-01 9.222715689394507879e-03 5.239955216769047741e-01
1.666666666666666574e-01 9.807368998902612003e-03 5.738081105944506932e-01
1.666666666666666574e-01 1.026988015211873460e-02 6.208714052495515334e-01
1.666666666666666574e-01 1.088211356871902034e-02 6.644733341536118720e-01
1.666666666666666574e-01 1.151207147506407014e-02 7.138439009266202007e-01
1.666666666666666574e-01 1.199340861964674244e-02 7.501336830526654786e-01
1.666666666666666574e-01 1.264971274921242519e-02 7.898965794814818420e-01
1.666666666666666574e-01 1.332349889776765495e-02 8.322630949854155080e-01
1.666666666666666574e-01 1.381984540791750780e-02 8.662750816870532500e-01
1.666666666666666574e-01 1.451873808055990055e-02 8.986640978014808212e-01
1.666666666666666574e-01 1.523486962693654245e-02 9.328838701451324100e-01
1.666666666666666574e-01 1.596824004704742658e-02 9.681658185042516518e-01
1.666666666666666574e-01 1.648237164839969418e-02 9.988809884153543317e-01
1.666666666666666574e-01 1.723935908273410353e-02 1.024502762247374132e+00
1.666666666666666574e-01 1.801334155768968479e-02 1.050834508076471163e+00
1.666666666666666574e-01 1.880431907326641713e-02 1.077481523168599908e+00
1.666666666666666574e-01 1.961229162946432486e-02 1.104481165393439657e+00
1.666666666666666574e-01 2.043725922628340103e-02 1.131492134143981421e+00
1.666666666666666574e-01 2.097304366847437679e-02 1.154981919620458264e+00
1.666666666666666574e-01 2.181964214875361380e-02 1.174282081160790359e+00
