-1.000000000000000021e-02 1.261746293710085771e-03 1.741510771653437928e+00
-1.000000000000000021e-02 1.343457274042770622e-03 1.290550900724017902e+00
-1.000000000000000021e-02 1.433602228269965613e-03 9.442950543063205471e-01
-1.000000000000000021e-02 1.536450836053912484e-03 6.755476140516954997e-01
-1.000000000000000021e-02 1.635583849046234493e-03 4.748185482356507836e-01
-1.000000000000000021e-02 1.753523553935005608e-03 3.237605722422002286e-01
-1.000000000000000021e-02 1.870390267934329224e-03 2.162836972707873617e-01
-1.000000000000000021e-02 1.985569904574263113e-03 1.403075366091282861e-01
-1.000000000000000021e-02 2.098448868951730169e-03 9.151216538033263292e-02
-1.000000000000000021e-02 2.241438698409493110e-03 6.638822746546257925e-02
-1.000000000000000021e-02 2.350525658348081356e-03 5.458180538028302442e-02
-1.000000000000000021e-02 2.494002841763414986e-03 5.526567833854544726e-02
-1.000000000000000021e-02 2.638538317534785960e-03 6.780380062108873340e-02
-1.000000000000000021e-02 2.783824890936490663e-03 8.845439372019252289e-02
-1.000000000000000021e-02 2.929555493618104210e-03 1.155558129159737768e-01
-1.000000000000000021e-02 3.075423187351302313e-03 1.492173023050194225e-01
-1.000000000000000021e-02 3.274859299432820742e-03 1.861563962747823098e-01
-1.000000000000000021e-02 3.423446878489543824e-03 2.192407953341978799e-01
-1.000000000000000021e-02 3.571353044187556593e-03 2.601314346064423910e-01
-1.000000000000000021e-02 3.782422735836682513e-03 3.004097082055572354e-01
-1.000000000000000021e-02 3.931717846067268700e-03 3.396684528452601493e-01
-1.000000000000000021e-02 4.151121005055788925e-03 3.821394540079753877e-01
-1.000000000000000021e-02 4.300986205861077882e-03 4.222382887724340783e-01
-1.000000000000000021e-02 4.528312433301297235e-03 4.623043102540990157e-01
-1.000000000000000021e-02 4.677929270152313655e-03 5.088424952555274938e-01
-1.000000000000000021e-02 4.912768284807185297e-03 5.443125578609292470e-01
-1.000000000000000021e-02 5.153358459004623617e-03 5.871682365327377529e-01
-1.000000000000000021e-02 5.303260357337263690e-03 6.305417389915608517e-01
-1.000000000000000021e-02 5.550850441475671526e-03 6.642328832471703359e-01
-1.000000000000000021e-02 5.804088968598225713e-03 7.035203133477221371e-01
-1.000000000000000021e-02 6.062975938704927986e-03 7.454771291092643359e-01
-1.000000000000000021e-02 6.212466695243278568e-03 7.818423490934099940e-01
-1.000000000000000021e-02 6.477738160458735087e-03 8.148816184650294892e-01
-1.000000000000000021e-02 6.748555370591587631e-03 8.495686626577758638e-01
-1.000000000000000021e-02 7.024918325641836200e-03 8.870648328998644860e-01
-1.000000000000000021e-02 7.306827025609483398e-03 9.253122341519027794e-01
-1.000000000000000021e-02 7.453673660875703190e-03 9.563238223406325123e-01
-1.000000000000000021e-02 7.741248964194000735e-03 9.859953104353074149e-01
-1.000000000000000021e-02 8.034267333190247412e-03 1.016461729706489292e+00
-1.000000000000000021e-02 8.332728767864448424e-03 1.048734772187944975e+00
-1.000000000000000021e-02 8.636633268216595966e-03 1.080523742735228554e+00
-1.000000000000000021e-02 8.945980834246693505e-03 1.114362536569974749e+00
-1.000000000000000021e-02 9.086106773664509237e-03 1.145513013532592383e+00
-1.000000000000000021e-02 9.400300637282815383e-03 1.170631868966312439e+00
-1.000000000000000021e-02 9.719834906515035025e-03 1.197363118511441726e+00
-1.000000000000000021e-02 1.004470958136116469e-02 1.224376889725026452e+00
-1.000000000000000021e-02 1.037492466182120092e-02 1.252139558038515954e+00
-1.000000000000000021e-02 1.071048014789514370e-02 1.280954798186598742e+00
-1.000000000000000021e-02 1.105137603958299478e-02 1.308801095247734914e+00
-1.000000000000000021e-02 1.139761233688475761e-02 1.337133428133583379e+00
-9.743589743589744015e-03 1.243721186165840055e-03 1.851770963236723411e+00
-9.743589743589744015e-03 1.325100123821064142e-03 1.381833602791375570e+00
-9.743589743589744015e-03 1.414802327374024751e-03 1.017820438495791180e+00
-9.743589743589744015e-03 1.516990937583089687e-03 7.357427582271042210e-01
-9.743589743589744015e-03 1.615657703558503718e-03 5.209851361779892498e-01
-9.743589743589744015e-03 1.732761693561459112e-03 3.643632108318335949e-01
-9.743589743589744015e-03 1.823877821934481204e-03 2.440544025153943142e-01
-9.743589743589744015e-03 1.936206884960836377e-03 1.617736258682497819e-01
-9.743589743589744015e-03 2.076007062046196245e-03 1.064771516139463720e-01
-9.743589743589744015e-03 2.185738561895716591e-03 7.085728287516615542e-02
-9.743589743589744015e-03 2.326914851595105870e-03 5.631752731495718450e-02
-9.743589743589744015e-03 2.469523507737640504e-03 5.844181999275568917e-02
-9.743589743589744015e-03 2.573009855814699723e-03 6.570798833102611813e-02
-9.743589743589744015e-03 2.714699085878029185e-03 8.341806513703406423e-02
-9.743589743589744015e-03 2.856822637096586171e-03 1.095608708043299406e-01
-9.743589743589744015e-03 3.048289436225750867e-03 1.368288443623289496e-01
-9.743589743589744015e-03 3.193566691172068910e-03 1.672996337130367994e-01
-9.743589743589744015e-03 3.338479868508554237e-03 2.038236224937217955e-01
-9.743589743589744015e-03 3.541793292500726009e-03 2.461666185947238850e-01
-9.743589743589744015e-03 3.688562005003961919e-03 2.800536029363528412e-01
-9.743589743589744015e-03 3.834169011190654858e-03 3.249696220507151678e-01
-9.743589743589744015e-03 4.048128615131351034e-03 3.603617927176393509e-01
-9.743589743589744015e-03 4.194294077500456894e-03 4.070053517174455626e-01
-9.743589743589744015e-03 4.415981151993676572e-03 4.415263310424172305e-01
-9.743589743589744015e-03 4.643376906516761236e-03 4.866699131028575653e-01
-9.743589743589744015e-03 4.790921559914535811e-03 5.260648316605248676e-01
-9.743589743589744015e-03 5.025544604569560057e-03 5.651270852342207274e-01
-9.743589743589744015e-03 5.265776168220319409e-03 6.093464363904420589e-01
-9.743589743589744015e-03 5.413202737221432109e-03 6.464074868162291709e-01
-9.743589743589744015e-03 5.660161559593398888e-03 6.830028572745138193e-01
-9.743589743589744015e-03 5.912628757185557811e-03 7.226437268370569100e-01
-9.743589743589744015e-03 6.170604329997908012e-03 7.653639085510184348e-01
-9.743589743589744015e-03 6.317135303035994499e-03 7.974255000796465209e-01
-9.743589743589744015e-03 6.581238129736047965e-03 8.304368898287174394e-01
-9.743589743589744015e-03 6.850749205447024572e-03 8.664522182104328341e-01
-9.743589743589744015e-03 7.125668530168926054e-03 9.034652018165563181e-01
-9.743589743589744015e-03 7.268908877224903101e-03 9.414122812887431024e-01
-9.743589743589744015e-03 7.549355643513224259e-03 9.699652817891615264e-01
-9.743589743589744015e-03 7.835110550488388545e-03 9.994630647279120206e-01
-9.743589743589744015e-03 8.126173598150406366e-03 1.030887641481994077e+00
-9.743589743589744015e-03 8.422544786499263844e-03 1.061983573568265005e+00
-9.743589743589744015e-03 8.724224115534971388e-03 1.095217663581545819e+00
-9.743589743589744015e-03 9.031211585257518590e-03 1.128023310870539087e+00
-9.743589743589744015e-03 9.167326363142696416e-03 1.157100070225956401e+00
-9.743589743589744015e-03 9.478941389436874518e-03 1.183304227999060654e+00
-9.743589743589744015e-03 9.795764466309786131e-03 1.209889578563641432e+00
-9.743589743589744015e-03 1.011779559376142952e-02 1.237295008649734740e+00
-9.743589743589744015e-03 1.044503477179180122e-02 1.265795225564236848e+00
-9.743589743589744015e-03 1.077748200040090816e-02 1.293375633267523028e+00
-9.743589743589744015e-03 1.111513727958874861e-02 1.321498029444405198e+00
-9.499999999999999764e-03 1.213471332327204421e-03 1.967516479687689612e+00
-9.499999999999999764e-03 1.307629175444504016e-03 1.474829370252673355e+00
-9.499999999999999764e-03 1.396909091092433074e-03 1.093735579441395656e+00
-9.499999999999999764e-03 1.498468752731969399e-03 7.992468573325295367e-01
-9.499999999999999764e-03 1.596690860775704188e-03 5.717140940994708265e-01
-9.499999999999999764e-03 1.690699967264881840e-03 3.994771322352844711e-01
-9.499999999999999764e-03 1.804050661603030141e-03 2.719357369745525888e-01
-9.499999999999999764e-03 1.915896476675455883e-03 1.807638112493147320e-01
-9.499999999999999764e-03 2.025653542087850825e-03 1.188515106485182327e-01
-9.499999999999999764e-03 2.164150419973196078e-03 8.277261195654173065e-02
-9.499999999999999764e-03 2.270499601351753157e-03 5.902946008176782056e-02
-9.499999999999999764e-03 2.409659514604293833e-03 5.252393601809440815e-02
-9.499999999999999764e-03 2.549925787923460179e-03 5.909835159896807688e-02
-9.499999999999999764e-03 2.691006131085261696e-03 7.415546936010790346e-02
-9.499999999999999764e-03 2.832608365876957118e-03 9.521566009970497402e-02
-9.499999999999999764e-03 2.974440429362431096e-03 1.217391998854039092e-01
-9.499999999999999764e-03 3.116210377313939975e-03 1.541043366725094177e-01
-9.499999999999999764e-03 3.257626387822124252e-03 1.935376189458569429e-01
-9.499999999999999764e-03 3.456015834840492958e-03 2.253692575166377221e-01
-9.499999999999999764e-03 3.599244608599395413e-03 2.640644414106418925e-01
-9.499999999999999764e-03 3.805858418900803439e-03 3.050230184551446233e-01
-9.499999999999999764e-03 3.950120720091384631e-03 3.422914747725387397e-01
-9.499999999999999764e-03 4.164568440944559947e-03 3.846478636187519173e-01
-9.499999999999999764e-03 4.309085385206839341e-03 4.238920424040391044e-01
-9.499999999999999764e-03 4.530976667969930163e-03 4.640920741865350863e-01
-9.499999999999999764e-03 4.674969734108531082e-03 5.104807093013429276e-01
-9.499999999999999764e-03 4.903914336721936461e-03 5.455886361515592808e-01
-9.499999999999999764e-03 5.138331718680681261e-03 5.863622704862587742e-01
-9.499999999999999764e-03 5.282213168677215437e-03 6.307043228436874927e-01
-9.499999999999999764e-03 5.523196040921125177e-03 6.644802498308619576e-01
-9.499999999999999764e-03 5.769553995817315942e-03 7.016865061887895827e-01
-9.499999999999999764e-03 6.021287033365785996e-03 7.423152570660411786e-01
-9.499999999999999764e-03 6.164299505100708475e-03 7.815636383233725004e-01
-9.499999999999999764e-03 6.422012668714668221e-03 8.128074952759362093e-01
-9.499999999999999764e-03 6.685003234996490275e-03 8.472540056559367816e-01
-9.499999999999999764e-03 6.953271203946178973e-03 8.829521594832083764e-01
-9.499999999999999764e-03 7.226816575563729111e-03 9.210645602833886780e-01
-9.499999999999999764e-03 7.366740900279689433e-03 9.550737409593721416e-01
-9.499999999999999764e-03 7.645583553887930379e-03 9.835395058811080560e-01
-9.499999999999999764e-03 7.929605947191683754e-03 1.014054952245404539e+00
-9.499999999999999764e-03 8.218808080190945220e-03 1.044403283986691910e+00
-9.499999999999999764e-03 8.513189952885719114e-03 1.076979563004252682e+00
-9.499999999999999764e-03 8.812751565275996762e-03 1.109236533521558599e+00
-9.499999999999999764e-03 9.117492917361781635e-03 1.141804233131831214e+00
-9.499999999999999764e-03 9.249693509417454204e-03 1.169982320301665268e+00
-9.499999999999999764e-03 9.558854230787748596e-03 1.196101209645208163e+00
-9.499999999999999764e-03 9.873097046207961885e-03 1.223113750210392814e+00
-9.499999999999999764e-03 1.019242195567809581e-02 1.251264049103291143e+00
-9.499999999999999764e-03 1.051682895919815557e-02 1.278546767067131107e+00
-9.499999999999999764e-03 1.084631805676813596e-02 1.306429366128584624e+00
-9.268292682926828827e-03 1.184657551068886037e-03 2.107184381651624694e+00
-9.268292682926828827e-03 1.290981787704598453e-03 1.569430612609480802e+00
-9.268292682926828827e-03 1.379858493661224612e-03 1.171921164000150561e+00
-9.268292682926828827e-03 1.462930134339718692e-03 8.641162476395520819e-01
-9.268292682926828827e-03 1.558836117195344434e-03 6.244627194150824678e-01
-9.268292682926828827e-03 1.672396374485237347e-03 4.402004712405758746e-01
-9.268292682926828827e-03 1.761306274309654227e-03 3.068858248787845189e-01
-9.268292682926828827e-03 1.870513850477781162e-03 2.073732594744021052e-01
-9.268292682926828827e-03 2.005979723374111661e-03 1.366679877536522147e-01
-9.268292682926828827e-03 2.112907976784434393e-03 8.930593963146865599e-02
-9.268292682926828827e-03 2.249879160322004572e-03 6.646775379269528883e-02
-9.268292682926828827e-03 2.352627979459274467e-03 5.529867775912893774e-02
-9.268292682926828827e-03 2.489583181642003162e-03 5.552328126656932983e-02
-9.268292682926828827e-03 2.627334294603650335e-03 6.682269099757882913e-02
-9.268292682926828827e-03 2.765596087770642690e-03 8.619424674937632702e-02
-9.268292682926828827e-03 2.904083440354936554e-03 1.127154418420649173e-01
-9.268292682926828827e-03 3.042511344623007128e-03 1.464224796795340622e-01
-9.268292682926828827e-03 3.233618179002026045e-03 1.750809467280453890e-01
-9.268292682926828827e-03 3.374293139313151724e-03 2.092846858498448592e-01
-9.268292682926828827e-03 3.514148614078341920e-03 2.523422629712980814e-01
-9.268292682926828827e-03 3.715877508353932976e-03 2.849618438184449154e-01
-9.268292682926828827e-03 3.856744188907101824e-03 3.278506461250103587e-01
-9.268292682926828827e-03 4.066122600310620797e-03 3.637250868996532160e-01
-9.268292682926828827e-03 4.207240117105867649e-03 4.093405992390586889e-01
-9.268292682926828827e-03 4.423886997597456169e-03 4.444122744062912744e-01
-9.268292682926828827e-03 4.645972711908920652e-03 4.886315320281109376e-01
-9.268292682926828827e-03 4.788029730002744087e-03 5.285099748475532433e-01
-9.268292682926828827e-03 5.016907584912044284e-03 5.656903692981830600e-01
-9.268292682926828827e-03 5.251128891686932497e-03 6.085550496219216399e-01
-9.268292682926828827e-03 5.392699457553380531e-03 6.479219558473368057e-01
-9.268292682926828827e-03 5.633236711688412862e-03 6.825778536613402725e-01
-9.268292682926828827e-03 5.879022051368208539e-03 7.210070721654313619e-01
-9.268292682926828827e-03 6.130055476592768428e-03 7.632274550968657367e-01
-9.268292682926828827e-03 6.270306134698110101e-03 7.966605502898358449e-01
-9.268292682926828827e-03 6.527084102321566855e-03 8.294521288095659806e-01
-9.268292682926828827e-03 6.789014805081282355e-03 8.637566577273059210e-01
-9.268292682926828827e-03 7.056098242977253999e-03 9.006542027214312629e-01
-9.268292682926828827e-03 7.328334416009478318e-03 9.386122622472047317e-01
-9.268292682926828827e-03 7.465004738060042680e-03 9.686789960897486118e-01
-9.268292682926828827e-03 7.742318889005329191e-03 9.982257242541265896e-01
-9.268292682926828827e-03 8.024690440879706996e-03 1.027772805606344209e+00
-9.268292682926828827e-03 8.312119393683179563e-03 1.059639043030091043e+00
-9.268292682926828827e-03 8.604605747415743425e-03 1.091299483476860122e+00
-9.268292682926828827e-03 8.902149502077398580e-03 1.123363774101117096e+00
-9.268292682926828827e-03 9.204750657668150232e-03 1.157191050887263595e+00
-9.268292682926828827e-03 9.333127199977454824e-03 1.183005472219722520e+00
-9.268292682926828827e-03 9.639949345936071542e-03 1.209589967545993128e+00
-9.268292682926828827e-03 9.951733575117737221e-03 1.237355932396037472e+00
-9.268292682926828827e-03 1.026847988752245186e-02 1.264309573036030532e+00
-9.268292682926828827e-03 1.059018828315021893e-02 1.291922891860713074e+00
-9.047619047619047394e-03 1.157179981868403790e-03 2.269380912437880315e+00
-9.047619047619047394e-03 1.275101084345384682e-03 1.665536227126261704e+00
-9.047619047619047394e-03 1.363592396014797186e-03 1.252263881332851714e+00
-9.047619047619047394e-03 1.446507330872162872e-03 9.273978167228522640e-01
-9.047619047619047394e-03 1.542051364652481183e-03 6.749029162978490426e-01
-9.047619047619047394e-03 1.633673558913624349e-03 4.845684841680701904e-01
-9.047619047619047394e-03 1.743830453116438500e-03 3.355248001701574556e-01
-9.047619047619047394e-03 1.852647533939132942e-03 2.280863302104349510e-01
-9.047619047619047394e-03 1.959567912474833706e-03 1.524280629722200020e-01
-9.047619047619047394e-03 2.093984508407925691e-03 1.052927783092037772e-01
-9.047619047619047394e-03 2.197845089625740777e-03 6.980031221483248838e-02
-9.047619047619047394e-03 2.333083714559996795e-03 5.653405405760515701e-02
-9.047619047619047394e-03 2.469472124063904449e-03 5.778395995457506762e-02
-9.047619047619047394e-03 2.566604686746363443e-03 6.657096386966346313e-02
-9.047619047619047394e-03 2.701679932018725017e-03 8.364424963251890222e-02
-9.047619047619047394e-03 2.882748928790902776e-03 1.048420678688844754e-01
-9.047619047619047394e-03 3.020949855956477775e-03 1.299295277477936494e-01
-9.047619047619047394e-03 3.158907778495742124e-03 1.602882192658893479e-01
-9.047619047619047394e-03 3.296344462198409417e-03 1.978009822651704552e-01
-9.047619047619047394e-03 3.491160936682185471e-03 2.325992224033991973e-01
-9.047619047619047394e-03 3.630051319790168329e-03 2.688273789452166884e-01
-9.047619047619047394e-03 3.832620465907572629e-03 3.106033812607975064e-01
-9.047619047619047394e-03 3.972221593448691836e-03 3.461462918385451726e-01
-9.047619047619047394e-03 4.182171150637398541e-03 3.885212976210201674e-01
-9.047619047619047394e-03 4.321740388724462471e-03 4.275769929172429928e-01
-9.047619047619047394e-03 4.538698191177334244e-03 4.671665272061606977e-01
-9.047619047619047394e-03 4.677493237730249130e-03 5.138490216239314234e-01
-9.047619047619047394e-03 4.901087216668188751e-03 5.472927942020529013e-01
-9.047619047619047394e-03 5.129901288499619239e-03 5.869467628519868807e-01
-9.047619047619047394e-03 5.363935453224544063e-03 6.330131435015959873e-01
-9.047619047619047394e-03 5.503209433236732305e-03 6.652906184407392232e-01
-9.047619047619047394e-03 5.743321516059492898e-03 7.014147541645641137e-01
-9.047619047619047394e-03 5.988560547269928570e-03 7.416203544420927329e-01
-9.047619047619047394e-03 6.125598474812427550e-03 7.819764269756731556e-01
-9.047619047619047394e-03 6.376450457642355088e-03 8.130287842425635292e-01
-9.047619047619047394e-03 6.632336259525728125e-03 8.458624787363733244e-01
-9.047619047619047394e-03 6.893255880462544928e-03 8.814717126630700061e-01
-9.047619047619047394e-03 7.159209320452800292e-03 9.183269680921465339e-01
-9.047619047619047394e-03 7.292755309279865331e-03 9.548696323857934765e-01
-9.047619047619047394e-03 7.563670642572774272e-03 9.833891128271029514e-01
-9.047619047619047394e-03 7.839526681032117292e-03 1.012082190736238507e+00
-9.047619047619047394e-03 8.120323424657897859e-03 1.043187018398724630e+00
-9.047619047619047394e-03 8.406060873450109036e-03 1.074203828536805183e+00
-9.047619047619047394e-03 8.696739027408757761e-03 1.105720711529589284e+00
-9.047619047619047394e-03 8.992357886533844033e-03 1.139067283024421506e+00
-9.047619047619047394e-03 9.117810167584726108e-03 1.170596120577964694e+00
-9.047619047619047394e-03 9.417553867860063710e-03 1.196717903739751732e+00
-9.047619047619047394e-03 9.722145175147939300e-03 1.224065590812552173e+00
-9.047619047619047394e-03 1.003158408944835114e-02 1.250659174073320834e+00
-9.047619047619047394e-03 1.034587061076130618e-02 1.277974102112231725e+00
-8.837209302325581620e-03 1.130947810308619451e-03 2.452799416036510305e+00
-8.837209302325581620e-03 1.259935306133299271e-03 1.763051141650592957e+00
-8.837209302325581620e-03 1.348057884816040476e-03 1.334656070560306551e+00
-8.837209302325581620e-03 1.430822381290103654e-03 9.937646220267639663e-01
-8.837209302325581620e-03 1.526020057856854184e-03 7.296301206575189768e-01
-8.837209302325581620e-03 1.617476430988033743e-03 5.252733417318904419e-01
-8.837209302325581620e-03 1.727137748238270938e-03 3.714035548948767529e-01
-8.837209302325581620e-03 1.835581193051869604e-03 2.576642532591094104e-01
-8.837209302325581620e-03 1.942262399145913091e-03 1.729680271496467081e-01
-8.837209302325581620e-03 2.046637384292273373e-03 1.136715394082660757e-01
-8.837209302325581620e-03 2.148162571291202614e-03 8.225327261092790776e-02
-8.837209302325581620e-03 2.280351164355398121e-03 5.869343476870191034e-02
-8.837209302325581620e-03 2.413664486766164529e-03 5.274454031772406182e-02
-8.837209302325581620e-03 2.547830106715887923e-03 5.853384843908032709e-02
-8.837209302325581620e-03 2.682575687657649550e-03 7.223490027289895810e-02
-8.837209302325581620e-03 2.817628991037011109e-03 9.226640763260819667e-02
-8.837209302325581620e-03 2.952717879160723490e-03 1.181527943398347352e-01
-8.837209302325581620e-03 3.087570318212000137e-03 1.504394876142372273e-01
-8.837209302325581620e-03 3.275603350591111892e-03 1.842258555943870058e-01
-8.837209302325581620e-03 3.412331981305073876e-03 2.157824129994590501e-01
-8.837209302325581620e-03 3.548098711011838779e-03 2.565344963459222916e-01
-8.837209302325581620e-03 3.746094624268369797e-03 2.906880318985516909e-01
-8.837209302325581620e-03 3.882557930711198237e-03 3.318447932095399122e-01
-8.837209302325581620e-03 4.087768365007390069e-03 3.682441203079231395e-01
-8.837209302325581620e-03 4.224202464913941364e-03 4.135338291689115153e-01
-8.837209302325581620e-03 4.436263718360548315e-03 4.483289820556304872e-01
-8.837209302325581620e-03 4.653518308626253611e-03 4.924134030217357516e-01
-8.837209302325581620e-03 4.790491608505803925e-03 5.311323137914505388e-01
-8.837209302325581620e-03 5.014142370583380900e-03 5.674453264882901582e-01
-8.837209302325581620e-03 5.242895431415581231e-03 6.106127722223045895e-01
-8.837209302325581620e-03 5.379046815781494614e-03 6.497981031730744039e-01
-8.837209302325581620e-03 5.613741524425136346e-03 6.835140995697054356e-01
-8.837209302325581620e-03 5.853447507986435372e-03 7.216071247064971272e-01
-8.837209302325581620e-03 6.098164766465392558e-03 7.618804680534619900e-01
-8.837209302325581620e-03 6.232609726739922647e-03 7.979664269645001529e-01
-8.837209302325581620e-03 6.482723226146398614e-03 8.292536324231721823e-01
-8.837209302325581620e-03 6.737756991114969736e-03 8.635025348408831292e-01
-8.837209302325581620e-03 6.997711021645630809e-03 8.991878915396938066e-01
-8.837209302325581620e-03 7.262585317738387038e-03 9.358981887126849308e-01
-8.837209302325581620e-03 7.393077240451228875e-03 9.695344068325703057e-01
-8.837209302325581620e-03 7.662711535220190218e-03 9.973216106524972480e-01
-8.837209302325581620e-03 7.937175100940238245e-03 1.027614508924136194e+00
-8.837209302325581620e-03 8.216467937611370356e-03 1.057941329983724810e+00
-8.837209302325581620e-03 8.500590045233584816e-03 1.088867473668083674e+00
-8.837209302325581620e-03 8.789541423806892032e-03 1.121691021391739929e+00
-8.837209302325581620e-03 9.083322073331283331e-03 1.154534941542115556e+00
-8.837209302325581620e-03 9.205183915719271706e-03 1.184491859435089278e+00
-8.837209302325581620e-03 9.502906556020065260e-03 1.211387790900523731e+00
-8.837209302325581620e-03 9.805367487678427751e-03 1.237590739061807721e+00
-8.837209302325581620e-03 1.011256671069436959e-02 1.264578533690829953e+00
-8.636363636363636465e-03 1.105878266744180806e-03 2.656213988100226686e+00
-8.636363636363636465e-03 1.245437248344966183e-03 1.861885895210394049e+00
-8.636363636363636465e-03 1.318190239292037474e-03 1.417260116358793454e+00
-8.636363636363636465e-03 1.415826659269898242e-03 1.063078121785765884e+00
-8.636363636363636465e-03 1.510692584338137450e-03 7.884571133015327860e-01
-8.636363636363636465e-03 1.601989724559196122e-03 5.715541978877026752e-01
-8.636363636363636465e-03 1.688920587375918742e-03 4.062902315322003965e-01
-8.636363636363636465e-03 1.794973999658820403e-03 2.816982174870422684e-01
-8.636363636363636465e-03 1.899305551272396008e-03 1.917918036100847157e-01
-8.636363636363636465e-03 2.001383321436353904e-03 1.318610630152186325e-01
-8.636363636363636465e-03 2.131588851975153853e-03 8.654526795439050624e-02
-8.636363636363636465e-03 2.263250107427046930e-03 6.695076989512850629e-02
-8.636363636363636465e-03 2.360322604471297870e-03 5.522974521848065393e-02
-8.636363636363636465e-03 2.491530746870350334e-03 5.588125170974415912e-02
-8.636363636363636465e-03 2.623306957258629297e-03 6.662237664782900970e-02
-8.636363636363636465e-03 2.755385038840357532e-03 8.549129943590805247e-02
-8.636363636363636465e-03 2.887498891196981724e-03 1.116700980438450064e-01
-8.636363636363636465e-03 3.068869052180870846e-03 1.400573111022698214e-01
-8.636363636363636465e-03 3.203262908220919167e-03 1.679684365856810579e-01
-8.636363636363636465e-03 3.336982918856673530e-03 2.031067776381633438e-01
-8.636363636363636465e-03 3.528541657078689258e-03 2.408645277343851032e-01
-8.636363636363636465e-03 3.663387869787079754e-03 2.743165832059122344e-01
-8.636363636363636465e-03 3.862269178725616543e-03 3.174997251971486412e-01
-8.636363636363636465e-03 3.997531692217169350e-03 3.509936252639998533e-01
-8.636363636363636465e-03 4.203379884067189390e-03 3.944498224022104371e-01
-8.636363636363636465e-03 4.338349091690349782e-03 4.320726703239023969e-01
-8.636363636363636465e-03 4.550808565288349053e-03 4.719090367663978935e-01
-8.636363636363636465e-03 4.684775164893785655e-03 5.171723881942433820e-01
-8.636363636363636465e-03 4.903490407799180641e-03 5.500176926057173121e-01
-8.636363636363636465e-03 5.127195352063635379e-03 5.901661816917114223e-01
-8.636363636363636465e-03 5.355889997687149004e-03 6.344166321957831478e-01
-8.636363636363636465e-03 5.489877297311202345e-03 6.672812934776520821e-01
-8.636363636363636465e-03 5.724294295574689287e-03 7.031661782707931962e-01
-8.636363636363636465e-03 5.963611997634623955e-03 7.415646830075304230e-01
-8.636363636363636465e-03 6.207830403491008953e-03 7.836560260539111589e-01
-8.636363636363636465e-03 6.339708511456047108e-03 8.139143526136776163e-01
-8.636363636363636465e-03 6.589116001808068349e-03 8.467323109062325770e-01
-8.636363636363636465e-03 6.843335212231185620e-03 8.811819310701268781e-01
-8.636363636363636465e-03 7.102366142725402391e-03 9.168209799122498671e-01
-8.636363636363636465e-03 7.366208793290723866e-03 9.547264547131263379e-01
-8.636363636363636465e-03 7.493693064448651332e-03 9.834813539008950833e-01
-8.636363636363636465e-03 7.762102714143375402e-03 1.012912638045075253e+00
-8.636363636363636465e-03 8.035235114272608684e-03 1.042503841330140180e+00
-8.636363636363636465e-03 8.313090264836351176e-03 1.072796571089208895e+00
-8.636363636363636465e-03 8.595668165834607216e-03 1.105055409580594006e+00
-8.636363636363636465e-03 8.882968817267378539e-03 1.137441875988984386e+00
-8.636363636363636465e-03 9.174992219134658206e-03 1.170633155064013220e+00
-8.636363636363636465e-03 9.293333601449576750e-03 1.199317349795079091e+00
-8.636363636363636465e-03 9.589124191700697936e-03 1.225099482351331481e+00
-8.636363636363636465e-03 9.889548577099359361e-03 1.251731764288339210e+00
-8.444444444444445391e-03 1.081895755054980163e-03 2.878473663344888855e+00
-8.444444444444445391e-03 1.218428205609606947e-03 1.965500398814938876e+00
-8.444444444444445391e-03 1.304305192198128033e-03 1.499547792471597196e+00
-8.444444444444445391e-03 1.385146250094708691e-03 1.134678828303324227e+00
-8.444444444444445391e-03 1.477966593646853292e-03 8.429321838481835805e-01
-8.444444444444445391e-03 1.567297108064039752e-03 6.186020795073224887e-01
-8.444444444444445391e-03 1.674127693304614537e-03 4.426889890440147135e-01
-8.444444444444445391e-03 1.779882037327058320e-03 3.126986990303000091e-01
-8.444444444444445391e-03 1.884039306930110997e-03 2.149353516352240367e-01
-8.444444444444445391e-03 1.986079013627913004e-03 1.435869958738427155e-01
-8.444444444444445391e-03 2.085481032189456969e-03 9.920300978971563488e-02
-8.444444444444445391e-03 2.214300513750368411e-03 6.845990648899621944e-02
-8.444444444444445391e-03 2.344284296711651640e-03 5.701100174563484418e-02
-8.444444444444445391e-03 2.475171739231072157e-03 5.815311528351913006e-02
-8.444444444444445391e-03 2.566599668162658152e-03 6.717512227230658384e-02
-8.444444444444445391e-03 2.738615465268114633e-03 8.200207980069662561e-02
-8.444444444444445391e-03 2.870650902145047666e-03 1.014715931049864905e-01
-8.444444444444445391e-03 3.002548310485098852e-03 1.257888707622840108e-01
-8.444444444444445391e-03 3.134047501065951799e-03 1.561623120314091229e-01
-8.444444444444445391e-03 3.264888383449828825e-03 1.944795502736354487e-01
-8.444444444444445391e-03 3.452308551421095269e-03 2.233282847193616694e-01
-8.444444444444445391e-03 3.584252907677428455e-03 2.614161476607186341e-01
-8.444444444444445391e-03 3.778838066329240786e-03 2.976551525904967965e-01
-8.444444444444445391e-03 3.911191409040550189e-03 3.367124004777464208e-01
-8.444444444444445391e-03 4.112593609577899767e-03 3.746750480106176839e-01
-8.444444444444445391e-03 4.244661733152273533e-03 4.183522878025506264e-01
-8.444444444444445391e-03 4.452533109652251526e-03 4.537955936925918143e-01
-8.444444444444445391e-03 4.665373523040674576e-03 4.967003362618229723e-01
-8.444444444444445391e-03 4.797614871163431716e-03 5.346314022852767245e-01
-8.444444444444445391e-03 5.016489606933055741e-03 5.716440071233186426e-01
-8.444444444444445391e-03 5.240246307069289754e-03 6.131745955392783332e-01
-8.444444444444445391e-03 5.371358963950492900e-03 6.526929021494212169e-01
-8.444444444444445391e-03 5.600715245837092036e-03 6.862762605957838380e-01
-8.444444444444445391e-03 5.834866432571493566e-03 7.227138467518650078e-01
-8.444444444444445391e-03 6.073812524153698357e-03 7.630578219421064734e-01
-8.444444444444445391e-03 6.202865205975386168e-03 7.998290933121793289e-01
-8.444444444444445391e-03 6.446889208217546421e-03 8.311468762547340461e-01
-8.444444444444445391e-03 6.695621069023860103e-03 8.642961561887583244e-01
-8.444444444444445391e-03 6.949060788394331549e-03 8.988034650546391502e-01
-8.444444444444445391e-03 7.207208366328964229e-03 9.357089348456327782e-01
-8.444444444444445391e-03 7.331966912497148679e-03 9.705518246285538275e-01
-8.444444444444445391e-03 7.594583842978736531e-03 9.990726313994974239e-01
-8.444444444444445391e-03 7.861821599216596221e-03 1.027883307086961961e+00
-8.444444444444445391e-03 8.133680181210727750e-03 1.057500595618729555e+00
-8.444444444444445391e-03 8.410159588961137189e-03 1.089153663152968576e+00
-8.444444444444445391e-03 8.691259822467822804e-03 1.121045666821087528e+00
-8.444444444444445391e-03 8.976980881730782860e-03 1.153821317973462879e+00
-8.444444444444445391e-03 9.092801162268810550e-03 1.187849134634956449e+00
-8.444444444444445391e-03 9.382209154940467435e-03 1.213180663246961943e+00
-8.444444444444445391e-03 9.676150954285832329e-03 1.239429412032288180e+00
-8.260869565217390798e-03 1.058931092193619861e-03 3.118497087717104765e+00
-8.260869565217390798e-03 1.192565461595813253e-03 2.088012097262987865e+00
-8.260869565217390798e-03 1.291005051547749810e-03 1.583702319126770952e+00
-8.260869565217390798e-03 1.371747134665036484e-03 1.203331986935504139e+00
-8.260869565217390798e-03 1.464298910389275846e-03 9.011456136553683827e-01
-8.260869565217390798e-03 1.553520649375547333e-03 6.646573430302277208e-01
-8.260869565217390798e-03 1.638648554064954868e-03 4.835484164684082931e-01
-8.260869565217390798e-03 1.742170044031815654e-03 3.410760174635128483e-01
-8.260869565217390798e-03 1.844129521218841215e-03 2.365297895255404903e-01
-8.260869565217390798e-03 1.944017550199217273e-03 1.630650399138211804e-01
-8.260869565217390798e-03 2.070921655213346559e-03 1.089372940930446038e-01
-8.260869565217390798e-03 2.167422786638869506e-03 7.788973182660396954e-02
-8.260869565217390798e-03 2.294660945781434088e-03 5.785409547699488231e-02
-8.260869565217390798e-03 2.422784422405796414e-03 5.316319834065710154e-02
-8.260869565217390798e-03 2.551538199971368787e-03 5.865087273329330775e-02
-8.260869565217390798e-03 2.680667346063924771e-03 7.169186171300519217e-02
-8.260869565217390798e-03 2.809917014817932789e-03 9.095249504781642569e-02
-8.260869565217390798e-03 2.939032449460646929e-03 1.162883880438619344e-01
-8.260869565217390798e-03 3.067758984986400459e-03 1.487040595924324360e-01
-8.260869565217390798e-03 3.249065883241321426e-03 1.772360932823702773e-01
-8.260869565217390798e-03 3.379298630080029581e-03 2.095337208050088718e-01
-8.260869565217390798e-03 3.567874927676448638e-03 2.502126016444368717e-01
-8.260869565217390798e-03 3.698933960372594119e-03 2.810206806597234097e-01
-8.260869565217390798e-03 3.828500574751789003e-03 3.253442661110006462e-01
-8.260869565217390798e-03 4.025644708053785839e-03 3.576491909339221675e-01
-8.260869565217390798e-03 4.227738066459602560e-03 4.015560914035940510e-01
-8.260869565217390798e-03 4.358410954487784879e-03 4.380329460784989637e-01
-8.260869565217390798e-03 4.566752131616564313e-03 4.769546677854226147e-01
-8.260869565217390798e-03 4.696213141157053357e-03 5.212545731244317970e-01
-8.260869565217390798e-03 4.910461770526363713e-03 5.550173856640462366e-01
-8.260869565217390798e-03 5.129489179732910076e-03 5.937211891410361098e-01
-8.260869565217390798e-03 5.353295368776688108e-03 6.371091372445283341e-01
-8.260869565217390798e-03 5.482357254154909994e-03 6.709164441022695824e-01
-8.260869565217390798e-03 5.711560204281053085e-03 7.053088961369375909e-01
-8.260869565217390798e-03 5.945456730177696957e-03 7.438245381487117447e-01
-8.260869565217390798e-03 6.184046831844845077e-03 7.842000536222386575e-01
-8.260869565217390798e-03 6.310670359246403453e-03 8.167322569114660036e-01
-8.260869565217390798e-03 6.554146667074035176e-03 8.485178047646136923e-01
-8.260869565217390798e-03 6.802231359276951668e-03 8.818339708300528823e-01
-8.260869565217390798e-03 7.054924435855159867e-03 9.176824315006697486e-01
-8.260869565217390798e-03 7.312225896808651968e-03 9.534833488736247364e-01
-8.260869565217390798e-03 7.434140156265414343e-03 9.860858154227755135e-01
-8.260869565217390798e-03 7.695732229773807019e-03 1.014071761551777140e+00
-8.260869565217390798e-03 7.961847509164185835e-03 1.042972219284080015e+00
-8.260869565217390798e-03 8.232485994436558596e-03 1.073979068740976928e+00
-8.260869565217390798e-03 8.507647685590922701e-03 1.105340125068554613e+00
-8.260869565217390798e-03 8.787332582627276414e-03 1.137665884018070894e+00
-8.260869565217390798e-03 9.071540685545614532e-03 1.171418030807650945e+00
-8.260869565217390798e-03 9.184031760354906260e-03 1.201829585506228426e+00
-8.260869565217390798e-03 9.471764721356119507e-03 1.227667135045543700e+00
-8.085106382978723277e-03 1.036920842435057897e-03 3.375267629246843093e+00
-8.085106382978723277e-03 1.167777575153851029e-03 2.228439148870509090e+00
-8.085106382978723277e-03 1.278253624097148771e-03 1.669632190629776858e+00
-8.085106382978723277e-03 1.358900256496588634e-03 1.274749047020719672e+00
-8.085106382978723277e-03 1.451194051190440610e-03 9.632232126819477713e-01
-8.085106382978723277e-03 1.540310948789707637e-03 7.159612313186209942e-01
-8.085106382978723277e-03 1.625502883788286284e-03 5.203904895805266939e-01
-8.085106382978723277e-03 1.728789043303642897e-03 3.734160932627078600e-01
-8.085106382978723277e-03 1.830629421728614554e-03 2.621643636683254064e-01
-8.085106382978723277e-03 1.930525081776105845e-03 1.787114785821311003e-01
-8.085106382978723277e-03 2.027977413312023747e-03 1.217125072688051979e-01
-8.085106382978723277e-03 2.153705017455296872e-03 8.427734905317113556e-02
-8.085106382978723277e-03 2.247094235308338614e-03 6.580702900040479031e-02
-8.085106382978723277e-03 2.372568022128382272e-03 5.474010193683861991e-02
-8.085106382978723277e-03 2.498659804485075641e-03 5.611644750639613322e-02
-8.085106382978723277e-03 2.625119955691683753e-03 6.693504810341054101e-02
-8.085106382978723277e-03 2.751698932002700181e-03 8.552201133785682086e-02
-8.085106382978723277e-03 2.878147275052294479e-03 1.114408635339419057e-01
-8.085106382978723277e-03 3.053426444102980662e-03 1.356851567038575568e-01
-8.085106382978723277e-03 3.181767050956342286e-03 1.636121885753561989e-01
-8.085106382978723277e-03 3.309311778036574513e-03 1.994014059791418825e-01
-8.085106382978723277e-03 3.493982572484705985e-03 2.319707253394465707e-01
-8.085106382978723277e-03 3.622337914861149723e-03 2.675335797095199086e-01
-8.085106382978723277e-03 3.813794565332828419e-03 3.057760454835070640e-01
-8.085106382978723277e-03 3.942295002472377512e-03 3.433225976046097028e-01
-8.085106382978723277e-03 4.140204081552851904e-03 3.821247830311316207e-01
-8.085106382978723277e-03 4.268184353073040810e-03 4.245817297302258986e-01
-8.085106382978723277e-03 4.472212509574950527e-03 4.593902293178920848e-01
-8.085106382978723277e-03 4.681003969341497248e-03 5.019075248082911500e-01
-8.085106382978723277e-03 4.808821584774711742e-03 5.402579461843679542e-01
-8.085106382978723277e-03 5.023315410868956464e-03 5.760306625339508546e-01
-8.085106382978723277e-03 5.242489102259801671e-03 6.168702175584546143e-01
-8.085106382978723277e-03 5.368896411833506271e-03 6.570661221816087583e-01
-8.085106382978723277e-03 5.593355862297318126e-03 6.893310506185035269e-01
-8.085106382978723277e-03 5.822411752019775004e-03 7.259390959469882443e-01
-8.085106382978723277e-03 6.056064081000877772e-03 7.646960601852199613e-01
-8.085106382978723277e-03 6.180086788483458646e-03 8.034746664736464039e-01
-8.085106382978723277e-03 6.418524961871738613e-03 8.338342804168250577e-01
-8.085106382978723277e-03 6.661476160623834054e-03 8.659009707792486576e-01
-8.085106382978723277e-03 6.908940384739751042e-03 9.006364211110896578e-01
-8.085106382978723277e-03 7.160917634219481770e-03 9.355122799610493534e-01
-8.085106382978723277e-03 7.417407909063028840e-03 9.731682218487254232e-01
-8.085106382978723277e-03 7.536512771335593039e-03 1.001061327614891194e+00
-8.085106382978723277e-03 7.797122306840713508e-03 1.029204193277962753e+00
-8.085106382978723277e-03 8.062161466178786526e-03 1.059524983158880218e+00
-8.085106382978723277e-03 8.331630249349807754e-03 1.090319124687439967e+00
-8.085106382978723277e-03 8.605528656353776326e-03 1.122161198624313627e+00
-8.085106382978723277e-03 8.883856687190692242e-03 1.155478204990997515e+00
-8.085106382978723277e-03 9.166614341860555501e-03 1.187877209222562902e+00
-8.085106382978723277e-03 9.275831096097263834e-03 1.216440631010189177e+00
-7.916666666666665603e-03 1.143998919464300941e-03 2.385854508953976882e+00
-7.916666666666665603e-03 1.266017641336523092e-03 1.757250231157783560e+00
-7.916666666666665603e-03 1.346572164994050197e-03 1.348807615367209944e+00
-7.916666666666665603e-03 1.421668603408393194e-03 1.022963339307026986e+00
-7.916666666666665603e-03 1.508981545059577935e-03 7.650516724962306281e-01
-7.916666666666665603e-03 1.612886546442535759e-03 5.638935111812459766e-01
-7.916666666666665603e-03 1.693644109922313231e-03 4.057439365267012099e-01
-7.916666666666665603e-03 1.793422150701768150e-03 2.862625004086093439e-01
-7.916666666666665603e-03 1.891296110011008108e-03 1.993176063934409825e-01
-7.916666666666665603e-03 2.015165156900442477e-03 1.366697187718443063e-01
-7.916666666666665603e-03 2.109955957716935435e-03 9.280145286768351487e-02
-7.916666666666665603e-03 2.234311140491944143e-03 6.720802075521195573e-02
-7.916666666666665603e-03 2.359598347475394021e-03 5.803754614521570293e-02
-7.916666666666665603e-03 2.485572921386100791e-03 5.929935860956347254e-02
-7.916666666666665603e-03 2.571827179383724942e-03 6.758629271905537694e-02
-7.916666666666665603e-03 2.738605922456028088e-03 8.139329049880858480e-02
-7.916666666666665603e-03 2.865175423198783929e-03 9.982937531613382542e-02
-7.916666666666665603e-03 2.991454442660761940e-03 1.235224452007365747e-01
-7.916666666666665603e-03 3.117198725596589167e-03 1.539214627524490286e-01
-7.916666666666665603e-03 3.296140802671153856e-03 1.879426996782104509e-01
-7.916666666666665603e-03 3.423087831604277632e-03 2.171206719640365324e-01
-7.916666666666665603e-03 3.548848732150916129e-03 2.571325056385669328e-01
-7.916666666666665603e-03 3.736421152852126108e-03 2.888373955375548863e-01
-7.916666666666665603e-03 3.862325620171389289e-03 3.316466297598788526e-01
-7.916666666666665603e-03 4.056220117188396278e-03 3.651966227870191428e-01
-7.916666666666665603e-03 4.254863050867041703e-03 4.100432315242923398e-01
-7.916666666666665603e-03 4.381506475106289669e-03 4.439720536517614558e-01
-7.916666666666665603e-03 4.586063197523972471e-03 4.828153608142800035e-01
-7.916666666666665603e-03 4.711302309881545448e-03 5.273377993139709563e-01
-7.916666666666665603e-03 4.921446362955306762e-03 5.600776870094255067e-01
-7.916666666666665603e-03 5.136175377187040050e-03 5.982731619098463627e-01
-7.916666666666665603e-03 5.355489352576747047e-03 6.417288642710239355e-01
-7.916666666666665603e-03 5.479943293860033669e-03 6.747618072676548895e-01
-7.916666666666665603e-03 5.704354777360419113e-03 7.093846602334971108e-01
-7.916666666666665603e-03 5.933269501332385891e-03 7.464515911700352335e-01
-7.916666666666665603e-03 6.166687465775932270e-03 7.869875450211301082e-01
-7.916666666666665603e-03 6.288400259269041545e-03 8.202331499497702572e-01
-7.916666666666665603e-03 6.526426034707777553e-03 8.509930830906798915e-01
-7.916666666666665603e-03 6.768873341578816351e-03 8.845605077234353075e-01
-7.916666666666665603e-03 7.015742179882152735e-03 9.184614581197312333e-01
-7.916666666666665603e-03 7.267032549617788439e-03 9.552415476172965159e-01
-7.916666666666665603e-03 7.383745775934350344e-03 9.888442155847368964e-01
-7.916666666666665603e-03 7.639072691092371054e-03 1.016189346937871552e+00
-7.916666666666665603e-03 7.898739440502374268e-03 1.045784832527865582e+00
-7.916666666666665603e-03 8.162746024164356518e-03 1.075976601795228804e+00
-7.916666666666665603e-03 8.431092442078312599e-03 1.107301663009911730e+00
-7.916666666666665603e-03 8.703778694244247716e-03 1.140150845405357716e+00
-7.916666666666665603e-03 8.980804780662156664e-03 1.172150323396083049e+00
-7.916666666666665603e-03 9.262170701332048117e-03 1.204900778358147129e+00
-7.755102040816326710e-03 1.121169102467627033e-03 2.559382357217223181e+00
-7.755102040816326710e-03 1.254266470031276679e-03 1.846473358949942245e+00
-7.755102040816326710e-03 1.319711477755556141e-03 1.425279182179398418e+00
-7.755102040816326710e-03 1.409929036381424002e-03 1.084227054960170245e+00
-7.755102040816326710e-03 1.497178301420857074e-03 8.159571823288976899e-01
-7.755102040816326710e-03 1.580740939701076033e-03 6.039036505753541118e-01
-7.755102040816326710e-03 1.681753693590269010e-03 4.393482398957642143e-01
-7.755102040816326710e-03 1.781459764918952825e-03 3.142822258108108890e-01
-7.755102040816326710e-03 1.879380056250912071e-03 2.187281257964214798e-01
-7.755102040816326710e-03 1.975035765925068579e-03 1.494837321312953715e-01
-7.755102040816326710e-03 2.097915872297300907e-03 1.058430139376983076e-01
-7.755102040816326710e-03 2.189832897775944795e-03 7.336827821941789562e-02
-7.755102040816326710e-03 2.312631514056408440e-03 5.719548452344731804e-02
-7.755102040816326710e-03 2.436104486521483391e-03 5.377170932667483388e-02
-7.755102040816326710e-03 2.560012121643558906e-03 5.943191823984454031e-02
-7.755102040816326710e-03 2.684114800810002109e-03 7.198626230197285869e-02
-7.755102040816326710e-03 2.808172982488889129e-03 9.059713625625614997e-02
-7.755102040816326710e-03 2.931947204503773576e-03 1.155712446867096510e-01
-7.755102040816326710e-03 3.105227522839512037e-03 1.479353094559237025e-01
-7.755102040816326710e-03 3.230581031044591975e-03 1.726840332824206015e-01
-7.755102040816326710e-03 3.355011981289241028e-03 2.055940939952873858e-01
-7.755102040816326710e-03 3.537151901510699522e-03 2.420276572725830189e-01
-7.755102040816326710e-03 3.662123814067603893e-03 2.747612882872851325e-01
-7.755102040816326710e-03 3.850700571801477564e-03 3.157084543561826662e-01
-7.755102040816326710e-03 3.975574573979622460e-03 3.507285126978699208e-01
-7.755102040816326710e-03 4.170268099877558025e-03 3.909185634156997491e-01
-7.755102040816326710e-03 4.294405559980674948e-03 4.306658094211888166e-01
-7.755102040816326710e-03 4.494895855059062237e-03 4.657192923947964247e-01
-7.755102040816326710e-03 4.699960073219085731e-03 5.094243654200762972e-01
-7.755102040816326710e-03 4.823625527831207349e-03 5.458373473943405330e-01
-7.755102040816326710e-03 5.034086493617745753e-03 5.812953044564335148e-01
-7.755102040816326710e-03 5.249041287855241676e-03 6.223313661121934182e-01
-7.755102040816326710e-03 5.371037011503191141e-03 6.615829358842563179e-01
-7.755102040816326710e-03 5.590988627615241756e-03 6.941446353885922793e-01
-7.755102040816326710e-03 5.815353988532218424e-03 7.294514799668364580e-01
-7.755102040816326710e-03 6.044133094254118543e-03 7.684285319309973605e-01
-7.755102040816326710e-03 6.163445105446961961e-03 8.077021408346434228e-01
-7.755102040816326710e-03 6.396741133071104542e-03 8.370990684367878298e-01
-7.755102040816326710e-03 6.634370833035019115e-03 8.694444211539418266e-01
-7.755102040816326710e-03 6.876334205338698741e-03 9.023214395945468036e-01
-7.755102040816326710e-03 7.122631249982146889e-03 9.381778558406413948e-01
-7.755102040816326710e-03 7.373261966965360958e-03 9.741823513313641048e-01
-7.755102040816326710e-03 7.487301062591443339e-03 1.003920586741674725e+00
-7.755102040816326710e-03 7.741808802914982093e-03 1.032752111414737772e+00
-7.755102040816326710e-03 8.000570154497411643e-03 1.062306553918907159e+00
-7.755102040816326710e-03 8.263585117338731120e-03 1.093081733527687227e+00
-7.755102040816326710e-03 8.530853691438933586e-03 1.125430852394254444e+00
-7.755102040816326710e-03 8.802375876798027715e-03 1.157001238516293329e+00
-7.755102040816326710e-03 9.078151673416011772e-03 1.189391114596748844e+00
-7.600000000000000852e-03 1.099232455247790320e-03 2.748194795516030631e+00
-7.600000000000000852e-03 1.229725657220623715e-03 1.935093111607040672e+00
-7.600000000000000852e-03 1.308625734905185644e-03 1.498355583489088705e+00
-7.600000000000000852e-03 1.398644632303785605e-03 1.149140890477714727e+00
-7.600000000000000852e-03 1.485832251681308688e-03 8.718101590684598223e-01
-7.600000000000000852e-03 1.569484197438387151e-03 6.476583355975962242e-01
-7.600000000000000852e-03 1.648896695165333239e-03 4.752687957511791961e-01
-7.600000000000000852e-03 1.746661853617066402e-03 3.406406060185292461e-01
-7.600000000000000852e-03 1.842677100075176258e-03 2.403163725903966763e-01
-7.600000000000000852e-03 1.963746480260015938e-03 1.694546898328531392e-01
-7.600000000000000852e-03 2.056958353781385054e-03 1.134461997484722817e-01
-7.600000000000000852e-03 2.178653866514335992e-03 8.296882744297531809e-02
-7.600000000000000852e-03 2.267497394898041179e-03 6.259605535607602744e-02
-7.600000000000000852e-03 2.388566151757295052e-03 5.401665006011878434e-02
-7.600000000000000852e-03 2.510061738300058739e-03 5.648505211137453547e-02
-7.600000000000000852e-03 2.631749229345452853e-03 6.747522755026198749e-02
-7.600000000000000852e-03 2.753393773769580773e-03 8.585811865024814415e-02
-7.600000000000000852e-03 2.874760596691379975e-03 1.117357783989100517e-01
-7.600000000000000852e-03 3.044661142843277726e-03 1.333696695070996918e-01
-7.600000000000000852e-03 3.167577593096877579e-03 1.609955521719763083e-01
-7.600000000000000852e-03 3.289590224287821611e-03 1.973241985546191901e-01
-7.600000000000000852e-03 3.468178469085334958e-03 2.262238149264513831e-01
-7.600000000000000852e-03 3.590722741042545220e-03 2.634946225300054956e-01
-7.600000000000000852e-03 3.775622784516222130e-03 2.984618591497205098e-01
-7.600000000000000852e-03 3.898072336062268547e-03 3.386781953305380566e-01
-7.600000000000000852e-03 4.088970389460737896e-03 3.740809252517721673e-01
-7.600000000000000852e-03 4.284431742940447013e-03 4.188729423134634477e-01
-7.600000000000000852e-03 4.407281433136628866e-03 4.505887100357511277e-01
-7.600000000000000852e-03 4.608348543574825734e-03 4.908672915180404273e-01
-7.600000000000000852e-03 4.729616373330572041e-03 5.332851340137337859e-01
-7.600000000000000852e-03 4.935975599184186206e-03 5.659143353554138001e-01
-7.600000000000000852e-03 5.146741071853179472e-03 6.044436596470637024e-01
-7.600000000000000852e-03 5.361912791337551838e-03 6.464634703427827311e-01
-7.600000000000000852e-03 5.482039263955379438e-03 6.802026612173054376e-01
-7.600000000000000852e-03 5.702032506642946454e-03 7.136807682073542658e-01
-7.600000000000000852e-03 5.926353485252235619e-03 7.510332938489487908e-01
-7.600000000000000852e-03 6.155002199783244331e-03 7.905570287867560442e-01
-7.600000000000000852e-03 6.272108065398445537e-03 8.242078278467914743e-01
-7.600000000000000852e-03 6.505107826795121506e-03 8.552780151739869385e-01
-7.600000000000000852e-03 6.742356823961949581e-03 8.870828913649373426e-01
-7.600000000000000852e-03 6.983855056898930630e-03 9.219685965931145866e-01
-7.600000000000000852e-03 7.229602525606061182e-03 9.571427548511746153e-01
-7.600000000000000852e-03 7.341440771335499237e-03 9.923908953171470815e-01
-7.600000000000000852e-03 7.590990440276553647e-03 1.020420381981652858e+00
-7.600000000000000852e-03 7.844710855773727454e-03 1.049303039251832326e+00
-7.600000000000000852e-03 8.102602017827016320e-03 1.079495921016236260e+00
-7.600000000000000852e-03 8.364663926436423716e-03 1.111313174872630150e+00
-7.600000000000000852e-03 8.630896581601946171e-03 1.142425283704335826e+00
-7.600000000000000852e-03 8.901299983323588891e-03 1.174427088536988961e+00
-7.450980392156862815e-03 1.078137579254776369e-03 2.951508792656126534e+00
-7.450980392156862815e-03 1.206126544839385703e-03 2.039052117354213767e+00
-7.450980392156862815e-03 1.297961979558268954e-03 1.573922251743211431e+00
-7.450980392156862815e-03 1.371819771644402922e-03 1.213208718855745882e+00
-7.450980392156862815e-03 1.457342865353104637e-03 9.224091677711410142e-01
-7.450980392156862815e-03 1.539399255491263234e-03 6.926829097563927951e-01
-7.450980392156862815e-03 1.638311209857743747e-03 5.100686347594088899e-01
-7.450980392156862815e-03 1.736044802019943468e-03 3.709457071434768549e-01
-7.450980392156862815e-03 1.832139258969759689e-03 2.633419947336558820e-01
-7.450980392156862815e-03 1.926134076059224159e-03 1.822366447670763223e-01
-7.450980392156862815e-03 2.017569031301804771e-03 1.283011798576819684e-01
-7.450980392156862815e-03 2.136938705914028739e-03 8.736989332789679708e-02
-7.450980392156862815e-03 2.257265280624108205e-03 6.694894094640728432e-02
-7.450980392156862815e-03 2.378318169764976307e-03 5.972954716303535694e-02
-7.450980392156862815e-03 2.462022772156863964e-03 5.872432685281872566e-02
-7.450980392156862815e-03 2.581387253990628100e-03 6.773973736827311465e-02
-7.450980392156862815e-03 2.743529869264138294e-03 8.194530754530716943e-02
-7.450980392156862815e-03 2.865183508987714702e-03 9.941800089238769789e-02
-7.450980392156862815e-03 2.986411564039272333e-03 1.226275428813937696e-01
-7.450980392156862815e-03 3.106983874667904304e-03 1.528030129786388525e-01
-7.450980392156862815e-03 3.280364087520763663e-03 1.835213398710748844e-01
-7.450980392156862815e-03 3.401842754081456973e-03 2.134457166056684951e-01
-7.450980392156862815e-03 3.581645255790564999e-03 2.535283848010472241e-01
-7.450980392156862815e-03 3.703415785284978369e-03 2.838268131581266340e-01
-7.450980392156862815e-03 3.889332771978816928e-03 3.268597856166344795e-01
-7.450980392156862815e-03 4.010780888237388403e-03 3.594927324823784520e-01
-7.450980392156862815e-03 4.202504619704373889e-03 3.999484137556782448e-01
-7.450980392156862815e-03 4.323016270535914689e-03 4.373935368785611955e-01
-7.450980392156862815e-03 4.520239071730017440e-03 4.741409896777573629e-01
-7.450980392156862815e-03 4.721860894512093336e-03 5.170409490622245308e-01
-7.450980392156862815e-03 4.841614699090537356e-03 5.521082941082154916e-01
-7.450980392156862815e-03 5.048350974428612511e-03 5.880457603853360693e-01
-7.450980392156862815e-03 5.259409262491525523e-03 6.278433830518147518e-01
-7.450980392156862815e-03 5.377253578845109239e-03 6.675426089738942803e-01
-7.450980392156862815e-03 5.593041790969284846e-03 6.991247023588624820e-01
-7.450980392156862815e-03 5.813075017102458351e-03 7.347883515598840898e-01
-7.450980392156862815e-03 6.037353257244631489e-03 7.728412453660624681e-01
-7.450980392156862815e-03 6.152237374741241147e-03 8.123084006189887907e-01
-7.450980392156862815e-03 6.380784113002736097e-03 8.420512657284843216e-01
-7.450980392156862815e-03 6.613498876886018431e-03 8.727365895968640652e-01
-7.450980392156862815e-03 6.850381666391093353e-03 9.066053167424156234e-01
-7.450980392156862815e-03 7.091432481517956528e-03 9.409064386855742201e-01
-7.450980392156862815e-03 7.336651322266607086e-03 9.762002824186608585e-01
-7.450980392156862815e-03 7.445934187547570762e-03 1.008783273149798321e+00
-7.450980392156862815e-03 7.694806259076664851e-03 1.036960175922791771e+00
-7.450980392156862815e-03 7.947769378356922543e-03 1.066538790161335681e+00
-7.450980392156862815e-03 8.204823545388340369e-03 1.097792809775685052e+00
-7.450980392156862815e-03 8.465968760170918331e-03 1.128417831327573673e+00
-7.450980392156862815e-03 8.731205022704665100e-03 1.160004416579407227e+00
-7.307692307692307578e-03 1.057836944621699153e-03 3.168583355115982325e+00
-7.307692307692307578e-03 1.183415960606745785e-03 2.157634542085116625e+00
-7.307692307692307578e-03 1.287696564113837089e-03 1.651870274929901461e+00
-7.307692307692307578e-03 1.361671174423859532e-03 1.277149236708493563e+00
-7.307692307692307578e-03 1.447166565844352224e-03 9.777194598846989937e-01
-7.307692307692307578e-03 1.529336349116866122e-03 7.366366196986824377e-01
-7.307692307692307578e-03 1.607503122695274223e-03 5.492555959237439556e-01
-7.307692307692307578e-03 1.703405151266281035e-03 3.993420987719719650e-01
-7.307692307692307578e-03 1.797699741079435490e-03 2.857794887969666853e-01
-7.307692307692307578e-03 1.889935061475878563e-03 2.027721750798816558e-01
-7.307692307692307578e-03 2.007928265253500991e-03 1.395410994220873391e-01
-7.307692307692307578e-03 2.096790599706420660e-03 9.833926086292719970e-02
-7.307692307692307578e-03 2.214861114559369629e-03 6.986447156734831854e-02
-7.307692307692307578e-03 2.333644862275799110e-03 5.696612976391070976e-02
-7.307692307692307578e-03 2.452915670359308385e-03 5.494875488947052050e-02
-7.307692307692307578e-03 2.572447431659312736e-03 6.077315969022922121e-02
-7.307692307692307578e-03 2.692014106229339513e-03 7.290940521539764074e-02
-7.307692307692307578e-03 2.811389723277382506e-03 9.095118521588164973e-02
-7.307692307692307578e-03 2.930348383214661546e-03 1.156265699049760926e-01
-7.307692307692307578e-03 3.098564359289195883e-03 1.454845891650081990e-01
-7.307692307692307578e-03 3.218790040825937268e-03 1.700325694346382366e-01
-7.307692307692307578e-03 3.337996328321947946e-03 2.036355494572616442e-01
-7.307692307692307578e-03 3.514424262801876114e-03 2.368370225180149724e-01
-7.307692307692307578e-03 3.633918051962160573e-03 2.717571577950915751e-01
-7.307692307692307578e-03 3.816346148963199389e-03 3.092614967089400424e-01
-7.307692307692307578e-03 3.935524739195845299e-03 3.471171004261164317e-01
-7.307692307692307578e-03 4.123651069031545116e-03 3.831181437751008945e-01
-7.307692307692307578e-03 4.241911975270087898e-03 4.261042176928050429e-01
-7.307692307692307578e-03 4.435434670959101898e-03 4.592186006819294897e-01
-7.307692307692307578e-03 4.633273858001774916e-03 4.989395185662900412e-01
-7.307692307692307578e-03 4.750792889713389977e-03 5.398555630488433010e-01
-7.307692307692307578e-03 4.953651086402699119e-03 5.731179848127876397e-01
-7.307692307692307578e-03 5.160750221001888204e-03 6.106161666026995727e-01
-7.307692307692307578e-03 5.372090293510959833e-03 6.532379736499687173e-01
-7.307692307692307578e-03 5.488138309057134963e-03 6.857687303819663960e-01
-7.307692307692307578e-03 5.704044576654973900e-03 7.196804038307724749e-01
-7.307692307692307578e-03 5.924116238482992139e-03 7.562032588190787941e-01
-7.307692307692307578e-03 6.148353294541194017e-03 7.947464203338532318e-01
-7.307692307692307578e-03 6.261121979827986676e-03 8.297542691830918082e-01
-7.307692307692307578e-03 6.489472523801245903e-03 8.592734181192738241e-01
-7.307692307692307578e-03 6.721912928263579744e-03 8.920796586429973196e-01
-7.307692307692307578e-03 6.958443193214984730e-03 9.254657120549544258e-01
-7.307692307692307578e-03 7.199063318655459995e-03 9.599625922561438873e-01
-7.307692307692307578e-03 7.443773304585013344e-03 9.969615419817516866e-01
-7.307692307692307578e-03 7.550521610215045303e-03 1.025272141274768956e+00
-7.307692307692307578e-03 7.798741439851426642e-03 1.054204958865620378e+00
-7.307692307692307578e-03 8.050975606355242203e-03 1.084864801514647148e+00
-7.307692307692307578e-03 8.307224109726491987e-03 1.114974296521857866e+00
-7.307692307692307578e-03 8.567486949965178594e-03 1.146118853671444615e+00
-7.169811320754717818e-03 1.038286532975259873e-03 3.398716904640224357e+00
-7.169811320754717818e-03 1.161544660595474187e-03 2.290160534719581253e+00
-7.169811320754717818e-03 1.263901768558351943e-03 1.731761176989313755e+00
-7.169811320754717818e-03 1.351894309295934319e-03 1.344544404778657665e+00
-7.169811320754717818e-03 1.420440571344802659e-03 1.034645464245393720e+00
-7.169811320754717818e-03 1.501100336482950447e-03 7.862350526670773831e-01
-7.169811320754717818e-03 1.598065165423721455e-03 5.851881592613465966e-01
-7.169811320754717818e-03 1.693970379777661730e-03 4.318383837091278599e-01
-7.169811320754717818e-03 1.788372182672677427e-03 3.122782206767220625e-01
-7.169811320754717818e-03 1.880827021528140011e-03 2.197078835106806571e-01
-7.169811320754717818e-03 1.970891600879866052e-03 1.532684845420488329e-01
-7.169811320754717818e-03 2.087930532400244545e-03 1.075059711367147008e-01
-7.169811320754717818e-03 2.174020369998300693e-03 7.872265489353696966e-02
-7.169811320754717818e-03 2.290618456400740025e-03 5.972026846830060659e-02
-7.169811320754717818e-03 2.407695169297841865e-03 5.362317400939123346e-02
-7.169811320754717818e-03 2.525028585331514069e-03 5.706153332474018375e-02
-7.169811320754717818e-03 2.642396845857805654e-03 6.821600381227223286e-02
-7.169811320754717818e-03 2.759578158825232858e-03 8.647550175919643811e-02
-7.169811320754717818e-03 2.922671334957140533e-03 1.119181270418376783e-01
-7.169811320754717818e-03 3.041467057999803700e-03 1.322804974906846565e-01
-7.169811320754717818e-03 3.159484360068750153e-03 1.597296835939562565e-01
-7.169811320754717818e-03 3.331009300215977305e-03 1.962381630678129985e-01
-7.169811320754717818e-03 3.449679361614215768e-03 2.229077701895640362e-01
-7.169811320754717818e-03 3.566979953109674153e-03 2.622076569535738422e-01
-7.169811320754717818e-03 3.746047657879541387e-03 2.940512122455997135e-01
-7.169811320754717818e-03 3.863039955963659764e-03 3.369178287781935399e-01
-7.169811320754717818e-03 4.047701361261444274e-03 3.683492429554675041e-01
-7.169811320754717818e-03 4.236673927772407339e-03 4.096677920074275336e-01
-7.169811320754717818e-03 4.353752852080218678e-03 4.460737125042567031e-01
-7.169811320754717818e-03 4.547948683771728916e-03 4.825215234481160520e-01
-7.169811320754717818e-03 4.746381515427418665e-03 5.254444919827813143e-01
-7.169811320754717818e-03 4.862437680892683217e-03 5.596409449926379454e-01
-7.169811320754717818e-03 5.065723422700276098e-03 5.947640985984455897e-01
-7.169811320754717818e-03 5.273172012462975546e-03 6.352455729540515961e-01
-7.169811320754717818e-03 5.387096446547340843e-03 6.735984984515042129e-01
-7.169811320754717818e-03 5.599027673762245992e-03 7.056963246083385322e-01
-7.169811320754717818e-03 5.815047606325346105e-03 7.406310459405205382e-01
-7.169811320754717818e-03 6.035156244236643784e-03 7.777782855494260739e-01
-7.169811320754717818e-03 6.259353587496141631e-03 8.181250908321215931e-01
-7.169811320754717818e-03 6.370011099408869233e-03 8.466843669240238235e-01
-7.169811320754717818e-03 6.598172625780329703e-03 8.783833588481878563e-01
-7.169811320754717818e-03 6.830348724463311365e-03 9.108129683195831383e-01
-7.169811320754717818e-03 7.066539395457810749e-03 9.444739969122378787e-01
-7.169811320754717818e-03 7.306744638763835661e-03 9.807136907623810185e-01
-7.169811320754717818e-03 7.411546777596525123e-03 1.014233171152574275e+00
-7.169811320754717818e-03 7.655197875288662600e-03 1.042489097625303396e+00
-7.169811320754717818e-03 7.902789422000075850e-03 1.072524241437925241e+00
-7.169811320754717818e-03 8.154321417730769211e-03 1.102090136717756685e+00
-7.169811320754717818e-03 8.409793862480745286e-03 1.132766192891000667e+00
-7.037037037037036959e-03 1.140466973100205585e-03 2.435984110694076499e+00
-7.037037037037036959e-03 1.254621941207529484e-03 1.808491642367593855e+00
-7.037037037037036959e-03 1.327372169355565219e-03 1.412146533385830072e+00
-7.037037037037036959e-03 1.411296655727188511e-03 1.089358997134426854e+00
-7.037037037037036959e-03 1.492090256180351408e-03 8.303430235209277033e-01
-7.037037037037036959e-03 1.569100039675565923e-03 6.273436113635216804e-01
-7.037037037037036959e-03 1.663272583869911982e-03 4.620697445642255596e-01
-7.037037037037036959e-03 1.755969748058533973e-03 3.354439507545825538e-01
-7.037037037037036959e-03 1.846756032537560282e-03 2.399164769563605915e-01
-7.037037037037036959e-03 1.962436345414296252e-03 1.708186367964013574e-01
-7.037037037037036959e-03 2.050119220754907396e-03 1.165955140762456599e-01
-7.037037037037036959e-03 2.166021147616251866e-03 8.415581120361513567e-02
-7.037037037037036959e-03 2.249149551570842152e-03 6.784669760526873539e-02
-7.037037037037036959e-03 2.364111412623951837e-03 5.727622023203249313e-02
-7.037037037037036959e-03 2.479325860187711963e-03 5.795115710134516457e-02
-7.037037037037036959e-03 2.594575065068082439e-03 6.776447063731860787e-02
-7.037037037037036959e-03 2.752584686530729595e-03 8.341279283987437787e-02
-7.037037037037036959e-03 2.869783129658117892e-03 1.001374976385108889e-01
-7.037037037037036959e-03 2.986435433382535979e-03 1.224873449590726526e-01
-7.037037037037036959e-03 3.102323995747042693e-03 1.525499237784964102e-01
-7.037037037037036959e-03 3.270745762416664339e-03 1.811623695033887649e-01
-7.037037037037036959e-03 3.387276251133557788e-03 2.116903752131559791e-01
-7.037037037037036959e-03 3.561700056940994129e-03 2.494541359653295598e-01
-7.037037037037036959e-03 3.678291515173957079e-03 2.811886787472318017e-01
-7.037037037037036959e-03 3.858426368902233717e-03 3.213938503632007282e-01
-7.037037037037036959e-03 3.974498034574907093e-03 3.556094076218666578e-01
-7.037037037037036959e-03 4.160053001987900657e-03 3.928439322716949511e-01
-7.037037037037036959e-03 4.275024314221959748e-03 4.346803514551608183e-01
-7.037037037037036959e-03 4.465708519414062633e-03 4.677632928175969873e-01
-7.037037037037036959e-03 4.660553107264901393e-03 5.077355981915132599e-01
-7.037037037037036959e-03 4.774521752139115199e-03 5.475955432840449166e-01
-7.037037037037036959e-03 4.974131959993111606e-03 5.802697132964346194e-01
-7.037037037037036959e-03 5.177829748895313063e-03 6.185393706879029896e-01
-7.037037037037036959e-03 5.385615118845720438e-03 6.599872009222790270e-01
-7.037037037037036959e-03 5.497806759965054475e-03 6.928231602728549543e-01
-7.037037037037036959e-03 5.709921418925933620e-03 7.261127364347447211e-01
-7.037037037037036959e-03 5.926050866384495810e-03 7.618103234441573335e-01
-7.037037037037036959e-03 6.146195102340742782e-03 8.008556839650916581e-01
-7.037037037037036959e-03 6.254867201987134376e-03 8.349605306943042038e-01
-7.037037037037036959e-03 6.478904495766514386e-03 8.655082468471173573e-01
-7.037037037037036959e-03 6.706883794715031051e-03 8.969406838843467789e-01
-7.037037037037036959e-03 6.938805098832684370e-03 9.297275578709529587e-01
-7.037037037037036959e-03 7.174668408119480416e-03 9.651704882662819340e-01
-7.037037037037036959e-03 7.414473722575415718e-03 1.001095061465522296e+00
-7.037037037037036959e-03 7.516841494333564334e-03 1.031385928919344108e+00
-7.037037037037036959e-03 7.759958189980886017e-03 1.060766267303506538e+00
-7.037037037037036959e-03 8.006944116858670524e-03 1.089760851177356882e+00
-7.037037037037036959e-03 8.257799274966916986e-03 1.119942265039957308e+00
-6.909090909090908131e-03 1.120140480551096683e-03 2.594491180178911449e+00
-6.909090909090908131e-03 1.245670273247566221e-03 1.887476923066877088e+00
-6.909090909090908131e-03 1.318549719037693775e-03 1.478442011442196558e+00
-6.909090909090908131e-03 1.402475414523327805e-03 1.148675773536335321e+00
-6.909090909090908131e-03 1.483397763928717174e-03 8.804843733074103618e-01
-6.909090909090908131e-03 1.560675369524832691e-03 6.643512832385822797e-01
-6.909090909090908131e-03 1.654881077441443422e-03 4.966681477470707984e-01
-6.909090909090908131e-03 1.747709352237361308e-03 3.652803602820711704e-01
-6.909090909090908131e-03 1.838732391386633646e-03 2.616495647704792371e-01
-6.909090909090908131e-03 1.927522626967799165e-03 1.834179303703781516e-01
-6.909090909090908131e-03 2.013652738238269017e-03 1.319165961205207294e-01
-6.909090909090908131e-03 2.127496946499250492e-03 9.047636016620284882e-02
-6.909090909090908131e-03 2.242088946922137210e-03 6.765701924594146044e-02
-6.909090909090908131e-03 2.357214645067214325e-03 5.774594715737090683e-02
-6.909090909090908131e-03 2.472660003886374518e-03 5.686535523099059408e-02
-6.909090909090908131e-03 2.588211045328975366e-03 6.279733697219933020e-02
-6.909090909090908131e-03 2.703653852025971350e-03 7.441108212574480685e-02
-6.909090909090908131e-03 2.818774569057662122e-03 9.199720860230273245e-02
-6.909090909090908131e-03 2.933359405810825448e-03 1.160356203996762703e-01
-6.909090909090908131e-03 3.097050785833767479e-03 1.447037967903131994e-01
-6.909090909090908131e-03 3.212623492238817803e-03 1.689982881835146167e-01
-6.909090909090908131e-03 3.327090167788935519e-03 2.031356179257974848e-01
-6.909090909090908131e-03 3.498414762036612235e-03 2.344889963341391104e-01
-6.909090909090908131e-03 3.612942288937247889e-03 2.706344107090162265e-01
-6.909090909090908131e-03 3.789876832613739855e-03 3.056976119035624273e-01
-6.909090909090908131e-03 3.903894806588811568e-03 3.448669074318505001e-01
-6.909090909090908131e-03 4.086153564127188026e-03 3.779143140212298801e-01
-6.909090909090908131e-03 4.272570316134121325e-03 4.215076166504987953e-01
-6.909090909090908131e-03 4.386389066991842715e-03 4.546415337591831474e-01
-6.909090909090908131e-03 4.577772845444000316e-03 4.915783927336223602e-01
-6.909090909090908131e-03 4.773243110268800098e-03 5.353768961534506321e-01
-6.909090909090908131e-03 4.885792901569540291e-03 5.671157971791688235e-01
-6.909090909090908131e-03 5.085873080199373487e-03 6.031036504273861176e-01
-6.909090909090908131e-03 5.289968245691345668e-03 6.425931959862307696e-01
-6.909090909090908131e-03 5.400179726044424845e-03 6.810481269379250469e-01
-6.909090909090908131e-03 5.608527769351179422e-03 7.126366105958701347e-01
-6.909090909090908131e-03 5.820819308745759507e-03 7.468317758782540006e-01
-6.909090909090908131e-03 6.037054344228168570e-03 7.845248585260462537e-01
-6.909090909090908131e-03 6.257232875798399672e-03 8.229602848003414461e-01
-6.909090909090908131e-03 6.363870459310324787e-03 8.534462438170951071e-01
-6.909090909090908131e-03 6.587801947552009846e-03 8.838414171154838073e-01
-6.909090909090908131e-03 6.815605449999602439e-03 9.157164100714021426e-01
-6.909090909090908131e-03 7.047280966653106035e-03 9.503256261488641776e-01
-6.909090909090908131e-03 7.282828497512518900e-03 9.855536961541213614e-01
-6.909090909090908131e-03 7.383396192088666557e-03 1.020890226602953366e+00
-6.909090909090908131e-03 7.622196875358198606e-03 1.049586062754250371e+00
-6.909090909090908131e-03 7.864798100006023529e-03 1.077981980532778383e+00
-6.909090909090908131e-03 8.111199866032146530e-03 1.107642938238439623e+00
-6.785714285714285546e-03 1.100525734814989439e-03 2.765097709680778060e+00
-6.785714285714285546e-03 1.223857379146322047e-03 1.973179584970629952e+00
-6.785714285714285546e-03 1.310033490820040804e-03 1.548012817480814984e+00
-6.785714285714285546e-03 1.377929932866870733e-03 1.206136396251281884e+00
-6.785714285714285546e-03 1.457442360056389634e-03 9.283377498177725062e-01
-6.785714285714285546e-03 1.552542107321282575e-03 7.087824825980434396e-01
-6.785714285714285546e-03 1.625937564395741122e-03 5.285488115588993230e-01
-6.785714285714285546e-03 1.717147757029164864e-03 3.890640718255439223e-01
-6.785714285714285546e-03 1.806585008612500128e-03 2.814852689742796676e-01
-6.785714285714285546e-03 1.893829239087283477e-03 2.026856522276756223e-01
-6.785714285714285546e-03 2.006697454199987077e-03 1.407354617926070139e-01
-6.785714285714285546e-03 2.090318868834656861e-03 1.024614627608535222e-01
-6.785714285714285546e-03 2.202912306786243557e-03 7.267569069008500415e-02
-6.785714285714285546e-03 2.316030581156776954e-03 5.787062802584939242e-02
-6.785714285714285546e-03 2.429463407727358581e-03 5.384452667769379364e-02
-6.785714285714285546e-03 2.543000559205583870e-03 5.809325955924740659e-02
-6.785714285714285546e-03 2.656431866850746462e-03 6.928223818608349183e-02
-6.785714285714285546e-03 2.769547222179734921e-03 8.742043354709218284e-02
-6.785714285714285546e-03 2.928532444528074256e-03 1.127820088335215742e-01
-6.785714285714285546e-03 3.042969551717473325e-03 1.324316835430809358e-01
-6.785714285714285546e-03 3.156530384473823277e-03 1.596913615673392073e-01
-6.785714285714285546e-03 3.323367037687222948e-03 1.944436232672723253e-01
-6.785714285714285546e-03 3.437338623509666059e-03 2.220085935147338985e-01
-6.785714285714285546e-03 3.549873996370289490e-03 2.623496731873916632e-01
-6.785714285714285546e-03 3.723719932847060349e-03 2.921564069365801819e-01
-6.785714285714285546e-03 3.901721549080247771e-03 3.339903975199152164e-01
-6.785714285714285546e-03 4.014833183693893200e-03 3.648505267229916194e-01
-6.785714285714285546e-03 4.197996187777842600e-03 4.046540041909714169e-01
-6.785714285714285546e-03 4.309837488733302482e-03 4.431333241504849529e-01
-6.785714285714285546e-03 4.497881223685022342e-03 4.769519423950869808e-01
-6.785714285714285546e-03 4.689940127354571414e-03 5.179718746089346793e-01
-6.785714285714285546e-03 4.800536074328505369e-03 5.552853846183520847e-01
-6.785714285714285546e-03 4.997124864443217886e-03 5.889229143263904342e-01
-6.785714285714285546e-03 5.197658580112072928e-03 6.263905565210737825e-01
-6.785714285714285546e-03 5.402137221335069628e-03 6.685052820388144301e-01
-6.785714285714285546e-03 5.510671388283617037e-03 7.001910970323688144e-01
-6.785714285714285546e-03 5.719258910754193917e-03 7.328320166692221527e-01
-6.785714285714285546e-03 5.931721124044661737e-03 7.691228772165565886e-01
-6.785714285714285546e-03 6.148058028155014426e-03 8.063760105318039662e-01
-6.785714285714285546e-03 6.252849037392778538e-03 8.421893613981416005e-01
-6.785714285714285546e-03 6.472873910564961621e-03 8.715078072764642636e-01
-6.785714285714285546e-03 6.696703248402944945e-03 9.024337609804902183e-01
-6.785714285714285546e-03 6.924337050906732849e-03 9.361728606024990462e-01
-6.785714285714285546e-03 7.155775318076321861e-03 9.706713559706572347e-01
-6.785714285714285546e-03 7.391018049911712851e-03 1.006582240528983929e+00
-6.785714285714285546e-03 7.489240314301748996e-03 1.038978856802281303e+00
-6.785714285714285546e-03 7.727609763640604611e-03 1.066749106332872010e+00
-6.785714285714285546e-03 7.969713460227590210e-03 1.095864117526412773e+00
-6.666666666666667095e-03 1.081586001866560775e-03 2.947248006756889360e+00
-6.666666666666667095e-03 1.202795143893920643e-03 2.071069433318680986e+00
-6.666666666666667095e-03 1.287493185344545715e-03 1.618475860546202849e+00
-6.666666666666667095e-03 1.369981214295757938e-03 1.264749273036397170e+00
-6.666666666666667095e-03 1.449639369961043317e-03 9.784865725526530333e-01
-6.666666666666667095e-03 1.525848239724398757e-03 7.472327092808020987e-01
-6.666666666666667095e-03 1.618470154816286201e-03 5.651649869393160497e-01
-6.666666666666667095e-03 1.687636429937520218e-03 4.205401018325406470e-01
-6.666666666666667095e-03 1.799520291591795830e-03 3.078281867201531075e-01
-6.666666666666667095e-03 1.887122465753819384e-03 2.184982942852630172e-01
-6.666666666666667095e-03 1.972225714556155324e-03 1.540752732326430841e-01
-6.666666666666667095e-03 2.084156587236590287e-03 1.089951078548127283e-01
-6.666666666666667095e-03 2.165080961683594520e-03 8.283791056816579290e-02
-6.666666666666667095e-03 2.276260600793836991e-03 6.277959656084303175e-02
-6.666666666666667095e-03 2.387749842612568035e-03 5.526095851385162683e-02
-6.666666666666667095e-03 2.499342081401307886e-03 5.749370121626989905e-02
-6.666666666666667095e-03 2.610830767953575479e-03 6.794153901271192397e-02
-6.666666666666667095e-03 2.765132859715935601e-03 8.601676551620310307e-02
-6.666666666666667095e-03 2.878265736469173917e-03 1.014311474679245040e-01
-6.666666666666667095e-03 2.990744238817846182e-03 1.232169286590481250e-01
-6.666666666666667095e-03 3.102362023471594461e-03 1.531881852211706418e-01
-6.666666666666667095e-03 3.266335638171530362e-03 1.806090869202426341e-01
-6.666666666666667095e-03 3.378357976986432094e-03 2.119699355715558842e-01
-6.666666666666667095e-03 3.547956577702575127e-03 2.477648789020476805e-01
-6.666666666666667095e-03 3.659832579570814100e-03 2.807356196462488795e-01
-6.666666666666667095e-03 3.834780246434791717e-03 3.178051417188013095e-01
-6.666666666666667095e-03 3.945959196250008183e-03 3.536246428067044145e-01
-6.666666666666667095e-03 4.125980060706662365e-03 3.895445941854301930e-01
-6.666666666666667095e-03 4.235911425196219569e-03 4.332161056379374986e-01
-6.666666666666667095e-03 4.420729671220774253e-03 4.638356347918233258e-01
-6.666666666666667095e-03 4.609494214313467585e-03 5.019993549490200380e-01
-6.666666666666667095e-03 4.718202970479453209e-03 5.447617536240212388e-01
-6.666666666666667095e-03 4.911420102716489502e-03 5.759818794951315768e-01
-6.666666666666667095e-03 5.108514501821161645e-03 6.113652660739441469e-01
-6.666666666666667095e-03 5.309486167793466167e-03 6.516150891410772417e-01
-6.666666666666667095e-03 5.416170390297159708e-03 6.887647704302835017e-01
-6.666666666666667095e-03 5.621180902336140629e-03 7.198005496615353938e-01
-6.666666666666667095e-03 5.829999659180801728e-03 7.546401179642004964e-01
-6.666666666666667095e-03 6.042626660831139536e-03 7.906661199045972310e-01
-6.666666666666667095e-03 6.259061907287156654e-03 8.303875432986073113e-01
-6.666666666666667095e-03 6.361886123730145677e-03 8.599325734790277398e-01
-6.666666666666667095e-03 6.581877549200518263e-03 8.898728896782788222e-01
-6.666666666666667095e-03 6.805608205698719659e-03 9.227060115687792941e-01
-6.666666666666667095e-03 7.033078093224745531e-03 9.564423260350358724e-01
-6.666666666666667095e-03 7.264287211778596744e-03 9.916888798300336205e-01
-6.666666666666667095e-03 7.360841512584597943e-03 1.028939923319220462e+00
-6.666666666666667095e-03 7.595124252140266971e-03 1.056057850594733782e+00
-6.666666666666667095e-03 7.833077217380884916e-03 1.084601744469247731e+00
