-5.000000000000000278e-02 9.819082453676765670e-04 2.614780203693660710e+00
-5.000000000000000278e-02 1.090749993241374796e-03 1.721053160061314591e+00
-5.000000000000000278e-02 1.221394382985281288e-03 1.105674828984424263e+00
-5.000000000000000278e-02 1.342525334763427711e-03 6.785070244854413124e-01
-5.000000000000000278e-02 1.478210927532620572e-03 3.985001479760848508e-01
-5.000000000000000278e-02 1.605822241409652490e-03 2.210291785394321584e-01
-5.000000000000000278e-02 1.758609136723347658e-03 1.166046526014795082e-01
-5.000000000000000278e-02 1.947875517150017858e-03 7.323055659362294467e-02
-5.000000000000000278e-02 2.096125934611500503e-03 5.030836566000380927e-02
-5.000000000000000278e-02 2.287838721128356186e-03 6.435984936899261100e-02
-5.000000000000000278e-02 2.481828035448251264e-03 9.651730123620221036e-02
-5.000000000000000278e-02 2.677257436892181448e-03 1.379911440453062410e-01
-5.000000000000000278e-02 2.873292860138416168e-03 1.872657229518253919e-01
-5.000000000000000278e-02 3.069102709533848977e-03 2.472587236941495570e-01
-5.000000000000000278e-02 3.344226182649187931e-03 3.061704208958935247e-01
-5.000000000000000278e-02 3.543893792467923531e-03 3.605389043507465363e-01
-5.000000000000000278e-02 3.835453733120363848e-03 4.259524268585380691e-01
-5.000000000000000278e-02 4.036751077782086208e-03 4.781864043035747303e-01
-5.000000000000000278e-02 4.343621495535069342e-03 5.348465855391157930e-01
-5.000000000000000278e-02 4.544327954158638300e-03 5.973336205655757070e-01
-5.000000000000000278e-02 4.865385074762534554e-03 6.395362669817810097e-01
-5.000000000000000278e-02 5.197399776274413789e-03 6.908425734839915844e-01
-5.000000000000000278e-02 5.540372058694277742e-03 7.486010379680666516e-01
-5.000000000000000278e-02 5.742207275123665210e-03 7.875243089989021339e-01
-5.000000000000000278e-02 6.097679282599901759e-03 8.254582901853617649e-01
-5.000000000000000278e-02 6.463826125135485948e-03 8.669626589077504830e-01
-5.000000000000000278e-02 6.840647802730416907e-03 9.109870773851400649e-01
-5.000000000000000278e-02 7.228144315384695505e-03 9.563409941123255376e-01
-5.000000000000000278e-02 7.424570860730114914e-03 9.846574177660283311e-01
-5.000000000000000278e-02 7.822601520518421975e-03 1.012740664410660463e+00
-5.000000000000000278e-02 8.231024625732013059e-03 1.041780277415762512e+00
-5.000000000000000278e-02 8.649840176370887299e-03 1.071561768360600908e+00
-5.000000000000000278e-02 9.079048172435041225e-03 1.101781262184212684e+00
-5.000000000000000278e-02 9.518648613924478308e-03 1.132173023031576742e+00
-5.000000000000000278e-02 9.968641500839196812e-03 1.162329380153954039e+00
-5.000000000000000278e-02 1.042902683317919847e-02 1.192266758640686986e+00
-5.000000000000000278e-02 1.060401149508690723e-02 1.211888707957404332e+00
-5.000000000000000278e-02 1.107212397599166044e-02 1.229769899294352431e+00
-5.000000000000000278e-02 1.155034687765029745e-02 1.247613453648314774e+00
-5.000000000000000278e-02 1.203868020006281826e-02 1.265621169961935744e+00
-5.000000000000000278e-02 1.253712394322921593e-02 1.283286576271017276e+00
-5.000000000000000278e-02 1.304567810714950087e-02 1.300573219447713091e+00
-5.000000000000000278e-02 1.356434269182366613e-02 1.317942235494369507e+00
-5.000000000000000278e-02 1.409311769725171172e-02 1.335089040765509827e+00
-5.000000000000000278e-02 1.463200312343364805e-02 1.351517465958363751e+00
-5.000000000000000278e-02 1.518099897036945777e-02 1.367818391800713629e+00
-5.000000000000000278e-02 1.574010523805915301e-02 1.383912891707956394e+00
-5.000000000000000278e-02 1.630932192650273033e-02 1.399513568704599864e+00
-5.000000000000000278e-02 1.688864903570019144e-02 1.415014740258284220e+00
-5.000000000000000278e-02 1.747808656565153287e-02 1.430487669416305341e+00
-4.749999999999999362e-02 9.659538913830734456e-04 2.902594734993726888e+00
-4.749999999999999362e-02 1.075890085104980924e-03 1.943684652723556727e+00
-4.749999999999999362e-02 1.187964564342365928e-03 1.268545996586531999e+00
-4.749999999999999362e-02 1.307410226923475189e-03 8.005325338507907063e-01
-4.749999999999999362e-02 1.441048592037044718e-03 4.856544963759952815e-01
-4.749999999999999362e-02 1.567254484618504310e-03 2.776409576952098557e-01
-4.749999999999999362e-02 1.717808044047602510e-03 1.500321150048744001e-01
-4.749999999999999362e-02 1.864948663314082650e-03 8.225348602008060450e-02
-4.749999999999999362e-02 2.050311182583939261e-03 5.661999904895026470e-02
-4.749999999999999362e-02 2.190772886565189002e-03 6.019091099063371419e-02
-4.749999999999999362e-02 2.376657814229646282e-03 7.916906042599701487e-02
-4.749999999999999362e-02 2.563944521024512889e-03 1.162747690965311720e-01
-4.749999999999999362e-02 2.751835209412582979e-03 1.675717505395249440e-01
-4.749999999999999362e-02 3.010087566831573698e-03 2.142645550357427653e-01
-4.749999999999999362e-02 3.203042903575234728e-03 2.654301677518500213e-01
-4.749999999999999362e-02 3.394477735469379753e-03 3.335767142213306169e-01
-4.749999999999999362e-02 3.673745056968388736e-03 3.801204675994268034e-01
-4.749999999999999362e-02 3.866784653429538188e-03 4.496082142501247048e-01
-4.749999999999999362e-02 4.160734366724889305e-03 4.930125550103016119e-01
-4.749999999999999362e-02 4.465451468785637534e-03 5.526115236067539183e-01
-4.749999999999999362e-02 4.660812267692184679e-03 6.065690095142645122e-01
-4.749999999999999362e-02 4.978866886202777155e-03 6.500748053341980359e-01
-4.749999999999999362e-02 5.307418356809429603e-03 7.015798870507076179e-01
-4.749999999999999362e-02 5.646466679512140291e-03 7.589289592786854222e-01
-4.749999999999999362e-02 5.841656313481847010e-03 7.927085190784042279e-01
-4.749999999999999362e-02 6.192429766008766129e-03 8.302617984292093301e-01
-4.749999999999999362e-02 6.553429849804693133e-03 8.711342371119646932e-01
-4.749999999999999362e-02 6.924656564869628023e-03 9.140067327947486442e-01
-4.749999999999999362e-02 7.306109911203566461e-03 9.584733137638660194e-01
-4.749999999999999362e-02 7.494632715225504893e-03 9.855148668173835391e-01
-4.749999999999999362e-02 7.885932356138943000e-03 1.012770127925460173e+00
-4.749999999999999362e-02 8.287188730917863580e-03 1.041129560316064184e+00
-4.749999999999999362e-02 8.698401839562263163e-03 1.070241092087441226e+00
-4.749999999999999362e-02 9.119571682072145219e-03 1.099794696127813554e+00
-4.749999999999999362e-02 9.550698258447508013e-03 1.129332916085930894e+00
-4.749999999999999362e-02 9.991781568688355014e-03 1.158846192157084953e+00
-4.749999999999999362e-02 1.044282161279468275e-02 1.188063670556018803e+00
-4.749999999999999362e-02 1.060861125527748534e-02 1.209382478460373278e+00
-4.749999999999999362e-02 1.106681429455594681e-02 1.226736901978986660e+00
-4.749999999999999362e-02 1.153470450168384530e-02 1.244381795996951201e+00
-4.749999999999999362e-02 1.201228187666117733e-02 1.261783653373221847e+00
-4.749999999999999362e-02 1.249954641948795332e-02 1.278891637865081865e+00
-4.749999999999999362e-02 1.299649813016416806e-02 1.296171239583023382e+00
-4.749999999999999362e-02 1.350313700868981982e-02 1.313283740270866584e+00
-4.749999999999999362e-02 1.401946305506491380e-02 1.329737686050584289e+00
-4.749999999999999362e-02 1.454547626928944307e-02 1.346107385319261773e+00
-4.749999999999999362e-02 1.508117665136341282e-02 1.362314125333411008e+00
-4.749999999999999362e-02 1.562656420128681958e-02 1.378064017040355749e+00
-4.749999999999999362e-02 1.618163891905966684e-02 1.393746753408469763e+00
-4.749999999999999362e-02 1.674640080468195111e-02 1.409411016116124404e+00
-4.523809523809523697e-02 9.512141036786996625e-04 3.195062626777479764e+00
-4.523809523809523697e-02 1.046641404237869805e-03 2.173111604153646681e+00
-4.523809523809523697e-02 1.157185700463282240e-03 1.442781611306239054e+00
-4.523809523809523697e-02 1.275057394417140237e-03 9.305527531931807594e-01
-4.523809523809523697e-02 1.406789416748993908e-03 5.798227006255558535e-01
-4.523809523809523697e-02 1.531675964274101459e-03 3.419671483339575824e-01
-4.523809523809523697e-02 1.680150498027250345e-03 1.931626686536315751e-01
-4.523809523809523697e-02 1.825627762626304794e-03 1.038960024755172518e-01
-4.523809523809523697e-02 1.966584520239534131e-03 6.449453860641475578e-02
-4.523809523809523697e-02 2.147609373652683857e-03 5.054444436688770165e-02
-4.523809523809523697e-02 2.331015980337377332e-03 6.540576916861912116e-02
-4.523809523809523697e-02 2.516036783276888802e-03 9.498314717400754836e-02
-4.523809523809523697e-02 2.701906143546842828e-03 1.336108651270880854e-01
-4.523809523809523697e-02 2.887860415005169025e-03 1.811328278823341742e-01
-4.523809523809523697e-02 3.073138024203877182e-03 2.415190670534739237e-01
-4.523809523809523697e-02 3.336810271884670109e-03 2.898223719708802326e-01
-4.523809523809523697e-02 3.524934754944511386e-03 3.475641058213217449e-01
-4.523809523809523697e-02 3.803481068432403456e-03 4.027394830567117001e-01
-4.523809523809523697e-02 3.992412030947575970e-03 4.616296652531141631e-01
-4.523809523809523697e-02 4.284801815316439770e-03 5.097061656376732364e-01
-4.523809523809523697e-02 4.587523394185969924e-03 5.713570690394623730e-01
-4.523809523809523697e-02 4.777709550583869071e-03 6.168210252076092859e-01
-4.523809523809523697e-02 5.092986808412499136e-03 6.614237328531227256e-01
-4.523809523809523697e-02 5.418336822082298228e-03 7.132385678643835547e-01
-4.523809523809523697e-02 5.605956054671725093e-03 7.653931125490809340e-01
-4.523809523809523697e-02 5.942576433291591603e-03 7.985411902121535288e-01
-4.523809523809523697e-02 6.289010817119034154e-03 8.358498530453992714e-01
-4.523809523809523697e-02 6.645259206154054479e-03 8.758683616056978094e-01
-4.523809523809523697e-02 7.011321600396649110e-03 9.180719464246634987e-01
-4.523809523809523697e-02 7.192653242265874269e-03 9.616423915601725048e-01
-4.523809523809523697e-02 7.568186338797185803e-03 9.868513146518921308e-01
-4.523809523809523697e-02 7.953274984858557314e-03 1.013549901877828896e+00
-4.523809523809523697e-02 8.347919180449985335e-03 1.041335898054872366e+00
-4.523809523809523697e-02 8.752118925571473335e-03 1.069853087524512025e+00
-4.523809523809523697e-02 9.165874220223019578e-03 1.098592381057619249e+00
-4.523809523809523697e-02 9.589185064404625800e-03 1.127516456253904398e+00
-4.523809523809523697e-02 1.002205145811628853e-02 1.156316571930314785e+00
-4.523809523809523697e-02 1.046447340135801124e-02 1.184958874903450976e+00
-4.523809523809523697e-02 1.062153124005418836e-02 1.207441910757194758e+00
-4.523809523809523697e-02 1.107059547115537418e-02 1.224614336168564854e+00
-4.523809523809523697e-02 1.152895709834561057e-02 1.241652444574312231e+00
-4.523809523809523697e-02 1.199661612162490100e-02 1.258490154531776595e+00
-4.523809523809523697e-02 1.247357254099324027e-02 1.275595773621372775e+00
-4.523809523809523697e-02 1.295982635645063184e-02 1.292594911444496564e+00
-4.523809523809523697e-02 1.345537756799707919e-02 1.309003483156674585e+00
-4.523809523809523697e-02 1.396022617563257365e-02 1.325375325646385383e+00
-4.523809523809523697e-02 1.447437217935712041e-02 1.341632666140387009e+00
-4.523809523809523697e-02 1.499781557917071774e-02 1.357475595678224289e+00
-4.523809523809523697e-02 1.553055637507336564e-02 1.373287007649758751e+00
-4.523809523809523697e-02 1.607259456706506759e-02 1.389094241913518601e+00
-4.318181818181818232e-02 9.375587198585296758e-04 3.491319545089997423e+00
-4.318181818181818232e-02 1.034493311360019192e-03 2.404321437207638468e+00
-4.318181818181818232e-02 1.128759837874995743e-03 1.626771832354537484e+00
-4.318181818181818232e-02 1.245159363072554032e-03 1.067606507642741898e+00
-4.318181818181818232e-02 1.375112953338522006e-03 6.803532480350736877e-01
-4.318181818181818232e-02 1.498759922224396574e-03 4.134515095277893071e-01
-4.318181818181818232e-02 1.645295408090508178e-03 2.453717831627776069e-01
-4.318181818181818232e-02 1.789215040555229130e-03 1.376465185296389948e-01
-4.318181818181818232e-02 1.929054266408344745e-03 7.415802241542208961e-02
-4.318181818181818232e-02 2.107603837084247398e-03 6.072918337941286826e-02
-4.318181818181818232e-02 2.239662746431001980e-03 5.880235798643083239e-02
-4.318181818181818232e-02 2.417537923727586160e-03 7.927763798284721830e-02
-4.318181818181818232e-02 2.596246432133048065e-03 1.158435580070231730e-01
-4.318181818181818232e-02 2.839897199899089984e-03 1.663231406888197039e-01
-4.318181818181818232e-02 3.023819368167079795e-03 2.059500647688622677e-01
-4.318181818181818232e-02 3.206617517494239015e-03 2.572134622465709897e-01
-4.318181818181818232e-02 3.470429377511812311e-03 3.194682421690289709e-01
-4.318181818181818232e-02 3.655254284176271632e-03 3.656442730931989127e-01
-4.318181818181818232e-02 3.933123636921906016e-03 4.277477327931671902e-01
-4.318181818181818232e-02 4.118018134323247169e-03 4.760188505026707317e-01
-4.318181818181818232e-02 4.408956433261496458e-03 5.276440445333809848e-01
-4.318181818181818232e-02 4.591969067123229283e-03 5.908600305339682945e-01
-4.318181818181818232e-02 4.894989458000605954e-03 6.279417613101692108e-01
-4.318181818181818232e-02 5.207691011525821499e-03 6.736603333072830324e-01
-4.318181818181818232e-02 5.530073727698875917e-03 7.253678905085866324e-01
-4.318181818181818232e-02 5.711842454567891969e-03 7.716816867988494089e-01
-4.318181818181818232e-02 6.044825739424291959e-03 8.050301650967756073e-01
-4.318181818181818232e-02 6.387241978525914909e-03 8.418352663761514698e-01
-4.318181818181818232e-02 6.739091171872759953e-03 8.814484188146772814e-01
-4.318181818181818232e-02 7.100373319464830559e-03 9.230211225309244982e-01
-4.318181818181818232e-02 7.274716314913839445e-03 9.639653088624627886e-01
-4.318181818181818232e-02 7.644872456792867026e-03 9.887712207572878498e-01
-4.318181818181818232e-02 8.024213614599415290e-03 1.015020149003776240e+00
-4.318181818181818232e-02 8.412739788333480767e-03 1.042307917903550818e+00
-4.318181818181818232e-02 8.810450977995066060e-03 1.070072067549115324e+00
-4.318181818181818232e-02 9.217347183584171169e-03 1.098245835563460115e+00
-4.318181818181818232e-02 9.633428405100794359e-03 1.126481082566222369e+00
-4.318181818181818232e-02 1.005869464254493910e-02 1.154728563809568564e+00
-4.318181818181818232e-02 1.049314589591660365e-02 1.182713488357547860e+00
-4.318181818181818232e-02 1.064188660234950679e-02 1.206299545892422165e+00
-4.318181818181818232e-02 1.108249817307631856e-02 1.222875695457734446e+00
-4.318181818181818232e-02 1.153204709817892866e-02 1.239353257675506192e+00
-4.318181818181818232e-02 1.199053337765733536e-02 1.256201880066439402e+00
-4.318181818181818232e-02 1.245795701151154039e-02 1.273010000794479346e+00
-4.318181818181818232e-02 1.293431799974154722e-02 1.289303503236803650e+00
-4.318181818181818232e-02 1.341961634234734718e-02 1.305611953402593839e+00
-4.318181818181818232e-02 1.391385203932894200e-02 1.321859233071497330e+00
-4.318181818181818232e-02 1.441702509068633863e-02 1.337739878094311941e+00
-4.318181818181818232e-02 1.492913549641953011e-02 1.353627860196453536e+00
-4.318181818181818232e-02 1.545018325652851819e-02 1.369530390485845572e+00
-4.130434782608696093e-02 1.008916379836872568e-03 2.643245104592091721e+00
-4.130434782608696093e-02 1.119401297079792527e-03 1.808648639590161089e+00
-4.130434782608696093e-02 1.217451576717301339e-03 1.210846505451856459e+00
-4.130434782608696093e-02 1.345743001116716468e-03 7.866591467461235831e-01
-4.130434782608696093e-02 1.468224148904206851e-03 4.915814175882700088e-01
-4.130434782608696093e-02 1.582787081526673429e-03 2.958563886283302469e-01
-4.130434782608696093e-02 1.721359345794557698e-03 1.688452235808985957e-01
-4.130434782608696093e-02 1.894190784718294274e-03 9.914200794187603971e-02
-4.130434782608696093e-02 2.027896579973769483e-03 5.776225594981482248e-02
-4.130434782608696093e-02 2.202227663687624133e-03 5.237490092070327258e-02
-4.130434782608696093e-02 2.378314321602900856e-03 6.848998318607188440e-02
-4.130434782608696093e-02 2.555449106313978456e-03 9.625360019090493935e-02
-4.130434782608696093e-02 2.732926205296721568e-03 1.323585416469751919e-01
-4.130434782608696093e-02 2.910041505146784141e-03 1.783328736597010467e-01
-4.130434782608696093e-02 3.086092660330023215e-03 2.387172844013465134e-01
-4.130434782608696093e-02 3.339988811170129662e-03 2.798638764877816598e-01
-4.130434782608696093e-02 3.518019849811076811e-03 3.397799499208479235e-01
-4.130434782608696093e-02 3.785456756415673130e-03 3.870241340674090980e-01
-4.130434782608696093e-02 3.963585978479982307e-03 4.512492162594541334e-01
-4.130434782608696093e-02 4.243613633691844036e-03 4.920978711745528367e-01
-4.130434782608696093e-02 4.533198546760766438e-03 5.469357228010031102e-01
-4.130434782608696093e-02 4.711634542835023594e-03 6.009491767293556608e-01
-4.130434782608696093e-02 5.012623023776385280e-03 6.400342056087615639e-01
-4.130434782608696093e-02 5.322930033539460294e-03 6.863487166109162319e-01
-4.130434782608696093e-02 5.642555572124249505e-03 7.382137916628792595e-01
-4.130434782608696093e-02 5.818672616750187807e-03 7.785740931321306624e-01
-4.130434782608696093e-02 6.148278147145670725e-03 8.118190634608654088e-01
-4.130434782608696093e-02 6.486963719700805132e-03 8.485253191107515747e-01
-4.130434782608696093e-02 6.834729334415596234e-03 8.877540785224311559e-01
-4.130434782608696093e-02 7.191574991290042296e-03 9.284070072149589459e-01
-4.130434782608696093e-02 7.359210077998949023e-03 9.667430060138830772e-01
-4.130434782608696093e-02 7.724376571921186437e-03 9.912492108334052254e-01
-4.130434782608696093e-02 8.098384869570353362e-03 1.017119668148134926e+00
-4.130434782608696093e-02 8.481234970946450666e-03 1.043736914195536825e+00
-4.130434782608696093e-02 8.872926876049480951e-03 1.071003165392511391e+00
-4.130434782608696093e-02 9.273460584879440749e-03 1.098529449027047855e+00
-4.130434782608696093e-02 9.682836097436330058e-03 1.126250491225246897e+00
-4.130434782608696093e-02 1.010105341372015408e-02 1.153850569987834529e+00
-4.130434782608696093e-02 1.052811253373090762e-02 1.181533082006638535e+00
-4.130434782608696093e-02 1.066890847484468566e-02 1.205436399125188629e+00
-4.130434782608696093e-02 1.110168060455605371e-02 1.221465650138780168e+00
-4.130434782608696093e-02 1.154305655394358837e-02 1.237975787564248087e+00
-4.130434782608696093e-02 1.199303632300729658e-02 1.254516616182050237e+00
-4.130434782608696093e-02 1.245161991174717660e-02 1.270626533353289567e+00
-4.130434782608696093e-02 1.291880732016322149e-02 1.286807132340665127e+00
-4.130434782608696093e-02 1.339459854825543646e-02 1.302984652649751052e+00
-4.130434782608696093e-02 1.387899359602382497e-02 1.318848532327156597e+00
-4.130434782608696093e-02 1.437199246346838356e-02 1.334761751165824739e+00
-4.130434782608696093e-02 1.487359515058911050e-02 1.350712578625646199e+00
-3.958333333333333148e-02 9.988979948353550464e-04 2.880620331401366752e+00
-3.958333333333333148e-02 1.094303632556988589e-03 1.996704690391121195e+00
-3.958333333333333148e-02 1.191705391076587498e-03 1.359524204843239215e+00
-3.958333333333333148e-02 1.318440489417519899e-03 8.982104416303845484e-01
-3.958333333333333148e-02 1.439823943463031022e-03 5.758837940009747802e-01
-3.958333333333333148e-02 1.553823152731070596e-03 3.508127463649570732e-01
-3.958333333333333148e-02 1.691166550137578745e-03 2.045568902176881920e-01
-3.958333333333333148e-02 1.824991091478420958e-03 1.163809262085303692e-01
-3.958333333333333148e-02 1.994859644798393800e-03 7.219195355369738276e-02
-3.958333333333333148e-02 2.121993030530815259e-03 5.513928871057934694e-02
-3.958333333333333148e-02 2.291746139955175374e-03 5.797784567981238008e-02
-3.958333333333333148e-02 2.462523255822841525e-03 8.001987195929410879e-02
-3.958333333333333148e-02 2.633644792148812346e-03 1.161126572141828323e-01
-3.958333333333333148e-02 2.869732525517031205e-03 1.646160887528401173e-01
-3.958333333333333148e-02 3.045050325515924645e-03 2.018899033739803284e-01
-3.958333333333333148e-02 3.218902182612350636e-03 2.526981279978892103e-01
-3.958333333333333148e-02 3.473265283996595891e-03 3.083275202046371066e-01
-3.958333333333333148e-02 3.648365770324124135e-03 3.562328601458105704e-01
-3.958333333333333148e-02 3.915558853757106217e-03 4.116526297841389681e-01
-3.958333333333333148e-02 4.090097355235068795e-03 4.644690476866537576e-01
-3.958333333333333148e-02 4.369206291462316566e-03 5.099049606507461974e-01
-3.958333333333333148e-02 4.657526743736669847e-03 5.673840837057384512e-01
-3.958333333333333148e-02 4.831489177408924800e-03 6.122048948158035353e-01
-3.958333333333333148e-02 5.130583075400665070e-03 6.526581784489036142e-01
-3.958333333333333148e-02 5.438658772130895540e-03 6.997269946976043542e-01
-3.958333333333333148e-02 5.755716267599617943e-03 7.517475621629978733e-01
-3.958333333333333148e-02 5.926360721618874339e-03 7.857335344801843480e-01
-3.958333333333333148e-02 6.252821695916463765e-03 8.192270442752266346e-01
-3.958333333333333148e-02 6.588034975155006648e-03 8.558326000719425064e-01
-3.958333333333333148e-02 6.932000559334504722e-03 8.943681676253356638e-01
-3.958333333333333148e-02 7.284718448454957987e-03 9.344410200219015472e-01
-3.958333333333333148e-02 7.445898261251694163e-03 9.699793254029496214e-01
-3.958333333333333148e-02 7.806422855985041022e-03 9.942495622654052845e-01
-3.958333333333333148e-02 8.175470490783005167e-03 1.019552491862911747e+00
-3.958333333333333148e-02 8.553041165645588334e-03 1.045757820330893262e+00
-3.958333333333333148e-02 8.939134880572787920e-03 1.072434379142990668e+00
-3.958333333333333148e-02 9.333751635564609128e-03 1.099500279612935616e+00
-3.958333333333333148e-02 9.736891430621048490e-03 1.126596980728091335e+00
-3.958333333333333148e-02 1.014855426574210427e-02 1.153918476575649832e+00
-3.958333333333333148e-02 1.056874014092777821e-02 1.180794527867964350e+00
-3.958333333333333148e-02 1.070192671720293816e-02 1.204812245841235807e+00
-3.958333333333333148e-02 1.112740941962753888e-02 1.220903907990018356e+00
-3.958333333333333148e-02 1.156118613184599006e-02 1.237102524350168764e+00
-3.958333333333333148e-02 1.200325685385829864e-02 1.252961499579450466e+00
-3.958333333333333148e-02 1.245362158566445422e-02 1.268950847582719810e+00
-3.958333333333333148e-02 1.291228032726446026e-02 1.284999857490926045e+00
-3.958333333333333148e-02 1.337923307865832197e-02 1.300793319710894513e+00
-3.958333333333333148e-02 1.385447983984603414e-02 1.316681202504577097e+00
-3.958333333333333148e-02 1.433802061082759503e-02 1.332633995322677789e+00
-3.799999999999999906e-02 9.763031968480422951e-04 3.125700718105369091e+00
-3.799999999999999906e-02 1.070938039474264580e-03 2.191822013711576922e+00
-3.799999999999999906e-02 1.186185965770748503e-03 1.511131369153625670e+00
-3.799999999999999906e-02 1.292997624409688391e-03 1.014527734097130596e+00
-3.799999999999999906e-02 1.413346291117034562e-03 6.659214837863640657e-01
-3.799999999999999906e-02 1.526806010426676793e-03 4.138640245493426795e-01
-3.799999999999999906e-02 1.662992093224140069e-03 2.512694695187679406e-01
-3.799999999999999906e-02 1.796014206006934892e-03 1.436327385769410325e-01
-3.799999999999999906e-02 1.924567064879438702e-03 8.346906858003870500e-02
-3.799999999999999906e-02 2.091035633661796414e-03 5.556964146033782637e-02
-3.799999999999999906e-02 2.259376674551938618e-03 5.707718418017740380e-02
-3.799999999999999906e-02 2.428932806418845295e-03 7.396185787309710047e-02
-3.799999999999999906e-02 2.599048008402004856e-03 9.973096080931552476e-02
-3.799999999999999906e-02 2.769067672278630390e-03 1.334020436358176742e-01
-3.799999999999999906e-02 2.938338658430489359e-03 1.775731423656017605e-01
-3.799999999999999906e-02 3.180078929171552011e-03 2.349956692460583585e-01
-3.799999999999999906e-02 3.351667279130121375e-03 2.741259364192601966e-01
-3.799999999999999906e-02 3.520766691985007749e-03 3.350371645089912365e-01
-3.799999999999999906e-02 3.778614881476172454e-03 3.768452923467834337e-01
-3.799999999999999906e-02 4.045574314412253743e-03 4.386203163917291592e-01
-3.799999999999999906e-02 4.216554646279947055e-03 4.799306917537448092e-01
-3.799999999999999906e-02 4.494801737755244574e-03 5.291751495379859449e-01
-3.799999999999999906e-02 4.781938512664256000e-03 5.889650366801463255e-01
-3.799999999999999906e-02 4.951520841926963096e-03 6.241650082853571480e-01
-3.799999999999999906e-02 5.248844403563625999e-03 6.660263829236861000e-01
-3.799999999999999906e-02 5.554836290612438256e-03 7.137878800470363050e-01
-3.799999999999999906e-02 5.719750565287250177e-03 7.634945632990711717e-01
-3.799999999999999906e-02 6.034830161348825502e-03 7.934797498090171430e-01
-3.799999999999999906e-02 6.358356931567546964e-03 8.271917433579718537e-01
-3.799999999999999906e-02 6.690330875943418035e-03 8.633638488356673024e-01
-3.799999999999999906e-02 7.030751994476435243e-03 9.015119340702172357e-01
-3.799999999999999906e-02 7.379620287166597722e-03 9.410728985380607536e-01
-3.799999999999999906e-02 7.534572869831431506e-03 9.736595507601628618e-01
-3.799999999999999906e-02 7.890768831557018817e-03 9.974849900774538369e-01
-3.799999999999999906e-02 8.255191027964492098e-03 1.022479703138171159e+00
-3.799999999999999906e-02 8.627839459053847013e-03 1.048169032877351192e+00
-3.799999999999999906e-02 9.008714124825088765e-03 1.074453939711066175e+00
-3.799999999999999906e-02 9.397815025278217355e-03 1.100931250311067977e+00
-3.799999999999999906e-02 9.795142160413225843e-03 1.127784534196301092e+00
-3.799999999999999906e-02 1.020069553023012117e-02 1.154315792876261959e+00
-3.799999999999999906e-02 1.061447513472889813e-02 1.180446958877414243e+00
-3.799999999999999906e-02 1.074035535003015074e-02 1.204972833544298183e+00
-3.799999999999999906e-02 1.115904364090728081e-02 1.220755648497319656e+00
-3.799999999999999906e-02 1.158573744403828057e-02 1.236297464945790736e+00
-3.799999999999999906e-02 1.202043675942313962e-02 1.252033203888085033e+00
-3.799999999999999906e-02 1.246314158706186663e-02 1.267895884841443666e+00
-3.799999999999999906e-02 1.291385192695445640e-02 1.283566093629730176e+00
-3.799999999999999906e-02 1.337256777910091239e-02 1.299378816933069558e+00
-3.799999999999999906e-02 1.383928914350123114e-02 1.315287900860981463e+00
-3.653846153846154049e-02 9.679801588273696713e-04 3.367411552256494467e+00
-3.653846153846154049e-02 1.064310871754354420e-03 2.388064584913841326e+00
-3.653846153846154049e-02 1.163141951796192773e-03 1.664009560583280756e+00
-3.653846153846154049e-02 1.269233065305341033e-03 1.135176553305178082e+00
-3.653846153846154049e-02 1.364886798357208518e-03 7.541100150381887524e-01
-3.653846153846154049e-02 1.501548712908290029e-03 4.845039402031240394e-01
-3.653846153846154049e-02 1.606178417078972694e-03 2.995141052816039373e-01
-3.653846153846154049e-02 1.734750520743033510e-03 1.798623070143874347e-01
-3.653846153846154049e-02 1.897069032618498973e-03 1.017331458112252507e-01
-3.653846153846154049e-02 2.019881629513671072e-03 6.650289357548948288e-02
-3.653846153846154049e-02 2.182559222330045148e-03 5.104398389132844965e-02
-3.653846153846154049e-02 2.346421747173498430e-03 5.892002038334450548e-02
-3.653846153846154049e-02 2.510835925091972533e-03 8.180856469674273324e-02
-3.653846153846154049e-02 2.675169787964652105e-03 1.171567926901398715e-01
-3.653846153846154049e-02 2.904696748799130788e-03 1.662027984647168055e-01
-3.653846153846154049e-02 3.072343251066817025e-03 2.008075322765158766e-01
-3.653846153846154049e-02 3.238225639227283043e-03 2.505415983210455000e-01
-3.653846153846154049e-02 3.484392825546354586e-03 3.015218702739599910e-01
-3.653846153846154049e-02 3.650846245645363985e-03 3.505768679710328795e-01
-3.653846153846154049e-02 3.908778814601307321e-03 4.005767810641758242e-01
-3.653846153846154049e-02 4.074118900208893376e-03 4.568111767056060590e-01
-3.653846153846154049e-02 4.342966769951975628e-03 4.972775056204725153e-01
-3.653846153846154049e-02 4.620404028504740065e-03 5.498619286582107080e-01
-3.653846153846154049e-02 4.784427712041162961e-03 6.007416077421587897e-01
-3.653846153846154049e-02 5.071717846355457832e-03 6.370004685370356245e-01
-3.653846153846154049e-02 5.367383786334892909e-03 6.801408072825589901e-01
-3.653846153846154049e-02 5.671425531979469928e-03 7.281266398071336576e-01
-3.653846153846154049e-02 5.831392063508390733e-03 7.712113011376752203e-01
-3.653846153846154049e-02 6.144012533305388477e-03 8.017680003443441450e-01
-3.653846153846154049e-02 6.464795417457399988e-03 8.353379751722961322e-01
-3.653846153846154049e-02 6.793740715964425268e-03 8.713422312728680286e-01
-3.653846153846154049e-02 7.130848428826461714e-03 9.091595614450824758e-01
-3.653846153846154049e-02 7.476118556043511928e-03 9.482459156374860587e-01
-3.653846153846154049e-02 7.625050364844832701e-03 9.775012037946544385e-01
-3.653846153846154049e-02 7.977200790359965238e-03 1.001139233896983116e+00
-3.653846153846154049e-02 8.337300435412685687e-03 1.025707013402743950e+00
-3.653846153846154049e-02 8.705349300002994048e-03 1.051087863162742275e+00
-3.653846153846154049e-02 9.081347384130892056e-03 1.076832236413371779e+00
-3.653846153846154049e-02 9.465294687796376241e-03 1.103112302501749742e+00
-3.653846153846154049e-02 9.857191210999448339e-03 1.129202421651549937e+00
-3.653846153846154049e-02 1.025703695374010661e-02 1.155006901689507925e+00
-3.653846153846154049e-02 1.066483191601835280e-02 1.181038943101936356e+00
-3.653846153846154049e-02 1.078368029598728885e-02 1.205464065893641301e+00
-3.653846153846154049e-02 1.119602114752548706e-02 1.220623627420446056e+00
-3.653846153846154049e-02 1.161609822517134169e-02 1.236044423948605919e+00
-3.653846153846154049e-02 1.204391152892485446e-02 1.251663875138083304e+00
-3.653846153846154049e-02 1.247946105878602711e-02 1.267158798290017430e+00
-3.653846153846154049e-02 1.292274681475485618e-02 1.282847276903524847e+00
-3.653846153846154049e-02 1.337376879683134512e-02 1.298667625927129032e+00
-3.518518518518518740e-02 1.043397487435967184e-03 2.584541410461748345e+00
-3.518518518518518740e-02 1.141580727532166134e-03 1.821030835929209335e+00
-3.518518518518518740e-02 1.246987936982895100e-03 1.259762452046281789e+00
-3.518518518518518740e-02 1.342522184970194399e-03 8.472821858076158286e-01
-3.518518518518518740e-02 1.451817294722508112e-03 5.569262364060417747e-01
-3.518518518518518740e-02 1.582513221907043757e-03 3.470390023349617103e-01
-3.518518518518518740e-02 1.710484250648786628e-03 2.089075404215646192e-01
-3.518518518518518740e-02 1.834510682800485556e-03 1.254684550981753355e-01
-3.518518518518518740e-02 1.994105636856268599e-03 7.335789033501773082e-02
-3.518518518518518740e-02 2.155671210321430907e-03 5.945794148210007540e-02
-3.518518518518518740e-02 2.269292847388003527e-03 6.218211998922620887e-02
-3.518518518518518740e-02 2.428372264890958383e-03 8.012009975204030521e-02
-3.518518518518518740e-02 2.646058759858484905e-03 1.055101283030685927e-01
-3.518518518518518740e-02 2.809379827213094333e-03 1.363187687872708109e-01
-3.518518518518518740e-02 2.971614087361764550e-03 1.783024277856819217e-01
-3.518518518518518740e-02 3.206436064699707406e-03 2.336988757177350662e-01
-3.518518518518518740e-02 3.370257564236629408e-03 2.711192132973808677e-01
-3.518518518518518740e-02 3.531369324458070568e-03 3.325774984376143051e-01
-3.518518518518518740e-02 3.780860839713233446e-03 3.701591293692673701e-01
-3.518518518518518740e-02 4.038867423748437185e-03 4.271553995018628758e-01
-3.518518518518518740e-02 4.200974468254780984e-03 4.715212964648067273e-01
-3.518518518518518740e-02 4.469340979319670094e-03 5.164228357483980902e-01
-3.518518518518518740e-02 4.746016051098642281e-03 5.714085556731649529e-01
-3.518518518518518740e-02 4.906060478231263032e-03 6.125407136722003099e-01
-3.518518518518518740e-02 5.192069090467958323e-03 6.507112129987727700e-01
-3.518518518518518740e-02 5.486179929680198158e-03 6.945954061452364048e-01
-3.518518518518518740e-02 5.788392995867979937e-03 7.431126368938960614e-01
-3.518518518518518740e-02 5.943531089546611607e-03 7.794992610487290197e-01
-3.518518518518518740e-02 6.253846707331687550e-03 8.102356519092370757e-01
-3.518518518518518740e-02 6.572058396816128981e-03 8.438833198166832972e-01
-3.518518518518518740e-02 6.898166157999935030e-03 8.797616177140717975e-01
-3.518518518518518740e-02 7.232169990883107434e-03 9.172718397208488028e-01
-3.518518518518518740e-02 7.574069895465644457e-03 9.556763183154668440e-01
-3.518518518518518740e-02 7.717168374556718918e-03 9.817073394292807897e-01
-3.518518518518518740e-02 8.065529869462071885e-03 1.005022358385832426e+00
-3.518518518518518740e-02 8.421581463592706790e-03 1.029378815310793671e+00
-3.518518518518518740e-02 8.785323156948628837e-03 1.054279118686469285e+00
-3.518518518518518740e-02 9.156754949529834556e-03 1.079883106854748309e+00
-3.518518518518518740e-02 9.535876841336318743e-03 1.105437625665205870e+00
-3.518518518518518740e-02 9.922688832368091807e-03 1.130828638176788914e+00
-3.518518518518518740e-02 1.031719092262514507e-02 1.156564579702501261e+00
-3.518518518518518740e-02 1.071938311210748375e-02 1.182295776993412151e+00
-3.518518518518518740e-02 1.083144907137426581e-02 1.205929317926022648e+00
-3.518518518518518740e-02 1.123784732773861969e-02 1.220974846714096618e+00
-3.518518518518518740e-02 1.165172989821649727e-02 1.236295070592790424e+00
-3.518518518518518740e-02 1.207309678280790201e-02 1.251563467513578720e+00
-3.518518518518518740e-02 1.250194798151283045e-02 1.267079343576110295e+00
-3.518518518518518740e-02 1.293828349433128085e-02 1.282766570733736344e+00
-3.392857142857142599e-02 1.023797584316083484e-03 2.786177810556034196e+00
-3.392857142857142599e-02 1.121364967414877284e-03 1.981685283380960838e+00
-3.392857142857142599e-02 1.226122522421679763e-03 1.387926721551171028e+00
-3.392857142857142599e-02 1.321534687380955400e-03 9.453268041948938993e-01
-3.392857142857142599e-02 1.430458914110217111e-03 6.282589746598339353e-01
-3.392857142857142599e-02 1.560288617051523111e-03 4.046124911592027251e-01
-3.392857142857142599e-02 1.687686786422604428e-03 2.515185261247422366e-01
-3.392857142857142599e-02 1.811471848846399682e-03 1.472164591180762649e-01
-3.392857142857142599e-02 1.930466698625254692e-03 9.141332099589991045e-02
-3.392857142857142599e-02 2.086928421359006327e-03 5.727805393592842742e-02
-3.392857142857142599e-02 2.244712645903686708e-03 5.146478178857125108e-02
-3.392857142857142599e-02 2.403226553623305679e-03 6.249415066376828171e-02
-3.392857142857142599e-02 2.561878434693409378e-03 8.526738604334378746e-02
-3.392857142857142599e-02 2.720077731170456210e-03 1.192092968493079774e-01
-3.392857142857142599e-02 2.877235083035394221e-03 1.670479274186101593e-01
-3.392857142857142599e-02 3.104599071629320518e-03 2.019612351739308864e-01
-3.392857142857142599e-02 3.263310419674809396e-03 2.498596323425114618e-01
-3.392857142857142599e-02 3.502303445079283772e-03 2.982628204977242903e-01
-3.392857142857142599e-02 3.660990749703774139e-03 3.471411805937842932e-01
-3.392857142857142599e-02 3.910817378495324952e-03 3.933520364999910646e-01
-3.392857142857142599e-02 4.067906141341092949e-03 4.517418417169107303e-01
-3.392857142857142599e-02 4.327771985978008662e-03 4.885040021240830699e-01
-3.392857142857142599e-02 4.595683212801825353e-03 5.367547244495389780e-01
-3.392857142857142599e-02 4.750803162292028398e-03 5.925414377333600990e-01
-3.392857142857142599e-02 5.027760738637828894e-03 6.254063522666944985e-01
-3.392857142857142599e-02 5.312564138676144875e-03 6.648807532486969984e-01
-3.392857142857142599e-02 5.605213362406974605e-03 7.097402505022296637e-01
-3.392857142857142599e-02 5.905708409830320686e-03 7.586396757858419049e-01
-3.392857142857142599e-02 6.056126786447291188e-03 7.880031356912012841e-01
-3.392857142857142599e-02 6.364277981485076154e-03 8.190875836497358842e-01
-3.392857142857142599e-02 6.680075608161514800e-03 8.528368115627933399e-01
-3.392857142857142599e-02 7.003519666476607994e-03 8.885962272699331477e-01
-3.392857142857142599e-02 7.334610156430355736e-03 9.255685311720198705e-01
-3.392857142857142599e-02 7.673347078022758894e-03 9.635333480957726238e-01
-3.392857142857142599e-02 7.810782874059870977e-03 9.860895314725366401e-01
-3.392857142857142599e-02 8.155588700673562647e-03 1.009303928152030849e+00
-3.392857142857142599e-02 8.507841737365306328e-03 1.033251392914324551e+00
-3.392857142857142599e-02 8.867541984135095950e-03 1.058078545497251222e+00
-3.392857142857142599e-02 9.234689440982936717e-03 1.083004852759337222e+00
-3.392857142857142599e-02 9.609284107908826894e-03 1.107897243209952975e+00
-3.392857142857142599e-02 9.991325984912764746e-03 1.133258144205568918e+00
-3.392857142857142599e-02 1.038081507199475374e-02 1.158700531287454538e+00
-3.392857142857142599e-02 1.077775136915479388e-02 1.183374675009968735e+00
-3.392857142857142599e-02 1.088326211238323585e-02 1.206814925744818634e+00
-3.392857142857142599e-02 1.128408554118524344e-02 1.221780813799288046e+00
-3.392857142857142599e-02 1.169215713325673194e-02 1.236772223548724181e+00
-3.392857142857142599e-02 1.210747688859769092e-02 1.252067855809267938e+00
-3.392857142857142599e-02 1.253004480720812559e-02 1.267578204154580890e+00
-3.275862068965516849e-02 1.005392128556364690e-03 2.992217585087988407e+00
-3.275862068965516849e-02 1.102373604429674738e-03 2.145518075757016252e+00
-3.275862068965516849e-02 1.206513508613620174e-03 1.519342636654518408e+00
-3.275862068965516849e-02 1.301802214376150636e-03 1.047911896067631021e+00
-3.275862068965516849e-02 1.410369846762145720e-03 7.064518029453800141e-01
-3.275862068965516849e-02 1.511817494201060869e-03 4.659258689167237177e-01
-3.275862068965516849e-02 1.635326723167442476e-03 2.921482863082234815e-01
-3.275862068965516849e-02 1.755347926282052563e-03 1.818566748439502945e-01
-3.275862068965516849e-02 1.908885044875532899e-03 1.042985662070455982e-01
-3.275862068965516849e-02 2.064476272964324306e-03 7.447457500468672442e-02
-3.275862068965516849e-02 2.175366863210195355e-03 5.479686579763015652e-02
-3.275862068965516849e-02 2.329040382496269136e-03 5.845161431357201454e-02
-3.275862068965516849e-02 2.482856362396686743e-03 7.889177433326882705e-02
-3.275862068965516849e-02 2.695883018728299340e-03 1.136418357809548252e-01
-3.275862068965516849e-02 2.853129270000095020e-03 1.410682688810743768e-01
-3.275862068965516849e-02 3.008990781382384593e-03 1.802804665870463841e-01
-3.275862068965516849e-02 3.237731726837216051e-03 2.350075626798561190e-01
-3.275862068965516849e-02 3.394537493801261588e-03 2.704848776739282035e-01
-3.275862068965516849e-02 3.634361829662509716e-03 3.304325167805586827e-01
-3.275862068965516849e-02 3.790584184630051753e-03 3.661912129355745504e-01
-3.275862068965516849e-02 4.040721823732179412e-03 4.195309040525802002e-01
-3.275862068965516849e-02 4.194836436892507812e-03 4.659658088764642714e-01
-3.275862068965516849e-02 4.454518273129345722e-03 5.070784044033128657e-01
-3.275862068965516849e-02 4.721998362706630176e-03 5.583771016966349032e-01
-3.275862068965516849e-02 4.873462243742451849e-03 6.041357950229122586e-01
-3.275862068965516849e-02 5.149525224685386898e-03 6.389030505197983434e-01
-3.275862068965516849e-02 5.433193246425646605e-03 6.798305097924441931e-01
-3.275862068965516849e-02 5.724466308963231838e-03 7.254726903630521750e-01
-3.275862068965516849e-02 5.870439446785447046e-03 7.685878058235018351e-01
-3.275862068965516849e-02 6.169142395834025135e-03 7.969083591693065793e-01
-3.275862068965516849e-02 6.475257328729959808e-03 8.283436971112787539e-01
-3.275862068965516849e-02 6.788784245473254535e-03 8.621822049363387919e-01
-3.275862068965516849e-02 7.109723146063907581e-03 8.975657547552670090e-01
-3.275862068965516849e-02 7.438074030501920682e-03 9.342352534511463302e-01
-3.275862068965516849e-02 7.571522076167570316e-03 9.688834139679395330e-01
-3.275862068965516849e-02 7.905765771107176737e-03 9.908406934462301585e-01
-3.275862068965516849e-02 8.247228552330579388e-03 1.013728865294213355e+00
-3.275862068965516849e-02 8.595910419837770461e-03 1.037680484798099156e+00
-3.275862068965516849e-02 8.951811373628755161e-03 1.061887783178292022e+00
-3.275862068965516849e-02 9.314931413703535223e-03 1.086197993886989233e+00
-3.275862068965516849e-02 9.685270540062105443e-03 1.111106343804404650e+00
-3.275862068965516849e-02 1.006282875270446756e-02 1.136187087758738334e+00
-3.275862068965516849e-02 1.044760605163062850e-02 1.160603282630469080e+00
-3.275862068965516849e-02 1.083960243684057613e-02 1.185179341340641956e+00
-3.275862068965516849e-02 1.093876546518243384e-02 1.208112546361453710e+00
-3.275862068965516849e-02 1.133434908800958971e-02 1.222777275899201044e+00
-3.275862068965516849e-02 1.173695906292958856e-02 1.237805729164646040e+00
-3.275862068965516849e-02 1.214659538994243039e-02 1.253096062871690730e+00
-3.166666666666666935e-02 1.001374717501606060e-03 3.194432773852513563e+00
-3.166666666666666935e-02 1.084499525157724652e-03 2.312122908635654728e+00
-3.166666666666666935e-02 1.188051684273901945e-03 1.653712156868805794e+00
-3.166666666666666935e-02 1.283216505371661403e-03 1.154728523085846170e+00
-3.166666666666666935e-02 1.391441348797286832e-03 7.910855900370090676e-01
-3.166666666666666935e-02 1.492954397243890239e-03 5.234509650717513729e-01
-3.166666666666666935e-02 1.616043002673484864e-03 3.358087451723411609e-01
-3.166666666666666935e-02 1.735940396990973784e-03 2.067874031467111517e-01
-3.166666666666666935e-02 1.851539571091702927e-03 1.285601302823695113e-01
-3.166666666666666935e-02 2.002499365937849499e-03 7.559914738766081166e-02
-3.166666666666666935e-02 2.154900572545189168e-03 5.666580266501705654e-02
-3.166666666666666935e-02 2.308186018235831947e-03 5.715785372238627038e-02
-3.166666666666666935e-02 2.461799477564319445e-03 6.942510056854866995e-02
-3.166666666666666935e-02 2.615185708345985939e-03 9.085085705651785304e-02
-3.166666666666666935e-02 2.767790490120025735e-03 1.225898173928158391e-01
-3.166666666666666935e-02 2.919060665278450616e-03 1.683108057354746057e-01
-3.166666666666666935e-02 3.140965199033467561e-03 2.048190915793795530e-01
-3.166666666666666935e-02 3.293165911763584145e-03 2.506416244269960014e-01
-3.166666666666666935e-02 3.525828337531989286e-03 2.973235605975469431e-01
-3.166666666666666935e-02 3.677478430226740602e-03 3.454883684075201189e-01
-3.166666666666666935e-02 3.920152310447050543e-03 3.889474861883432943e-01
-3.166666666666666935e-02 4.170579349779829012e-03 4.483288125493637977e-01
-3.166666666666666935e-02 4.321713569435333552e-03 4.822606190697530382e-01
-3.166666666666666935e-02 4.581219145976126242e-03 5.272634350228609934e-01
-3.166666666666666935e-02 4.848290482765922615e-03 5.811780901372196606e-01
-3.166666666666666935e-02 4.996132471397387621e-03 6.165845553193567419e-01
-3.166666666666666935e-02 5.271350661944296419e-03 6.533147942937795882e-01
-3.166666666666666935e-02 5.553947356259217490e-03 6.954552016639641288e-01
-3.166666666666666935e-02 5.843922554342153436e-03 7.413436017003717238e-01
-3.166666666666666935e-02 5.985540271028973701e-03 7.772999125652428898e-01
-3.166666666666666935e-02 6.282544804373717089e-03 8.062416199097631742e-01
-3.166666666666666935e-02 6.586740730777654318e-03 8.379935746433806454e-01
-3.166666666666666935e-02 6.898128050240786256e-03 8.716357042026063873e-01
-3.166666666666666935e-02 7.216706762763113771e-03 9.068690996728789866e-01
-3.166666666666666935e-02 7.542476868344635127e-03 9.431118764811008415e-01
-3.166666666666666935e-02 7.670693221868406589e-03 9.739669559795365306e-01
-3.166666666666666935e-02 8.002002840352571630e-03 9.956916468416858734e-01
-3.166666666666666935e-02 8.340316890517158674e-03 1.018671054600801762e+00
-3.166666666666666935e-02 8.685635372362172923e-03 1.042070325681510479e+00
-3.166666666666666935e-02 9.037958285887614379e-03 1.065716366267530857e+00
-3.166666666666666935e-02 9.397285631093481306e-03 1.090096059004704410e+00
-3.166666666666666935e-02 9.763617407979773705e-03 1.114743601934295558e+00
-3.166666666666666935e-02 1.013695361654649678e-02 1.138837241151033020e+00
-3.166666666666666935e-02 1.051729425679364185e-02 1.163164685002642695e+00
-3.166666666666666935e-02 1.090463932872121414e-02 1.187504682212293661e+00
-3.166666666666666935e-02 1.099764461172432831e-02 1.209570920173345776e+00
-3.166666666666666935e-02 1.138829443086475553e-02 1.224285954929045017e+00
-3.166666666666666935e-02 1.178576187337586692e-02 1.239313750537053949e+00
-3.064516129032257563e-02 9.846534880194131225e-04 3.399403996182162047e+00
-3.064516129032257563e-02 1.067647639879523627e-03 2.481136313015685158e+00
-3.064516129032257563e-02 1.153073347966886543e-03 1.789304831597661849e+00
-3.064516129032257563e-02 1.265681256785112542e-03 1.265488920665855721e+00
-3.064516129032257563e-02 1.350625512876886623e-03 8.781261459716561690e-01
-3.064516129032257563e-02 1.475144159723090287e-03 5.901959574253732299e-01
-3.064516129032257563e-02 1.568776646334817722e-03 3.909430082785585459e-01
-3.064516129032257563e-02 1.717603548120862338e-03 2.480480635352387553e-01
-3.064516129032257563e-02 1.833389769299077939e-03 1.471149716015442976e-01
-3.064516129032257563e-02 1.944116747850002267e-03 9.522548142486951528e-02
-3.064516129032257563e-02 2.092117317533637513e-03 5.986981849522000909e-02
-3.064516129032257563e-02 2.240983336272866968e-03 5.076757186412336059e-02
-3.064516129032257563e-02 2.390175041435244150e-03 5.874011887724097519e-02
-3.064516129032257563e-02 2.539153593570798138e-03 8.000952109377743038e-02
-3.064516129032257563e-02 2.687381112560513832e-03 1.147137559985780680e-01
-3.064516129032257563e-02 2.899742518907311509e-03 1.476381941292817246e-01
-3.064516129032257563e-02 3.049783390458988414e-03 1.833560491890652566e-01
-3.064516129032257563e-02 3.197639695091447892e-03 2.384896368767575603e-01
-3.064516129032257563e-02 3.423553186281116153e-03 2.713544008031694710e-01
-3.064516129032257563e-02 3.657177035531865815e-03 3.294650404478989270e-01
-3.064516129032257563e-02 3.806528923187336468e-03 3.641874545880224301e-01
-3.064516129032257563e-02 4.049697477079490168e-03 4.149530182814838986e-01
-3.064516129032257563e-02 4.196552824058770101e-03 4.621856153918691978e-01
-3.064516129032257563e-02 4.448542883694664961e-03 5.005482541890245995e-01
-3.064516129032257563e-02 4.707879592299536557e-03 5.489139511797496152e-01
-3.064516129032257563e-02 4.851560333365641069e-03 5.978493597912730717e-01
-3.064516129032257563e-02 5.118814587315514975e-03 6.301260303578944955e-01
-3.064516129032257563e-02 5.393233834668870359e-03 6.685278580969626905e-01
-3.064516129032257563e-02 5.674818075425708090e-03 7.113042386154999619e-01
-3.064516129032257563e-02 5.963567309586028167e-03 7.576327785654648483e-01
-3.064516129032257563e-02 6.100903158765416147e-03 7.864906989582822749e-01
-3.064516129032257563e-02 6.396304138156657347e-03 8.159947988638891481e-01
-3.064516129032257563e-02 6.698688592237999478e-03 8.477466601711693972e-01
-3.064516129032257563e-02 7.008056521009442541e-03 8.814065320950424942e-01
-3.064516129032257563e-02 7.324407924470984800e-03 9.163450499222545176e-01
-3.064516129032257563e-02 7.647742802622627990e-03 9.522817553238730470e-01
-3.064516129032257563e-02 7.770850709462418654e-03 9.791201479115485551e-01
-3.064516129032257563e-02 8.099391954597339599e-03 1.001032643663509525e+00
-3.064516129032257563e-02 8.434735295904823710e-03 1.023536613730105183e+00
-3.064516129032257563e-02 8.776880733384872721e-03 1.046438032166361110e+00
-3.064516129032257563e-02 9.125828267037490102e-03 1.070214340928906216e+00
-3.064516129032257563e-02 9.481577896862672383e-03 1.094358377874620869e+00
-3.064516129032257563e-02 9.844129622860421300e-03 1.118065932227979786e+00
-3.064516129032257563e-02 1.021348344503073512e-02 1.142084744911942451e+00
-3.064516129032257563e-02 1.058963936337361383e-02 1.166196341292579097e+00
-3.064516129032257563e-02 1.097259737788905745e-02 1.189946410254894449e+00
-3.064516129032257563e-02 1.105961924115912189e-02 1.211501599149189090e+00
-3.064516129032257563e-02 1.144561545873288948e-02 1.226224936944568800e+00
-2.968750000000000208e-02 1.051733259812930510e-03 2.652232713094743843e+00
-2.968750000000000208e-02 1.137136437261427116e-03 1.926978234203581941e+00
-2.968750000000000208e-02 1.229528285354464798e-03 1.378144770384233109e+00
-2.968750000000000208e-02 1.334402394399686245e-03 9.620893934453360608e-01
-2.968750000000000208e-02 1.433141717662675353e-03 6.614697736720251964e-01
-2.968750000000000208e-02 1.552385679979390812e-03 4.353693186723188724e-01
-2.968750000000000208e-02 1.668810305024502356e-03 2.788303166469191519e-01
-2.968750000000000208e-02 1.781370882790251709e-03 1.767791175330030440e-01
-2.968750000000000208e-02 1.927427672537907312e-03 1.050295014046908199e-01
-2.968750000000000208e-02 2.075029647812123325e-03 7.361633782560528250e-02
-2.968750000000000208e-02 2.177564484896313095e-03 5.875604787496377379e-02
-2.968750000000000208e-02 2.322580309150149361e-03 6.094043710194923386e-02
-2.968750000000000208e-02 2.521855436303417370e-03 8.009667184600616219e-02
-2.968750000000000208e-02 2.670391108234532272e-03 9.896521170814399915e-02
-2.968750000000000208e-02 2.817852761668868198e-03 1.275339034559116180e-01
-2.968750000000000208e-02 2.963719266935742249e-03 1.703389214647366423e-01
-2.968750000000000208e-02 3.180771322352857287e-03 2.095545021635898952e-01
-2.968750000000000208e-02 3.327013514314396819e-03 2.523192894560548627e-01
-2.968750000000000208e-02 3.554049480000010756e-03 2.984468913857506456e-01
-2.968750000000000208e-02 3.699271913812697456e-03 3.450989095315984412e-01
-2.968750000000000208e-02 3.935588679004244604e-03 3.868424994901876746e-01
-2.968750000000000208e-02 4.179221752715652285e-03 4.432999812812118967e-01
-2.968750000000000208e-02 4.323293963349557865e-03 4.781323710238465363e-01
-2.968750000000000208e-02 4.575329035529237046e-03 5.206419224484144515e-01
-2.968750000000000208e-02 4.834503911453384532e-03 5.714600607206927751e-01
-2.968750000000000208e-02 4.974809871188234575e-03 6.101986497182709801e-01
-2.968750000000000208e-02 5.241509037038167770e-03 6.446325813623858814e-01
-2.968750000000000208e-02 5.515171627583921599e-03 6.840857803293145523e-01
-2.968750000000000208e-02 5.795797642825496927e-03 7.276275851771789593e-01
-2.968750000000000208e-02 5.929411275988816753e-03 7.690518092058189481e-01
-2.968750000000000208e-02 6.216508751978751766e-03 7.961509862750508759e-01
-2.968750000000000208e-02 6.510393402341970240e-03 8.258674570419511918e-01
-2.968750000000000208e-02 6.811065227078473908e-03 8.578196715700753261e-01
-2.968750000000000208e-02 7.118524226188261902e-03 8.913298263707558622e-01
-2.968750000000000208e-02 7.432770399671334224e-03 9.260950092853945659e-01
-2.968750000000000208e-02 7.753803747527693475e-03 9.615909452991797668e-01
-2.968750000000000208e-02 7.871916511245963602e-03 9.847478951922983281e-01
-2.968750000000000208e-02 8.197841568357984790e-03 1.006271001748681559e+00
-2.968750000000000208e-02 8.530377681395199391e-03 1.028348856008078460e+00
-2.968750000000000208e-02 8.869524850357605669e-03 1.051448408670131451e+00
-2.968750000000000208e-02 9.215283075245207095e-03 1.075019865952123954e+00
-2.968750000000000208e-02 9.567652356058001933e-03 1.098278866035436563e+00
-2.968750000000000208e-02 9.926632692795988450e-03 1.121930003192824543e+00
-2.968750000000000208e-02 1.029222408545916838e-02 1.145758251274622719e+00
-2.968750000000000208e-02 1.066442653404754172e-02 1.169304688735250064e+00
-2.968750000000000208e-02 1.104324003856110674e-02 1.193086006726205905e+00
-2.968750000000000208e-02 1.112443880931404151e-02 1.213823357214461662e+00
-2.878787878787878937e-02 1.036680726915410354e-03 2.825120120818435776e+00
-2.878787878787878937e-02 1.122057106947686473e-03 2.066838396863281968e+00
-2.878787878787878937e-02 1.214397555725606898e-03 1.489008975400464063e+00
-2.878787878787878937e-02 1.319041973553976548e-03 1.051939207225261796e+00
-2.878787878787878937e-02 1.417897596355826260e-03 7.275186278750367386e-01
-2.878787878787878937e-02 1.536855796818609740e-03 4.918934135493398530e-01
-2.878787878787878937e-02 1.653247497158248430e-03 3.225123213773141151e-01
-2.878787878787878937e-02 1.766056137117656428e-03 2.006724644181993034e-01
-2.878787878787878937e-02 1.874268401395208852e-03 1.265809881927421610e-01
-2.878787878787878937e-02 2.017834930448647850e-03 7.652187947582637928e-02
-2.878787878787878937e-02 2.162398827298013786e-03 5.613971557040343952e-02
-2.878787878787878937e-02 2.307450054939809165e-03 5.374146641715477762e-02
-2.878787878787878937e-02 2.452479374280860675e-03 6.350223362209803102e-02
-2.878787878787878937e-02 2.596978374717896689e-03 8.396141192984796220e-02
-2.878787878787878937e-02 2.740439506791759929e-03 1.166536451060999069e-01
-2.878787878787878937e-02 2.948765410488059669e-03 1.559861486497260974e-01
-2.878787878787878937e-02 3.093449430385153583e-03 1.878864469828006034e-01
-2.878787878787878937e-02 3.235742737602976746e-03 2.400191683078207183e-01
-2.878787878787878937e-02 3.456550370028025655e-03 2.736954733038357013e-01
-2.878787878787878937e-02 3.684645383061163366e-03 3.307591300091361486e-01
-2.878787878787878937e-02 3.827702485253917878e-03 3.638676136377777537e-01
-2.878787878787878937e-02 4.064656851626157440e-03 4.124405686475970390e-01
-2.878787878787878937e-02 4.204869328037545012e-03 4.599191319884439189e-01
-2.878787878787878937e-02 4.450000599142916666e-03 4.962766715447581301e-01
-2.878787878787878937e-02 4.702076098891502104e-03 5.419298729271704307e-01
-2.878787878787878937e-02 4.838644510046142926e-03 5.934685493507922960e-01
-2.878787878787878937e-02 5.098043861596725408e-03 6.237125339785486444e-01
-2.878787878787878937e-02 5.364216042169516786e-03 6.596377134301307787e-01
-2.878787878787878937e-02 5.637161051764517060e-03 7.002029033516188328e-01
-2.878787878787878937e-02 5.916878890381724494e-03 7.444038979328426731e-01
-2.878787878787878937e-02 6.046492320695414334e-03 7.784278777797365434e-01
-2.878787878787878937e-02 6.332339466173305884e-03 8.059674714143144625e-01
-2.878787878787878937e-02 6.624788162355075942e-03 8.360811049721411647e-01
-2.878787878787878937e-02 6.923838409240721907e-03 8.680416304398693716e-01
-2.878787878787878937e-02 7.229490206830247248e-03 9.015234607036152203e-01
-2.878787878787878937e-02 7.541743555123651965e-03 9.359502557734007411e-01
-2.878787878787878937e-02 7.656801908349724836e-03 9.697997024659605891e-01
-2.878787878787878937e-02 7.973820463578192713e-03 9.902580614616047772e-01
-2.878787878787878937e-02 8.297269415464438372e-03 1.011434891742905240e+00
-2.878787878787878937e-02 8.627148764008463547e-03 1.033785646696399052e+00
-2.878787878787878937e-02 8.963458509210266503e-03 1.056716660670946384e+00
-2.878787878787878937e-02 9.306198651069848976e-03 1.079465679411578671e+00
-2.878787878787878937e-02 9.655369189587207496e-03 1.102691053051075398e+00
-2.878787878787878937e-02 1.001097012476234380e-02 1.126181864892353834e+00
-2.878787878787878937e-02 1.037300145659526135e-02 1.149475004314807425e+00
-2.878787878787878937e-02 1.074146318508595495e-02 1.173065978555329458e+00
-2.878787878787878937e-02 1.111635531023442633e-02 1.196596888365230038e+00
-2.794117647058823317e-02 1.022422252248478226e-03 2.999536376138373761e+00
-2.794117647058823317e-02 1.107768360321191364e-03 2.208683296281169994e+00
-2.794117647058823317e-02 1.200055340281706243e-03 1.603330758574493586e+00
-2.794117647058823317e-02 1.304477700090023130e-03 1.147322958480900601e+00
-2.794117647058823317e-02 1.403438438620695445e-03 8.020593281379028161e-01
-2.794117647058823317e-02 1.495457623903322618e-03 5.481867351107750919e-01
-2.794117647058823317e-02 1.608762169365303592e-03 3.619328346093461102e-01
-2.794117647058823317e-02 1.718588613585499960e-03 2.350328282105229594e-01
-2.794117647058823317e-02 1.860249450056524834e-03 1.446825297121137888e-01
-2.794117647058823317e-02 1.963695813141529915e-03 9.473043992853077966e-02
-2.794117647058823317e-02 2.104416535984466458e-03 6.127870905088849546e-02
-2.794117647058823317e-02 2.245617051091363444e-03 5.139297827484571451e-02
-2.794117647058823317e-02 2.386801960886232588e-03 5.811355227630065484e-02
-2.794117647058823317e-02 2.527476649911782232e-03 7.897020134426202542e-02
-2.794117647058823317e-02 2.727202134836606041e-03 1.097845910717331064e-01
-2.794117647058823317e-02 2.869901608725283076e-03 1.342011009265269006e-01
-2.794117647058823317e-02 3.010772542350349194e-03 1.736132341940296864e-01
-2.794117647058823317e-02 3.223483854780097475e-03 2.156968968990333468e-01
-2.794117647058823317e-02 3.364233583392073693e-03 2.550414492091023777e-01
-2.794117647058823317e-02 3.586236685011597383e-03 3.012558682252985398e-01
-2.794117647058823317e-02 3.725546127716299061e-03 3.459023316942771431e-01
-2.794117647058823317e-02 3.956176492924791746e-03 3.862431293127697174e-01
-2.794117647058823317e-02 4.193732694926332986e-03 4.407455607115420282e-01
-2.794117647058823317e-02 4.331322897096380117e-03 4.757349361536141741e-01
-2.794117647058823317e-02 4.576675759311353044e-03 5.159584721080627823e-01
-2.794117647058823317e-02 4.828787653543266563e-03 5.646097121859419143e-01
-2.794117647058823317e-02 4.962185465705468146e-03 6.057120877757155020e-01
-2.794117647058823317e-02 5.221264391205288416e-03 6.379105539103877565e-01
-2.794117647058823317e-02 5.486935655776351700e-03 6.753146633162148138e-01
-2.794117647058823317e-02 5.759199259418656264e-03 7.168535304978305156e-01
-2.794117647058823317e-02 6.038055202132202974e-03 7.615861741480003388e-01
-2.794117647058823317e-02 6.163718110219708682e-03 7.880166108780750633e-01
-2.794117647058823317e-02 6.448379306069183629e-03 8.161638759196185866e-01
-2.794117647058823317e-02 6.739466262547314131e-03 8.464562805081647934e-01
-2.794117647058823317e-02 7.036978979654101053e-03 8.785453757496171079e-01
-2.794117647058823317e-02 7.340917457389547866e-03 9.118013950702168469e-01
-2.794117647058823317e-02 7.651281695753645896e-03 9.463046172287198354e-01
-2.794117647058823317e-02 7.761656559491896847e-03 9.754825782979301696e-01
-2.794117647058823317e-02 8.076499324078308464e-03 9.956823798174090356e-01
-2.794117647058823317e-02 8.397601388159481317e-03 1.017213602298561170e+00
-2.794117647058823317e-02 8.724962751735412803e-03 1.039437498521260439e+00
-2.794117647058823317e-02 9.058583414806104656e-03 1.061616134032351333e+00
-2.794117647058823317e-02 9.398463377371553407e-03 1.084358597225095977e+00
-2.794117647058823317e-02 9.744602639431764260e-03 1.107458731085367409e+00
-2.794117647058823317e-02 1.009700120098673548e-02 1.130449650729466349e+00
-2.794117647058823317e-02 1.045565906203646360e-02 1.153803979956910197e+00
-2.794117647058823317e-02 1.082057622258095209e-02 1.177152452503534619e+00
-2.714285714285714565e-02 1.022416022190083705e-03 3.175039220425996067e+00
-2.714285714285714565e-02 1.094209949389385967e-03 2.352327118109994952e+00
-2.714285714285714565e-02 1.186441930290872216e-03 1.720880617820240932e+00
-2.714285714285714565e-02 1.270153726556012830e-03 1.243836947260438697e+00
-2.714285714285714565e-02 1.366563223704697671e-03 8.808477192420672841e-01
-2.714285714285714565e-02 1.482167495366826498e-03 6.049495867045375785e-01
-2.714285714285714565e-02 1.595513044078888769e-03 4.078302331090382649e-01
-2.714285714285714565e-02 1.705636187018073078e-03 2.639596489913856314e-01
-2.714285714285714565e-02 1.811576068428424023e-03 1.678040348142276761e-01
-2.714285714285714565e-02 1.951153909846888327e-03 1.039438245075064854e-01
-2.714285714285714565e-02 2.091846118300565160e-03 7.370814581064596971e-02
-2.714285714285714565e-02 2.186998438898347247e-03 6.105125694072009029e-02
-2.714285714285714565e-02 2.324536447299635575e-03 6.351816994105521919e-02
-2.714285714285714565e-02 2.515778552257624378e-03 7.299307960035654463e-02
-2.714285714285714565e-02 2.656101414892604335e-03 9.097215482510027929e-02
-2.714285714285714565e-02 2.795128914694930498e-03 1.204946335545870606e-01
-2.714285714285714565e-02 2.999834023865953318e-03 1.664781528360629037e-01
-2.714285714285714565e-02 3.139554388015639280e-03 1.935872353071082519e-01
-2.714285714285714565e-02 3.276698661469060712e-03 2.423206476687868038e-01
-2.714285714285714565e-02 3.492925403128661552e-03 2.772844549881584575e-01
-2.714285714285714565e-02 3.628677225719688457e-03 3.328241186737918578e-01
-2.714285714285714565e-02 3.853310910313057554e-03 3.645994520065158340e-01
-2.714285714285714565e-02 4.084690351200522852e-03 4.118607907410450353e-01
-2.714285714285714565e-02 4.218782909423145211e-03 4.589354644093205371e-01
-2.714285714285714565e-02 4.457760812129147633e-03 4.934738364076383665e-01
-2.714285714285714565e-02 4.703322128132835303e-03 5.373083062017277589e-01
-2.714285714285714565e-02 4.955466857434209088e-03 5.884391209877013473e-01
-2.714285714285714565e-02 5.085699840638988924e-03 6.188558222231123063e-01
-2.714285714285714565e-02 5.344473234717107488e-03 6.529196527211711398e-01
-2.714285714285714565e-02 5.609667804826940808e-03 6.916300600723157554e-01
-2.714285714285714565e-02 5.881283550968488885e-03 7.339837759229315139e-01
-2.714285714285714565e-02 6.003803087513697075e-03 7.719853030612635614e-01
-2.714285714285714565e-02 6.281078870730119786e-03 7.980414757176882423e-01
-2.714285714285714565e-02 6.564613700971742849e-03 8.265499812064248664e-01
-2.714285714285714565e-02 6.854407578238567132e-03 8.571393547541147351e-01
-2.714285714285714565e-02 7.150460502530596972e-03 8.891250978626983326e-01
-2.714285714285714565e-02 7.452772473847824562e-03 9.225687669500310939e-01
-2.714285714285714565e-02 7.761343492190253372e-03 9.564620357881568058e-01
-2.714285714285714565e-02 7.867118372755096956e-03 9.810777442053353337e-01
-2.714285714285714565e-02 8.179895957015076088e-03 1.001719983087918209e+00
-2.714285714285714565e-02 8.498770570207998115e-03 1.023171255874646857e+00
-2.714285714285714565e-02 8.823742212333864771e-03 1.044720114619854368e+00
-2.714285714285714565e-02 9.154810883392672585e-03 1.066923446466196079e+00
-2.714285714285714565e-02 9.491976583384425029e-03 1.089580493708862896e+00
-2.714285714285714565e-02 9.835239312309118631e-03 1.112221005571959465e+00
-2.714285714285714565e-02 1.018459907016675686e-02 1.135293064698177368e+00
-2.714285714285714565e-02 1.054005585695733625e-02 1.158417025110885623e+00
-2.638888888888889228e-02 1.009215211683694600e-03 3.349430836824373259e+00
-2.638888888888889228e-02 1.081327553471877903e-03 2.497598772919213506e+00
-2.638888888888889228e-02 1.173503449682852372e-03 1.841443705148177568e+00
-2.638888888888889228e-02 1.257539930251973335e-03 1.337642027309405401e+00
-2.638888888888889228e-02 1.354103214792352688e-03 9.542037914925642905e-01
-2.638888888888889228e-02 1.444250714900799804e-03 6.725219767187546882e-01
-2.638888888888889228e-02 1.554737318620246986e-03 4.548563638732919245e-01
-2.638888888888889228e-02 1.662091127797503788e-03 3.023940919642414960e-01
-2.638888888888889228e-02 1.799788876126402629e-03 1.937525057297157516e-01
-2.638888888888889228e-02 1.901421672266174947e-03 1.210913704931550067e-01
-2.638888888888889228e-02 2.038557869232560799e-03 7.604802230197264812e-02
-2.638888888888889228e-02 2.176313659877080961e-03 5.618777553471067387e-02
-2.638888888888889228e-02 2.314218808487700663e-03 5.252294480384417374e-02
-2.638888888888889228e-02 2.451803761929677999e-03 6.098222842346482514e-02
-2.638888888888889228e-02 2.588599675989059021e-03 8.093597453041992407e-02
-2.638888888888889228e-02 2.724138443509964078e-03 1.146154307873042816e-01
-2.638888888888889228e-02 2.923644467916910062e-03 1.430083653803396193e-01
-2.638888888888889228e-02 3.059867305003581821e-03 1.779912211606606287e-01
-2.638888888888889228e-02 3.268673168121478696e-03 2.234190761480879250e-01
-2.638888888888889228e-02 3.404327296485203536e-03 2.587044343948129432e-01
-2.638888888888889228e-02 3.621802419455956868e-03 3.056459943974514371e-01
-2.638888888888889228e-02 3.755637219725525573e-03 3.474041695029910226e-01
-2.638888888888889228e-02 3.981151656609013302e-03 3.871239667332453394e-01
-2.638888888888889228e-02 4.213240858416216622e-03 4.402836205142164339e-01
-2.638888888888889228e-02 4.344843222476306617e-03 4.744055981303453295e-01
-2.638888888888889228e-02 4.584184332173798712e-03 5.131929597164296419e-01
-2.638888888888889228e-02 4.829942093605808263e-03 5.600548511902144755e-01
-2.638888888888889228e-02 4.956966992641310445e-03 6.024260190441843577e-01
-2.638888888888889228e-02 5.209190130697730244e-03 6.329754967923957309e-01
-2.638888888888889228e-02 5.467671907415597859e-03 6.686956370394224747e-01
-2.638888888888889228e-02 5.732412322794915027e-03 7.085202246420174710e-01
-2.638888888888889228e-02 6.003411376835681747e-03 7.512702044598019713e-01
-2.638888888888889228e-02 6.122202664035578459e-03 7.816878345091626823e-01
-2.638888888888889228e-02 6.398565647016297465e-03 8.082993160702638402e-01
-2.638888888888889228e-02 6.681029358098136868e-03 8.372843260856834835e-01
-2.638888888888889228e-02 6.969593797281097534e-03 8.679023832336547617e-01
-2.638888888888889228e-02 7.264258964565176863e-03 9.001956837272729883e-01
-2.638888888888889228e-02 7.565024859950373118e-03 9.331289339146286999e-01
-2.638888888888889228e-02 7.871891483436692372e-03 9.664661297772012549e-01
-2.638888888888889228e-02 7.973143777522753023e-03 9.872926545365233730e-01
-2.638888888888889228e-02 8.283958627900982197e-03 1.007906946913669666e+00
-2.638888888888889228e-02 8.600716400848586532e-03 1.028767627178527766e+00
-2.638888888888889228e-02 8.923417096365562559e-03 1.050376518041330698e+00
-2.638888888888889228e-02 9.252060714451910278e-03 1.072538890261617084e+00
-2.638888888888889228e-02 9.586647255107634893e-03 1.094781529202271120e+00
-2.638888888888889228e-02 9.927176718332731201e-03 1.117526359522646562e+00
-2.638888888888889228e-02 1.027364910412720093e-02 1.140384321483702612e+00
-2.567567567567567710e-02 9.966610732061865867e-04 3.524931829879444756e+00
-2.567567567567567710e-02 1.069072073692453302e-03 2.644340569245558381e+00
-2.567567567567567710e-02 1.161191166437349582e-03 1.964818755625538094e+00
-2.567567567567567710e-02 1.245532469749651002e-03 1.436549496130192782e+00
-2.567567567567567710e-02 1.342238324649256418e-03 1.035406946796614935e+00
-2.567567567567567710e-02 1.432845098071336507e-03 7.293577951955679817e-01
-2.567567567567567710e-02 1.543433173470794674e-03 5.027898522044638163e-01
-2.567567567567567710e-02 1.651122447450061254e-03 3.360724589909288018e-01
-2.567567567567567710e-02 1.754999408025977080e-03 2.181322757135608637e-01
-2.567567567567567710e-02 1.890970541938999166e-03 1.413896448373595516e-01
-2.567567567567567710e-02 1.987907962061657464e-03 9.122924052822130314e-02
-2.567567567567567710e-02 2.122271252049768436e-03 6.111709028255834369e-02
-2.567567567567567710e-02 2.256784666039477437e-03 5.187684422923208999e-02
-2.567567567567567710e-02 2.390990449297517983e-03 5.844571912044624340e-02
-2.567567567567567710e-02 2.524431519406790305e-03 7.939070400914929881e-02
-2.567567567567567710e-02 2.716336677793417063e-03 1.011773651734744900e-01
-2.567567567567567710e-02 2.851215017763208265e-03 1.266562043257780101e-01
-2.567567567567567710e-02 2.984110235789614717e-03 1.687270174331472194e-01
-2.567567567567567710e-02 3.187746423674001246e-03 2.007259903527322531e-01
-2.567567567567567710e-02 3.320095603863354190e-03 2.453793789592335350e-01
-2.567567567567567710e-02 3.532189840651428492e-03 2.821664986066101943e-01
-2.567567567567567710e-02 3.662773748185307789e-03 3.345546699248786449e-01
-2.567567567567567710e-02 3.882712019889302413e-03 3.664441736959582196e-01
-2.567567567567567710e-02 4.109062486103617559e-03 4.129679157296720637e-01
-2.567567567567567710e-02 4.237482470703103979e-03 4.586849986110289601e-01
-2.567567567567567710e-02 4.470909479441917064e-03 4.922025442002774809e-01
-2.567567567567567710e-02 4.710594584929760249e-03 5.345877436174454322e-01
-2.567567567567567710e-02 4.956537787166634401e-03 5.835917183303552802e-01
-2.567567567567567710e-02 5.080559455674969228e-03 6.154406390238902347e-01
-2.567567567567567710e-02 5.332658534778410460e-03 6.480131129663448952e-01
-2.567567567567567710e-02 5.590861707806873797e-03 6.851622688633347558e-01
-2.567567567567567710e-02 5.855168974760360107e-03 7.256426335374812631e-01
-2.567567567567567710e-02 5.971132975477586383e-03 7.670773126314343049e-01
-2.567567567567567710e-02 6.240676506039143437e-03 7.916812403574469137e-01
-2.567567567567567710e-02 6.516170224913318820e-03 8.189595401611153846e-01
-2.567567567567567710e-02 6.797614132100113400e-03 8.481145496721098631e-01
-2.567567567567567710e-02 7.085008227599521972e-03 8.791685001392351984e-01
-2.567567567567567710e-02 7.378352511411548874e-03 9.110593381906180177e-01
-2.567567567567567710e-02 7.677646983536192370e-03 9.435279489869026204e-01
-2.567567567567567710e-02 7.776542420425557219e-03 9.739196375627787727e-01
-2.567567567567567710e-02 8.079693214680454608e-03 9.936337215982363746e-01
-2.567567567567567710e-02 8.388640391234686300e-03 1.013748797261671886e+00
-2.567567567567567710e-02 8.703383950088241020e-03 1.034708834260680943e+00
-2.567567567567567710e-02 9.023923891241125705e-03 1.056325750634301563e+00
-2.567567567567567710e-02 9.350260214693338623e-03 1.078123763674777802e+00
-2.567567567567567710e-02 9.682392920444881507e-03 1.100497063234745498e+00
-2.567567567567567710e-02 1.002032200849575262e-02 1.123048120817422113e+00
-2.500000000000000139e-02 1.057399024953754006e-03 2.792407024775373614e+00
-2.500000000000000139e-02 1.132791256031044202e-03 2.089216504534928021e+00
-2.500000000000000139e-02 1.234088864179606285e-03 1.540258880632111804e+00
-2.500000000000000139e-02 1.309504131449951364e-03 1.119774230861672493e+00
-2.500000000000000139e-02 1.421967568379362565e-03 7.970445961202249352e-01
-2.500000000000000139e-02 1.505876889349451464e-03 5.565114330312681545e-01
-2.500000000000000139e-02 1.610984186755543088e-03 3.780320481960450785e-01
-2.500000000000000139e-02 1.745091198708014716e-03 2.515056340653093470e-01
-2.500000000000000139e-02 1.845070713147110462e-03 1.573917626823909677e-01
-2.500000000000000139e-02 1.978956275204134252e-03 1.022688336445248813e-01
-2.500000000000000139e-02 2.113586886549086077e-03 7.440855112718142150e-02
-2.500000000000000139e-02 2.202122898187331736e-03 6.138571727995425359e-02
-2.500000000000000139e-02 2.383293909256984245e-03 6.179968158907000325e-02
-2.500000000000000139e-02 2.517477168049539731e-03 6.938357920839155479e-02
-2.500000000000000139e-02 2.650619217787969842e-03 8.670751391902525862e-02
-2.500000000000000139e-02 2.782275111618247917e-03 1.172146477260451181e-01
-2.500000000000000139e-02 2.978843062935799049e-03 1.537543883584481241e-01
-2.500000000000000139e-02 3.110716016671100613e-03 1.838015871486217423e-01
-2.500000000000000139e-02 3.315989695457164602e-03 2.326587175472082381e-01
-2.500000000000000139e-02 3.446888852418548456e-03 2.634786299363233164e-01
-2.500000000000000139e-02 3.660268906674827606e-03 3.111356327940213440e-01
-2.500000000000000139e-02 3.789005370025853078e-03 3.497327535988871139e-01
-2.500000000000000139e-02 4.009893019586417175e-03 3.893595418027397947e-01
-2.500000000000000139e-02 4.237038109644448297e-03 4.412214737215228721e-01
-2.500000000000000139e-02 4.363076994840446587e-03 4.742772620713973097e-01
-2.500000000000000139e-02 4.596981209311470917e-03 5.119845284673985031e-01
-2.500000000000000139e-02 4.836992583429258058e-03 5.570280196930361694e-01
-2.500000000000000139e-02 4.958104393192768779e-03 6.002743223927917704e-01
-2.500000000000000139e-02 5.204127210665449726e-03 6.295460251502368321e-01
-2.500000000000000139e-02 5.456106997084199557e-03 6.638772464659316030e-01
-2.500000000000000139e-02 5.714043752449018271e-03 7.019554300121710888e-01
-2.500000000000000139e-02 5.977937476759907602e-03 7.431819447755958485e-01
-2.500000000000000139e-02 6.090361977106144992e-03 7.766730740260682220e-01
-2.500000000000000139e-02 6.359220083873764334e-03 8.021445635856040424e-01
-2.500000000000000139e-02 6.633885061197921686e-03 8.297431701749229394e-01
-2.500000000000000139e-02 6.914356909078613576e-03 8.594705872889940590e-01
-2.500000000000000139e-02 7.200635627515839139e-03 8.902382138974342940e-01
-2.500000000000000139e-02 7.492721216509603578e-03 9.217633466785140062e-01
-2.500000000000000139e-02 7.790613676059903424e-03 9.544831395178414724e-01
-2.500000000000000139e-02 7.885219695859136541e-03 9.803408636680592814e-01
-2.500000000000000139e-02 8.186730693469685891e-03 9.996538682681976873e-01
-2.500000000000000139e-02 8.493898557827145313e-03 1.019911521030493429e+00
-2.500000000000000139e-02 8.806723288931518276e-03 1.040932995878995904e+00
-2.500000000000000139e-02 9.125204886782809985e-03 1.062240331683491856e+00
-2.500000000000000139e-02 9.449343351381013500e-03 1.084198445799833266e+00
-2.500000000000000139e-02 9.779138682726130558e-03 1.106402265432375742e+00
