6.666666666666667095e-03 1.285550374439578189e-03 1.980465204651125521e+00
6.666666666666667095e-03 1.361908833149291526e-03 1.582677567909768657e+00
6.666666666666667095e-03 1.434974810578657249e-03 1.256535331096438224e+00
6.666666666666667095e-03 1.504137012687670584e-03 9.912355810813000545e-01
6.666666666666667095e-03 1.589888659636438592e-03 7.691195036186431189e-01
6.666666666666667095e-03 1.673967102771384448e-03 5.910650076187468072e-01
6.666666666666667095e-03 1.755965023335866182e-03 4.486719059223770456e-01
6.666666666666667095e-03 1.835474870165812369e-03 3.385513464061619127e-01
6.666666666666667095e-03 1.940506512043844436e-03 2.466172923515051463e-01
6.666666666666667095e-03 2.015816303227608523e-03 1.835855469330019696e-01
6.666666666666667095e-03 2.119964819135036933e-03 1.294651204233200903e-01
6.666666666666667095e-03 2.224330930534555717e-03 9.310651455616358874e-02
6.666666666666667095e-03 2.328711117259552998e-03 7.033239533152646494e-02
6.666666666666667095e-03 2.432901800720740047e-03 5.800894081653784617e-02
6.666666666666667095e-03 2.536699342101376639e-03 5.465536119700729195e-02
6.666666666666667095e-03 2.639900040456389686e-03 5.995744356897950850e-02
6.666666666666667095e-03 2.788598113722838209e-03 7.322178348391876479e-02
6.666666666666667095e-03 2.892535711280387785e-03 8.255990480168412526e-02
6.666666666666667095e-03 2.995333298968776148e-03 1.006341906827342425e-01
6.666666666666667095e-03 3.150909453221591681e-03 1.275975159506569367e-01
6.666666666666667095e-03 3.253561787993890491e-03 1.462363369071832397e-01
6.666666666666667095e-03 3.354530549546511694e-03 1.794479082652385149e-01
6.666666666666667095e-03 3.516171760834183643e-03 2.027234202488268355e-01
6.666666666666667095e-03 3.681616294740389182e-03 2.415943470271158522e-01
6.666666666666667095e-03 3.782349139715246271e-03 2.663265614815361060e-01
6.666666666666667095e-03 3.952321372660473620e-03 3.027641454624642181e-01
6.666666666666667095e-03 4.051279597926135331e-03 3.354912370266420751e-01
6.666666666666667095e-03 4.225508462481582760e-03 3.673616437090777564e-01
6.666666666666667095e-03 4.403405303132934545e-03 4.074133278903951938e-01
6.666666666666667095e-03 4.500362922978466164e-03 4.395493057106040213e-01
6.666666666666667095e-03 4.682177585066797133e-03 4.712789933609757842e-01
6.666666666666667095e-03 4.867592537493509348e-03 5.101835089867980955e-01
6.666666666666667095e-03 4.961531136805186031e-03 5.471498726731254258e-01
6.666666666666667095e-03 5.150525024892817390e-03 5.768202205136395699e-01
6.666666666666667095e-03 5.343051509019468640e-03 6.097535042837322061e-01
6.666666666666667095e-03 5.539110589185142382e-03 6.470454895278224816e-01
6.666666666666667095e-03 5.628718730313756954e-03 6.864494774565633728e-01
6.666666666666667095e-03 5.827950079647730396e-03 7.133501356372055069e-01
6.666666666666667095e-03 6.030646322013599563e-03 7.444582115199520622e-01
6.666666666666667095e-03 6.236807457411365323e-03 7.759231874593123246e-01
6.666666666666667095e-03 6.446433485841024207e-03 8.106880965441154441e-01
6.666666666666667095e-03 6.659524407302581418e-03 8.475652727430367239e-01
6.666666666666667095e-03 6.741705981318484552e-03 8.763822384941176713e-01
6.666666666666667095e-03 6.957426983996097339e-03 9.035821606902438852e-01
6.666666666666667095e-03 7.176545167818237925e-03 9.325846030862183778e-01
6.666666666666667095e-03 7.399060532784908911e-03 9.628953401887909713e-01
6.666666666666667095e-03 7.624973078896112900e-03 9.945397395536077489e-01
6.666666666666667095e-03 7.854282806151843821e-03 1.027557346661873927e+00
6.666666666666667095e-03 8.086989714552104275e-03 1.060317357587379439e+00
6.666666666666667095e-03 8.157177483877261007e-03 1.090282909958487645e+00
6.551724137931034739e-03 1.277586424622844958e-03 2.057742827449367873e+00
6.551724137931034739e-03 1.354027127772133637e-03 1.653299208291311828e+00
6.551724137931034739e-03 1.427299516296298611e-03 1.318071911715188671e+00
6.551724137931034739e-03 1.496803131540517954e-03 1.039340416911833875e+00
6.551724137931034739e-03 1.582671578957995165e-03 8.155075350236962173e-01
6.551724137931034739e-03 1.644532171577929797e-03 6.310415606215598050e-01
6.551724137931034739e-03 1.749276158823223149e-03 4.831457822538974267e-01
6.551724137931034739e-03 1.829211864866004192e-03 3.610653586934280401e-01
6.551724137931034739e-03 1.906369184724032717e-03 2.674339240633885617e-01
6.551724137931034739e-03 2.010229977898141899e-03 1.950467693407454961e-01
6.551724137931034739e-03 2.114570856564015541e-03 1.452563535942898443e-01
6.551724137931034739e-03 2.185185307537397537e-03 1.044362584771329483e-01
6.551724137931034739e-03 2.287724373009956350e-03 7.758931334891670806e-02
6.551724137931034739e-03 2.390076829129774479e-03 6.280248137769849082e-02
6.551724137931034739e-03 2.492042611715707470e-03 5.837659981490545685e-02
6.551724137931034739e-03 2.636479367170250099e-03 6.169513459783480813e-02
6.551724137931034739e-03 2.739501671099233565e-03 6.514966072266073494e-02
6.551724137931034739e-03 2.841603824006767604e-03 7.663000215492817013e-02
6.551724137931034739e-03 2.942585549215022585e-03 9.749859956958131790e-02
6.551724137931034739e-03 3.095422011008570375e-03 1.157936228371913984e-01
6.551724137931034739e-03 3.196260232483877015e-03 1.385354694275597320e-01
6.551724137931034739e-03 3.354076769840308794e-03 1.673929533918486756e-01
6.551724137931034739e-03 3.454238084363976842e-03 1.929606886303771307e-01
6.551724137931034739e-03 3.616768486386511168e-03 2.261059511697977031e-01
6.551724137931034739e-03 3.715719309196509682e-03 2.563490585817349010e-01
6.551724137931034739e-03 3.882697312720895244e-03 2.880759900137966345e-01
6.551724137931034739e-03 3.979903870965827151e-03 3.266145389589148462e-01
6.551724137931034739e-03 4.151063159214697824e-03 3.545650359839603305e-01
6.551724137931034739e-03 4.325825800900386098e-03 3.911373824113419384e-01
6.551724137931034739e-03 4.421065686178224548e-03 4.294137090180571992e-01
6.551724137931034739e-03 4.599676739899825027e-03 4.582077694191051265e-01
6.551724137931034739e-03 4.781824646170367704e-03 4.944488680078840126e-01
6.551724137931034739e-03 4.967509404989853446e-03 5.343153111411105272e-01
6.551724137931034739e-03 5.059760696823765308e-03 5.650270929912805107e-01
6.551724137931034739e-03 5.248894412857300039e-03 5.959634495754592143e-01
6.551724137931034739e-03 5.441498472304295841e-03 6.314452371346449544e-01
6.551724137931034739e-03 5.637572875164749246e-03 6.701682383895575246e-01
6.551724137931034739e-03 5.725235113640324107e-03 7.022730563486179189e-01
6.551724137931034739e-03 5.924358927045768504e-03 7.319190498367954545e-01
6.551724137931034739e-03 6.126886566321394084e-03 7.621267881042043113e-01
6.551724137931034739e-03 6.332818031467195644e-03 7.957517948679376785e-01
6.551724137931034739e-03 6.542153322483179254e-03 8.316045670106462229e-01
6.551724137931034739e-03 6.622871359005266280e-03 8.662075009930902958e-01
6.551724137931034739e-03 6.834789893294424511e-03 8.924585425031045238e-01
6.551724137931034739e-03 7.050045727336167432e-03 9.206004032908359225e-01
6.551724137931034739e-03 7.268638861130494178e-03 9.501786498047813945e-01
6.551724137931034739e-03 7.490569294677409083e-03 9.811614953869691735e-01
6.551724137931034739e-03 7.715837027976909547e-03 1.013570470270823254e+00
6.551724137931034739e-03 7.944442061028993834e-03 1.045797607025380938e+00
6.551724137931034739e-03 8.176384393833661945e-03 1.078867198957775830e+00
6.440677966101694858e-03 1.269899473911185149e-03 2.138529774315304444e+00
6.440677966101694858e-03 1.330650071256307123e-03 1.722385988718358352e+00
6.440677966101694858e-03 1.402651747925038293e-03 1.376950261361002070e+00
6.440677966101694858e-03 1.470948940643482510e-03 1.094675193273659808e+00
6.440677966101694858e-03 1.555329691454456452e-03 8.566684223118633534e-01
6.440677966101694858e-03 1.638159679261417005e-03 6.651541343587052957e-01
6.440677966101694858e-03 1.719045702674991101e-03 5.101557675269589032e-01
6.440677966101694858e-03 1.797594347668451551e-03 3.867167285743169924e-01
6.440677966101694858e-03 1.900850668374910474e-03 2.902306878585796390e-01
6.440677966101694858e-03 1.975473970781903375e-03 2.114615764490572480e-01
6.440677966101694858e-03 2.078007361987696533e-03 1.533776554946490178e-01
6.440677966101694858e-03 2.180815729319081266e-03 1.131726864954296780e-01
6.440677966101694858e-03 2.283702601119078426e-03 8.617903003769104842e-02
6.440677966101694858e-03 2.386471452330607684e-03 6.880852915086373145e-02
6.440677966101694858e-03 2.488925702876090135e-03 5.901858563615112324e-02
6.440677966101694858e-03 2.590868715952248085e-03 5.623010244808542696e-02
6.440677966101694858e-03 2.692103796233985373e-03 6.077373979675625842e-02
6.440677966101694858e-03 2.792434187980605362e-03 7.410903186913814222e-02
6.440677966101694858e-03 2.941338227090373788e-03 9.218831752093824272e-02
6.440677966101694858e-03 3.041854646192815922e-03 1.069956847364256364e-01
6.440677966101694858e-03 3.140941743138622646e-03 1.335954252821558719e-01
6.440677966101694858e-03 3.296026909516080149e-03 1.553290077282192538e-01
6.440677966101694858e-03 3.394448015243519551e-03 1.856171591285591671e-01
6.440677966101694858e-03 3.554165147383154914e-03 2.129272098341575270e-01
6.440677966101694858e-03 3.651395883392188381e-03 2.484852445092354811e-01
6.440677966101694858e-03 3.815483303337219214e-03 2.754043699972191783e-01
6.440677966101694858e-03 3.983177040204118752e-03 3.137253954117792398e-01
6.440677966101694858e-03 4.079195087408361668e-03 3.435255637271005247e-01
6.440677966101694858e-03 4.250932033362620627e-03 3.765365314529213192e-01
6.440677966101694858e-03 4.426209947274698311e-03 4.177514622841140834e-01
6.440677966101694858e-03 4.520032332347957531e-03 4.465943295406217262e-01
6.440677966101694858e-03 4.699026307831171388e-03 4.801029980853507295e-01
6.440677966101694858e-03 4.881495894488816802e-03 5.176048076355609373e-01
6.440677966101694858e-03 4.972139284330905594e-03 5.544415949260026455e-01
6.440677966101694858e-03 5.157997714369336358e-03 5.833252676548879023e-01
6.440677966101694858e-03 5.347266390830492794e-03 6.169429814701222758e-01
6.440677966101694858e-03 5.539945313714371433e-03 6.540073161090447229e-01
6.440677966101694858e-03 5.626077307648419921e-03 6.921513608938807405e-01
6.440677966101694858e-03 5.821752410203373355e-03 7.202904577147883902e-01
6.440677966101694858e-03 6.020772386306277521e-03 7.491998498115870486e-01
6.440677966101694858e-03 6.223137235957126347e-03 7.816451120527083685e-01
6.440677966101694858e-03 6.428846959155926771e-03 8.164352702278376839e-01
6.440677966101694858e-03 6.637901555902671856e-03 8.512782694801889205e-01
6.440677966101694858e-03 6.716400413176925807e-03 8.820252708859847024e-01
6.440677966101694858e-03 6.927927672283327488e-03 9.092751902288740418e-01
6.440677966101694858e-03 7.142734423778974127e-03 9.380921830780759585e-01
6.440677966101694858e-03 7.360820667663870928e-03 9.683858217528579226e-01
6.440677966101694858e-03 7.582186403938014421e-03 1.000159193450795847e+00
6.440677966101694858e-03 7.806831632601403739e-03 1.031828315970772181e+00
6.440677966101694858e-03 8.034756353654038882e-03 1.064412303247388891e+00
6.333333333333333176e-03 1.248353106077994485e-03 2.220482978199060931e+00
6.333333333333333176e-03 1.323570178401440364e-03 1.791998794484297663e+00
6.333333333333333176e-03 1.395789810072168126e-03 1.438303003919690237e+00
6.333333333333333176e-03 1.464432006920170486e-03 1.143733041622232660e+00
6.333333333333333176e-03 1.548949334074921792e-03 9.050925262976464714e-01
6.333333333333333176e-03 1.610335031081804730e-03 7.050853042498115286e-01
6.333333333333333176e-03 1.689842198969775762e-03 5.445689173661463212e-01
6.333333333333333176e-03 1.792193529058499135e-03 4.158140715614190852e-01
6.333333333333333176e-03 1.868550067523458251e-03 3.086919623966652426e-01
6.333333333333333176e-03 1.970769637854753210e-03 2.329107758573306375e-01
6.333333333333333176e-03 2.042686617965774193e-03 1.670590944864369654e-01
6.333333333333333176e-03 2.143743986973769243e-03 1.204844270626820590e-01
6.333333333333333176e-03 2.244878136395699920e-03 8.903241525194900696e-02
6.333333333333333176e-03 2.345895872531772279e-03 6.884552535939501838e-02
6.333333333333333176e-03 2.446603948494440427e-03 5.766372005403217621e-02
6.333333333333333176e-03 2.546809062560170724e-03 5.467526614910955124e-02
6.333333333333333176e-03 2.646317856433328362e-03 6.001482524695828102e-02
6.333333333333333176e-03 2.744936913415661154e-03 7.492641929180661464e-02
6.333333333333333176e-03 2.891308203119958339e-03 8.319596647208045426e-02
6.333333333333333176e-03 2.990109408519996386e-03 1.011460375412311097e-01
6.333333333333333176e-03 3.141483697326321288e-03 1.268661505122878619e-01
6.333333333333333176e-03 3.239951860436186305e-03 1.458571483181114736e-01
6.333333333333333176e-03 3.396071989765594643e-03 1.802805631486288362e-01
6.333333333333333176e-03 3.493691755067408061e-03 2.020196710916920546e-01
6.333333333333333176e-03 3.654300518600982553e-03 2.383700902173056524e-01
6.333333333333333176e-03 3.750556359952674380e-03 2.647178709734021584e-01
6.333333333333333176e-03 3.915396502426964423e-03 2.986598553521976340e-01
6.333333333333333176e-03 4.009772716898040920e-03 3.342175472251769364e-01
6.333333333333333176e-03 4.178586932843835790e-03 3.635871582533679591e-01
6.333333333333333176e-03 4.350881854273048154e-03 4.015323953042214677e-01
6.333333333333333176e-03 4.443098566592551014e-03 4.364193132540952202e-01
6.333333333333333176e-03 4.619045953120437184e-03 4.671280997988981332e-01
6.333333333333333176e-03 4.798409793755661901e-03 5.022022424046006517e-01
6.333333333333333176e-03 4.981190088498224297e-03 5.435644871176468218e-01
6.333333333333333176e-03 5.070194980267383848e-03 5.718254450719558735e-01
6.333333333333333176e-03 5.256241804336699713e-03 6.035262552445954665e-01
6.333333333333333176e-03 5.445640823434290227e-03 6.388816581898373315e-01
6.333333333333333176e-03 5.638392037560157125e-03 6.763152499092124348e-01
6.333333333333333176e-03 5.722638852226662014e-03 7.095629366302863561e-01
6.333333333333333176e-03 5.918270573977589197e-03 7.371335612057724473e-01
6.333333333333333176e-03 6.117190223825168249e-03 7.683598910804159132e-01
6.333333333333333176e-03 6.319397801769404376e-03 8.020498368735669015e-01
6.333333333333333176e-03 6.524893307810292371e-03 8.359403866472157052e-01
6.333333333333333176e-03 6.602041665511192495e-03 8.722760603970627358e-01
6.333333333333333176e-03 6.809967294136910244e-03 8.986031387985118357e-01
6.333333333333333176e-03 7.021116575919614938e-03 9.266305176801487020e-01
6.333333333333333176e-03 7.235489510859311781e-03 9.562076744842903375e-01
6.333333333333333176e-03 7.453086098955993832e-03 9.873188339765021082e-01
6.333333333333333176e-03 7.673906340209666298e-03 1.018405123741141338e+00
6.333333333333333176e-03 7.897950234620323973e-03 1.050480078437463716e+00
6.229508196721311036e-03 1.241413669579200700e-03 2.299658914616248495e+00
6.229508196721311036e-03 1.301483053579610780e-03 1.865776431817611325e+00
6.229508196721311036e-03 1.372492387021402452e-03 1.500529365517246694e+00
6.229508196721311036e-03 1.458134947763874796e-03 1.200613025436429337e+00
6.229508196721311036e-03 1.523085523204807581e-03 9.473124023453063369e-01
6.229508196721311036e-03 1.604751317275444596e-03 7.426974339846212914e-01
6.229508196721311036e-03 1.684600629959540118e-03 5.756892897484959803e-01
6.229508196721311036e-03 1.762253235386557768e-03 4.398009131918638737e-01
6.229508196721311036e-03 1.837328701714038273e-03 3.334473415190828960e-01
6.229508196721311036e-03 1.937837353834699150e-03 2.463687494940818290e-01
6.229508196721311036e-03 2.038864411545584978e-03 1.853753628271375686e-01
6.229508196721311036e-03 2.107911338450928814e-03 1.328755150956809072e-01
6.229508196721311036e-03 2.207351469649505675e-03 9.663752555989039983e-02
6.229508196721311036e-03 2.306676754018559955e-03 7.331392220204789589e-02
6.229508196721311036e-03 2.405697166727005509e-03 6.043027190196548215e-02
6.229508196721311036e-03 2.504222629904602395e-03 5.694408312456461507e-02
6.229508196721311036e-03 2.602063010962887227e-03 6.279562634730688486e-02
6.229508196721311036e-03 2.744615769050700888e-03 6.684078918072247633e-02
6.229508196721311036e-03 2.842951365494834730e-03 7.734376136020101877e-02
6.229508196721311036e-03 2.940094897626578836e-03 9.818826282409104378e-02
6.229508196721311036e-03 3.088937201818924352e-03 1.159037198754550441e-01
6.229508196721311036e-03 3.185752553273318681e-03 1.389312205263800726e-01
6.229508196721311036e-03 3.339261037983200404e-03 1.668114391030396659e-01
6.229508196721311036e-03 3.435241446403744167e-03 1.933456069446712056e-01
6.229508196721311036e-03 3.593163186450197208e-03 2.243350811564423508e-01
6.229508196721311036e-03 3.687801724447936635e-03 2.559856322318476707e-01
6.229508196721311036e-03 3.849883747308833429e-03 2.854597409418374587e-01
6.229508196721311036e-03 4.015451405069965160e-03 3.256145261876696728e-01
6.229508196721311036e-03 4.108662601092972176e-03 3.522660238245874931e-01
6.229508196721311036e-03 4.278074345161361064e-03 3.868664434800982432e-01
6.229508196721311036e-03 4.368739401174772177e-03 4.276636514044491189e-01
6.229508196721311036e-03 4.541742153316642022e-03 4.555066327457669151e-01
6.229508196721311036e-03 4.718104182199129790e-03 4.880914192767323856e-01
6.229508196721311036e-03 4.897825487822237214e-03 5.271559124468163660e-01
6.229508196721311036e-03 4.985330913576204760e-03 5.614506484295946898e-01
6.229508196721311036e-03 5.168263717347101188e-03 5.911827522586836636e-01
6.229508196721311036e-03 5.354492607672426026e-03 6.247798997527924669e-01
6.229508196721311036e-03 5.544017584552182742e-03 6.606560415491999905e-01
6.229508196721311036e-03 5.626842909231362898e-03 6.997271005818037626e-01
6.229508196721311036e-03 5.819199791218876601e-03 7.259192125762488068e-01
6.229508196721311036e-03 6.014789561979289045e-03 7.558880663898365215e-01
6.229508196721311036e-03 6.213612221512601966e-03 7.884408035417036498e-01
6.229508196721311036e-03 6.415667769818811893e-03 8.213447262652617820e-01
6.229508196721311036e-03 6.620956206897922296e-03 8.569168422009445507e-01
6.229508196721311036e-03 6.695955856434565590e-03 8.885784825198627113e-01
6.229508196721311036e-03 6.903570109024606549e-03 9.157882844878617590e-01
6.229508196721311036e-03 7.114354044860301055e-03 9.446220576246164846e-01
6.229508196721311036e-03 7.328307663941641299e-03 9.750447531310995064e-01
6.229508196721311036e-03 7.545430966268635090e-03 1.005523709187254866e+00
6.229508196721311036e-03 7.765723951841273752e-03 1.037066494586273091e+00
6.129032258064516341e-03 1.234703733355228296e-03 2.382163734009646205e+00
6.129032258064516341e-03 1.295117700676876255e-03 1.934371575496355966e+00
6.129032258064516341e-03 1.366354551435011114e-03 1.561681500891908048e+00
6.129032258064516341e-03 1.434192794805715966e-03 1.251000646019657658e+00
6.129032258064516341e-03 1.517448535950272461e-03 9.976887040421070774e-01
6.129032258064516341e-03 1.578391508756032480e-03 7.825105269466957614e-01
6.129032258064516341e-03 1.656924698573412165e-03 6.091116333255115478e-01
6.129032258064516341e-03 1.733296717337740479e-03 4.704394818375092768e-01
6.129032258064516341e-03 1.833225065803727877e-03 3.556753690135431301e-01
6.129032258064516341e-03 1.905987432338938133e-03 2.656191801993459389e-01
6.129032258064516341e-03 2.005351036312406042e-03 1.955648825184928830e-01
6.129032258064516341e-03 2.105037452912850160e-03 1.459185376515896582e-01
6.129032258064516341e-03 2.171058607913378506e-03 1.088770697680757210e-01
6.129032258064516341e-03 2.268747205097267072e-03 8.210846781450197029e-02
6.129032258064516341e-03 2.366135574019905940e-03 6.722393390752177955e-02
6.129032258064516341e-03 2.503274860350855006e-03 6.098309061530193809e-02
6.129032258064516341e-03 2.601772621506048041e-03 5.768129007639457434e-02
6.129032258064516341e-03 2.699471755588908443e-03 6.199031579575473017e-02
6.129032258064516341e-03 2.796185172385329178e-03 7.456979128353419251e-02
6.129032258064516341e-03 2.941417669833350668e-03 9.353600430164119017e-02
6.129032258064516341e-03 3.038119339453408240e-03 1.076615558571339393e-01
6.129032258064516341e-03 3.133336435232693656e-03 1.345059964143440201e-01
6.129032258064516341e-03 3.284319199968963217e-03 1.557361972654833226e-01
6.129032258064516341e-03 3.378714388245158788e-03 1.868679971249676830e-01
6.129032258064516341e-03 3.534037518696512246e-03 2.124000473674608480e-01
6.129032258064516341e-03 3.627112188734096104e-03 2.491773351841531092e-01
6.129032258064516341e-03 3.786526854874109997e-03 2.740971755780404195e-01
6.129032258064516341e-03 3.949369793404233255e-03 3.102123243482229897e-01
6.129032258064516341e-03 4.041039555264107005e-03 3.425502597592857690e-01
6.129032258064516341e-03 4.207663010479078050e-03 3.737325648889655016e-01
6.129032258064516341e-03 4.377652596102432278e-03 4.115478235163808063e-01
6.129032258064516341e-03 4.466982786361706204e-03 4.452213110532818874e-01
6.129032258064516341e-03 4.640441807281817273e-03 4.752563701931971085e-01
6.129032258064516341e-03 4.817204809552788798e-03 5.119638753959239175e-01
6.129032258064516341e-03 4.903260437681153036e-03 5.521877215257755545e-01
6.129032258064516341e-03 5.083181729774577558e-03 5.799003249221559297e-01
6.129032258064516341e-03 5.266344846950764789e-03 6.116908180158111552e-01
6.129032258064516341e-03 5.452749789209716466e-03 6.459637872406875925e-01
6.129032258064516341e-03 5.642396556551433455e-03 6.848436440694224414e-01
6.129032258064516341e-03 5.723390635397850729e-03 7.155481944781567627e-01
6.129032258064516341e-03 5.915760153976500763e-03 7.442216626522908385e-01
6.129032258064516341e-03 6.111309334019262435e-03 7.756007878740279748e-01
6.129032258064516341e-03 6.310038175526130541e-03 8.074844236488900595e-01
6.129032258064516341e-03 6.511946678497110286e-03 8.421229229658598880e-01
6.129032258064516341e-03 6.717034842932199067e-03 8.786999006565308079e-01
6.129032258064516341e-03 6.789893980951828417e-03 9.055601669590710445e-01
6.129032258064516341e-03 6.997207089185666744e-03 9.336240228761245596e-01
6.129032258064516341e-03 7.207637687768884624e-03 9.633323552223714836e-01
6.129032258064516341e-03 7.421185776701485527e-03 9.931797902635290942e-01
6.129032258064516341e-03 7.637851355983464249e-03 1.024167557339825008e+00
6.031746031746032174e-03 1.214771620685165714e-03 2.465108523694397036e+00
6.031746031746032174e-03 1.288959709342428006e-03 2.007581181219179722e+00
6.031746031746032174e-03 1.344286558968487257e-03 1.626946387046637632e+00
6.031746031746032174e-03 1.428591436357432715e-03 1.308614130084566174e+00
6.031746031746032174e-03 1.492931181644536510e-03 1.040827264696903898e+00
6.031746031746032174e-03 1.573508797450271337e-03 8.234818511307628874e-01
6.031746031746032174e-03 1.652389215520693507e-03 6.450502937962989680e-01
6.031746031746032174e-03 1.729204541632722207e-03 4.975518979949024034e-01
6.031746031746032174e-03 1.803586692292875838e-03 3.779949384533793921e-01
6.031746031746032174e-03 1.902643173468966708e-03 2.879604050423252848e-01
6.031746031746032174e-03 1.972921415737796929e-03 2.110756836310768991e-01
6.031746031746032174e-03 2.070992711730046659e-03 1.543460673689960316e-01
6.031746031746032174e-03 2.169197500466747350e-03 1.144562241676992109e-01
6.031746031746032174e-03 2.267351964640027927e-03 8.684210010392487411e-02
6.031746031746032174e-03 2.365272239712561727e-03 6.846446160671046388e-02
6.031746031746032174e-03 2.462774412480050589e-03 5.802814082010605140e-02
6.031746031746032174e-03 2.559674519558373385e-03 5.499899212104987500e-02
6.031746031746032174e-03 2.655788545789924612e-03 6.040603296176753900e-02
6.031746031746032174e-03 2.750932422563176060e-03 7.481351729305849019e-02
6.031746031746032174e-03 2.893814514201894367e-03 8.471308368943970823e-02
6.031746031746032174e-03 2.988946203607148640e-03 1.020899637718227781e-01
6.031746031746032174e-03 3.136526533707918295e-03 1.275897428019533431e-01
6.031746031746032174e-03 3.231155741276305841e-03 1.470140835562367687e-01
6.031746031746032174e-03 3.383189570097851727e-03 1.802713396571405113e-01
6.031746031746032174e-03 3.476825851051229717e-03 2.025315729785230612e-01
6.031746031746032174e-03 3.633068395468839681e-03 2.367395755686403092e-01
6.031746031746032174e-03 3.725221149407319330e-03 2.645447543687387548e-01
6.031746031746032174e-03 3.885427581817322076e-03 2.965394802043632705e-01
6.031746031746032174e-03 3.975606047086661411e-03 3.344173612004398000e-01
6.031746031746032174e-03 4.139531494259329758e-03 3.621100411317493828e-01
6.031746031746032174e-03 4.306768566627407202e-03 3.968447095565403870e-01
6.031746031746032174e-03 4.394644283848946585e-03 4.362550989843680393e-01
6.031746031746032174e-03 4.565294302267636391e-03 4.636813513815777887e-01
6.031746031746032174e-03 4.739194797227636730e-03 4.979738705267646726e-01
6.031746031746032174e-03 4.916345768728943265e-03 5.361354647115906813e-01
6.031746031746032174e-03 5.000855179547244490e-03 5.696669818196602453e-01
6.031746031746032174e-03 5.181051810698021620e-03 5.996033301775780533e-01
6.031746031746032174e-03 5.364437762754121694e-03 6.322282222157753484e-01
6.031746031746032174e-03 5.551013035715546447e-03 6.695927308705376113e-01
6.031746031746032174e-03 5.630684673450610765e-03 7.060119963577670132e-01
6.031746031746032174e-03 5.819938241641588877e-03 7.333527935691646071e-01
6.031746031746032174e-03 6.012319967984487180e-03 7.635224875120880661e-01
6.031746031746032174e-03 6.207829852479298735e-03 7.943526866242247575e-01
6.031746031746032174e-03 6.406467895126028746e-03 8.280252807812669147e-01
6.031746031746032174e-03 6.608234095924674610e-03 8.637286740478955505e-01
6.031746031746032174e-03 6.679900169362508293e-03 8.959409005196085074e-01
6.031746031746032174e-03 6.883854880686021520e-03 9.232086690588408029e-01
6.031746031746032174e-03 7.090876580149734973e-03 9.521770871080685872e-01
6.031746031746032174e-03 7.300965267753652989e-03 9.813691236067878521e-01
6.031746031746032174e-03 7.514120943497773833e-03 1.011779307557618912e+00
5.937499999999999202e-03 1.195472746554612558e-03 2.558435053950837368e+00
5.937499999999999202e-03 1.268478160868268759e-03 2.079995602915343245e+00
5.937499999999999202e-03 1.338795459171324490e-03 1.687884897467898604e+00
5.937499999999999202e-03 1.405881654952987562e-03 1.360891967273547998e+00
5.937499999999999202e-03 1.469193378749613201e-03 1.091916576324222898e+00
5.937499999999999202e-03 1.548486000769299514e-03 8.631116593957040006e-01
5.937499999999999202e-03 1.626107923200251172e-03 6.774683958650201676e-01
5.937499999999999202e-03 1.701697095344625920e-03 5.263857590499044781e-01
5.937499999999999202e-03 1.774891283144278218e-03 4.062946719963567710e-01
5.937499999999999202e-03 1.872369211573111274e-03 3.042291574760980777e-01
5.937499999999999202e-03 1.941523824143918378e-03 2.317676253053568836e-01
5.937499999999999202e-03 2.038031491993373603e-03 1.676542356170467318e-01
5.937499999999999202e-03 2.134670207106171159e-03 1.223204807171380526e-01
5.937499999999999202e-03 2.231259069892681246e-03 9.094392103064220800e-02
5.937499999999999202e-03 2.327617135008713985e-03 7.027551199604187282e-02
5.937499999999999202e-03 2.423563409963005490e-03 5.879401478047109608e-02
5.937499999999999202e-03 2.518916853651749499e-03 5.577130317025139061e-02
5.937499999999999202e-03 2.613496374814834860e-03 6.202170217070506614e-02
5.937499999999999202e-03 2.752858716131137851e-03 6.873079238687772319e-02
5.937499999999999202e-03 2.847727369265526127e-03 7.873388322699741149e-02
5.937499999999999202e-03 2.941339230719010583e-03 9.914027137811626256e-02
5.937499999999999202e-03 3.086568948833036917e-03 1.171813434014124522e-01
5.937499999999999202e-03 3.179685705860343069e-03 1.406051272315587963e-01
5.937499999999999202e-03 3.329297742858638911e-03 1.677410200236547633e-01
5.937499999999999202e-03 3.421436739558867627e-03 1.946968432345339561e-01
5.937499999999999202e-03 3.575190193040277131e-03 2.238588024958271805e-01
5.937499999999999202e-03 3.665868622751991546e-03 2.567755346386350057e-01
5.937499999999999202e-03 3.823522547225255766e-03 2.845711802633821286e-01
5.937499999999999202e-03 3.984495501687430538e-03 3.226882060508463601e-01
5.937499999999999202e-03 4.073570852842878232e-03 3.519784714120078317e-01
5.937499999999999202e-03 4.238143115297730336e-03 3.835659872530832737e-01
5.937499999999999202e-03 4.405974234434856945e-03 4.237018158426417713e-01
5.937499999999999202e-03 4.492541478699526268e-03 4.533508396028988474e-01
5.937499999999999202e-03 4.663670684189326690e-03 4.851715891215382936e-01
5.937499999999999202e-03 4.837998566417253850e-03 5.211922105422570617e-01
5.937499999999999202e-03 4.921152367149954354e-03 5.604708853185971229e-01
5.937499999999999202e-03 5.098477053848915475e-03 5.885064913362363370e-01
5.937499999999999202e-03 5.278940230577946688e-03 6.194392058843143367e-01
5.937499999999999202e-03 5.462541897337048862e-03 6.552453004806712000e-01
5.937499999999999202e-03 5.649282054126221995e-03 6.918000987260148893e-01
5.937499999999999202e-03 5.727170502082695042e-03 7.232736606859849759e-01
5.937499999999999202e-03 5.916485732331600716e-03 7.521986790625148078e-01
5.937499999999999202e-03 6.108879259007314946e-03 7.819427946135528718e-01
5.937499999999999202e-03 6.304351082109842068e-03 8.146176766650030654e-01
5.937499999999999202e-03 6.502901201639178612e-03 8.494168793065721701e-01
5.937499999999999202e-03 6.704529617595328048e-03 8.854868046666919401e-01
5.937499999999999202e-03 6.774116004867871896e-03 9.133711415741508910e-01
5.937499999999999202e-03 6.977837470819568851e-03 9.415744377248841390e-01
5.937499999999999202e-03 7.184577032563141570e-03 9.700875041177610125e-01
5.937499999999999202e-03 7.394334690098591789e-03 9.998978209404421058e-01
5.846153846153846409e-03 1.176777409418898685e-03 2.661738509175243461e+00
5.846153846153846409e-03 1.262932412768082765e-03 2.152122061335755454e+00
5.846153846153846409e-03 1.333477898551691399e-03 1.754716700075859448e+00
5.846153846153846409e-03 1.400901999957770852e-03 1.419201786653947250e+00
5.846153846153846409e-03 1.464669926669639067e-03 1.137005534800185069e+00
5.846153846153846409e-03 1.544228175128256218e-03 9.073081899853467913e-01
5.846153846153846409e-03 1.600649441340404756e-03 7.166666974934288170e-01
5.846153846153846409e-03 1.698232293366884645e-03 5.597313480444214839e-01
5.846153846153846409e-03 1.771965312313398795e-03 4.280455951427483141e-01
5.846153846153846409e-03 1.843043436901947068e-03 3.260252832902131859e-01
5.846153846153846409e-03 1.939536525439074363e-03 2.439037051707260151e-01
5.846153846153846409e-03 2.036395848253458232e-03 1.848628102349749724e-01
5.846153846153846409e-03 2.101224681175063464e-03 1.346548477106325470e-01
5.846153846153846409e-03 2.196297093127567556e-03 9.923182113041886798e-02
5.846153846153846409e-03 2.291142002777169905e-03 7.599530372797319577e-02
5.846153846153846409e-03 2.385581247040466108e-03 6.320007279286042612e-02
5.846153846153846409e-03 2.479436615716491040e-03 5.992592058430155216e-02
5.846153846153846409e-03 2.615271346307241306e-03 6.015494862065202258e-02
5.846153846153846409e-03 2.709707688251821421e-03 6.327531032008885947e-02
5.846153846153846409e-03 2.803084960795924115e-03 7.554506545339868817e-02
5.846153846153846409e-03 2.944991136936218109e-03 9.551012627548061129e-02
5.846153846153846409e-03 3.038177581765979986e-03 1.092434228625188963e-01
5.846153846153846409e-03 3.129829463359185427e-03 1.364701229924675241e-01
5.846153846153846409e-03 3.277095641462079035e-03 1.573893745703220381e-01
5.846153846153846409e-03 3.367784473208655389e-03 1.888636316434790241e-01
5.846153846153846409e-03 3.519126886572599214e-03 2.128936504727219625e-01
5.846153846153846409e-03 3.673795506823662998e-03 2.505109904505108398e-01
5.846153846153846409e-03 3.763558875897032602e-03 2.742830145044379275e-01
5.846153846153846409e-03 3.922007318154850479e-03 3.085835173016830413e-01
5.846153846153846409e-03 4.009678973981142293e-03 3.433177667440480141e-01
5.846153846153846409e-03 4.171670004529981143e-03 3.716931072625369037e-01
5.846153846153846409e-03 4.336868778258003848e-03 4.088998382286918032e-01
5.846153846153846409e-03 4.422070685410177567e-03 4.442495284743834261e-01
5.846153846153846409e-03 4.590515528179451438e-03 4.735429160064615339e-01
5.846153846153846409e-03 4.762108872682730039e-03 5.073706314897474812e-01
5.846153846153846409e-03 4.936850718920013370e-03 5.466422756440522113e-01
5.846153846153846409e-03 5.018492689000043049e-03 5.783894924466259635e-01
5.846153846153846409e-03 5.196124778638394094e-03 6.075867200442540694e-01
5.846153846153846409e-03 5.376846122009586691e-03 6.417920961366568866e-01
5.846153846153846409e-03 5.560656719113621707e-03 6.769680576409957684e-01
5.846153846153846409e-03 5.637313229637547392e-03 7.139765522273668896e-01
5.846153846153846409e-03 5.823658171117102912e-03 7.416222170807689196e-01
5.846153846153846409e-03 6.013033111645103845e-03 7.702480977366411574e-01
5.846153846153846409e-03 6.205438051221552793e-03 8.018939354750280746e-01
5.846153846153846409e-03 6.400872989846448889e-03 8.357587857623554051e-01
5.846153846153846409e-03 6.599337927519793867e-03 8.710312006765094095e-01
5.846153846153846409e-03 6.667820427742941411e-03 9.041066318780904831e-01
5.846153846153846409e-03 6.868345212270742309e-03 9.315199376263011422e-01
5.846153846153846409e-03 7.071840734347103335e-03 9.593307645509222548e-01
5.846153846153846409e-03 7.278306993972023624e-03 9.885192076659629068e-01
5.757575757575758221e-03 1.158657736445065090e-03 2.774631051954533412e+00
5.757575757575758221e-03 1.243483670424476873e-03 2.228490671863052164e+00
5.757575757575758221e-03 1.312938737367143945e-03 1.816620596154136180e+00
5.757575757575758221e-03 1.379319926635070919e-03 1.473176912581306341e+00
5.757575757575758221e-03 1.442100683933074433e-03 1.188620195594386697e+00
5.757575757575758221e-03 1.520429550689505940e-03 9.466962724000038687e-01
5.757575757575758221e-03 1.597197054017259268e-03 7.494329837879967204e-01
5.757575757575758221e-03 1.672052340653169778e-03 5.867920387095602042e-01
5.757575757575758221e-03 1.744644388274901653e-03 4.538446995261896655e-01
5.757575757575758221e-03 1.840831667901277275e-03 3.492820126926338142e-01
5.757575757575758221e-03 1.909624596109662457e-03 2.610413307238801384e-01
5.757575757575758221e-03 2.004987496976268040e-03 1.942636871248003827e-01
5.757575757575758221e-03 2.100535430243485532e-03 1.461997373019587321e-01
5.757575757575758221e-03 2.196093086598419931e-03 1.115974128573881813e-01
5.757575757575758221e-03 2.255792242408776599e-03 8.553626645244978566e-02
5.757575757575758221e-03 2.386536119315733374e-03 6.956475401741005204e-02
5.757575757575758221e-03 2.481070661202008660e-03 5.915812550689205501e-02
5.757575757575758221e-03 2.574913254503493655e-03 5.624775020204247911e-02
5.757575757575758221e-03 2.667888365886404711e-03 6.078138113386027247e-02
5.757575757575758221e-03 2.759820412868220149e-03 7.509441773650098184e-02
5.757575757575758221e-03 2.899536321269673925e-03 8.671292376770242671e-02
5.757575757575758221e-03 2.991279926525066638e-03 1.037329429424850985e-01
5.757575757575758221e-03 3.135417564707963269e-03 1.297265992706897464e-01
5.757575757575758221e-03 3.226505034862815497e-03 1.491809742028072927e-01
5.757575757575758221e-03 3.374830937808472042e-03 1.814278711179183878e-01
5.757575757575758221e-03 3.464794441773233653e-03 2.038149511621211440e-01
5.757575757575758221e-03 3.617075104856838901e-03 2.367546105513256560e-01
5.757575757575758221e-03 3.705446668950103471e-03 2.656509685719607994e-01
5.757575757575758221e-03 3.861448546939757337e-03 2.960627251939255133e-01
5.757575757575758221e-03 3.947760049717677702e-03 3.361081442831800881e-01
5.757575757575758221e-03 4.107249555726271741e-03 3.612077943260195712e-01
5.757575757575758221e-03 4.269897269774640056e-03 3.954235691219362692e-01
5.757575757575758221e-03 4.435703191862782648e-03 4.349464706818334525e-01
5.757575757575758221e-03 4.519619607540947999e-03 4.630739264329599703e-01
5.757575757575758221e-03 4.688562864475776838e-03 4.946578333989037901e-01
5.757575757575758221e-03 4.860605997684640245e-03 5.318837865514634000e-01
5.757575757575758221e-03 4.940978725961387742e-03 5.692416583108199646e-01
5.757575757575758221e-03 5.115867169631919259e-03 5.966608671192799029e-01
5.757575757575758221e-03 5.293797151453243435e-03 6.292239690801251228e-01
5.757575757575758221e-03 5.474768671425360271e-03 6.629827157350081102e-01
5.757575757575758221e-03 5.658781729548268032e-03 7.007976544061184088e-01
5.757575757575758221e-03 5.733697996696042812e-03 7.317860330673913172e-01
5.757575757575758221e-03 5.920147593362797001e-03 7.592620159219195530e-01
5.757575757575758221e-03 6.109580383576218403e-03 7.898479451280496777e-01
5.757575757575758221e-03 6.301996367336308753e-03 8.227487196388665325e-01
5.757575757575758221e-03 6.497395544643067185e-03 8.571962630244234216e-01
5.757575757575758221e-03 6.695777915496496299e-03 8.933765297691127483e-01
5.757575757575758221e-03 6.762235474847933664e-03 9.220091585234562181e-01
5.757575757575758221e-03 6.962587174686638535e-03 9.490947751061541426e-01
5.757575757575758221e-03 7.165863716858754395e-03 9.776396120251737987e-01
5.671641791044775525e-03 1.141087544918283504e-03 2.896740988389936433e+00
5.671641791044775525e-03 1.238487860518412307e-03 2.299537375337431744e+00
5.671641791044775525e-03 1.308177590442785804e-03 1.883122181212525614e+00
5.671641791044775525e-03 1.374897454631496653e-03 1.532148629808223861e+00
5.671641791044775525e-03 1.438128957812147843e-03 1.235654976745000688e+00
5.671641791044775525e-03 1.497353241890362003e-03 9.931167966453712248e-01
5.671641791044775525e-03 1.572952041842944114e-03 7.874353471907216129e-01
5.671641791044775525e-03 1.646667212485329775e-03 6.200000393258273679e-01
5.671641791044775525e-03 1.742270799693421699e-03 4.833279292990309561e-01
5.671641791044775525e-03 1.812877576206636939e-03 3.680811382703655377e-01
5.671641791044775525e-03 1.880621148077982890e-03 2.831456993041706061e-01
5.671641791044775525e-03 1.974533153687248362e-03 2.083589649058759652e-01
5.671641791044775525e-03 2.068627101433576348e-03 1.542434166690792030e-01
5.671641791044775525e-03 2.162730337866246993e-03 1.152965331702413276e-01
5.671641791044775525e-03 2.256670168643074448e-03 8.749700405168517325e-02
5.671641791044775525e-03 2.350273857307677919e-03 6.886065307961576620e-02
5.671641791044775525e-03 2.443368624003767076e-03 5.798145161577221429e-02
5.671641791044775525e-03 2.535781644121925041e-03 5.547358280438419859e-02
5.671641791044775525e-03 2.627340046873997449e-03 6.119192112531582350e-02
5.671641791044775525e-03 2.763802810649832950e-03 7.167423740674491728e-02
5.671641791044775525e-03 2.855463128800340544e-03 8.050100549585786913e-02
5.671641791044775525e-03 2.945807883912551165e-03 1.006077101284182235e-01
5.671641791044775525e-03 3.087754408931013463e-03 1.196643194066265570e-01
5.671641791044775525e-03 3.177452447195194384e-03 1.430810402931033676e-01
5.671641791044775525e-03 3.323523349984643799e-03 1.696260278429460588e-01
5.671641791044775525e-03 3.412113932749896456e-03 1.965940382517268326e-01
5.671641791044775525e-03 3.562079242648638708e-03 2.247768691278909103e-01
5.671641791044775525e-03 3.649101492927118041e-03 2.586514161484709251e-01
5.671641791044775525e-03 3.802731199877608988e-03 2.851040238036654517e-01
5.671641791044775525e-03 3.959528529651821019e-03 3.219291788680566091e-01
5.671641791044775525e-03 4.044788150860702952e-03 3.520920424493719225e-01
5.671641791044775525e-03 4.204962383670641721e-03 3.832563996455192190e-01
5.671641791044775525e-03 4.368246795758444490e-03 4.201213156968137685e-01
5.671641791044775525e-03 4.450879872475672905e-03 4.537508830205604915e-01
5.671641791044775525e-03 4.617253639999626194e-03 4.830410906611649624e-01
5.671641791044775525e-03 4.786680137202918919e-03 5.181729416549624156e-01
5.671641791044775525e-03 4.959159364085548478e-03 5.577439940355660708e-01
5.671641791044775525e-03 5.038050721527190072e-03 5.866518684293239305e-01
5.671641791044775525e-03 5.213274245432861914e-03 6.175318770579120153e-01
5.671641791044775525e-03 5.391493043251453440e-03 6.498356673866365618e-01
5.671641791044775525e-03 5.572707114982960314e-03 6.863209084034072038e-01
5.671641791044775525e-03 5.646474392822302749e-03 7.226831344822021164e-01
5.671641791044775525e-03 5.830087634004088235e-03 7.489780380339984278e-01
5.671641791044775525e-03 6.016638687044782545e-03 7.784736558330052070e-01
5.671641791044775525e-03 6.206127551944385680e-03 8.103810633814385600e-01
5.671641791044775525e-03 6.398554228702897639e-03 8.439767536691962224e-01
5.671641791044775525e-03 6.593918717320320158e-03 8.793834907769735310e-01
5.671641791044775525e-03 6.659353924378595170e-03 9.130377128345065207e-01
5.671641791044775525e-03 6.856657446792062925e-03 9.393754430284735335e-01
5.671641791044775525e-03 7.056841312598425772e-03 9.672552120664730246e-01
5.588235294117647328e-03 1.124042216063269499e-03 3.027711981225786886e+00
5.588235294117647328e-03 1.233642704250844345e-03 2.374887741162135413e+00
5.588235294117647328e-03 1.288631409584865091e-03 1.947622828424352193e+00
5.588235294117647328e-03 1.354350357780485401e-03 1.587644522935066416e+00
5.588235294117647328e-03 1.416632541709379961e-03 1.287692784680730451e+00
5.588235294117647328e-03 1.494055856688889525e-03 1.033084075353777553e+00
5.588235294117647328e-03 1.570020635086967703e-03 8.248108506658464734e-01
5.588235294117647328e-03 1.644186548414708999e-03 6.514328166410254806e-01
5.588235294117647328e-03 1.716213111968376915e-03 5.066915738643074096e-01
5.588235294117647328e-03 1.785759676195229411e-03 3.921612188052772119e-01
5.588235294117647328e-03 1.879641060277318547e-03 2.979406716914466680e-01
5.588235294117647328e-03 1.944990008103137475e-03 2.270324992186771862e-01
5.588235294117647328e-03 2.037673551410915020e-03 1.666024438178688449e-01
5.588235294117647328e-03 2.130365970316123840e-03 1.230492463712232476e-01
5.588235294117647328e-03 2.222897148279806990e-03 9.215014457599740583e-02
5.588235294117647328e-03 2.315096927886685450e-03 7.170218985860710159e-02
5.588235294117647328e-03 2.406795109597334448e-03 6.010848228928646758e-02
5.588235294117647328e-03 2.497821450434835593e-03 5.777018300694488490e-02
5.588235294117647328e-03 2.631015530548049940e-03 6.301592205665076940e-02
5.588235294117647328e-03 2.722425417594937901e-03 6.552327634817467494e-02
5.588235294117647328e-03 2.812709518501679135e-03 7.682816793033547809e-02
5.588235294117647328e-03 2.951588096750126788e-03 9.873529851531306911e-02
5.588235294117647328e-03 3.041518453147057204e-03 1.118540278385397185e-01
5.588235294117647328e-03 3.129868801932789765e-03 1.390554304868018565e-01
5.588235294117647328e-03 3.273752233426601831e-03 1.598139093177159964e-01
5.588235294117647328e-03 3.361011159703264188e-03 1.912027371799893405e-01
5.588235294117647328e-03 3.508730459255439502e-03 2.145517742893984225e-01
5.588235294117647328e-03 3.659626517937769521e-03 2.508840481837211200e-01
5.588235294117647328e-03 3.745772558041014083e-03 2.756859473678415218e-01
5.588235294117647328e-03 3.900221322408385302e-03 3.088723022978302479e-01
5.588235294117647328e-03 3.984197778828230292e-03 3.443281101805775180e-01
5.588235294117647328e-03 4.141972623587671792e-03 3.723819570696717540e-01
5.588235294117647328e-03 4.302811057565743107e-03 4.065331360895115820e-01
5.588235294117647328e-03 4.384199445589055319e-03 4.455602327551712039e-01
5.588235294117647328e-03 4.548080700585353103e-03 4.725078435888136474e-01
5.588235294117647328e-03 4.714968951086171561e-03 5.054981177184135754e-01
5.588235294117647328e-03 4.884864197091508091e-03 5.431496709029949299e-01
5.588235294117647328e-03 4.962565741922438795e-03 5.775500624878513456e-01
5.588235294117647328e-03 5.135163896442333439e-03 6.067068828442260253e-01
5.588235294117647328e-03 5.310712446765988339e-03 6.375186020976230106e-01
5.588235294117647328e-03 5.489211392893400022e-03 6.726380816595922685e-01
5.588235294117647328e-03 5.670660734824572828e-03 7.108001116225101113e-01
5.588235294117647328e-03 5.742726255366778151e-03 7.393897210119289021e-01
5.588235294117647328e-03 5.926481920378512923e-03 7.677650793332645440e-01
5.588235294117647328e-03 6.113131375390433095e-03 7.986502549920018179e-01
5.588235294117647328e-03 6.302674620402538667e-03 8.313674850935945937e-01
5.588235294117647328e-03 6.495111655414829641e-03 8.659750403795398732e-01
5.588235294117647328e-03 6.690442480427305147e-03 9.025130397492362455e-01
5.588235294117647328e-03 6.753902164842538053e-03 9.301687122114421502e-01
5.588235294117647328e-03 6.951086033969425780e-03 9.573622192427334587e-01
5.507246376811594443e-03 1.107498580002418869e-03 3.167202307660704985e+00
5.507246376811594443e-03 1.215485969889276187e-03 2.449488264477087451e+00
5.507246376811594443e-03 1.284370897535830986e-03 2.013789448367080848e+00
5.507246376811594443e-03 1.350428589573576463e-03 1.647246134359603653e+00
5.507246376811594443e-03 1.413155881012111929e-03 1.336597277662857408e+00
5.507246376811594443e-03 1.472049270982811724e-03 1.079005381545407483e+00
5.507246376811594443e-03 1.546891870471399930e-03 8.616178790628081785e-01
5.507246376811594443e-03 1.619961701737893979e-03 6.827557328317779284e-01
5.507246376811594443e-03 1.690923291324775059e-03 5.356285416540906841e-01
5.507246376811594443e-03 1.784496127385167301e-03 4.163524194615437213e-01
5.507246376811594443e-03 1.851936595049945289e-03 3.165221161403070638e-01
5.507246376811594443e-03 1.944831778452074666e-03 2.398417884155976121e-01
5.507246376811594443e-03 2.007632563082389823e-03 1.831744682175235894e-01
5.507246376811594443e-03 2.098955835372043246e-03 1.347630091006007391e-01
5.507246376811594443e-03 2.190119975630669055e-03 1.005160497840298928e-01
5.507246376811594443e-03 2.280957329612920415e-03 7.801408797168982168e-02
5.507246376811594443e-03 2.371300202169626323e-03 6.547146893837041404e-02
5.507246376811594443e-03 2.501210731872126510e-03 6.191816970787192981e-02
5.507246376811594443e-03 2.592210444552846531e-03 5.787719317953134851e-02
5.507246376811594443e-03 2.682268518260283452e-03 6.206712450291568262e-02
5.507246376811594443e-03 2.771217108636301642e-03 7.564913644866674836e-02
5.507246376811594443e-03 2.908046983720664891e-03 8.980231194228911751e-02
5.507246376811594443e-03 2.996646548678762959e-03 1.062582788667600503e-01
5.507246376811594443e-03 3.137646142910809066e-03 1.332086478881246150e-01
5.507246376811594443e-03 3.225449598394308521e-03 1.519605711698991946e-01
5.507246376811594443e-03 3.370395728494990015e-03 1.835226371479042606e-01
5.507246376811594443e-03 3.456955863741852184e-03 2.060537639479168848e-01
5.507246376811594443e-03 3.605625310122783679e-03 2.380075891126424148e-01
5.507246376811594443e-03 3.690494783170664931e-03 2.677873639694058894e-01
5.507246376811594443e-03 3.842664289015685058e-03 2.972700071590003157e-01
5.507246376811594443e-03 3.997907926291918365e-03 3.351387635979746760e-01
5.507246376811594443e-03 4.080841892239063864e-03 3.627841008145575863e-01
5.507246376811594443e-03 4.239306536723199716e-03 3.941669791523851885e-01
5.507246376811594443e-03 4.400789555387986038e-03 4.334247395833255023e-01
5.507246376811594443e-03 4.480949478418234412e-03 4.630456958376645282e-01
5.507246376811594443e-03 4.645374401427961909e-03 4.938478381856020727e-01
5.507246376811594443e-03 4.812761935663088277e-03 5.295353314407572620e-01
5.507246376811594443e-03 4.983112081123615249e-03 5.684211438807839079e-01
5.507246376811594443e-03 5.059359296191128300e-03 5.967401527870830336e-01
5.507246376811594443e-03 5.232316422375198929e-03 6.260233032083254434e-01
5.507246376811594443e-03 5.408180391016142487e-03 6.597415462123571439e-01
5.507246376811594443e-03 5.586951202113963309e-03 6.966312184101355331e-01
5.507246376811594443e-03 5.657943974251270283e-03 7.304906890197802039e-01
5.507246376811594443e-03 5.838986777156261222e-03 7.577162881592420796e-01
5.507246376811594443e-03 6.022880647823534821e-03 7.875507873726488306e-01
5.507246376811594443e-03 6.209625586253091946e-03 8.193633197213631147e-01
5.507246376811594443e-03 6.399221592444935200e-03 8.531463886934471663e-01
5.507246376811594443e-03 6.591668666399060246e-03 8.889197273398476984e-01
5.507246376811594443e-03 6.654180761544768209e-03 9.214705628043862173e-01
5.507246376811594443e-03 6.848453209739416812e-03 9.479568780613775170e-01
5.428571428571428437e-03 1.091434810720639343e-03 3.314884158918132151e+00
5.428571428571428437e-03 1.197855892038071288e-03 2.532755357178387179e+00
5.428571428571428437e-03 1.265738292404217135e-03 2.080649931864989366e+00
5.428571428571428437e-03 1.330833991979312077e-03 1.704101160412257343e+00
5.428571428571428437e-03 1.392647123303719777e-03 1.388965295911977815e+00
5.428571428571428437e-03 1.469217975686130506e-03 1.122106005461183775e+00
5.428571428571428437e-03 1.544427173714530300e-03 9.034183464877474368e-01
5.428571428571428437e-03 1.596440249061189609e-03 7.199120540684473823e-01
5.428571428571428437e-03 1.689438792023497489e-03 5.645760547022553588e-01
5.428571428571428437e-03 1.758579935477220775e-03 4.374283568881827677e-01
5.428571428571428437e-03 1.825036854447838804e-03 3.398699019924207865e-01
5.428571428571428437e-03 1.916580510497042401e-03 2.546070028839608756e-01
5.428571428571428437e-03 2.008352626288479551e-03 1.920381341434050648e-01
5.428571428571428437e-03 2.100188075156056520e-03 1.460003788125326663e-01
5.428571428571428437e-03 2.191921693725646259e-03 1.117038850228116165e-01
5.428571428571428437e-03 2.283388280836321123e-03 8.671824252319269843e-02
5.428571428571428437e-03 2.374422596406954803e-03 6.895152828163196579e-02
5.428571428571428437e-03 2.464859360244304673e-03 5.883197004536852570e-02
5.428571428571428437e-03 2.554533250788444156e-03 5.559056577404988819e-02
5.428571428571428437e-03 2.643278903790952442e-03 6.125633921481125899e-02
5.428571428571428437e-03 2.777094898295369430e-03 7.514616314812751219e-02
5.428571428571428437e-03 2.865771640014562211e-03 8.322716757649782637e-02
5.428571428571428437e-03 2.953079217700763179e-03 1.028403284007036456e-01
5.428571428571428437e-03 3.092028861800258464e-03 1.233268480621711599e-01
5.428571428571428437e-03 3.178551407760652446e-03 1.460356123850617971e-01
5.428571428571428437e-03 3.321390014232858401e-03 1.722560700531200473e-01
5.428571428571428437e-03 3.406686803098675151e-03 1.992576973672264551e-01
5.428571428571428437e-03 3.553194384037731707e-03 2.267625344124303832e-01
5.428571428571428437e-03 3.636824562987223553e-03 2.613874693619652745e-01
5.428571428571428437e-03 3.786781094322390524e-03 2.871030742615906517e-01
5.428571428571428437e-03 3.939767050533014674e-03 3.216310660077433825e-01
5.428571428571428437e-03 4.021489099012448033e-03 3.544469185347359774e-01
5.428571428571428437e-03 4.177648993759603205e-03 3.830080975133760557e-01
5.428571428571428437e-03 4.336783362692418937e-03 4.196449599478272452e-01
5.428571428571428437e-03 4.415770905451056431e-03 4.546424118791487223e-01
5.428571428571428437e-03 4.577804151899013754e-03 4.832107709766900738e-01
5.428571428571428437e-03 4.742756916300986357e-03 5.168904755030364617e-01
5.428571428571428437e-03 4.910629198656975974e-03 5.539876095458656780e-01
5.428571428571428437e-03 4.985759848622827589e-03 5.876229553810339290e-01
5.428571428571428437e-03 5.156200935088246090e-03 6.153416466365394522e-01
5.428571428571428437e-03 5.329506577628711703e-03 6.476237576614534142e-01
5.428571428571428437e-03 5.505676776244228764e-03 6.832074556200466997e-01
5.428571428571428437e-03 5.684711530934792069e-03 7.197070200655190098e-01
5.428571428571428437e-03 5.754037123467712657e-03 7.483214148948931221e-01
5.428571428571428437e-03 5.935255577795673677e-03 7.770772076817606955e-01
5.428571428571428437e-03 6.119283620562829089e-03 8.079591693458060275e-01
5.428571428571428437e-03 6.306121251769179759e-03 8.408927906892623705e-01
5.428571428571428437e-03 6.495768471414721350e-03 8.758770475884912754e-01
5.428571428571428437e-03 6.688225279499458199e-03 9.111538801829635048e-01
5.428571428571428437e-03 6.748806584782145873e-03 9.390354657426798202e-01
5.352112676056338531e-03 1.075830330035976688e-03 3.470442978900168285e+00
5.352112676056338531e-03 1.180729886025879121e-03 2.624380453361545129e+00
5.352112676056338531e-03 1.261929375821032673e-03 2.146479002276098669e+00
5.352112676056338531e-03 1.327363304574305253e-03 1.764302840576982279e+00
5.352112676056338531e-03 1.389615783123397588e-03 1.439666864712134231e+00
5.352112676056338531e-03 1.448197783685448376e-03 1.167491239421185600e+00
5.352112676056338531e-03 1.522327968035822043e-03 9.390325796626648458e-01
5.352112676056338531e-03 1.594789921697804119e-03 7.495696604979663613e-01
5.352112676056338531e-03 1.665257808009283896e-03 5.910284263005436411e-01
5.352112676056338531e-03 1.733405642085269647e-03 4.635557880322179192e-01
5.352112676056338531e-03 1.824900649552470147e-03 3.572600357345480093e-01
5.352112676056338531e-03 1.889138168119446808e-03 2.737820180315294061e-01
5.352112676056338531e-03 1.979594007274406656e-03 2.043592653026629624e-01
5.352112676056338531e-03 2.070112031661031256e-03 1.531935464186504892e-01
5.352112676056338531e-03 2.160529437344650087e-03 1.152990350040958151e-01
5.352112676056338531e-03 2.250683383667522949e-03 8.803203679553972538e-02
5.352112676056338531e-03 2.340410992147414805e-03 6.911146389788906663e-02
5.352112676056338531e-03 2.429549345319326550e-03 5.875437304826072044e-02
5.352112676056338531e-03 2.517935485516319214e-03 5.610214246842946950e-02
5.352112676056338531e-03 2.605406413585024082e-03 6.304249628593461274e-02
5.352112676056338531e-03 2.737305113272765940e-03 6.828759618459775971e-02
5.352112676056338531e-03 2.824707668295440340e-03 7.896966050096111689e-02
5.352112676056338531e-03 2.910760390358602730e-03 1.015641183411371828e-01
5.352112676056338531e-03 3.047718829493918473e-03 1.155039829223125647e-01
5.352112676056338531e-03 3.132997293928414372e-03 1.420091639651378523e-01
5.352112676056338531e-03 3.273788777260505656e-03 1.628120784766246554e-01
5.352112676056338531e-03 3.357858558699539780e-03 1.941388469036799957e-01
5.352112676056338531e-03 3.502266237774442036e-03 2.171260266507950010e-01
5.352112676056338531e-03 3.649714078514077701e-03 2.526691131606873530e-01
5.352112676056338531e-03 3.732499778204184052e-03 2.783525719973946599e-01
5.352112676056338531e-03 3.883292769243632762e-03 3.094803542188711565e-01
5.352112676056338531e-03 3.963837801300411010e-03 3.473547222776617316e-01
5.352112676056338531e-03 4.117759017697062048e-03 3.730419457753774704e-01
5.352112676056338531e-03 4.274612066786981877e-03 4.070064018673222317e-01
5.352112676056338531e-03 4.434396948570171366e-03 4.461711820878006551e-01
5.352112676056338531e-03 4.512171159258777757e-03 4.735757263196457290e-01
5.352112676056338531e-03 4.674758959321354337e-03 5.052047309444324119e-01
5.352112676056338531e-03 4.840224419562029826e-03 5.404723524797079293e-01
5.352112676056338531e-03 4.914270724799164360e-03 5.793466598592237338e-01
5.352112676056338531e-03 5.082267914184716330e-03 6.054655996322106937e-01
5.352112676056338531e-03 5.253088585744813271e-03 6.362772540749445094e-01
5.352112676056338531e-03 5.426732739479459521e-03 6.705218966745540854e-01
5.352112676056338531e-03 5.603200375388650741e-03 7.058524079291674802e-01
5.352112676056338531e-03 5.671523483943207052e-03 7.395746514505026070e-01
5.352112676056338531e-03 5.850143242104502601e-03 7.672241166946945912e-01
5.352112676056338531e-03 6.031532298841944285e-03 7.971499945615364568e-01
5.352112676056338531e-03 6.215690654155532104e-03 8.292095456879365889e-01
5.352112676056338531e-03 6.402618308045261719e-03 8.633806248775723891e-01
5.352112676056338531e-03 6.592315260511135734e-03 8.979372360173016876e-01
5.352112676056338531e-03 6.652017716934756006e-03 9.305942918775952366e-01
5.277777777777777936e-03 1.164086640201755698e-03 2.724066818396735812e+00
5.277777777777777936e-03 1.244139481919391771e-03 2.215481937368744436e+00
5.277777777777777936e-03 1.308647583256145443e-03 1.822368891400734769e+00
5.277777777777777936e-03 1.370018639959487286e-03 1.492280570298479159e+00
5.277777777777777936e-03 1.445785586531670450e-03 1.213603398120595589e+00
5.277777777777777936e-03 1.500852209218490625e-03 9.807253946487860530e-01
5.277777777777777936e-03 1.572288846235461290e-03 7.847469806416914606e-01
5.277777777777777936e-03 1.641759186959015340e-03 6.227945781207346876e-01
5.277777777777777936e-03 1.732939857910038546e-03 4.886963489920375103e-01
5.277777777777777936e-03 1.799143666865724326e-03 3.771197709171447698e-01
5.277777777777777936e-03 1.889781103016082743e-03 2.907141666454911011e-01
5.277777777777777936e-03 1.951647283944235893e-03 2.207526770428470675e-01
5.277777777777777936e-03 2.040885141926361817e-03 1.642267608084053143e-01
5.277777777777777936e-03 2.130023565354450307e-03 1.225037970833743606e-01
5.277777777777777936e-03 2.218902007574210817e-03 9.272908744969171613e-02
5.277777777777777936e-03 2.307359885156944849e-03 7.243462569769650028e-02
5.277777777777777936e-03 2.395236576773498993e-03 6.162676661781966297e-02
5.277777777777777936e-03 2.482371422009027259e-03 5.935916835686251558e-02
5.277777777777777936e-03 2.611304585939804978e-03 6.099581817124213184e-02
5.277777777777777936e-03 2.698639283445027504e-03 6.388971028173513755e-02
5.277777777777777936e-03 2.784803743846781237e-03 7.699035757053798723e-02
5.277777777777777936e-03 2.918992132864341085e-03 9.379868864704861420e-02
5.277777777777777936e-03 3.004660654303853429e-03 1.097073310395650925e-01
5.277777777777777936e-03 3.142788132730012403e-03 1.373554357072641063e-01
5.277777777777777936e-03 3.227532500853488862e-03 1.551635249985048037e-01
5.277777777777777936e-03 3.369385299804043485e-03 1.868660557661807331e-01
5.277777777777777936e-03 3.452777183235877616e-03 2.090755707494757754e-01
5.277777777777777936e-03 3.598141500412040811e-03 2.405065429311434855e-01
5.277777777777777936e-03 3.679752446595614766e-03 2.709998512216887367e-01
5.277777777777777936e-03 3.828414445438077518e-03 2.986693549556511118e-01
5.277777777777777936e-03 3.980020246237817375e-03 3.365977396887696038e-01
5.277777777777777936e-03 4.059561685028330660e-03 3.642541772236267961e-01
5.277777777777777936e-03 4.214197890189609781e-03 3.954957963452387926e-01
5.277777777777777936e-03 4.371724491709041982e-03 4.322885932700486489e-01
5.277777777777777936e-03 4.448393299485857259e-03 4.649316546229316782e-01
5.277777777777777936e-03 4.608682981514524400e-03 4.944678517618883440e-01
5.277777777777777936e-03 4.771809649065822910e-03 5.278658545073151576e-01
5.277777777777777936e-03 4.937773302139752789e-03 5.669638750735624955e-01
5.277777777777777936e-03 5.010424831898230291e-03 5.963872195547165189e-01
5.277777777777777936e-03 5.178830777637031743e-03 6.256946549152980763e-01
5.277777777777777936e-03 5.350020292726889205e-03 6.585676883843665230e-01
5.277777777777777936e-03 5.523993377167800076e-03 6.926988068528239229e-01
5.277777777777777936e-03 5.700750030959764354e-03 7.302857921804288832e-01
5.277777777777777936e-03 5.767437100574476089e-03 7.579861681762835035e-01
5.277777777777777936e-03 5.946261777539032720e-03 7.869308042070178866e-01
5.277777777777777936e-03 6.127816602243508874e-03 8.180919968671134246e-01
5.277777777777777936e-03 6.312101574687900216e-03 8.514261233048374677e-01
5.277777777777777936e-03 6.499116694872211081e-03 8.852401799961298057e-01
5.277777777777777936e-03 6.688861962796435398e-03 9.205068056186183068e-01
5.205479452054794474e-03 1.147906027494484090e-03 2.831529016701133106e+00
5.205479452054794474e-03 1.240738896302010169e-03 2.280972682275590024e+00
5.205479452054794474e-03 1.305584226014932289e-03 1.883142770004408550e+00
5.205479452054794474e-03 1.367388795611408766e-03 1.544709839389659445e+00
5.205479452054794474e-03 1.425677240497494509e-03 1.258420073918925075e+00
5.205479452054794474e-03 1.499135102567127282e-03 1.019507692227247908e+00
5.205479452054794474e-03 1.571023474174770363e-03 8.202389845403528223e-01
5.205479452054794474e-03 1.641025616512148790e-03 6.512852289398782801e-01
5.205479452054794474e-03 1.708824653255883261e-03 5.118195145638044785e-01
5.205479452054794474e-03 1.774103562931828503e-03 4.015582401890460673e-01
5.205479452054794474e-03 1.863477583067079313e-03 3.060436213789240467e-01
5.205479452054794474e-03 1.953122744857813294e-03 2.353608269342269688e-01
5.205479452054794474e-03 2.012471948620419247e-03 1.790141385304665211e-01
5.205479452054794474e-03 2.100367063010964621e-03 1.332403548660853754e-01
5.205479452054794474e-03 2.188005584042432283e-03 1.007390025729262284e-01
5.205479452054794474e-03 2.275229159567620542e-03 7.885743178477841453e-02
5.205479452054794474e-03 2.361879400576731396e-03 6.739181762686885513e-02
5.205479452054794474e-03 2.487824493266764265e-03 6.063596766754975748e-02
5.205479452054794474e-03 2.574935311026604196e-03 5.724077094814759847e-02
5.205479452054794474e-03 2.661050454634703889e-03 6.190946466308113599e-02
5.205479452054794474e-03 2.746011400672644827e-03 7.725057981556938957e-02
5.205479452054794474e-03 2.878330544129093036e-03 8.678488178021286081e-02
5.205479452054794474e-03 2.962802030045009940e-03 1.059047571748836652e-01
5.205479452054794474e-03 3.099005222541914312e-03 1.275530899951261843e-01
5.205479452054794474e-03 3.182564983849770889e-03 1.492837285037166839e-01
5.205479452054794474e-03 3.322441422175871281e-03 1.759726004776281383e-01
5.205479452054794474e-03 3.404667080572668439e-03 2.025890271507410634e-01
5.205479452054794474e-03 3.548005929016917123e-03 2.298442910220607205e-01
5.205479452054794474e-03 3.628474988337664336e-03 2.650265402399528680e-01
5.205479452054794474e-03 3.775065377866506505e-03 2.891810442469858744e-01
5.205479452054794474e-03 3.924558547386017456e-03 3.238871960390942162e-01
5.205479452054794474e-03 4.002986247190635193e-03 3.566306405942590851e-01
5.205479452054794474e-03 4.155467389394052954e-03 3.851000495333646301e-01
5.205479452054794474e-03 4.310798646405009614e-03 4.194743629413815178e-01
5.205479452054794474e-03 4.386393025152402446e-03 4.572676443840523186e-01
5.205479452054794474e-03 4.544448641173518336e-03 4.846697162666992464e-01
5.205479452054794474e-03 4.705301701725981417e-03 5.161587097918225453e-01
5.205479452054794474e-03 4.868952206809792557e-03 5.534881551864638816e-01
5.205479452054794474e-03 4.940584317312275882e-03 5.880986526682137061e-01
5.205479452054794474e-03 5.106642845755271151e-03 6.158686599806637574e-01
5.205479452054794474e-03 5.275446143263443251e-03 6.473380500213545830e-01
5.205479452054794474e-03 5.446994209836784374e-03 6.802398931607767096e-01
5.205479452054794474e-03 5.621287045475299726e-03 7.166916278555753861e-01
5.205479452054794474e-03 5.687036551394641232e-03 7.493580682609404242e-01
5.205479452054794474e-03 5.863368335591728764e-03 7.772966548134868647e-01
5.205479452054794474e-03 6.042392208097172035e-03 8.075355307727294374e-01
5.205479452054794474e-03 6.224108168910964106e-03 8.400092462532295912e-01
5.205479452054794474e-03 6.408516218033111049e-03 8.730586991650318707e-01
5.205479452054794474e-03 6.595616355463609394e-03 9.076465024879396548e-01
5.135135135135134726e-03 1.132169024243357032e-03 2.946492407441390959e+00
5.135135135135134726e-03 1.237432673191603055e-03 2.351724675377062201e+00
5.135135135135134726e-03 1.287681437102073008e-03 1.942284041949467577e+00
5.135135135135134726e-03 1.348635138044450808e-03 1.597492357713294897e+00
5.135135135135134726e-03 1.423642704662416662e-03 1.307427230051400269e+00
5.135135135135134726e-03 1.478568076399709892e-03 1.059861047307796733e+00
5.135135135135134726e-03 1.549467355279524885e-03 8.534793047789028808e-01
5.135135135135134726e-03 1.618505950489618553e-03 6.805287321095004893e-01
5.135135135135134726e-03 1.685371330603459717e-03 5.397801503106296472e-01
5.135135135135134726e-03 1.774677342077382374e-03 4.214799977386051166e-01
5.135135135135134726e-03 1.837896160321703066e-03 3.256244487570831292e-01
5.135135135135134726e-03 1.926308709419866224e-03 2.475883250104184141e-01
5.135135135135134726e-03 2.014832408027201691e-03 1.893198089477074741e-01
5.135135135135134726e-03 2.103311161718104689e-03 1.450751015561309865e-01
5.135135135135134726e-03 2.191588842942987503e-03 1.117873145307563681e-01
5.135135135135134726e-03 2.279509290051899041e-03 8.648491547578464334e-02
5.135135135135134726e-03 2.366916306268571427e-03 6.921546907421645412e-02
5.135135135135134726e-03 2.453653658611457556e-03 5.849178261159809766e-02
5.135135135135134726e-03 2.539565076757928710e-03 5.604353564000182780e-02
5.135135135135134726e-03 2.624494251847519187e-03 6.230466452978444813e-02
5.135135135135134726e-03 2.754079631326011423e-03 7.244168155212453442e-02
5.135135135135134726e-03 2.838786088617463888e-03 8.189374529730729380e-02
5.135135135135134726e-03 2.922093524169359999e-03 1.040646998020594016e-01
5.135135135135134726e-03 3.056425302914749474e-03 1.196391235698980593e-01
5.135135135135134726e-03 3.138833112968092073e-03 1.451464550601084535e-01
5.135135135135134726e-03 3.276787498367917870e-03 1.667531028548248362e-01
5.135135135135134726e-03 3.357879094502438239e-03 1.976446051358470291e-01
5.135135135135134726e-03 3.499248136241473774e-03 2.206621773955165511e-01
5.135135135135134726e-03 3.643532003583375024e-03 2.559181151263989484e-01
5.135135135135134726e-03 3.723182530699947323e-03 2.809986431429185583e-01
5.135135135135134726e-03 3.870621131492755791e-03 3.124283404128269659e-01
5.135135135135134726e-03 3.947965843796430625e-03 3.501573769051372631e-01
5.135135135135134726e-03 4.098351157177070915e-03 3.758062399788194008e-01
5.135135135135134726e-03 4.251547410994731789e-03 4.077164906394303845e-01
5.135135135135134726e-03 4.407554605249414982e-03 4.464253901380796363e-01
5.135135135135134726e-03 4.481980012380198421e-03 4.758003252878008071e-01
5.135135135135134726e-03 4.640621964188053339e-03 5.053416232533586294e-01
5.135135135135134726e-03 4.802022906462133194e-03 5.408646171836196670e-01
5.135135135135134726e-03 4.966182839202437117e-03 5.783012547485129051e-01
5.135135135135134726e-03 5.036439446541399537e-03 6.067920483621040972e-01
5.135135135135134726e-03 5.202922126445887196e-03 6.368262724047084600e-01
5.135135135135134726e-03 5.372111841795972932e-03 6.684694082476623223e-01
5.135135135135134726e-03 5.544008592591661948e-03 7.037571428826535636e-01
5.135135135135134726e-03 5.608846523113162827e-03 7.413345748407966784e-01
5.135135135135134726e-03 5.782753953770635238e-03 7.682426500607419939e-01
5.135135135135134726e-03 5.959316459705323379e-03 7.975355768364176257e-01
5.135135135135134726e-03 6.138534040917222913e-03 8.291257359655226367e-01
5.135135135135134726e-03 6.320406697406337308e-03 8.613888159948270840e-01
5.135135135135134726e-03 6.504934429172663096e-03 8.952771510005519406e-01
5.066666666666666367e-03 1.116857635612392976e-03 3.068692666460514751e+00
5.066666666666666367e-03 1.220697705039165042e-03 2.417071576173126068e+00
5.066666666666666367e-03 1.284986710604229436e-03 2.003604008807166714e+00
5.066666666666666367e-03 1.346368054606853892e-03 1.651583015861904258e+00
5.066666666666666367e-03 1.404379291902021739e-03 1.351646814230467841e+00
5.066666666666666367e-03 1.477201635728678285e-03 1.102880778575536791e+00
5.066666666666666367e-03 1.528494717732749352e-03 8.921426114874639879e-01
5.066666666666666367e-03 1.596595927186189286e-03 7.148447983233814362e-01
5.066666666666666367e-03 1.685579527114413299e-03 5.658812843763627587e-01
5.066666666666666367e-03 1.750648224856249553e-03 4.424681609174117014e-01
5.066666666666666367e-03 1.839212186286981075e-03 3.465412767004492078e-01
5.066666666666666367e-03 1.900220874240904920e-03 2.637551586552872029e-01
5.066666666666666367e-03 1.987543682830845287e-03 1.996580687663415954e-01
5.066666666666666367e-03 2.074821945876882592e-03 1.511335247396505543e-01
5.066666666666666367e-03 2.161901645837399979e-03 1.149093513644988962e-01
5.066666666666666367e-03 2.248628731979217168e-03 8.782932670020664190e-02
5.066666666666666367e-03 2.334849119379053903e-03 6.973250275663317455e-02
5.066666666666666367e-03 2.420408687873378244e-03 5.904592487776731680e-02
5.066666666666666367e-03 2.505153280952954892e-03 5.735818533692354365e-02
5.066666666666666367e-03 2.631976665801198309e-03 6.494197007926826026e-02
5.066666666666666367e-03 2.716758021957749528e-03 6.707589416241527269e-02
5.066666666666666367e-03 2.800313357407246181e-03 7.909078707694565391e-02
5.066666666666666367e-03 2.932074991855288665e-03 9.919223626441871222e-02
5.066666666666666367e-03 3.014999470979249502e-03 1.135848196500354873e-01
5.066666666666666367e-03 3.150488336094859742e-03 1.421798192712840081e-01
5.066666666666666367e-03 3.232371085951462036e-03 1.591836766707357131e-01
5.066666666666666367e-03 3.371382065202430719e-03 1.909838955251571269e-01
5.066666666666666367e-03 3.451812104391916401e-03 2.129403291886876881e-01
5.066666666666666367e-03 3.594140050387250804e-03 2.442980474691055504e-01
5.066666666666666367e-03 3.672706285189881233e-03 2.741056135181677011e-01
5.066666666666666367e-03 3.818146018897900298e-03 3.022058628258099677e-01
5.066666666666666367e-03 3.966409825105104633e-03 3.378385675064074500e-01
5.066666666666666367e-03 4.042783549107840241e-03 3.676016159228124858e-01
5.066666666666666367e-03 4.193902687260361688e-03 3.970031290807455315e-01
5.066666666666666367e-03 4.347794653635866230e-03 4.334116478816871232e-01
5.066666666666666367e-03 4.421205285773989642e-03 4.678498004066148908e-01
5.066666666666666367e-03 4.577696085362788041e-03 4.954054090157437584e-01
5.066666666666666367e-03 4.736908464074870290e-03 5.290847431096047382e-01
5.066666666666666367e-03 4.898842421910238124e-03 5.649223480437908229e-01
5.066666666666666367e-03 4.968139864019653455e-03 5.984576774182341907e-01
5.066666666666666367e-03 5.132364858181013602e-03 6.270257170026422022e-01
5.066666666666666367e-03 5.299260177450687039e-03 6.573811577814274720e-01
5.066666666666666367e-03 5.468825821828674633e-03 6.914765693225222165e-01
5.066666666666666367e-03 5.641061791314977251e-03 7.284506185232177966e-01
5.066666666666666367e-03 5.704325928231258891e-03 7.597639402421255683e-01
5.066666666666666367e-03 5.878493822734188329e-03 7.880876069014588481e-01
5.066666666666666367e-03 6.055280783319867861e-03 8.187713731269843365e-01
5.066666666666666367e-03 6.234686809988300091e-03 8.502265880102094497e-01
5.066666666666666367e-03 6.416711902739479813e-03 8.833950634650793443e-01
5.000000000000000104e-03 1.101954826973399306e-03 3.197875332894808853e+00
5.000000000000000104e-03 1.204409304687868070e-03 2.489776629258245055e+00
5.000000000000000104e-03 1.267837597971346875e-03 2.063695904639347489e+00
5.000000000000000104e-03 1.328396648088997099e-03 1.704464431482820119e+00
5.000000000000000104e-03 1.385630181415260743e-03 1.401951249310970926e+00
5.000000000000000104e-03 1.457477879075161180e-03 1.141906835100299888e+00
5.000000000000000104e-03 1.527868904217284749e-03 9.259158990930305144e-01
5.000000000000000104e-03 1.596499231071618358e-03 7.429510679069708523e-01
5.000000000000000104e-03 1.663064709413632561e-03 5.908435516476115978e-01
5.000000000000000104e-03 1.727261057761388888e-03 4.678591687983606473e-01
5.000000000000000104e-03 1.814640160138853743e-03 3.623395816615899712e-01
5.000000000000000104e-03 1.874830135110352883e-03 2.837714210790511782e-01
5.000000000000000104e-03 1.960984195286983017e-03 2.136397332610797672e-01
5.000000000000000104e-03 2.047094104060150858e-03 1.606289241794714995e-01
5.000000000000000104e-03 2.133007897629792676e-03 1.212638488559158179e-01
5.000000000000000104e-03 2.218573579877235798e-03 9.220596495683403004e-02
5.000000000000000104e-03 2.303639121392979557e-03 7.308643108642770558e-02
5.000000000000000104e-03 2.388052458454232793e-03 6.224849975184014450e-02
5.000000000000000104e-03 2.471661491948599042e-03 6.113971765549300330e-02
5.000000000000000104e-03 2.596789354978496639e-03 5.981896852974115386e-02
5.000000000000000104e-03 2.680434293948461260e-03 6.392579373383364127e-02
5.000000000000000104e-03 2.762869369433824506e-03 7.834214536674551088e-02
5.000000000000000104e-03 2.892869172105940780e-03 9.168338315344271017e-02
5.000000000000000104e-03 2.974681438742938101e-03 1.093619539146347824e-01
5.000000000000000104e-03 3.108358481175335988e-03 1.323547611214045960e-01
5.000000000000000104e-03 3.189142546866771764e-03 1.532408206738638257e-01
5.000000000000000104e-03 3.326294444536461066e-03 1.803681581752423491e-01
5.000000000000000104e-03 3.405644811580352174e-03 2.066591751494825657e-01
5.000000000000000104e-03 3.546069149917067693e-03 2.340611748549291660e-01
5.000000000000000104e-03 3.623580211246430448e-03 2.684856539586166768e-01
5.000000000000000104e-03 3.767074544871336882e-03 2.932046655120288392e-01
5.000000000000000104e-03 3.913355176236533485e-03 3.258716995431835683e-01
5.000000000000000104e-03 3.988702431995009429e-03 3.604735926471299701e-01
5.000000000000000104e-03 4.137800019473561290e-03 3.873225818295598089e-01
5.000000000000000104e-03 4.289633342502177822e-03 4.213880265324403407e-01
5.000000000000000104e-03 4.362056493325036644e-03 4.608083822199062207e-01
5.000000000000000104e-03 4.516453691457501633e-03 4.863409888757898036e-01
5.000000000000000104e-03 4.673536058253139995e-03 5.181401118361484981e-01
5.000000000000000104e-03 4.833303593711953464e-03 5.523445820208702228e-01
5.000000000000000104e-03 4.901667700376279718e-03 5.908584817630898600e-01
5.000000000000000104e-03 5.063695415277190241e-03 6.179298150440838411e-01
5.000000000000000104e-03 5.228357727168357096e-03 6.469690109136452261e-01
5.000000000000000104e-03 5.395654636049782883e-03 6.798441967704349498e-01
5.000000000000000104e-03 5.565586141921466737e-03 7.157023025423232543e-01
5.000000000000000104e-03 5.627996515072358590e-03 7.518557217338579513e-01
5.000000000000000104e-03 5.799833874233200487e-03 7.791871347514316426e-01
5.000000000000000104e-03 5.974255253832550829e-03 8.089419764491612153e-01
5.000000000000000104e-03 6.151260653870411349e-03 8.395681074182832493e-01
5.000000000000000104e-03 6.330850074346777712e-03 8.719965838640147959e-01
