5.000000000000000278e-02 1.728796949977437969e-03 1.096440214037483818e+00
5.000000000000000278e-02 1.880385549160347881e-03 7.219294299958155525e-01
5.000000000000000278e-02 2.049928306731000748e-03 4.588800374810648730e-01
5.000000000000000278e-02 2.214414381398576402e-03 2.804957736159975901e-01
5.000000000000000278e-02 2.406670853286581660e-03 1.640756292117341864e-01
5.000000000000000278e-02 2.597930313444627923e-03 9.497017547595064391e-02
5.000000000000000278e-02 2.786922848442311470e-03 6.177620244023653007e-02
5.000000000000000278e-02 3.019546840364698958e-03 5.471088218937979197e-02
5.000000000000000278e-02 3.204768799828266318e-03 6.828307508201146570e-02
5.000000000000000278e-02 3.440645494766558440e-03 9.023636471956715532e-02
5.000000000000000278e-02 3.679371464754628302e-03 1.244777116869395933e-01
5.000000000000000278e-02 3.920313902691321788e-03 1.676750482227048478e-01
5.000000000000000278e-02 4.234928000131137071e-03 2.149100412022562634e-01
5.000000000000000278e-02 4.484032160977503671e-03 2.582367696157281123e-01
5.000000000000000278e-02 4.733664131615617984e-03 3.088396192930314976e-01
5.000000000000000278e-02 5.072746820055399827e-03 3.628055321768789976e-01
5.000000000000000278e-02 5.327803118339756276e-03 4.085576708606588059e-01
5.000000000000000278e-02 5.683941449192791116e-03 4.632087147093112423e-01
5.000000000000000278e-02 5.942734797064687553e-03 5.077117670461754884e-01
5.000000000000000278e-02 6.315094058215215897e-03 5.558153578563678199e-01
5.000000000000000278e-02 6.575932731667470145e-03 6.058614707605231020e-01
5.000000000000000278e-02 6.963676895864467919e-03 6.442305983820085791e-01
5.000000000000000278e-02 7.362527464090699685e-03 6.888189609067394414e-01
5.000000000000000278e-02 7.627156235438632519e-03 7.361750968184379573e-01
5.000000000000000278e-02 8.040346661517424470e-03 7.686431020957961158e-01
5.000000000000000278e-02 8.464435826530797985e-03 8.046643099916190867e-01
5.000000000000000278e-02 8.899423730478759134e-03 8.432440507763470094e-01
5.000000000000000278e-02 9.345310373361300979e-03 8.839676341313139618e-01
5.000000000000000278e-02 9.615138651096453298e-03 9.123054019953991123e-01
5.000000000000000278e-02 1.007390254998697179e-02 9.402261518610375290e-01
5.000000000000000278e-02 1.054335731423888464e-02 9.695031467522594593e-01
5.000000000000000278e-02 1.102350294385219531e-02 9.996753022321753779e-01
5.000000000000000278e-02 1.151433943882690034e-02 1.030383916607685579e+00
5.000000000000000278e-02 1.201586679916299971e-02 1.061450575589475198e+00
5.000000000000000278e-02 1.228423892414217886e-02 1.083570461180216382e+00
5.000000000000000278e-02 1.279697013545074910e-02 1.104273106890900191e+00
5.000000000000000278e-02 1.332018412558343134e-02 1.125339240467106317e+00
5.000000000000000278e-02 1.385388089454021865e-02 1.146511137277875569e+00
5.000000000000000278e-02 1.439806044232111101e-02 1.167784725685579117e+00
5.000000000000000278e-02 1.495272276892611538e-02 1.188926511769091254e+00
5.000000000000000278e-02 1.551786787435522307e-02 1.210155641488523726e+00
5.000000000000000278e-02 1.609349575860844275e-02 1.230945320686002153e+00
5.000000000000000278e-02 1.667960642168576924e-02 1.251451448693137625e+00
5.000000000000000278e-02 1.693290304363899434e-02 1.271187658630037909e+00
5.000000000000000278e-02 1.752791600174389078e-02 1.284626822198356333e+00
5.000000000000000278e-02 1.813320343449356317e-02 1.297940073932695171e+00
5.000000000000000278e-02 1.874876534188801500e-02 1.311633188126195115e+00
5.000000000000000278e-02 1.937460172392724278e-02 1.324617269548900023e+00
5.000000000000000278e-02 2.001071258061124306e-02 1.337774142584191805e+00
5.000000000000000278e-02 2.065709791194002276e-02 1.350644985922260677e+00
4.749999999999999362e-02 1.669930839655633893e-03 1.263963572678370451e+00
4.749999999999999362e-02 1.818465968356549039e-03 8.519105165897007392e-01
4.749999999999999362e-02 1.958369994013966359e-03 5.536540547262113199e-01
4.749999999999999362e-02 2.116521021251301614e-03 3.496700755755868251e-01
4.749999999999999362e-02 2.301073176655470901e-03 2.100377825102885676e-01
4.749999999999999362e-02 2.484858225443184465e-03 1.235091212656672516e-01
4.749999999999999362e-02 2.666679520015291602e-03 7.423555484779778557e-02
4.749999999999999362e-02 2.845335357212134490e-03 6.024112234099415070e-02
4.749999999999999362e-02 3.068486052193697324e-03 5.580928200857843829e-02
4.749999999999999362e-02 3.295097661659906422e-03 7.238999615765305540e-02
4.749999999999999362e-02 3.524575013425672310e-03 1.009229804294089483e-01
4.749999999999999362e-02 3.756321703242104706e-03 1.368935271393432185e-01
4.749999999999999362e-02 3.989740052841994969e-03 1.788115757963856800e-01
4.749999999999999362e-02 4.224231065537047310e-03 2.276590408974727420e-01
4.749999999999999362e-02 4.538058543388495854e-03 2.756071865440913871e-01
4.749999999999999362e-02 4.778616200473337003e-03 3.208294411327416995e-01
4.749999999999999362e-02 5.018648431514731618e-03 3.781532168927664861e-01
4.749999999999999362e-02 5.354121240069793786e-03 4.189344683843225781e-01
4.749999999999999362e-02 5.700446641860699645e-03 4.750040930321345334e-01
4.749999999999999362e-02 5.948365990289919240e-03 5.148308995961061729e-01
4.749999999999999362e-02 6.309758576630899660e-03 5.631287447747079788e-01
4.749999999999999362e-02 6.558965090422101164e-03 6.098205550141413411e-01
4.749999999999999362e-02 6.934635442796501480e-03 6.478963847828022038e-01
4.749999999999999362e-02 7.320766722264045699e-03 6.917762712969584005e-01
4.749999999999999362e-02 7.572685304039023131e-03 7.374267980918481902e-01
4.749999999999999362e-02 7.972107607914271851e-03 7.691293960516072392e-01
4.749999999999999362e-02 8.381794732901964515e-03 8.041333828542451823e-01
4.749999999999999362e-02 8.801746679002096785e-03 8.419109707717558067e-01
4.749999999999999362e-02 9.231963446214665192e-03 8.812813043723131123e-01
4.749999999999999362e-02 9.487479968453765150e-03 9.099523910399092141e-01
4.749999999999999362e-02 9.929606805579161213e-03 9.371359775737064801e-01
4.749999999999999362e-02 1.038180217081056435e-02 9.655882078723623252e-01
4.749999999999999362e-02 1.084406606414796588e-02 9.948912183942419940e-01
4.749999999999999362e-02 1.131639848559137275e-02 1.024831661833403906e+00
4.749999999999999362e-02 1.179879943514079016e-02 1.055038054869921638e+00
4.749999999999999362e-02 1.205140880346713093e-02 1.079079585766749894e+00
4.749999999999999362e-02 1.254413994373247514e-02 1.099227700391352203e+00
4.749999999999999362e-02 1.304674312805734031e-02 1.119651573823018387e+00
4.749999999999999362e-02 1.355921835644174032e-02 1.140333636571936538e+00
4.749999999999999362e-02 1.408156562888566478e-02 1.161010041990993225e+00
4.749999999999999362e-02 1.461378494538912061e-02 1.181900666085882401e+00
4.749999999999999362e-02 1.515587630595210782e-02 1.202439732954357021e+00
4.749999999999999362e-02 1.570783971057462119e-02 1.222789632998145359e+00
4.749999999999999362e-02 1.626967515925666768e-02 1.243253151161759940e+00
4.749999999999999362e-02 1.684138265199824555e-02 1.263102257120853888e+00
4.749999999999999362e-02 1.707584709164785414e-02 1.278635165756796699e+00
4.749999999999999362e-02 1.765551527019572006e-02 1.292157687188791426e+00
4.749999999999999362e-02 1.824485881353033953e-02 1.305016842013350775e+00
4.749999999999999362e-02 1.884387772165171601e-02 1.318096321668031035e+00
4.749999999999999362e-02 1.945257199455985297e-02 1.330936960636717181e+00
4.523809523809523697e-02 1.598617024735060014e-03 1.432730226015857866e+00
4.523809523809523697e-02 1.741691044828469785e-03 9.814170286340943017e-01
4.523809523809523697e-02 1.876756202190897746e-03 6.573161261401836430e-01
4.523809523809523697e-02 2.029279389027325697e-03 4.259740624802190734e-01
4.523809523809523697e-02 2.206979864519016676e-03 2.625485397422772649e-01
4.523809523809523697e-02 2.384120684395119125e-03 1.585660267044147476e-01
4.523809523809523697e-02 2.559570513245134921e-03 9.383757081351011553e-02
4.523809523809523697e-02 2.732193553251956782e-03 6.278966327111076828e-02
4.523809523809523697e-02 2.947120776732012597e-03 5.312857229335559567e-02
4.523809523809523697e-02 3.165492972367208238e-03 6.594638369534513989e-02
4.523809523809523697e-02 3.331765052399614149e-03 8.925923846305698628e-02
4.523809523809523697e-02 3.550694077785370231e-03 1.210246394405926490e-01
4.523809523809523697e-02 3.835645344519507480e-03 1.562682404542095060e-01
4.523809523809523697e-02 4.062157797920180717e-03 1.950036292697806817e-01
4.523809523809523697e-02 4.289289690558591162e-03 2.397486181539500161e-01
4.523809523809523697e-02 4.516472344686307816e-03 2.936469559391580719e-01
4.523809523809523697e-02 4.828813506155433914e-03 3.346567189689936273e-01
4.523809523809523697e-02 5.060191888875878626e-03 3.867702137093568804e-01
4.523809523809523697e-02 5.387504796162821859e-03 4.304974689050058423e-01
4.523809523809523697e-02 5.621570940430833246e-03 4.837511180120580567e-01
4.523809523809523697e-02 5.963109114910674149e-03 5.227888870853854009e-01
4.523809523809523697e-02 6.314718666608481502e-03 5.712951386624417482e-01
4.523809523809523697e-02 6.553367328070278455e-03 6.144751688256049338e-01
4.523809523809523697e-02 6.918269006331845099e-03 6.523997016701810203e-01
4.523809523809523697e-02 7.293056467112048712e-03 6.956575251155916462e-01
4.523809523809523697e-02 7.533460434372555789e-03 7.392999556939156003e-01
4.523809523809523697e-02 7.920605452774296187e-03 7.703174589415587858e-01
4.523809523809523697e-02 8.317450493744686299e-03 8.047704966637492241e-01
4.523809523809523697e-02 8.723995557283724389e-03 8.413975982061514536e-01
4.523809523809523697e-02 9.140240643391417397e-03 8.797658675239076187e-01
4.523809523809523697e-02 9.382822448583646655e-03 9.085493982474130981e-01
4.523809523809523697e-02 9.810117195204906201e-03 9.350234350174341236e-01
4.523809523809523697e-02 1.024692603572604534e-02 9.626827048462935910e-01
4.523809523809523697e-02 1.069324897014706927e-02 9.912774635043873905e-01
4.523809523809523697e-02 1.114908599846798666e-02 1.020399114416795872e+00
4.523809523809523697e-02 1.161443712068877671e-02 1.049859407104035247e+00
4.523809523809523697e-02 1.185282881762466690e-02 1.075507286814183949e+00
4.523809523809523697e-02 1.232773339727041319e-02 1.095031019472766154e+00
4.523809523809523697e-02 1.281196596981503885e-02 1.114980910780413392e+00
4.523809523809523697e-02 1.330552653525854043e-02 1.135061508732643221e+00
4.523809523809523697e-02 1.380841509360091791e-02 1.155492872997847753e+00
4.523809523809523697e-02 1.432063164484217305e-02 1.175669271011677841e+00
4.523809523809523697e-02 1.484217618898230583e-02 1.195759593898064299e+00
4.523809523809523697e-02 1.537304872602131452e-02 1.216048887233595277e+00
4.523809523809523697e-02 1.591324925595920606e-02 1.235792905705469291e+00
4.523809523809523697e-02 1.646277777879596657e-02 1.255243176624317059e+00
4.523809523809523697e-02 1.668171758034883712e-02 1.273907145022116882e+00
4.523809523809523697e-02 1.723855562201768304e-02 1.286573300168820433e+00
4.523809523809523697e-02 1.780453537948408285e-02 1.299510518065628784e+00
4.523809523809523697e-02 1.837965685274804695e-02 1.312261289543716236e+00
4.318181818181818232e-02 1.552565195919093990e-03 1.609792218303137457e+00
4.318181818181818232e-02 1.672816745061693911e-03 1.121786322362415600e+00
4.318181818181818232e-02 1.826925292938281565e-03 7.641293245314950688e-01
4.318181818181818232e-02 1.977397742272569026e-03 5.070439613199677620e-01
4.318181818181818232e-02 2.122619293438360484e-03 3.210831898167718634e-01
4.318181818181818232e-02 2.293816146843028793e-03 1.997120918988428140e-01
4.318181818181818232e-02 2.463568703445408875e-03 1.201771293187684220e-01
4.318181818181818232e-02 2.630800246671478795e-03 7.336678765955094439e-02
4.318181818181818232e-02 2.838366576657683129e-03 5.973501908374106301e-02
4.318181818181818232e-02 3.001385837847990717e-03 5.605446762073344746e-02
4.318181818181818232e-02 3.211058478828457928e-03 6.964432567563122456e-02
4.318181818181818232e-02 3.422912387155809758e-03 9.514927035026754520e-02
4.318181818181818232e-02 3.636411161188721208e-03 1.288910413473708383e-01
4.318181818181818232e-02 3.851017346151443428e-03 1.700754072925195204e-01
4.318181818181818232e-02 4.137117950534749053e-03 2.157189546874261343e-01
4.318181818181818232e-02 4.357462629428324880e-03 2.551368622490976512e-01
4.318181818181818232e-02 4.577480907812125042e-03 3.038169558835049910e-01
4.318181818181818232e-02 4.883463762998381703e-03 3.502822720144769808e-01
4.318181818181818232e-02 5.106896235863290362e-03 3.967836421448627249e-01
4.318181818181818232e-02 5.426883611052525820e-03 4.430624988590751157e-01
4.318181818181818232e-02 5.652298063063562229e-03 4.913103956049211796e-01
4.318181818181818232e-02 5.985580910940132247e-03 5.314846171359968174e-01
4.318181818181818232e-02 6.328410192538527247e-03 5.802998740358621399e-01
4.318181818181818232e-02 6.557410123709869233e-03 6.197733237825537866e-01
4.318181818181818232e-02 6.912648563745997336e-03 6.576094411944275464e-01
4.318181818181818232e-02 7.277257141067795983e-03 7.003438320977467546e-01
4.318181818181818232e-02 7.507157707837781857e-03 7.416654795109055565e-01
4.318181818181818232e-02 7.883287831462934200e-03 7.724301403042923564e-01
4.318181818181818232e-02 8.268611646104087262e-03 8.059798357188152629e-01
4.318181818181818232e-02 8.663129151761241042e-03 8.417817534175915384e-01
4.318181818181818232e-02 9.066840348434390337e-03 8.793882171886608923e-01
4.318181818181818232e-02 9.297651252834182936e-03 9.079101441538827144e-01
4.318181818181818232e-02 9.711641848716721925e-03 9.336949675744863342e-01
4.318181818181818232e-02 1.013464953637377083e-02 9.607311289666643495e-01
4.318181818181818232e-02 1.056667431580533140e-02 9.885718400012863949e-01
4.318181818181818232e-02 1.100771618701139494e-02 1.016985172595199050e+00
4.318181818181818232e-02 1.145777514999197187e-02 1.045802117213165960e+00
4.318181818181818232e-02 1.168325384949033680e-02 1.072613427545624720e+00
4.318181818181818232e-02 1.214217130697552681e-02 1.091693978553502253e+00
4.318181818181818232e-02 1.260992910075221796e-02 1.111051445944207794e+00
4.318181818181818232e-02 1.308652723082040503e-02 1.130905566280628882e+00
4.318181818181818232e-02 1.357196569718009151e-02 1.150609711851239281e+00
4.318181818181818232e-02 1.406624449983128085e-02 1.170339307458136968e+00
4.318181818181818232e-02 1.456936363877396612e-02 1.190359214293156054e+00
4.318181818181818232e-02 1.508132311400815946e-02 1.209910552406026962e+00
4.318181818181818232e-02 1.560212292553384526e-02 1.229234177542580575e+00
4.318181818181818232e-02 1.613176307335103393e-02 1.248914067953226681e+00
4.318181818181818232e-02 1.667024355745971853e-02 1.267620389752524446e+00
4.318181818181818232e-02 1.687300195305931755e-02 1.282004459819996667e+00
4.318181818181818232e-02 1.741803306646938498e-02 1.294606716556776282e+00
4.130434782608696093e-02 1.493981271218166543e-03 1.790630887266573712e+00
4.130434782608696093e-02 1.630272072106854226e-03 1.265948335415241433e+00
4.130434782608696093e-02 1.759802292117322283e-03 8.749909143632791375e-01
4.130434782608696093e-02 1.905605503740629824e-03 5.917233118841490613e-01
4.130434782608696093e-02 2.046564144373459650e-03 3.851643116607506578e-01
4.130434782608696093e-02 2.212412975554769751e-03 2.465508731430550715e-01
4.130434782608696093e-02 2.377041689818672979e-03 1.528749646459888478e-01
4.130434782608696093e-02 2.539426829510570919e-03 9.155222590051477483e-02
4.130434782608696093e-02 2.698541183457354824e-03 6.207503118780071522e-02
4.130434782608696093e-02 2.899056476824065157e-03 5.273987868047785854e-02
4.130434782608696093e-02 3.102313160850964265e-03 6.295604003541716009e-02
4.130434782608696093e-02 3.307802183014434214e-03 8.428467136710392216e-02
4.130434782608696093e-02 3.515013583475580343e-03 1.121075788804514750e-01
4.130434782608696093e-02 3.723436464813204960e-03 1.448899003378303629e-01
4.130434782608696093e-02 3.932558960024326589e-03 1.831800537311015775e-01
4.130434782608696093e-02 4.141868198654781799e-03 2.290004678658462134e-01
4.130434782608696093e-02 4.428303235800951435e-03 2.735143724219936678e-01
4.130434782608696093e-02 4.641683944536480894e-03 3.163035104381697882e-01
4.130434782608696093e-02 4.941926129014365295e-03 3.676160802145612694e-01
4.130434782608696093e-02 5.158017544500437777e-03 4.080118509014822870e-01
4.130434782608696093e-02 5.471392562756218630e-03 4.566888620854299141e-01
4.130434782608696093e-02 5.688831003071631587e-03 4.996320291328086860e-01
4.130434782608696093e-02 6.014663679120344983e-03 5.409524803954728345e-01
4.130434782608696093e-02 6.349569500939456802e-03 5.901344373907759788e-01
4.130434782608696093e-02 6.569696702180570502e-03 6.256565600538912530e-01
4.130434782608696093e-02 6.916216237482927624e-03 6.634359770101707632e-01
4.130434782608696093e-02 7.271641036731077076e-03 7.056539668104839791e-01
4.130434782608696093e-02 7.491900930344822136e-03 7.447769513343277525e-01
4.130434782608696093e-02 7.858094314007985776e-03 7.749274340442191544e-01
4.130434782608696093e-02 8.233024943316449504e-03 8.078654335716743962e-01
4.130434782608696093e-02 8.616692818270207249e-03 8.430851280179223473e-01
4.130434782608696093e-02 9.009097938869264216e-03 8.799333208307263954e-01
4.130434782608696093e-02 9.229130173969261192e-03 9.078659948295226823e-01
4.130434782608696093e-02 9.631121214700699359e-03 9.331370114350409084e-01
4.130434782608696093e-02 1.004168134344773575e-02 9.595062061044963286e-01
4.130434782608696093e-02 1.046081056021035821e-02 9.866959478597897570e-01
4.130434782608696093e-02 1.088850886498857543e-02 1.014511797276941074e+00
4.130434782608696093e-02 1.132477625778238219e-02 1.042623283421506564e+00
4.130434782608696093e-02 1.153845336490530275e-02 1.070440847090702086e+00
4.130434782608696093e-02 1.198295388734997406e-02 1.088950891582025182e+00
4.130434782608696093e-02 1.243585519787864663e-02 1.108112491116938436e+00
4.130434782608696093e-02 1.289715729649132045e-02 1.127237219520567102e+00
4.130434782608696093e-02 1.336686018318799726e-02 1.146507090275976859e+00
4.130434782608696093e-02 1.384496385796867707e-02 1.166164413718264958e+00
4.130434782608696093e-02 1.433146832083336160e-02 1.185437216297391183e+00
4.130434782608696093e-02 1.482637357178204045e-02 1.204554150505436017e+00
4.130434782608696093e-02 1.532967961081472749e-02 1.224104297418858511e+00
4.130434782608696093e-02 1.584138643793141232e-02 1.242732058847352494e+00
4.130434782608696093e-02 1.636149405313209668e-02 1.261583361824977878e+00
4.130434782608696093e-02 1.655133874281752501e-02 1.277962125883763900e+00
3.958333333333333148e-02 1.457168185613884944e-03 1.974953758518191993e+00
3.958333333333333148e-02 1.573063894800970711e-03 1.413305233953524365e+00
3.958333333333333148e-02 1.698962615921566612e-03 9.926518101134256256e-01
3.958333333333333148e-02 1.840544490744221032e-03 6.820544530395258320e-01
3.958333333333333148e-02 1.977651952668538216e-03 4.543567075465516636e-01
3.958333333333333148e-02 2.108815067879265572e-03 2.977530718316507841e-01
3.958333333333333148e-02 2.265618223463601848e-03 1.859330672606878121e-01
3.958333333333333148e-02 2.456666381136157935e-03 1.169499342329992225e-01
3.958333333333333148e-02 2.611702925533793303e-03 7.152511530598172629e-02
3.958333333333333148e-02 2.806391926284138895e-03 5.993781603320800372e-02
3.958333333333333148e-02 2.956406436807374524e-03 5.627542605319928171e-02
3.958333333333333148e-02 3.152139549289051726e-03 6.874739130739453141e-02
3.958333333333333148e-02 3.349500915613581094e-03 9.251799675772670595e-02
3.958333333333333148e-02 3.548003209028959600e-03 1.249880421262584973e-01
3.958333333333333148e-02 3.747158216168186215e-03 1.658703129831483603e-01
3.958333333333333148e-02 4.015575333779330958e-03 2.015136834216131878e-01
3.958333333333333148e-02 4.219399356130065955e-03 2.421536203748096139e-01
3.958333333333333148e-02 4.422573802100138000e-03 2.936067949262052279e-01
3.958333333333333148e-02 4.708643089717221702e-03 3.309742326174807125e-01
3.958333333333333148e-02 4.914375346164954680e-03 3.822956185986516320e-01
3.958333333333333148e-02 5.212947898610461976e-03 4.204810939070464104e-01
3.958333333333333148e-02 5.520324845490615084e-03 4.712363984433590169e-01
3.958333333333333148e-02 5.730368806972582947e-03 5.087770989801159160e-01
3.958333333333333148e-02 6.049444648451127171e-03 5.511755363002458497e-01
3.958333333333333148e-02 6.258957256347738932e-03 5.996366181269378037e-01
3.958333333333333148e-02 6.589086797826732705e-03 6.320488556113575962e-01
3.958333333333333148e-02 6.927700394037615214e-03 6.697497257035041063e-01
3.958333333333333148e-02 7.274798044980383856e-03 7.118745758874007734e-01
3.958333333333333148e-02 7.486159092647298730e-03 7.481423911016690242e-01
3.958333333333333148e-02 7.843343700969711979e-03 7.779294266459391149e-01
3.958333333333333148e-02 8.208852008183803450e-03 8.104967704034720111e-01
3.958333333333333148e-02 8.582684014289578348e-03 8.451270880789256701e-01
3.958333333333333148e-02 8.964839719287029732e-03 8.812459123213662870e-01
3.958333333333333148e-02 9.174945920403953029e-03 9.084406385791538030e-01
3.958333333333333148e-02 9.566059986394367248e-03 9.331532039957702862e-01
3.958333333333333148e-02 9.965337268003974375e-03 9.589475808360168330e-01
3.958333333333333148e-02 1.037277776523278655e-02 9.856030932904316089e-01
3.958333333333333148e-02 1.078838147808079163e-02 1.012755134540939128e+00
3.958333333333333148e-02 1.121214840654799483e-02 1.040327095855462236e+00
3.958333333333333148e-02 1.164407855063439787e-02 1.068011009759873176e+00
3.958333333333333148e-02 1.184641264271736778e-02 1.087087825131783259e+00
3.958333333333333148e-02 1.228584965176596558e-02 1.105528337749362544e+00
3.958333333333333148e-02 1.273328926301469863e-02 1.124241593203475942e+00
3.958333333333333148e-02 1.318873147646356693e-02 1.143445060859553442e+00
3.958333333333333148e-02 1.365217629211257395e-02 1.162355176150371205e+00
3.958333333333333148e-02 1.412362370996171103e-02 1.181186909046230582e+00
3.958333333333333148e-02 1.460307373001098856e-02 1.200533038876388403e+00
3.958333333333333148e-02 1.509052635226039440e-02 1.219014585220701719e+00
3.958333333333333148e-02 1.558598157670993897e-02 1.237774540948539670e+00
3.958333333333333148e-02 1.608943940335961706e-02 1.256143571917670121e+00
3.799999999999999906e-02 1.408076938851064459e-03 2.164548079962234972e+00
3.799999999999999906e-02 1.520965297625606442e-03 1.568684320572269586e+00
3.799999999999999906e-02 1.643567605867505979e-03 1.116341593873172888e+00
3.799999999999999906e-02 1.781315018020045203e-03 7.774944507695032980e-01
3.799999999999999906e-02 1.914926618959464800e-03 5.282629674313721324e-01
3.799999999999999906e-02 2.042999012355125373e-03 3.509947730917867270e-01
3.799999999999999906e-02 2.195736206791143019e-03 2.229272256335779190e-01
3.799999999999999906e-02 2.346554314217417104e-03 1.398539451171964265e-01
3.799999999999999906e-02 2.532698534917813497e-03 8.951092768716469028e-02
3.799999999999999906e-02 2.680403475777267883e-03 6.026821193562148515e-02
3.799999999999999906e-02 2.868918798882768781e-03 5.276955201856883132e-02
3.799999999999999906e-02 3.059600198278773168e-03 6.200934860092681411e-02
3.799999999999999906e-02 3.251983068915369028e-03 8.117204478789416533e-02
3.799999999999999906e-02 3.445602035866059988e-03 1.069024674192489005e-01
3.799999999999999906e-02 3.639990928622877445e-03 1.382988131440961721e-01
3.799999999999999906e-02 3.834682753919317882e-03 1.762214066096179088e-01
3.799999999999999906e-02 4.029209666964292565e-03 2.229651589076688256e-01
3.799999999999999906e-02 4.298543194044161971e-03 2.588719524108329395e-01
3.799999999999999906e-02 4.496269676871373841e-03 3.044541917881985471e-01
3.799999999999999906e-02 4.777996476398134115e-03 3.475218794327343819e-01
3.799999999999999906e-02 4.977681099848814406e-03 3.926723105667024871e-01
3.799999999999999906e-02 5.271185744202233105e-03 4.340531573369368901e-01
3.799999999999999906e-02 5.471584612293191666e-03 4.835664803454544636e-01
3.799999999999999906e-02 5.776250947602046444e-03 5.187002805914220360e-01
3.799999999999999906e-02 6.089171191596556322e-03 5.620657339074990322e-01
3.799999999999999906e-02 6.291328728031235669e-03 6.060427246743680385e-01
3.799999999999999906e-02 6.614640517799454111e-03 6.388610616169050349e-01
3.799999999999999906e-02 6.946052971423323161e-03 6.768528141421948918e-01
3.799999999999999906e-02 7.285566088902842817e-03 7.184281705443664734e-01
3.799999999999999906e-02 7.488670705370097623e-03 7.518883951298096502e-01
3.799999999999999906e-02 7.837650867040836522e-03 7.815467832428466544e-01
3.799999999999999906e-02 8.194578333130067907e-03 8.137216116282148803e-01
3.799999999999999906e-02 8.559453103637783972e-03 8.477723380503729977e-01
3.799999999999999906e-02 8.932275178563991655e-03 8.833121383172264363e-01
3.799999999999999906e-02 9.133193279852663132e-03 9.094648171278425508e-01
3.799999999999999906e-02 9.514403160449408370e-03 9.336967809806496765e-01
3.799999999999999906e-02 9.903406869031903745e-03 9.590369238163369836e-01
3.799999999999999906e-02 1.030020440560013364e-02 9.850855318705482588e-01
3.799999999999999906e-02 1.070479577015410674e-02 1.011748250738882415e+00
3.799999999999999906e-02 1.111718096269382478e-02 1.038683673348548053e+00
3.799999999999999906e-02 1.153735998321928080e-02 1.066062058788618039e+00
3.799999999999999906e-02 1.172952749116084464e-02 1.085459982742253082e+00
3.799999999999999906e-02 1.215670634891464867e-02 1.103521795204591260e+00
3.799999999999999906e-02 1.259152543873769126e-02 1.122182019815771259e+00
3.799999999999999906e-02 1.303398476062998107e-02 1.140646965958155956e+00
3.799999999999999906e-02 1.348408431459150944e-02 1.159116492655508646e+00
3.799999999999999906e-02 1.394182410062228331e-02 1.178185720950620796e+00
3.799999999999999906e-02 1.440720411872229399e-02 1.196454605014702022e+00
3.799999999999999906e-02 1.488022436889155017e-02 1.215059782056848503e+00
3.799999999999999906e-02 1.536088485113004665e-02 1.233333483280758758e+00
3.653846153846154049e-02 1.378126060509754676e-03 2.354385476408816569e+00
3.653846153846154049e-02 1.490456874963233839e-03 1.723287709595156869e+00
3.653846153846154049e-02 1.612384329791045076e-03 1.244542878289879084e+00
3.653846153846154049e-02 1.727170280390897227e-03 8.775541372686593844e-01
3.653846153846154049e-02 1.857594717945404905e-03 6.065195751516940792e-01
3.653846153846154049e-02 1.982851642303519284e-03 4.089694068886252087e-01
3.653846153846154049e-02 2.131880114760349287e-03 2.655269604022524321e-01
3.653846153846154049e-02 2.279209175879389534e-03 1.678943316642994010e-01
3.653846153846154049e-02 2.423944105747298863e-03 1.072193602129438844e-01
3.653846153846154049e-02 2.605145174695566723e-03 6.979999046919774242e-02
3.653846153846154049e-02 2.745533855727028388e-03 5.884520973067024208e-02
3.653846153846154049e-02 2.927943600150921272e-03 5.619468734361308254e-02
3.653846153846154049e-02 3.111971451080022995e-03 6.854025120228407486e-02
3.653846153846154049e-02 3.297171689527537714e-03 9.147128834662911212e-02
3.653846153846154049e-02 3.483097863627787876e-03 1.232471770960376495e-01
3.653846153846154049e-02 3.732599762127433284e-03 1.592288486528254943e-01
3.653846153846154049e-02 3.923057065555756763e-03 1.924432677881031672e-01
3.653846153846154049e-02 4.113049453940298243e-03 2.340254622658252126e-01
3.653846153846154049e-02 4.379097501948858544e-03 2.788016482650707006e-01
3.653846153846154049e-02 4.571690051955758054e-03 3.177578407231144153e-01
3.653846153846154049e-02 4.849442781784861489e-03 3.658716108675121870e-01
3.653846153846154049e-02 5.043445961795665379e-03 4.044520560197992776e-01
3.653846153846154049e-02 5.332313655940853700e-03 4.487358794592621880e-01
3.653846153846154049e-02 5.526535646227130789e-03 4.925309247411161495e-01
3.653846153846154049e-02 5.825927916152605010e-03 5.293510567427720526e-01
3.653846153846154049e-02 6.133217266898456296e-03 5.735568118190339515e-01
3.653846153846154049e-02 6.328500287743126125e-03 6.128670811046135203e-01
3.653846153846154049e-02 6.645576295498426336e-03 6.463995134277458199e-01
3.653846153846154049e-02 6.970402543558313485e-03 6.842064861778045515e-01
3.653846153846154049e-02 7.302979031922789306e-03 7.254997678409060846e-01
3.653846153846154049e-02 7.498387152880423186e-03 7.561605944917030309e-01
3.653846153846154049e-02 7.839864512823624051e-03 7.856500020048090560e-01
3.653846153846154049e-02 8.188945166963331607e-03 8.174191405186552739e-01
3.653846153846154049e-02 8.545629115299548453e-03 8.510385988260718015e-01
3.653846153846154049e-02 8.909916357832278061e-03 8.859175295614342138e-01
3.653846153846154049e-02 9.102289195109409051e-03 9.109010992519670502e-01
3.653846153846154049e-02 9.474443306489388483e-03 9.347749400982641177e-01
3.653846153846154049e-02 9.854053658168078836e-03 9.595797871694490278e-01
3.653846153846154049e-02 1.024112025014548358e-02 9.852029083675410970e-01
3.653846153846154049e-02 1.063564308242160444e-02 1.011268411067940631e+00
3.653846153846154049e-02 1.103762215499643970e-02 1.037942434362382871e+00
3.653846153846154049e-02 1.144705746786998934e-02 1.064528861942099613e+00
3.653846153846154049e-02 1.162979000167761907e-02 1.084326997345725019e+00
3.653846153846154049e-02 1.204576243353734470e-02 1.102356438318213172e+00
3.653846153846154049e-02 1.246904394171915835e-02 1.120295370553313630e+00
3.653846153846154049e-02 1.289963452622305135e-02 1.138327163018556076e+00
3.653846153846154049e-02 1.333753418704902889e-02 1.157047968642823887e+00
3.653846153846154049e-02 1.378274292419708578e-02 1.175038929300973978e+00
3.653846153846154049e-02 1.423526073766722896e-02 1.193427004006888836e+00
3.653846153846154049e-02 1.469508762745945323e-02 1.211547891345245098e+00
3.518518518518518740e-02 1.336308296793674083e-03 2.550188854795412574e+00
3.518518518518518740e-02 1.446042928630949295e-03 1.882607654011780429e+00
3.518518518518518740e-02 1.565124941034376927e-03 1.372150638754872531e+00
3.518518518518518740e-02 1.677485306030326558e-03 9.817920373244835019e-01
3.518518518518518740e-02 1.804992424855360366e-03 6.887934813365967912e-01
3.518518518518518740e-02 1.927674249860250209e-03 4.713864348006722160e-01
3.518518518518518740e-02 2.073306464045888975e-03 3.134295696982100088e-01
3.518518518518518740e-02 2.217441701046559896e-03 2.025062073906861160e-01
3.518518518518518740e-02 2.359222404186910732e-03 1.271101030172243629e-01
3.518518518518518740e-02 2.497788342240601662e-03 8.601311305143476138e-02
3.518518518518518740e-02 2.674012257418702590e-03 5.819424112869680393e-02
3.518518518518518740e-02 2.852349879869582692e-03 5.329688516174323210e-02
3.518518518518518740e-02 3.032374575622329756e-03 6.233656646282038916e-02
3.518518518518518740e-02 3.213659069235773585e-03 8.013972899524025861e-02
3.518518518518518740e-02 3.395775422830077557e-03 1.043370224177274375e-01
3.518518518518518740e-02 3.578295013940678039e-03 1.346011404704405834e-01
3.518518518518518740e-02 3.760788512102927923e-03 1.722375181464711469e-01
3.518518518518518740e-02 4.012179360008165906e-03 2.137594476487554851e-01
3.518518518518518740e-02 4.197863177069718725e-03 2.491674463961642827e-01
3.518518518518518740e-02 4.382375892056736624e-03 2.968080636409810569e-01
3.518518518518518740e-02 4.648626852494285554e-03 3.333445958086864724e-01
3.518518518518518740e-02 4.834473665915650469e-03 3.822071482362159323e-01
3.518518518518518740e-02 5.111372292540663879e-03 4.176222693258854202e-01
3.518518518518518740e-02 5.395981446033204509e-03 4.644684241992379503e-01
3.518518518518518740e-02 5.584389516709168007e-03 5.023625876449349104e-01
3.518518518518518740e-02 5.878938892121754294e-03 5.406452602464788537e-01
3.518518518518518740e-02 6.181057941581227268e-03 5.855280293141634784e-01
3.518518518518518740e-02 6.369887983610909160e-03 6.204097170945028772e-01
3.518518518518518740e-02 6.681238981970473619e-03 6.541575121644259694e-01
3.518518518518518740e-02 7.000018705904934545e-03 6.919926698925227271e-01
3.518518518518518740e-02 7.326227155414288469e-03 7.331889857830692359e-01
3.518518518518518740e-02 7.514429724523400030e-03 7.608468695387181624e-01
3.518518518518518740e-02 7.849019951106119691e-03 7.901275347612343181e-01
3.518518518518518740e-02 8.190897857191604958e-03 8.216344861979336667e-01
3.518518518518518740e-02 8.540063442779854963e-03 8.547340967261425337e-01
3.518518518518518740e-02 8.896516707870866236e-03 8.890845989770965740e-01
3.518518518518518740e-02 9.080907620049887344e-03 9.127795097012694203e-01
3.518518518518518740e-02 9.444750267442975772e-03 9.362038374812617914e-01
3.518518518518518740e-02 9.815739448638125322e-03 9.606601944056925024e-01
3.518518518518518740e-02 1.019387516363533426e-02 9.857372069508190116e-01
3.518518518518518740e-02 1.057915741243460259e-02 1.011596547936265189e+00
3.518518518518518740e-02 1.097158619503593030e-02 1.037500712789240831e+00
3.518518518518518740e-02 1.137116151143931740e-02 1.063556487167287568e+00
3.518518518518518740e-02 1.154509975682793677e-02 1.083949742721147302e+00
3.518518518518518740e-02 1.195078825219240623e-02 1.101283421312830413e+00
3.518518518518518740e-02 1.236348203391664236e-02 1.118803400326147779e+00
3.518518518518518740e-02 1.278318110200065555e-02 1.137105600174638020e+00
3.518518518518518740e-02 1.320988545644443887e-02 1.154754541348026020e+00
3.518518518518518740e-02 1.364359509724799580e-02 1.172864278602139709e+00
3.518518518518518740e-02 1.408431002441132111e-02 1.190775835187014353e+00
3.392857142857142599e-02 1.283976202614521339e-03 2.787165811309205488e+00
3.392857142857142599e-02 1.405131635024698409e-03 2.047914720530224386e+00
3.392857142857142599e-02 1.521599276869617292e-03 1.504428372697492300e+00
3.392857142857142599e-02 1.631733160202898485e-03 1.089809072862504724e+00
3.392857142857142599e-02 1.756560173727601858e-03 7.747790795051585633e-01
3.392857142857142599e-02 1.876878004808067149e-03 5.379749953179135957e-01
3.392857142857142599e-02 2.019388793907823162e-03 3.663501524302492651e-01
3.392857142857142599e-02 2.160589749648179989e-03 2.433561438468528626e-01
3.392857142857142599e-02 2.299657515948274646e-03 1.548824168168337900e-01
3.392857142857142599e-02 2.435766309245654057e-03 9.747105294077063053e-02
3.392857142857142599e-02 2.608200100196221300e-03 6.916529086877820642e-02
3.392857142857142599e-02 2.739304852130270123e-03 5.616807202953310457e-02
3.392857142857142599e-02 2.912134109611721425e-03 5.592345085614786049e-02
3.392857142857142599e-02 3.086164901920246135e-03 6.868284211706746079e-02
3.392857142857142599e-02 3.260985978254248539e-03 9.124270341386804539e-02
3.392857142857142599e-02 3.436185453255587163e-03 1.225391603848861588e-01
3.392857142857142599e-02 3.673818294460930601e-03 1.540130362308126388e-01
3.392857142857142599e-02 3.852752431044705658e-03 1.868003466184497696e-01
3.392857142857142599e-02 4.030966417300201748e-03 2.290465344611890830e-01
3.392857142857142599e-02 4.283538293401734261e-03 2.677866245364860509e-01
3.392857142857142599e-02 4.463705592796727607e-03 3.087917644326186872e-01
3.392857142857142599e-02 4.726904117618248996e-03 3.509108729834485296e-01
3.392857142857142599e-02 4.907927487456155598e-03 3.931806828350511429e-01
3.392857142857142599e-02 5.181208518001741842e-03 4.320534429743607685e-01
3.392857142857142599e-02 5.361988742136157039e-03 4.809517079278399221e-01
3.392857142857142599e-02 5.644807558810720736e-03 5.129473260020390724e-01
3.392857142857142599e-02 5.934894583925902009e-03 5.524791511276053724e-01
3.392857142857142599e-02 6.232249817481698255e-03 5.983096522362474357e-01
3.392857142857142599e-02 6.414998651083597507e-03 6.281897340166457955e-01
3.392857142857142599e-02 6.721075339037850711e-03 6.623056087140950510e-01
3.392857142857142599e-02 7.034284725683291259e-03 7.003380821368834219e-01
3.392857142857142599e-02 7.214807488917518614e-03 7.392482843579218921e-01
3.392857142857142599e-02 7.536056627037674566e-03 7.658399986011363847e-01
3.392857142857142599e-02 7.864302863617847472e-03 7.950479724789509817e-01
3.392857142857142599e-02 8.199546198658041671e-03 8.261951824880446882e-01
3.392857142857142599e-02 8.541786632158246753e-03 8.588884512097996193e-01
3.392857142857142599e-02 8.891024164118473128e-03 8.927896605865611734e-01
3.392857142857142599e-02 9.067929532051821617e-03 9.149242317089844034e-01
3.392857142857142599e-02 9.424117219070675747e-03 9.380897700816830387e-01
3.392857142857142599e-02 9.787166311958450313e-03 9.620625145574677184e-01
3.392857142857142599e-02 1.015707681071514011e-02 9.869993571974109425e-01
3.392857142857142599e-02 1.053384871534074861e-02 1.012120602189327645e+00
3.392857142857142599e-02 1.091748202583527928e-02 1.037536646391636008e+00
3.392857142857142599e-02 1.130797674219872519e-02 1.063559706429314078e+00
3.392857142857142599e-02 1.147368486386572163e-02 1.083594391950072788e+00
3.392857142857142599e-02 1.186990294562382045e-02 1.100529899657830990e+00
3.392857142857142599e-02 1.227284664634336817e-02 1.118344623892125966e+00
3.392857142857142599e-02 1.268251596602435610e-02 1.135588593939452551e+00
3.392857142857142599e-02 1.309891090466679120e-02 1.153359828282776833e+00
3.392857142857142599e-02 1.352203146227067172e-02 1.171006488327622552e+00
3.275862068965516849e-02 1.235575909385044522e-03 3.074965723930999317e+00
3.275862068965516849e-02 1.382553718775131986e-03 2.210293566674485621e+00
3.275862068965516849e-02 1.481383344518309459e-03 1.640847744047653656e+00
3.275862068965516849e-02 1.589466502525466434e-03 1.201243934176908779e+00
3.275862068965516849e-02 1.711823022699167102e-03 8.641955314492199003e-01
3.275862068965516849e-02 1.829963237893045746e-03 6.084822911119431854e-01
3.275862068965516849e-02 1.942694167873539740e-03 4.222717142625064257e-01
3.275862068965516849e-02 2.078461773571096700e-03 2.812002094814120001e-01
3.275862068965516849e-02 2.212165861942061874e-03 1.849165702789524746e-01
3.275862068965516849e-02 2.378505430205700866e-03 1.184106029832205087e-01
3.275862068965516849e-02 2.508832881075792956e-03 7.755263001142265189e-02
3.275862068965516849e-02 2.676725500235751717e-03 5.685602056383860098e-02
3.275862068965516849e-02 2.846295228882071270e-03 5.459057108599787989e-02
3.275862068965516849e-02 3.017147141023614199e-03 6.378121804629544034e-02
3.275862068965516849e-02 3.188885752147796980e-03 8.058731878994367104e-02
3.275862068965516849e-02 3.361115000934596173e-03 1.034806162410688984e-01
3.275862068965516849e-02 3.533438229942627296e-03 1.327505843684596565e-01
3.275862068965516849e-02 3.705458165187228928e-03 1.700652638591236554e-01
3.275862068965516849e-02 3.945141622161231487e-03 2.068766031020580209e-01
3.275862068965516849e-02 4.119687579482440680e-03 2.427356007879254152e-01
3.275862068965516849e-02 4.369978928685957185e-03 2.895300666485338126e-01
3.275862068965516849e-02 4.545996212661901174e-03 3.232888053367860559e-01
3.275862068965516849e-02 4.806372045672086500e-03 3.703335573959753990e-01
3.275862068965516849e-02 4.982804181252352936e-03 4.057056635000167999e-01
3.275862068965516849e-02 5.252740566343385917e-03 4.476299856487542250e-01
3.275862068965516849e-02 5.428529231577823404e-03 4.903342591399785233e-01
3.275862068965516849e-02 5.707501699484415943e-03 5.241896505192374933e-01
3.275862068965516849e-02 5.993463897611216347e-03 5.651644360379362020e-01
3.275862068965516849e-02 6.169070182902562476e-03 6.062139195512527001e-01
3.275862068965516849e-02 6.463412967997491168e-03 6.363585295968462452e-01
3.275862068965516849e-02 6.764615009222114256e-03 6.709922057866429812e-01
3.275862068965516849e-02 7.072676306576436076e-03 7.091132192597180417e-01
3.275862068965516849e-02 7.246982285311768038e-03 7.445002403720144546e-01
3.275862068965516849e-02 7.562637379141900693e-03 7.712282974597034491e-01
3.275862068965516849e-02 7.885021170896943168e-03 8.002549440317996421e-01
3.275862068965516849e-02 8.214133660576886792e-03 8.311340421380358778e-01
3.275862068965516849e-02 8.549974848181741971e-03 8.634971155552277899e-01
3.275862068965516849e-02 8.719887528989398243e-03 8.957081175275498630e-01
3.275862068965516849e-02 9.062404148581225047e-03 9.174618211207596907e-01
3.275862068965516849e-02 9.411518822034878329e-03 9.402172475988705980e-01
3.275862068965516849e-02 9.767231549350354619e-03 9.641262242230930202e-01
3.275862068965516849e-02 1.012954233052765912e-02 9.883660906395130841e-01
3.275862068965516849e-02 1.049845116556678837e-02 1.013051043747220437e+00
3.275862068965516849e-02 1.087395805446774236e-02 1.038463352064124656e+00
3.275862068965516849e-02 1.125606299723052803e-02 1.063620354083507635e+00
3.275862068965516849e-02 1.141404030882048511e-02 1.083491567435101999e+00
3.275862068965516849e-02 1.180150899017932097e-02 1.100751235227705127e+00
3.275862068965516849e-02 1.219544499366196147e-02 1.117528406740770919e+00
3.275862068965516849e-02 1.259584831926841182e-02 1.134902023856432240e+00
3.275862068965516849e-02 1.300271896699867202e-02 1.152229156766363172e+00
3.166666666666666935e-02 1.190681503577687003e-03 3.409104254923008170e+00
3.166666666666666935e-02 1.346971523178559695e-03 2.377441076797294883e+00
3.166666666666666935e-02 1.444114813508304588e-03 1.780934913091170912e+00
3.166666666666666935e-02 1.550303146457725776e-03 1.315769023993456743e+00
3.166666666666666935e-02 1.670375284448139290e-03 9.567843960341411158e-01
3.166666666666666935e-02 1.786503229030979127e-03 6.826721345772193139e-01
3.166666666666666935e-02 1.897538287903870928e-03 4.772055742268050960e-01
3.166666666666666935e-02 2.030903952664950100e-03 3.233857714176547327e-01
3.166666666666666935e-02 2.162401843970439969e-03 2.138582591241106057e-01
3.166666666666666935e-02 2.291266782309776123e-03 1.408380844383043118e-01
3.166666666666666935e-02 2.453966654594640345e-03 9.080220502326373511e-02
3.166666666666666935e-02 2.578415363754150633e-03 6.749171371630677263e-02
3.166666666666666935e-02 2.741708362014314178e-03 5.373652026663387066e-02
3.166666666666666935e-02 2.906229735111745104e-03 5.585449222153806431e-02
3.166666666666666935e-02 3.071598301369743867e-03 6.918142403529001228e-02
3.166666666666666935e-02 3.237432341578850431e-03 9.145455610957689552e-02
3.166666666666666935e-02 3.403349581015684307e-03 1.224235122545899029e-01
3.166666666666666935e-02 3.630847334249103636e-03 1.512608397813742234e-01
3.166666666666666935e-02 3.799821858596535984e-03 1.834928805488783010e-01
3.166666666666666935e-02 3.967860089614028141e-03 2.260231181926338206e-01
3.166666666666666935e-02 4.208927169609702479e-03 2.602820137209793105e-01
3.166666666666666935e-02 4.378369493389783033e-03 3.026905301772248036e-01
3.166666666666666935e-02 4.629144362249651250e-03 3.401179904201899196e-01
3.166666666666666935e-02 4.798972571564905087e-03 3.852629655858658686e-01
3.166666666666666935e-02 5.058950138613037273e-03 4.196648858677194394e-01
3.166666666666666935e-02 5.325785143426598270e-03 4.642029015644485446e-01
3.166666666666666935e-02 5.496818978818708915e-03 5.005475365047183933e-01
3.166666666666666935e-02 5.772225368628475586e-03 5.363737721898267363e-01
3.166666666666666935e-02 6.054363474652139747e-03 5.781491743567893637e-01
3.166666666666666935e-02 6.224694651892011960e-03 6.140732867564927533e-01
3.166666666666666935e-02 6.514772161163518566e-03 6.450811006050014562e-01
3.166666666666666935e-02 6.811455588261705954e-03 6.800946565702798985e-01
3.166666666666666935e-02 7.114744933186569788e-03 7.182351167794984725e-01
3.166666666666666935e-02 7.283162531944472988e-03 7.501257424954415054e-01
3.166666666666666935e-02 7.593632733714603296e-03 7.768684452199243751e-01
3.166666666666666935e-02 7.910582976528426902e-03 8.057807138113898260e-01
3.166666666666666935e-02 8.234013260385952479e-03 8.364632388929101880e-01
3.166666666666666935e-02 8.563923585287173956e-03 8.683985826642834915e-01
3.166666666666666935e-02 8.727312718904841130e-03 8.987470469467129242e-01
3.166666666666666935e-02 9.063518529199164966e-03 9.201747707800671527e-01
3.166666666666666935e-02 9.406078423734734809e-03 9.429529076991033376e-01
3.166666666666666935e-02 9.754992402511552391e-03 9.662150881774664857e-01
3.166666666666666935e-02 1.011026046552962118e-02 9.900795130229120833e-01
3.166666666666666935e-02 1.047188261278893945e-02 1.014796494530471049e+00
3.166666666666666935e-02 1.083985884428950892e-02 1.039376077533000986e+00
3.166666666666666935e-02 1.121418916003132440e-02 1.064057473078431348e+00
3.166666666666666935e-02 1.136487965862408890e-02 1.084311813719238238e+00
3.166666666666666935e-02 1.174424091458763780e-02 1.100561463714540444e+00
3.166666666666666935e-02 1.212983021627922313e-02 1.117479382269326083e+00
3.166666666666666935e-02 1.252164756369883968e-02 1.134433277046428934e+00
3.064516129032257563e-02 1.313900832596129201e-03 2.549091228190288660e+00
3.064516129032257563e-02 1.425584891336836510e-03 1.923597685084038833e+00
3.064516129032257563e-02 1.513914645239372234e-03 1.433086895094396684e+00
3.064516129032257563e-02 1.631868380951022541e-03 1.052307522267023288e+00
3.064516129032257563e-02 1.746131400008973586e-03 7.603236334920626671e-01
3.064516129032257563e-02 1.855596126131550238e-03 5.366463001650241260e-01
3.064516129032257563e-02 1.986734515776546455e-03 3.713053017048172921e-01
3.064516129032257563e-02 2.116187463741979122e-03 2.501060231822345159e-01
3.064516129032257563e-02 2.243217174157680505e-03 1.631439262845371663e-01
3.064516129032257563e-02 2.367083851428905972e-03 1.093694581024367840e-01
3.064516129032257563e-02 2.526025124940711741e-03 7.153804297967610026e-02
3.064516129032257563e-02 2.686636632224660703e-03 5.702394909258916289e-02
3.064516129032257563e-02 2.848551253398035575e-03 5.707862185140729488e-02
3.064516129032257563e-02 3.011401392551374141e-03 6.639693743164863660e-02
3.064516129032257563e-02 3.174818962476304643e-03 8.224610763165694782e-02
3.064516129032257563e-02 3.338435368550987312e-03 1.038819655526182495e-01
3.064516129032257563e-02 3.501881491718751745e-03 1.321538480372184687e-01
3.064516129032257563e-02 3.664787670489266617e-03 1.690689726296019102e-01
3.064516129032257563e-02 3.894415556615192335e-03 2.025919044560469118e-01
3.064516129032257563e-02 4.059279673963945255e-03 2.386169481296359085e-01
3.064516129032257563e-02 4.298631575610284070e-03 2.811161033064545900e-01
3.064516129032257563e-02 4.464472196743968918e-03 3.163017104525202572e-01
3.064516129032257563e-02 4.713060947471555892e-03 3.589924845542057374e-01
3.064516129032257563e-02 4.878895077934990339e-03 3.970907980440872564e-01
3.064516129032257563e-02 5.136233054379755504e-03 4.348552162728390735e-01
3.064516129032257563e-02 5.301076081078499869e-03 4.814438089880271332e-01
3.064516129032257563e-02 5.566675190531162123e-03 5.118399365688539593e-01
3.064516129032257563e-02 5.838766298345714027e-03 5.489607558415260380e-01
3.064516129032257563e-02 6.117349404522159050e-03 5.916218275903764034e-01
3.064516129032257563e-02 6.282654706600255233e-03 6.225361137371583364e-01
3.064516129032257563e-02 6.568767479774478488e-03 6.542372214116722873e-01
3.064516129032257563e-02 6.861250805855000946e-03 6.895260696196827688e-01
3.064516129032257563e-02 7.160104684841826946e-03 7.277656177322444631e-01
3.064516129032257563e-02 7.322927495269934348e-03 7.559916352462334732e-01
3.064516129032257563e-02 7.628578786176975525e-03 7.827885809648335025e-01
3.064516129032257563e-02 7.940479111293785239e-03 8.116518767669799184e-01
3.064516129032257563e-02 8.258628470620359152e-03 8.420255172621501361e-01
3.064516129032257563e-02 8.583026864156696398e-03 8.736951565151329646e-01
3.064516129032257563e-02 8.740232380898622228e-03 9.019088908569479202e-01
3.064516129032257563e-02 9.070573525231401951e-03 9.234555553133656502e-01
3.064516129032257563e-02 9.407042110321036169e-03 9.456458478906892839e-01
3.064516129032257563e-02 9.749638136167526614e-03 9.686021912862879946e-01
3.064516129032257563e-02 1.009836160277087155e-02 9.925409989845763725e-01
3.064516129032257563e-02 1.045321251013107272e-02 1.016466368326536696e+00
3.064516129032257563e-02 1.081419085824812665e-02 1.040597766416778258e+00
3.064516129032257563e-02 1.118129664712203854e-02 1.065589742688330066e+00
3.064516129032257563e-02 1.132509686327581519e-02 1.084675410582174537e+00
3.064516129032257563e-02 1.169692474239195264e-02 1.101080564416378138e+00
3.064516129032257563e-02 1.207475839247718410e-02 1.117608414353837620e+00
2.968750000000000208e-02 1.269377025596114122e-03 2.755037266493475911e+00
2.968750000000000208e-02 1.392782615504793795e-03 2.065052394789910650e+00
2.968750000000000208e-02 1.480017190739402059e-03 1.552927114345739934e+00
2.968750000000000208e-02 1.596001161685816315e-03 1.150545173119600806e+00
2.968750000000000208e-02 1.708531107537202129e-03 8.412300010243847215e-01
2.968750000000000208e-02 1.816537724110553866e-03 6.003592628162547351e-01
2.968750000000000208e-02 1.918947702031309011e-03 4.246231541832293788e-01
2.968750000000000208e-02 2.043926874317873472e-03 2.900115023081479282e-01
2.968750000000000208e-02 2.198482412153539463e-03 1.942531794050231242e-01
2.968750000000000208e-02 2.320865610327259732e-03 1.246706073802847925e-01
2.968750000000000208e-02 2.477255956913938101e-03 8.829415778870325360e-02
2.968750000000000208e-02 2.594667016471805844e-03 6.113920491430258064e-02
2.968750000000000208e-02 2.750995980464983077e-03 5.228408623644982545e-02
2.968750000000000208e-02 2.908222774093487464e-03 5.643885634886431496e-02
2.968750000000000208e-02 3.065991735798646953e-03 7.014284153801245147e-02
2.968750000000000208e-02 3.223946728962881047e-03 9.211253632808712177e-02
2.968750000000000208e-02 3.381731125987400867e-03 1.226316593499481300e-01
2.968750000000000208e-02 3.600474658014914901e-03 1.503427810368394013e-01
2.968750000000000208e-02 3.760733321796324875e-03 1.817444068547010572e-01
2.968750000000000208e-02 3.919870362354255754e-03 2.243068951980232428e-01
2.968750000000000208e-02 4.151002114978833736e-03 2.552301044032642685e-01
2.968750000000000208e-02 4.311071223289548830e-03 2.987085311044432867e-01
2.968750000000000208e-02 4.551118369394927671e-03 3.324013536105870914e-01
2.968750000000000208e-02 4.797668784797182694e-03 3.796708678728402120e-01
2.968750000000000208e-02 4.959661060918089774e-03 4.104403393406482747e-01
2.968750000000000208e-02 5.214538363244486906e-03 4.511019715451850542e-01
2.968750000000000208e-02 5.375207210650086685e-03 4.914676962602575472e-01
2.968750000000000208e-02 5.637939637928458987e-03 5.236805164408491198e-01
2.968750000000000208e-02 5.906940768734878985e-03 5.621053795467141345e-01
2.968750000000000208e-02 6.066447151320465692e-03 6.032901520872180345e-01
2.968750000000000208e-02 6.342713809100613588e-03 6.314804135985117028e-01
2.968750000000000208e-02 6.625131787355234211e-03 6.637318845018101987e-01
2.968750000000000208e-02 6.913701086084331031e-03 6.993600209189106964e-01
2.968750000000000208e-02 7.208421705287910118e-03 7.375235466583733857e-01
2.968750000000000208e-02 7.365913244733594475e-03 7.621185135344404893e-01
2.968750000000000208e-02 7.667074286679912733e-03 7.890275360671800131e-01
2.968750000000000208e-02 7.974269197468991655e-03 8.177131668719683777e-01
2.968750000000000208e-02 8.287497977100839047e-03 8.479389767342329076e-01
2.968750000000000208e-02 8.606760625575454043e-03 8.792124048179330575e-01
2.968750000000000208e-02 8.758087519190863382e-03 9.056106963212788852e-01
2.968750000000000208e-02 9.082964585395800206e-03 9.266369595679784243e-01
2.968750000000000208e-02 9.413757998816036851e-03 9.485995134465525780e-01
2.968750000000000208e-02 9.750467759451576788e-03 9.716789937795198284e-01
2.968750000000000208e-02 1.009309386730242002e-02 9.948748627222516738e-01
2.968750000000000208e-02 1.044163632236856133e-02 1.018385653596428631e+00
2.968750000000000208e-02 1.079609512465000941e-02 1.042860946070927053e+00
2.968750000000000208e-02 1.115647027414675384e-02 1.066595100033239429e+00
2.968750000000000208e-02 1.129373578143867338e-02 1.085694372990442691e+00
2.968750000000000208e-02 1.165854563594121394e-02 1.101744260649579088e+00
2.878787878787878937e-02 1.227764529625949112e-03 3.000034966921932611e+00
2.878787878787878937e-02 1.362147847648514931e-03 2.209368405436404448e+00
2.878787878787878937e-02 1.448364297342797681e-03 1.675043496054491765e+00
2.878787878787878937e-02 1.562512122552102423e-03 1.251294351334989230e+00
2.878787878787878937e-02 1.652270493834494085e-03 9.241032035496483665e-01
2.878787878787878937e-02 1.780076664405252397e-03 6.681227421023800961e-01
2.878787878787878937e-02 1.881422512002951537e-03 4.730841539756415193e-01
2.878787878787878937e-02 2.004715419507309762e-03 3.268487644726483787e-01
2.878787878787878937e-02 2.125846453453795158e-03 2.214661120175913100e-01
2.878787878787878937e-02 2.277734748961227247e-03 1.504704663864431802e-01
2.878787878787878937e-02 2.395310593595414029e-03 9.631826416612909725e-02
2.878787878787878937e-02 2.548161856852862710e-03 6.881502504299895351e-02
2.878787878787878937e-02 2.702335703043216679e-03 5.934798399885295866e-02
2.878787878787878937e-02 2.811857720080480124e-03 5.878451839127599166e-02
2.878787878787878937e-02 2.964354000577660089e-03 6.925871562160947070e-02
2.878787878787878937e-02 3.169356865841608389e-03 8.504843318260460472e-02
2.878787878787878937e-02 3.325383003062269086e-03 1.053519121344739795e-01
2.878787878787878937e-02 3.481010485319144341e-03 1.325390028088253291e-01
2.878787878787878937e-02 3.635893682001413094e-03 1.687992613726405355e-01
2.878787878787878937e-02 3.856792164634167356e-03 2.002936130801831749e-01
2.878787878787878937e-02 4.013142036129221935e-03 2.360595361167575623e-01
2.878787878787878937e-02 4.242998189052298551e-03 2.754366930718563089e-01
2.878787878787878937e-02 4.399897065285421870e-03 3.115008467663624159e-01
2.878787878787878937e-02 4.638255279931794740e-03 3.507244911004648857e-01
2.878787878787878937e-02 4.794784111653915999e-03 3.908393621488730485e-01
2.878787878787878937e-02 5.041188376906187950e-03 4.251200601417981506e-01
2.878787878787878937e-02 5.293766367301108028e-03 4.686354939048976709e-01
2.878787878787878937e-02 5.450420574766116737e-03 5.022249347407948816e-01
2.878787878787878937e-02 5.710474671145442278e-03 5.361840610055430556e-01
2.878787878787878937e-02 5.976588972649437247e-03 5.759368224946295189e-01
2.878787878787878937e-02 6.131646346162496382e-03 6.117650499162499145e-01
2.878787878787878937e-02 6.404666257918705322e-03 6.407990920840823668e-01
2.878787878787878937e-02 6.683632791711887136e-03 6.736472704160526570e-01
2.878787878787878937e-02 6.968545947542042693e-03 7.094220692893915547e-01
2.878787878787878937e-02 7.120669341843877467e-03 7.437321196368827936e-01
2.878787878787878937e-02 7.411803397743617350e-03 7.685553700245896236e-01
2.878787878787878937e-02 7.708770428245940651e-03 7.954298696529673585e-01
2.878787878787878937e-02 8.011570433350852574e-03 8.240967201545745802e-01
2.878787878787878937e-02 8.320203413058349651e-03 8.540250064527327156e-01
2.878787878787878937e-02 8.634669367368435350e-03 8.852800987037348079e-01
2.878787878787878937e-02 8.780392309822828562e-03 9.091673434884397498e-01
2.878787878787878937e-02 9.100166312685852715e-03 9.300522069313796880e-01
2.878787878787878937e-02 9.425659577041429690e-03 9.521928659116105642e-01
2.878787878787878937e-02 9.756872102889561221e-03 9.745854265760387491e-01
2.878787878787878937e-02 1.009380389023024210e-02 9.974063402266395428e-01
2.878787878787878937e-02 1.043645493906348101e-02 1.021299136471263580e+00
2.878787878787878937e-02 1.078482524938926754e-02 1.044549188758632230e+00
2.878787878787878937e-02 1.113891482120760862e-02 1.068493247894110931e+00
2.878787878787878937e-02 1.126996567016909194e-02 1.086830632832943566e+00
2.794117647058823317e-02 1.188787435602415643e-03 3.281059053302915807e+00
2.794117647058823317e-02 1.333473261349410162e-03 2.356209564200253848e+00
2.794117647058823317e-02 1.435188637907930257e-03 1.798493343655163113e+00
2.794117647058823317e-02 1.531173104792365363e-03 1.354367302453811206e+00
2.794117647058823317e-02 1.620087718612053850e-03 1.006870159337942772e+00
2.794117647058823317e-02 1.723279431828260086e-03 7.385468210211667550e-01
2.794117647058823317e-02 1.846317156929955889e-03 5.268493974546288872e-01
2.794117647058823317e-02 1.968035335562591959e-03 3.704812824395664062e-01
2.794117647058823317e-02 2.087767235705936461e-03 2.534807105368588886e-01
2.794117647058823317e-02 2.204844540731485704e-03 1.695013890514183441e-01
2.794117647058823317e-02 2.353897341162999955e-03 1.158846270343372314e-01
2.794117647058823317e-02 2.466520254555403489e-03 7.737137061679505434e-02
2.794117647058823317e-02 2.615718930171410331e-03 5.732853600801179200e-02
2.794117647058823317e-02 2.765860748588294844e-03 5.243674601076815656e-02
2.794117647058823317e-02 2.916612781097176373e-03 5.804513439522423351e-02
2.794117647058823317e-02 3.067641689088594203e-03 7.182988906517380479e-02
2.794117647058823317e-02 3.218613710590948872e-03 9.324475077361363273e-02
2.794117647058823317e-02 3.369194646050872790e-03 1.231902299136524437e-01
2.794117647058823317e-02 3.580301295079781065e-03 1.507973154933101301e-01
2.794117647058823317e-02 3.732849486157634872e-03 1.811881001660691215e-01
2.794117647058823317e-02 3.884115429308666358e-03 2.234138003102170422e-01
2.794117647058823317e-02 4.106581472636444512e-03 2.521181405005789022e-01
2.794117647058823317e-02 4.258369527481634456e-03 2.961426608479428846e-01
2.794117647058823317e-02 4.489060687482486316e-03 3.269930628312078258e-01
2.794117647058823317e-02 4.725836796622228872e-03 3.709361954934773387e-01
2.794117647058823317e-02 4.878955537794564881e-03 4.035578651826713936e-01
2.794117647058823317e-02 5.123405197840516685e-03 4.413076289358344173e-01
2.794117647058823317e-02 5.274932696487944980e-03 4.845125154548551305e-01
2.794117647058823317e-02 5.526613798345995747e-03 5.137844096996573295e-01
2.794117647058823317e-02 5.784159984140421588e-03 5.494811490690592048e-01
2.794117647058823317e-02 6.047571253871225974e-03 5.902975387863582668e-01
2.794117647058823317e-02 6.198352170153153574e-03 6.206753393090536086e-01
2.794117647058823317e-02 6.468332330009129646e-03 6.505799765350562813e-01
2.794117647058823317e-02 6.744067552833825883e-03 6.838131159238707291e-01
2.794117647058823317e-02 7.025557838627236214e-03 7.197999275489997961e-01
2.794117647058823317e-02 7.172925643869582785e-03 7.502011641977512912e-01
2.794117647058823317e-02 7.460321614076022463e-03 7.751445186734480242e-01
2.794117647058823317e-02 7.753362565788540772e-03 8.021400726095110345e-01
2.794117647058823317e-02 8.052048499007135110e-03 8.306178098321108649e-01
2.794117647058823317e-02 8.356379413731804609e-03 8.606347903933807553e-01
2.794117647058823317e-02 8.666355309962552739e-03 8.912954647934115959e-01
2.794117647058823317e-02 8.806722530540003757e-03 9.129412864755531709e-01
2.794117647058823317e-02 9.121719945559030734e-03 9.340652565594864676e-01
2.794117647058823317e-02 9.442252198878136119e-03 9.555821515003258826e-01
2.794117647058823317e-02 9.768319290497314705e-03 9.776452327151992083e-01
2.794117647058823317e-02 1.009992122041657170e-02 1.000890938400639696e+00
2.794117647058823317e-02 1.043705798863590016e-02 1.023597571077939250e+00
2.794117647058823317e-02 1.077972959515530703e-02 1.047076079121284753e+00
2.794117647058823317e-02 1.112793603997478883e-02 1.070451149287636294e+00
2.714285714285714565e-02 1.306577092291337939e-03 2.505272276472048532e+00
2.714285714285714565e-02 1.406907181363848628e-03 1.923055500216077851e+00
2.714285714285714565e-02 1.501784156186748796e-03 1.459590173689786496e+00
2.714285714285714565e-02 1.589911186653399176e-03 1.092450860683734204e+00
2.714285714285714565e-02 1.691985895998678697e-03 8.068518701648812463e-01
2.714285714285714565e-02 1.813405736902969556e-03 5.856596477461299965e-01
2.714285714285714565e-02 1.907087349000473071e-03 4.182664715089168261e-01
2.714285714285714565e-02 2.023064347718380764e-03 2.918132294086401846e-01
2.714285714285714565e-02 2.168027475399984891e-03 1.969042944720818811e-01
2.714285714285714565e-02 2.280864335277157234e-03 1.302802592513975510e-01
2.714285714285714565e-02 2.426928893713038542e-03 8.922020956882598108e-02
2.714285714285714565e-02 2.534466676968179840e-03 6.818064607628844531e-02
2.714285714285714565e-02 2.679909747064176864e-03 5.553733238690063134e-02
2.714285714285714565e-02 2.825939664355763079e-03 5.659413465281368932e-02
2.714285714285714565e-02 2.972233318045345608e-03 6.849900483465400092e-02
2.714285714285714565e-02 3.170912996945398753e-03 8.906748908526362918e-02
2.714285714285714565e-02 3.320181795113951416e-03 1.078632649214956857e-01
2.714285714285714565e-02 3.468852644896353466e-03 1.336998562553828040e-01
2.714285714285714565e-02 3.616601018109458048e-03 1.690922000235397793e-01
2.714285714285714565e-02 3.829850757153743009e-03 1.994354607542002111e-01
2.714285714285714565e-02 3.978636832530789771e-03 2.347787548084501463e-01
2.714285714285714565e-02 4.200173515079495302e-03 2.718430957975694340e-01
2.714285714285714565e-02 4.349135622004587226e-03 3.083472754698886042e-01
2.714285714285714565e-02 4.578531364764484510e-03 3.447685329095488971e-01
2.714285714285714565e-02 4.726806603421927939e-03 3.863141297150544662e-01
2.714285714285714565e-02 4.963633165656138393e-03 4.180452045648230253e-01
2.714285714285714565e-02 5.206248443286440666e-03 4.583794958093970751e-01
2.714285714285714565e-02 5.354186134308934128e-03 4.948346690346819843e-01
2.714285714285714565e-02 5.603697004299046727e-03 5.262742057690917852e-01
2.714285714285714565e-02 5.858889970457722800e-03 5.634042255724894810e-01
2.714285714285714565e-02 6.004873205928395845e-03 6.033093616818669958e-01
2.714285714285714565e-02 6.266426048288328485e-03 6.301116993723500093e-01
2.714285714285714565e-02 6.533554311739324036e-03 6.606545627650124430e-01
2.714285714285714565e-02 6.806257996281372957e-03 6.943047611340349423e-01
2.714285714285714565e-02 7.084537101914483923e-03 7.304898081416314470e-01
2.714285714285714565e-02 7.227336167840459416e-03 7.568265503296042196e-01
2.714285714285714565e-02 7.511225466255454231e-03 7.820411979026140603e-01
2.714285714285714565e-02 7.800583453705073333e-03 8.089654397111392115e-01
2.714285714285714565e-02 8.095410130189313255e-03 8.376478928576572835e-01
2.714285714285714565e-02 8.395705495708177465e-03 8.671492774868780895e-01
2.714285714285714565e-02 8.531550990801179540e-03 8.972480490188775581e-01
2.714285714285714565e-02 8.836706115069706963e-03 9.172790567137512063e-01
2.714285714285714565e-02 9.147223138162595413e-03 9.378493510985200787e-01
2.714285714285714565e-02 9.463102060079837952e-03 9.590879350183946217e-01
2.714285714285714565e-02 9.784342880821438049e-03 9.816231517871945034e-01
2.714285714285714565e-02 1.011094560038739223e-02 1.003728094731086040e+00
2.714285714285714565e-02 1.044291021877770224e-02 1.026685198955576528e+00
2.714285714285714565e-02 1.078023673599237155e-02 1.049631336326879660e+00
2.638888888888889228e-02 1.267563517222130556e-03 2.677406251595556341e+00
2.638888888888889228e-02 1.380330130913766731e-03 2.049433763683703447e+00
2.638888888888889228e-02 1.474169312302965607e-03 1.566801810160840747e+00
2.638888888888889228e-02 1.561559578662456401e-03 1.180683184851990530e+00
2.638888888888889228e-02 1.662587574439582582e-03 8.788492484953354111e-01
2.638888888888889228e-02 1.758980336781080936e-03 6.463807134984740355e-01
2.638888888888889228e-02 1.875576443636510450e-03 4.620291066180358674e-01
2.638888888888889228e-02 1.990399858551492387e-03 3.245240583165565074e-01
2.638888888888889228e-02 2.102822571411206830e-03 2.241706747200954697e-01
2.638888888888889228e-02 2.245429523709363811e-03 1.524855230540321793e-01
2.638888888888889228e-02 2.353855844551347009e-03 1.017437781866380175e-01
2.638888888888889228e-02 2.496793065991042247e-03 7.039770718104776392e-02
2.638888888888889228e-02 2.640714195747990035e-03 5.663884720235283499e-02
2.638888888888889228e-02 2.785306309902131280e-03 5.463917586848147934e-02
2.638888888888889228e-02 2.930256128046419394e-03 6.103264028902616323e-02
2.638888888888889228e-02 3.075250001809598770e-03 7.444081452938550170e-02
2.638888888888889228e-02 3.219973902744644768e-03 9.504422351285821136e-02
2.638888888888889228e-02 3.364113409534320691e-03 1.241038395776401237e-01
2.638888888888889228e-02 3.568499899504943337e-03 1.524664920699002335e-01
2.638888888888889228e-02 3.714161759916100210e-03 1.814973849531164030e-01
2.638888888888889228e-02 3.926893561029163107e-03 2.228100713590485948e-01
2.638888888888889228e-02 4.073242607433909084e-03 2.504412575044377975e-01
2.638888888888889228e-02 4.217644491357584388e-03 2.946614505573400544e-01
2.638888888888889228e-02 4.440104716763528143e-03 3.232762602240056848e-01
2.638888888888889228e-02 4.668281984999255591e-03 3.645060130516757368e-01
2.638888888888889228e-02 4.813495355700364228e-03 3.987593279589495832e-01
2.638888888888889228e-02 5.048772112285787421e-03 4.336716171459821245e-01
2.638888888888889228e-02 5.289662489730092947e-03 4.764214016659982232e-01
2.638888888888889228e-02 5.434120530144017844e-03 5.062526332294022824e-01
2.638888888888889228e-02 5.681590965374067395e-03 5.395133091451389529e-01
2.638888888888889228e-02 5.934571547819452592e-03 5.778458352212695326e-01
2.638888888888889228e-02 6.076705119580420172e-03 6.121969261585580302e-01
2.638888888888889228e-02 6.335745866824326125e-03 6.399050972623951949e-01
2.638888888888889228e-02 6.600193234943792578e-03 6.710828137355123735e-01
2.638888888888889228e-02 6.870047223938825602e-03 7.051236966884071311e-01
2.638888888888889228e-02 7.008417950087842893e-03 7.404459330474708612e-01
2.638888888888889228e-02 7.283708155032605526e-03 7.637727281971880000e-01
2.638888888888889228e-02 7.564301400752508273e-03 7.890429337069611027e-01
2.638888888888889228e-02 7.850197687247550266e-03 8.162966141203691350e-01
2.638888888888889228e-02 8.141397014517732372e-03 8.445501174415972478e-01
2.638888888888889228e-02 8.437899382563054593e-03 8.738157924104563712e-01
2.638888888888889228e-02 8.568908625241445504e-03 9.018174028944688780e-01
2.638888888888889228e-02 8.870015390909181952e-03 9.213715572728051750e-01
2.638888888888889228e-02 9.176321562383264394e-03 9.417202454523312394e-01
2.638888888888889228e-02 9.487827139663699769e-03 9.634827492327617815e-01
2.638888888888889228e-02 9.804532122750482873e-03 9.849287619604429889e-01
2.638888888888889228e-02 1.012643651164361371e-02 1.007309574872438773e+00
2.638888888888889228e-02 1.045354030634309747e-02 1.029775850688741334e+00
2.567567567567567710e-02 1.230807651295652604e-03 2.880619058351598483e+00
2.567567567567567710e-02 1.355308348644974816e-03 2.177444435839928527e+00
2.567567567567567710e-02 1.448173111515289489e-03 1.675852672440391489e+00
2.567567567567567710e-02 1.534872732123851837e-03 1.271414523606539504e+00
2.567567567567567710e-02 1.634917930140204713e-03 9.543518982315131183e-01
2.567567567567567710e-02 1.730560124862415240e-03 7.050115175560909275e-01
2.567567567567567710e-02 1.845923252021267752e-03 5.121301458656947192e-01
2.567567567567567710e-02 1.959663272008414000e-03 3.652536492836531146e-01
2.567567567567567710e-02 2.071170757786059812e-03 2.530182480369335130e-01
2.567567567567567710e-02 2.179834928572520810e-03 1.726024076531330331e-01
2.567567567567567710e-02 2.319914504563553442e-03 1.175650656344526396e-01
2.567567567567567710e-02 2.423774887607200914e-03 8.316472592922069529e-02
2.567567567567567710e-02 2.563457743069801325e-03 6.033141018871615580e-02
2.567567567567567710e-02 2.703788243947110280e-03 5.255593150616497122e-02
2.567567567567567710e-02 2.844462163458519148e-03 5.595149845422094786e-02
2.567567567567567710e-02 2.985174927096961861e-03 6.857961228986594882e-02
2.567567567567567710e-02 3.125621601190843070e-03 9.021855223372458876e-02
2.567567567567567710e-02 3.321466475613039752e-03 1.113718438061418181e-01
2.567567567567567710e-02 3.463891930045667842e-03 1.356274738281942338e-01
2.567567567567567710e-02 3.605238173427210719e-03 1.698095774148654646e-01
2.567567567567567710e-02 3.811731282680498861e-03 1.998759558920792379e-01
2.567567567567567710e-02 3.953737452041757895e-03 2.343884660272020082e-01
2.567567567567567710e-02 4.167925599233796539e-03 2.698944831650811893e-01
2.567567567567567710e-02 4.309779592955842974e-03 3.063493061505707105e-01
2.567567567567567710e-02 4.531259444659783107e-03 3.405720895980150487e-01
2.567567567567567710e-02 4.672148057938146568e-03 3.833633095495551646e-01
2.567567567567567710e-02 4.900515961120350227e-03 4.126325067150877768e-01
2.567567567567567710e-02 5.134332642343394752e-03 4.504660087107480448e-01
2.567567567567567710e-02 5.274476817498982735e-03 4.893544752526032826e-01
2.567567567567567710e-02 5.514677060831216747e-03 5.185686892520099400e-01
2.567567567567567710e-02 5.760225574152508417e-03 5.533723238663996735e-01
2.567567567567567710e-02 6.011122357462862081e-03 5.928490556584967708e-01
2.567567567567567710e-02 6.149528741779914862e-03 6.215241995160484256e-01
2.567567567567567710e-02 6.406203602975669466e-03 6.500972481288035398e-01
2.567567567567567710e-02 6.668126176306517910e-03 6.818697450298726315e-01
2.567567567567567710e-02 6.935296461772454124e-03 7.161208951243294152e-01
2.567567567567567710e-02 7.069528811046610350e-03 7.473077546327326903e-01
2.567567567567567710e-02 7.341871138962555686e-03 7.708257342972044679e-01
2.567567567567567710e-02 7.619360570352174712e-03 7.965585198511326848e-01
2.567567567567567710e-02 7.901997105215470898e-03 8.234774689190014207e-01
2.567567567567567710e-02 8.189780743552442510e-03 8.515973702989995120e-01
2.567567567567567710e-02 8.482711485363088680e-03 8.811549691052422695e-01
2.567567567567567710e-02 8.609065800978029509e-03 9.061335166042807643e-01
2.567567567567567710e-02 8.906360661161552908e-03 9.255281535649828584e-01
2.567567567567567710e-02 9.208701964303761534e-03 9.464568733204306028e-01
2.567567567567567710e-02 9.516089710404646712e-03 9.671877271677510324e-01
2.567567567567567710e-02 9.828523899464215383e-03 9.889383101234157092e-01
2.567567567567567710e-02 1.014600453148246581e-02 1.010874643643560500e+00
2.500000000000000139e-02 1.196119363105578853e-03 3.112777609938905954e+00
2.500000000000000139e-02 1.331709565477186491e-03 2.306919374232477615e+00
2.500000000000000139e-02 1.407293004476099611e-03 1.785635646009401167e+00
2.500000000000000139e-02 1.509708649384190532e-03 1.364501122942683997e+00
2.500000000000000139e-02 1.608829334872267708e-03 1.033182502821830662e+00
2.500000000000000139e-02 1.703766277689704785e-03 7.683375279344515363e-01
2.500000000000000139e-02 1.793627930095850059e-03 5.661705381868484821e-01
2.500000000000000139e-02 1.904109346663109860e-03 4.060466621044586111e-01
2.500000000000000139e-02 2.012416227717317603e-03 2.876806967536941206e-01
2.500000000000000139e-02 2.149316265057646478e-03 1.972917701307515537e-01
2.500000000000000139e-02 2.254034772934054680e-03 1.336301019834433279e-01
2.500000000000000139e-02 2.391430182997769660e-03 9.094906362693716551e-02
2.500000000000000139e-02 2.529846356563271621e-03 6.854716882071798523e-02
2.500000000000000139e-02 2.668988108728146454e-03 5.943642283507764856e-02
2.500000000000000139e-02 2.808559942361743729e-03 5.921086756657763239e-02
2.500000000000000139e-02 2.948266038245946075e-03 6.566165240856136620e-02
2.500000000000000139e-02 3.087810244680932494e-03 7.824144407520705613e-02
2.500000000000000139e-02 3.226896066515718645e-03 9.761999742849000739e-02
2.500000000000000139e-02 3.365226653559407356e-03 1.254783233667786657e-01
2.500000000000000139e-02 3.563654321445082658e-03 1.551290558706781009e-01
2.500000000000000139e-02 3.703113754813188146e-03 1.826927661759330801e-01
2.500000000000000139e-02 3.909308884168576255e-03 2.233073091588625159e-01
2.500000000000000139e-02 4.049108659192579042e-03 2.499397280630589191e-01
2.500000000000000139e-02 4.262679439485443818e-03 2.925397435227556353e-01
2.500000000000000139e-02 4.402030037941033480e-03 3.208478029151686228e-01
2.500000000000000139e-02 4.622584363134406987e-03 3.602386542966444227e-01
2.500000000000000139e-02 4.760695215702540582e-03 3.951857158406769654e-01
2.500000000000000139e-02 4.987840676401235698e-03 4.279009817791977199e-01
2.500000000000000139e-02 5.220279451468507956e-03 4.684792009538361057e-01
2.500000000000000139e-02 5.357263997979750184e-03 5.005154570871692687e-01
2.500000000000000139e-02 5.595803480104081379e-03 5.316283191768496064e-01
2.500000000000000139e-02 5.839538569142076370e-03 5.678910378218244848e-01
2.500000000000000139e-02 5.973915593650068120e-03 6.054721241809448706e-01
2.500000000000000139e-02 6.223260546764552460e-03 6.313119069221756474e-01
2.500000000000000139e-02 6.477703352197675991e-03 6.606950306769869830e-01
2.500000000000000139e-02 6.737244009949432642e-03 6.928593464321127771e-01
2.500000000000000139e-02 7.001882520019827617e-03 7.274212745075752107e-01
2.500000000000000139e-02 7.132112318864832455e-03 7.542896810006194386e-01
2.500000000000000139e-02 7.401673818176075607e-03 7.784115266796635124e-01
2.500000000000000139e-02 7.676235367119936016e-03 8.039111269812062588e-01
2.500000000000000139e-02 7.955796965696411080e-03 8.308060330905286950e-01
2.500000000000000139e-02 8.240358613905500798e-03 8.592913986040091601e-01
2.500000000000000139e-02 8.529920311747206038e-03 8.881679504528199320e-01
2.500000000000000139e-02 8.651785541802644794e-03 9.104978370675329558e-01
2.500000000000000139e-02 8.945484866895366330e-03 9.305328339715256414e-01
2.500000000000000139e-02 9.244086389854140606e-03 9.504932946127939708e-01
2.500000000000000139e-02 9.547590110678967623e-03 9.715606417431010833e-01
2.500000000000000139e-02 9.855996029369850850e-03 9.929177863691853734e-01
