0.000000000000000000e+00 1.090608079966680485e-03 3.209850832051449387e+00
0.000000000000000000e+00 1.254394002498958761e-03 1.883193252952162888e+00
0.000000000000000000e+00 1.389847767511836031e-03 1.306555253005638129e+00
0.000000000000000000e+00 1.496376509787588661e-03 9.245206582964716757e-01
0.000000000000000000e+00 1.612490968899013598e-03 6.390250712866230032e-01
0.000000000000000000e+00 1.723654259704714793e-03 4.315038374572038871e-01
0.000000000000000000e+00 1.849418184599953838e-03 2.811011831097919855e-01
0.000000000000000000e+00 1.994978282858332792e-03 1.782195571405179313e-01
0.000000000000000000e+00 2.115674166376254901e-03 1.106704807777573046e-01
0.000000000000000000e+00 2.258992426624960217e-03 7.134485869449334883e-02
0.000000000000000000e+00 2.401311953352769715e-03 5.610221147393323893e-02
0.000000000000000000e+00 2.574668717966152685e-03 5.333060863544160368e-02
0.000000000000000000e+00 2.715766389854567132e-03 6.764993254339289608e-02
0.000000000000000000e+00 2.892214978452855353e-03 8.744390612388583395e-02
0.000000000000000000e+00 3.071022278132409973e-03 1.165866981234051081e-01
0.000000000000000000e+00 3.251869544152520899e-03 1.512333472104223642e-01
0.000000000000000000e+00 3.434438031772475437e-03 1.893480097695358355e-01
0.000000000000000000e+00 3.618408996251561757e-03 2.302640165901754243e-01
0.000000000000000000e+00 3.803463692849068465e-03 2.743428253362373281e-01
0.000000000000000000e+00 4.046436433798842811e-03 3.188753655181305602e-01
0.000000000000000000e+00 4.236240427032954628e-03 3.593628083829055186e-01
0.000000000000000000e+00 4.426278166410255004e-03 4.050541843735662173e-01
0.000000000000000000e+00 4.684316908771003762e-03 4.465510501080534045e-01
0.000000000000000000e+00 4.877722717575158282e-03 4.894579831864239727e-01
0.000000000000000000e+00 5.146418159100374194e-03 5.299267383901626882e-01
0.000000000000000000e+00 5.342342051356151894e-03 5.723113061904576693e-01
0.000000000000000000e+00 5.621269199058215142e-03 6.085264896425996994e-01
0.000000000000000000e+00 5.907293729653461008e-03 6.500796238642774227e-01
0.000000000000000000e+00 6.107595049681680162e-03 6.842876181604221619e-01
0.000000000000000000e+00 6.403320045219254228e-03 7.186307136071317103e-01
0.000000000000000000e+00 6.706036175403106391e-03 7.560810745646688869e-01
0.000000000000000000e+00 6.909121199500206124e-03 7.877822423535569829e-01
0.000000000000000000e+00 7.221006553391867352e-03 8.171905692583180114e-01
0.000000000000000000e+00 7.539776793682903024e-03 8.485072221571090534e-01
0.000000000000000000e+00 7.865431920373313138e-03 8.812497906004626014e-01
0.000000000000000000e+00 8.071460020909655003e-03 9.077594349683868469e-01
0.000000000000000000e+00 8.405646881826449660e-03 9.324871038077949814e-01
0.000000000000000000e+00 8.746612380895715105e-03 9.581454346451119264e-01
0.000000000000000000e+00 9.094356518117451341e-03 9.844767259875604193e-01
0.000000000000000000e+00 9.448879293491658365e-03 1.011282445901825477e+00
0.000000000000000000e+00 9.656416119134030029e-03 1.034034739297365890e+00
0.000000000000000000e+00 1.001872689100629342e-02 1.053669736608273233e+00
0.000000000000000000e+00 1.038771005278412395e-02 1.073657727818998708e+00
0.000000000000000000e+00 1.076336560446752334e-02 1.093861431609994384e+00
0.000000000000000000e+00 1.114569354605648641e-02 1.114195092392122000e+00
0.000000000000000000e+00 1.153469387755101834e-02 1.134537356135478126e+00
0.000000000000000000e+00 1.090608079966680485e-03 3.209850832051449387e+00
0.000000000000000000e+00 1.254394002498958761e-03 1.883193252952162888e+00
0.000000000000000000e+00 1.389847767511836031e-03 1.306555253005638129e+00
0.000000000000000000e+00 1.496376509787588661e-03 9.245206582964716757e-01
0.000000000000000000e+00 1.612490968899013598e-03 6.390250712866230032e-01
0.000000000000000000e+00 1.723654259704714793e-03 4.315038374572038871e-01
0.000000000000000000e+00 1.849418184599953838e-03 2.811011831097919855e-01
0.000000000000000000e+00 1.994978282858332792e-03 1.782195571405179313e-01
0.000000000000000000e+00 2.115674166376254901e-03 1.106704807777573046e-01
0.000000000000000000e+00 2.258992426624960217e-03 7.134485869449334883e-02
0.000000000000000000e+00 2.401311953352769715e-03 5.610221147393323893e-02
0.000000000000000000e+00 2.574668717966152685e-03 5.333060863544160368e-02
0.000000000000000000e+00 2.715766389854567132e-03 6.764993254339289608e-02
0.000000000000000000e+00 2.892214978452855353e-03 8.744390612388583395e-02
0.000000000000000000e+00 3.071022278132409973e-03 1.165866981234051081e-01
0.000000000000000000e+00 3.251869544152520899e-03 1.512333472104223642e-01
0.000000000000000000e+00 3.434438031772475437e-03 1.893480097695358355e-01
0.000000000000000000e+00 3.618408996251561757e-03 2.302640165901754243e-01
0.000000000000000000e+00 3.803463692849068465e-03 2.743428253362373281e-01
0.000000000000000000e+00 4.046436433798842811e-03 3.188753655181305602e-01
0.000000000000000000e+00 4.236240427032954628e-03 3.593628083829055186e-01
0.000000000000000000e+00 4.426278166410255004e-03 4.050541843735662173e-01
0.000000000000000000e+00 4.684316908771003762e-03 4.465510501080534045e-01
0.000000000000000000e+00 4.877722717575158282e-03 4.894579831864239727e-01
0.000000000000000000e+00 5.146418159100374194e-03 5.299267383901626882e-01
0.000000000000000000e+00 5.342342051356151894e-03 5.723113061904576693e-01
0.000000000000000000e+00 5.621269199058215142e-03 6.085264896425996994e-01
0.000000000000000000e+00 5.907293729653461008e-03 6.500796238642774227e-01
0.000000000000000000e+00 6.107595049681680162e-03 6.842876181604221619e-01
0.000000000000000000e+00 6.403320045219254228e-03 7.186307136071317103e-01
0.000000000000000000e+00 6.706036175403106391e-03 7.560810745646688869e-01
0.000000000000000000e+00 6.909121199500206124e-03 7.877822423535569829e-01
0.000000000000000000e+00 7.221006553391867352e-03 8.171905692583180114e-01
0.000000000000000000e+00 7.539776793682903024e-03 8.485072221571090534e-01
0.000000000000000000e+00 7.865431920373313138e-03 8.812497906004626014e-01
0.000000000000000000e+00 8.071460020909655003e-03 9.077594349683868469e-01
0.000000000000000000e+00 8.405646881826449660e-03 9.324871038077949814e-01
0.000000000000000000e+00 8.746612380895715105e-03 9.581454346451119264e-01
0.000000000000000000e+00 9.094356518117451341e-03 9.844767259875604193e-01
0.000000000000000000e+00 9.448879293491658365e-03 1.011282445901825477e+00
0.000000000000000000e+00 9.656416119134030029e-03 1.034034739297365890e+00
0.000000000000000000e+00 1.001872689100629342e-02 1.053669736608273233e+00
0.000000000000000000e+00 1.038771005278412395e-02 1.073657727818998708e+00
0.000000000000000000e+00 1.076336560446752334e-02 1.093861431609994384e+00
0.000000000000000000e+00 1.114569354605648641e-02 1.114195092392122000e+00
0.000000000000000000e+00 1.153469387755101834e-02 1.134537356135478126e+00
0.000000000000000000e+00 1.090608079966680485e-03 3.209850832051449387e+00
0.000000000000000000e+00 1.254394002498958761e-03 1.883193252952162888e+00
0.000000000000000000e+00 1.389847767511836031e-03 1.306555253005638129e+00
0.000000000000000000e+00 1.496376509787588661e-03 9.245206582964716757e-01
0.000000000000000000e+00 1.612490968899013598e-03 6.390250712866230032e-01
0.000000000000000000e+00 1.723654259704714793e-03 4.315038374572038871e-01
0.000000000000000000e+00 1.849418184599953838e-03 2.811011831097919855e-01
0.000000000000000000e+00 1.994978282858332792e-03 1.782195571405179313e-01
0.000000000000000000e+00 2.115674166376254901e-03 1.106704807777573046e-01
0.000000000000000000e+00 2.258992426624960217e-03 7.134485869449334883e-02
0.000000000000000000e+00 2.401311953352769715e-03 5.610221147393323893e-02
0.000000000000000000e+00 2.574668717966152685e-03 5.333060863544160368e-02
0.000000000000000000e+00 2.715766389854567132e-03 6.764993254339289608e-02
0.000000000000000000e+00 2.892214978452855353e-03 8.744390612388583395e-02
0.000000000000000000e+00 3.071022278132409973e-03 1.165866981234051081e-01
0.000000000000000000e+00 3.251869544152520899e-03 1.512333472104223642e-01
0.000000000000000000e+00 3.434438031772475437e-03 1.893480097695358355e-01
0.000000000000000000e+00 3.618408996251561757e-03 2.302640165901754243e-01
0.000000000000000000e+00 3.803463692849068465e-03 2.743428253362373281e-01
0.000000000000000000e+00 4.046436433798842811e-03 3.188753655181305602e-01
0.000000000000000000e+00 4.236240427032954628e-03 3.593628083829055186e-01
0.000000000000000000e+00 4.426278166410255004e-03 4.050541843735662173e-01
0.000000000000000000e+00 4.684316908771003762e-03 4.465510501080534045e-01
0.000000000000000000e+00 4.877722717575158282e-03 4.894579831864239727e-01
0.000000000000000000e+00 5.146418159100374194e-03 5.299267383901626882e-01
0.000000000000000000e+00 5.342342051356151894e-03 5.723113061904576693e-01
0.000000000000000000e+00 5.621269199058215142e-03 6.085264896425996994e-01
0.000000000000000000e+00 5.907293729653461008e-03 6.500796238642774227e-01
0.000000000000000000e+00 6.107595049681680162e-03 6.842876181604221619e-01
0.000000000000000000e+00 6.403320045219254228e-03 7.186307136071317103e-01
0.000000000000000000e+00 6.706036175403106391e-03 7.560810745646688869e-01
0.000000000000000000e+00 6.909121199500206124e-03 7.877822423535569829e-01
0.000000000000000000e+00 7.221006553391867352e-03 8.171905692583180114e-01
0.000000000000000000e+00 7.539776793682903024e-03 8.485072221571090534e-01
0.000000000000000000e+00 7.865431920373313138e-03 8.812497906004626014e-01
0.000000000000000000e+00 8.071460020909655003e-03 9.077594349683868469e-01
0.000000000000000000e+00 8.405646881826449660e-03 9.324871038077949814e-01
0.000000000000000000e+00 8.746612380895715105e-03 9.581454346451119264e-01
0.000000000000000000e+00 9.094356518117451341e-03 9.844767259875604193e-01
0.000000000000000000e+00 9.448879293491658365e-03 1.011282445901825477e+00
0.000000000000000000e+00 9.656416119134030029e-03 1.034034739297365890e+00
0.000000000000000000e+00 1.001872689100629342e-02 1.053669736608273233e+00
0.000000000000000000e+00 1.038771005278412395e-02 1.073657727818998708e+00
0.000000000000000000e+00 1.076336560446752334e-02 1.093861431609994384e+00
0.000000000000000000e+00 1.114569354605648641e-02 1.114195092392122000e+00
0.000000000000000000e+00 1.153469387755101834e-02 1.134537356135478126e+00
0.000000000000000000e+00 1.090608079966680485e-03 3.209850832051449387e+00
0.000000000000000000e+00 1.254394002498958761e-03 1.883193252952162888e+00
0.000000000000000000e+00 1.389847767511836031e-03 1.306555253005638129e+00
0.000000000000000000e+00 1.496376509787588661e-03 9.245206582964716757e-01
0.000000000000000000e+00 1.612490968899013598e-03 6.390250712866230032e-01
0.000000000000000000e+00 1.723654259704714793e-03 4.315038374572038871e-01
0.000000000000000000e+00 1.849418184599953838e-03 2.811011831097919855e-01
0.000000000000000000e+00 1.994978282858332792e-03 1.782195571405179313e-01
0.000000000000000000e+00 2.115674166376254901e-03 1.106704807777573046e-01
0.000000000000000000e+00 2.258992426624960217e-03 7.134485869449334883e-02
0.000000000000000000e+00 2.401311953352769715e-03 5.610221147393323893e-02
0.000000000000000000e+00 2.574668717966152685e-03 5.333060863544160368e-02
0.000000000000000000e+00 2.715766389854567132e-03 6.764993254339289608e-02
0.000000000000000000e+00 2.892214978452855353e-03 8.744390612388583395e-02
0.000000000000000000e+00 3.071022278132409973e-03 1.165866981234051081e-01
0.000000000000000000e+00 3.251869544152520899e-03 1.512333472104223642e-01
0.000000000000000000e+00 3.434438031772475437e-03 1.893480097695358355e-01
0.000000000000000000e+00 3.618408996251561757e-03 2.302640165901754243e-01
0.000000000000000000e+00 3.803463692849068465e-03 2.743428253362373281e-01
0.000000000000000000e+00 4.046436433798842811e-03 3.188753655181305602e-01
0.000000000000000000e+00 4.236240427032954628e-03 3.593628083829055186e-01
0.000000000000000000e+00 4.426278166410255004e-03 4.050541843735662173e-01
0.000000000000000000e+00 4.684316908771003762e-03 4.465510501080534045e-01
0.000000000000000000e+00 4.877722717575158282e-03 4.894579831864239727e-01
0.000000000000000000e+00 5.146418159100374194e-03 5.299267383901626882e-01
0.000000000000000000e+00 5.342342051356151894e-03 5.723113061904576693e-01
0.000000000000000000e+00 5.621269199058215142e-03 6.085264896425996994e-01
0.000000000000000000e+00 5.907293729653461008e-03 6.500796238642774227e-01
0.000000000000000000e+00 6.107595049681680162e-03 6.842876181604221619e-01
0.000000000000000000e+00 6.403320045219254228e-03 7.186307136071317103e-01
0.000000000000000000e+00 6.706036175403106391e-03 7.560810745646688869e-01
0.000000000000000000e+00 6.909121199500206124e-03 7.877822423535569829e-01
0.000000000000000000e+00 7.221006553391867352e-03 8.171905692583180114e-01
0.000000000000000000e+00 7.539776793682903024e-03 8.485072221571090534e-01
0.000000000000000000e+00 7.865431920373313138e-03 8.812497906004626014e-01
0.000000000000000000e+00 8.071460020909655003e-03 9.077594349683868469e-01
0.000000000000000000e+00 8.405646881826449660e-03 9.324871038077949814e-01
0.000000000000000000e+00 8.746612380895715105e-03 9.581454346451119264e-01
0.000000000000000000e+00 9.094356518117451341e-03 9.844767259875604193e-01
0.000000000000000000e+00 9.448879293491658365e-03 1.011282445901825477e+00
0.000000000000000000e+00 9.656416119134030029e-03 1.034034739297365890e+00
0.000000000000000000e+00 1.001872689100629342e-02 1.053669736608273233e+00
0.000000000000000000e+00 1.038771005278412395e-02 1.073657727818998708e+00
0.000000000000000000e+00 1.076336560446752334e-02 1.093861431609994384e+00
0.000000000000000000e+00 1.114569354605648641e-02 1.114195092392122000e+00
0.000000000000000000e+00 1.153469387755101834e-02 1.134537356135478126e+00
0.000000000000000000e+00 1.090608079966680485e-03 3.209850832051449387e+00
0.000000000000000000e+00 1.254394002498958761e-03 1.883193252952162888e+00
0.000000000000000000e+00 1.389847767511836031e-03 1.306555253005638129e+00
0.000000000000000000e+00 1.496376509787588661e-03 9.245206582964716757e-01
0.000000000000000000e+00 1.612490968899013598e-03 6.390250712866230032e-01
0.000000000000000000e+00 1.723654259704714793e-03 4.315038374572038871e-01
0.000000000000000000e+00 1.849418184599953838e-03 2.811011831097919855e-01
0.000000000000000000e+00 1.994978282858332792e-03 1.782195571405179313e-01
0.000000000000000000e+00 2.115674166376254901e-03 1.106704807777573046e-01
0.000000000000000000e+00 2.258992426624960217e-03 7.134485869449334883e-02
0.000000000000000000e+00 2.401311953352769715e-03 5.610221147393323893e-02
0.000000000000000000e+00 2.574668717966152685e-03 5.333060863544160368e-02
0.000000000000000000e+00 2.715766389854567132e-03 6.764993254339289608e-02
0.000000000000000000e+00 2.892214978452855353e-03 8.744390612388583395e-02
0.000000000000000000e+00 3.071022278132409973e-03 1.165866981234051081e-01
0.000000000000000000e+00 3.251869544152520899e-03 1.512333472104223642e-01
0.000000000000000000e+00 3.434438031772475437e-03 1.893480097695358355e-01
0.000000000000000000e+00 3.618408996251561757e-03 2.302640165901754243e-01
0.000000000000000000e+00 3.803463692849068465e-03 2.743428253362373281e-01
0.000000000000000000e+00 4.046436433798842811e-03 3.188753655181305602e-01
0.000000000000000000e+00 4.236240427032954628e-03 3.593628083829055186e-01
0.000000000000000000e+00 4.426278166410255004e-03 4.050541843735662173e-01
0.000000000000000000e+00 4.684316908771003762e-03 4.465510501080534045e-01
0.000000000000000000e+00 4.877722717575158282e-03 4.894579831864239727e-01
0.000000000000000000e+00 5.146418159100374194e-03 5.299267383901626882e-01
0.000000000000000000e+00 5.342342051356151894e-03 5.723113061904576693e-01
0.000000000000000000e+00 5.621269199058215142e-03 6.085264896425996994e-01
0.000000000000000000e+00 5.907293729653461008e-03 6.500796238642774227e-01
0.000000000000000000e+00 6.107595049681680162e-03 6.842876181604221619e-01
0.000000000000000000e+00 6.403320045219254228e-03 7.186307136071317103e-01
0.000000000000000000e+00 6.706036175403106391e-03 7.560810745646688869e-01
0.000000000000000000e+00 6.909121199500206124e-03 7.877822423535569829e-01
0.000000000000000000e+00 7.221006553391867352e-03 8.171905692583180114e-01
0.000000000000000000e+00 7.539776793682903024e-03 8.485072221571090534e-01
0.000000000000000000e+00 7.865431920373313138e-03 8.812497906004626014e-01
0.000000000000000000e+00 8.071460020909655003e-03 9.077594349683868469e-01
0.000000000000000000e+00 8.405646881826449660e-03 9.324871038077949814e-01
0.000000000000000000e+00 8.746612380895715105e-03 9.581454346451119264e-01
0.000000000000000000e+00 9.094356518117451341e-03 9.844767259875604193e-01
0.000000000000000000e+00 9.448879293491658365e-03 1.011282445901825477e+00
0.000000000000000000e+00 9.656416119134030029e-03 1.034034739297365890e+00
0.000000000000000000e+00 1.001872689100629342e-02 1.053669736608273233e+00
0.000000000000000000e+00 1.038771005278412395e-02 1.073657727818998708e+00
0.000000000000000000e+00 1.076336560446752334e-02 1.093861431609994384e+00
0.000000000000000000e+00 1.114569354605648641e-02 1.114195092392122000e+00
0.000000000000000000e+00 1.153469387755101834e-02 1.134537356135478126e+00
0.000000000000000000e+00 1.090608079966680485e-03 3.209850832051449387e+00
0.000000000000000000e+00 1.254394002498958761e-03 1.883193252952162888e+00
0.000000000000000000e+00 1.389847767511836031e-03 1.306555253005638129e+00
0.000000000000000000e+00 1.496376509787588661e-03 9.245206582964716757e-01
0.000000000000000000e+00 1.612490968899013598e-03 6.390250712866230032e-01
0.000000000000000000e+00 1.723654259704714793e-03 4.315038374572038871e-01
0.000000000000000000e+00 1.849418184599953838e-03 2.811011831097919855e-01
0.000000000000000000e+00 1.994978282858332792e-03 1.782195571405179313e-01
0.000000000000000000e+00 2.115674166376254901e-03 1.106704807777573046e-01
0.000000000000000000e+00 2.258992426624960217e-03 7.134485869449334883e-02
0.000000000000000000e+00 2.401311953352769715e-03 5.610221147393323893e-02
0.000000000000000000e+00 2.574668717966152685e-03 5.333060863544160368e-02
0.000000000000000000e+00 2.715766389854567132e-03 6.764993254339289608e-02
0.000000000000000000e+00 2.892214978452855353e-03 8.744390612388583395e-02
0.000000000000000000e+00 3.071022278132409973e-03 1.165866981234051081e-01
0.000000000000000000e+00 3.251869544152520899e-03 1.512333472104223642e-01
0.000000000000000000e+00 3.434438031772475437e-03 1.893480097695358355e-01
0.000000000000000000e+00 3.618408996251561757e-03 2.302640165901754243e-01
0.000000000000000000e+00 3.803463692849068465e-03 2.743428253362373281e-01
0.000000000000000000e+00 4.046436433798842811e-03 3.188753655181305602e-01
0.000000000000000000e+00 4.236240427032954628e-03 3.593628083829055186e-01
0.000000000000000000e+00 4.426278166410255004e-03 4.050541843735662173e-01
0.000000000000000000e+00 4.684316908771003762e-03 4.465510501080534045e-01
0.000000000000000000e+00 4.877722717575158282e-03 4.894579831864239727e-01
0.000000000000000000e+00 5.146418159100374194e-03 5.299267383901626882e-01
0.000000000000000000e+00 5.342342051356151894e-03 5.723113061904576693e-01
0.000000000000000000e+00 5.621269199058215142e-03 6.085264896425996994e-01
0.000000000000000000e+00 5.907293729653461008e-03 6.500796238642774227e-01
0.000000000000000000e+00 6.107595049681680162e-03 6.842876181604221619e-01
0.000000000000000000e+00 6.403320045219254228e-03 7.186307136071317103e-01
0.000000000000000000e+00 6.706036175403106391e-03 7.560810745646688869e-01
0.000000000000000000e+00 6.909121199500206124e-03 7.877822423535569829e-01
0.000000000000000000e+00 7.221006553391867352e-03 8.171905692583180114e-01
0.000000000000000000e+00 7.539776793682903024e-03 8.485072221571090534e-01
0.000000000000000000e+00 7.865431920373313138e-03 8.812497906004626014e-01
0.000000000000000000e+00 8.071460020909655003e-03 9.077594349683868469e-01
0.000000000000000000e+00 8.405646881826449660e-03 9.324871038077949814e-01
0.000000000000000000e+00 8.746612380895715105e-03 9.581454346451119264e-01
0.000000000000000000e+00 9.094356518117451341e-03 9.844767259875604193e-01
0.000000000000000000e+00 9.448879293491658365e-03 1.011282445901825477e+00
0.000000000000000000e+00 9.656416119134030029e-03 1.034034739297365890e+00
0.000000000000000000e+00 1.001872689100629342e-02 1.053669736608273233e+00
0.000000000000000000e+00 1.038771005278412395e-02 1.073657727818998708e+00
0.000000000000000000e+00 1.076336560446752334e-02 1.093861431609994384e+00
0.000000000000000000e+00 1.114569354605648641e-02 1.114195092392122000e+00
0.000000000000000000e+00 1.153469387755101834e-02 1.134537356135478126e+00
0.000000000000000000e+00 1.090608079966680485e-03 3.209850832051449387e+00
0.000000000000000000e+00 1.254394002498958761e-03 1.883193252952162888e+00
0.000000000000000000e+00 1.389847767511836031e-03 1.306555253005638129e+00
0.000000000000000000e+00 1.496376509787588661e-03 9.245206582964716757e-01
0.000000000000000000e+00 1.612490968899013598e-03 6.390250712866230032e-01
0.000000000000000000e+00 1.723654259704714793e-03 4.315038374572038871e-01
0.000000000000000000e+00 1.849418184599953838e-03 2.811011831097919855e-01
0.000000000000000000e+00 1.994978282858332792e-03 1.782195571405179313e-01
0.000000000000000000e+00 2.115674166376254901e-03 1.106704807777573046e-01
0.000000000000000000e+00 2.258992426624960217e-03 7.134485869449334883e-02
0.000000000000000000e+00 2.401311953352769715e-03 5.610221147393323893e-02
0.000000000000000000e+00 2.574668717966152685e-03 5.333060863544160368e-02
0.000000000000000000e+00 2.715766389854567132e-03 6.764993254339289608e-02
0.000000000000000000e+00 2.892214978452855353e-03 8.744390612388583395e-02
0.000000000000000000e+00 3.071022278132409973e-03 1.165866981234051081e-01
0.000000000000000000e+00 3.251869544152520899e-03 1.512333472104223642e-01
0.000000000000000000e+00 3.434438031772475437e-03 1.893480097695358355e-01
0.000000000000000000e+00 3.618408996251561757e-03 2.302640165901754243e-01
0.000000000000000000e+00 3.803463692849068465e-03 2.743428253362373281e-01
0.000000000000000000e+00 4.046436433798842811e-03 3.188753655181305602e-01
0.000000000000000000e+00 4.236240427032954628e-03 3.593628083829055186e-01
0.000000000000000000e+00 4.426278166410255004e-03 4.050541843735662173e-01
0.000000000000000000e+00 4.684316908771003762e-03 4.465510501080534045e-01
0.000000000000000000e+00 4.877722717575158282e-03 4.894579831864239727e-01
0.000000000000000000e+00 5.146418159100374194e-03 5.299267383901626882e-01
0.000000000000000000e+00 5.342342051356151894e-03 5.723113061904576693e-01
0.000000000000000000e+00 5.621269199058215142e-03 6.085264896425996994e-01
0.000000000000000000e+00 5.907293729653461008e-03 6.500796238642774227e-01
0.000000000000000000e+00 6.107595049681680162e-03 6.842876181604221619e-01
0.000000000000000000e+00 6.403320045219254228e-03 7.186307136071317103e-01
0.000000000000000000e+00 6.706036175403106391e-03 7.560810745646688869e-01
0.000000000000000000e+00 6.909121199500206124e-03 7.877822423535569829e-01
0.000000000000000000e+00 7.221006553391867352e-03 8.171905692583180114e-01
0.000000000000000000e+00 7.539776793682903024e-03 8.485072221571090534e-01
0.000000000000000000e+00 7.865431920373313138e-03 8.812497906004626014e-01
0.000000000000000000e+00 8.071460020909655003e-03 9.077594349683868469e-01
0.000000000000000000e+00 8.405646881826449660e-03 9.324871038077949814e-01
0.000000000000000000e+00 8.746612380895715105e-03 9.581454346451119264e-01
0.000000000000000000e+00 9.094356518117451341e-03 9.844767259875604193e-01
0.000000000000000000e+00 9.448879293491658365e-03 1.011282445901825477e+00
0.000000000000000000e+00 9.656416119134030029e-03 1.034034739297365890e+00
0.000000000000000000e+00 1.001872689100629342e-02 1.053669736608273233e+00
0.000000000000000000e+00 1.038771005278412395e-02 1.073657727818998708e+00
0.000000000000000000e+00 1.076336560446752334e-02 1.093861431609994384e+00
0.000000000000000000e+00 1.114569354605648641e-02 1.114195092392122000e+00
0.000000000000000000e+00 1.153469387755101834e-02 1.134537356135478126e+00
0.000000000000000000e+00 1.090608079966680485e-03 3.209850832051449387e+00
0.000000000000000000e+00 1.254394002498958761e-03 1.883193252952162888e+00
0.000000000000000000e+00 1.389847767511836031e-03 1.306555253005638129e+00
0.000000000000000000e+00 1.496376509787588661e-03 9.245206582964716757e-01
0.000000000000000000e+00 1.612490968899013598e-03 6.390250712866230032e-01
0.000000000000000000e+00 1.723654259704714793e-03 4.315038374572038871e-01
0.000000000000000000e+00 1.849418184599953838e-03 2.811011831097919855e-01
0.000000000000000000e+00 1.994978282858332792e-03 1.782195571405179313e-01
0.000000000000000000e+00 2.115674166376254901e-03 1.106704807777573046e-01
0.000000000000000000e+00 2.258992426624960217e-03 7.134485869449334883e-02
0.000000000000000000e+00 2.401311953352769715e-03 5.610221147393323893e-02
0.000000000000000000e+00 2.574668717966152685e-03 5.333060863544160368e-02
0.000000000000000000e+00 2.715766389854567132e-03 6.764993254339289608e-02
0.000000000000000000e+00 2.892214978452855353e-03 8.744390612388583395e-02
0.000000000000000000e+00 3.071022278132409973e-03 1.165866981234051081e-01
0.000000000000000000e+00 3.251869544152520899e-03 1.512333472104223642e-01
0.000000000000000000e+00 3.434438031772475437e-03 1.893480097695358355e-01
0.000000000000000000e+00 3.618408996251561757e-03 2.302640165901754243e-01
0.000000000000000000e+00 3.803463692849068465e-03 2.743428253362373281e-01
0.000000000000000000e+00 4.046436433798842811e-03 3.188753655181305602e-01
0.000000000000000000e+00 4.236240427032954628e-03 3.593628083829055186e-01
0.000000000000000000e+00 4.426278166410255004e-03 4.050541843735662173e-01
0.000000000000000000e+00 4.684316908771003762e-03 4.465510501080534045e-01
0.000000000000000000e+00 4.877722717575158282e-03 4.894579831864239727e-01
0.000000000000000000e+00 5.146418159100374194e-03 5.299267383901626882e-01
0.000000000000000000e+00 5.342342051356151894e-03 5.723113061904576693e-01
0.000000000000000000e+00 5.621269199058215142e-03 6.085264896425996994e-01
0.000000000000000000e+00 5.907293729653461008e-03 6.500796238642774227e-01
0.000000000000000000e+00 6.107595049681680162e-03 6.842876181604221619e-01
0.000000000000000000e+00 6.403320045219254228e-03 7.186307136071317103e-01
0.000000000000000000e+00 6.706036175403106391e-03 7.560810745646688869e-01
0.000000000000000000e+00 6.909121199500206124e-03 7.877822423535569829e-01
0.000000000000000000e+00 7.221006553391867352e-03 8.171905692583180114e-01
0.000000000000000000e+00 7.539776793682903024e-03 8.485072221571090534e-01
0.000000000000000000e+00 7.865431920373313138e-03 8.812497906004626014e-01
0.000000000000000000e+00 8.071460020909655003e-03 9.077594349683868469e-01
0.000000000000000000e+00 8.405646881826449660e-03 9.324871038077949814e-01
0.000000000000000000e+00 8.746612380895715105e-03 9.581454346451119264e-01
0.000000000000000000e+00 9.094356518117451341e-03 9.844767259875604193e-01
0.000000000000000000e+00 9.448879293491658365e-03 1.011282445901825477e+00
0.000000000000000000e+00 9.656416119134030029e-03 1.034034739297365890e+00
0.000000000000000000e+00 1.001872689100629342e-02 1.053669736608273233e+00
0.000000000000000000e+00 1.038771005278412395e-02 1.073657727818998708e+00
0.000000000000000000e+00 1.076336560446752334e-02 1.093861431609994384e+00
0.000000000000000000e+00 1.114569354605648641e-02 1.114195092392122000e+00
0.000000000000000000e+00 1.153469387755101834e-02 1.134537356135478126e+00
0.000000000000000000e+00 1.090608079966680485e-03 3.209850832051449387e+00
0.000000000000000000e+00 1.254394002498958761e-03 1.883193252952162888e+00
0.000000000000000000e+00 1.389847767511836031e-03 1.306555253005638129e+00
0.000000000000000000e+00 1.496376509787588661e-03 9.245206582964716757e-01
0.000000000000000000e+00 1.612490968899013598e-03 6.390250712866230032e-01
0.000000000000000000e+00 1.723654259704714793e-03 4.315038374572038871e-01
0.000000000000000000e+00 1.849418184599953838e-03 2.811011831097919855e-01
0.000000000000000000e+00 1.994978282858332792e-03 1.782195571405179313e-01
0.000000000000000000e+00 2.115674166376254901e-03 1.106704807777573046e-01
0.000000000000000000e+00 2.258992426624960217e-03 7.134485869449334883e-02
0.000000000000000000e+00 2.401311953352769715e-03 5.610221147393323893e-02
0.000000000000000000e+00 2.574668717966152685e-03 5.333060863544160368e-02
0.000000000000000000e+00 2.715766389854567132e-03 6.764993254339289608e-02
0.000000000000000000e+00 2.892214978452855353e-03 8.744390612388583395e-02
0.000000000000000000e+00 3.071022278132409973e-03 1.165866981234051081e-01
0.000000000000000000e+00 3.251869544152520899e-03 1.512333472104223642e-01
0.000000000000000000e+00 3.434438031772475437e-03 1.893480097695358355e-01
0.000000000000000000e+00 3.618408996251561757e-03 2.302640165901754243e-01
0.000000000000000000e+00 3.803463692849068465e-03 2.743428253362373281e-01
0.000000000000000000e+00 4.046436433798842811e-03 3.188753655181305602e-01
0.000000000000000000e+00 4.236240427032954628e-03 3.593628083829055186e-01
0.000000000000000000e+00 4.426278166410255004e-03 4.050541843735662173e-01
0.000000000000000000e+00 4.684316908771003762e-03 4.465510501080534045e-01
0.000000000000000000e+00 4.877722717575158282e-03 4.894579831864239727e-01
0.000000000000000000e+00 5.146418159100374194e-03 5.299267383901626882e-01
0.000000000000000000e+00 5.342342051356151894e-03 5.723113061904576693e-01
0.000000000000000000e+00 5.621269199058215142e-03 6.085264896425996994e-01
0.000000000000000000e+00 5.907293729653461008e-03 6.500796238642774227e-01
0.000000000000000000e+00 6.107595049681680162e-03 6.842876181604221619e-01
0.000000000000000000e+00 6.403320045219254228e-03 7.186307136071317103e-01
0.000000000000000000e+00 6.706036175403106391e-03 7.560810745646688869e-01
0.000000000000000000e+00 6.909121199500206124e-03 7.877822423535569829e-01
0.000000000000000000e+00 7.221006553391867352e-03 8.171905692583180114e-01
0.000000000000000000e+00 7.539776793682903024e-03 8.485072221571090534e-01
0.000000000000000000e+00 7.865431920373313138e-03 8.812497906004626014e-01
0.000000000000000000e+00 8.071460020909655003e-03 9.077594349683868469e-01
0.000000000000000000e+00 8.405646881826449660e-03 9.324871038077949814e-01
0.000000000000000000e+00 8.746612380895715105e-03 9.581454346451119264e-01
0.000000000000000000e+00 9.094356518117451341e-03 9.844767259875604193e-01
0.000000000000000000e+00 9.448879293491658365e-03 1.011282445901825477e+00
0.000000000000000000e+00 9.656416119134030029e-03 1.034034739297365890e+00
0.000000000000000000e+00 1.001872689100629342e-02 1.053669736608273233e+00
0.000000000000000000e+00 1.038771005278412395e-02 1.073657727818998708e+00
0.000000000000000000e+00 1.076336560446752334e-02 1.093861431609994384e+00
0.000000000000000000e+00 1.114569354605648641e-02 1.114195092392122000e+00
0.000000000000000000e+00 1.153469387755101834e-02 1.134537356135478126e+00
0.000000000000000000e+00 1.090608079966680485e-03 3.209850832051449387e+00
0.000000000000000000e+00 1.254394002498958761e-03 1.883193252952162888e+00
0.000000000000000000e+00 1.389847767511836031e-03 1.306555253005638129e+00
0.000000000000000000e+00 1.496376509787588661e-03 9.245206582964716757e-01
0.000000000000000000e+00 1.612490968899013598e-03 6.390250712866230032e-01
0.000000000000000000e+00 1.723654259704714793e-03 4.315038374572038871e-01
0.000000000000000000e+00 1.849418184599953838e-03 2.811011831097919855e-01
0.000000000000000000e+00 1.994978282858332792e-03 1.782195571405179313e-01
0.000000000000000000e+00 2.115674166376254901e-03 1.106704807777573046e-01
0.000000000000000000e+00 2.258992426624960217e-03 7.134485869449334883e-02
0.000000000000000000e+00 2.401311953352769715e-03 5.610221147393323893e-02
0.000000000000000000e+00 2.574668717966152685e-03 5.333060863544160368e-02
0.000000000000000000e+00 2.715766389854567132e-03 6.764993254339289608e-02
0.000000000000000000e+00 2.892214978452855353e-03 8.744390612388583395e-02
0.000000000000000000e+00 3.071022278132409973e-03 1.165866981234051081e-01
0.000000000000000000e+00 3.251869544152520899e-03 1.512333472104223642e-01
0.000000000000000000e+00 3.434438031772475437e-03 1.893480097695358355e-01
0.000000000000000000e+00 3.618408996251561757e-03 2.302640165901754243e-01
0.000000000000000000e+00 3.803463692849068465e-03 2.743428253362373281e-01
0.000000000000000000e+00 4.046436433798842811e-03 3.188753655181305602e-01
0.000000000000000000e+00 4.236240427032954628e-03 3.593628083829055186e-01
0.000000000000000000e+00 4.426278166410255004e-03 4.050541843735662173e-01
0.000000000000000000e+00 4.684316908771003762e-03 4.465510501080534045e-01
0.000000000000000000e+00 4.877722717575158282e-03 4.894579831864239727e-01
0.000000000000000000e+00 5.146418159100374194e-03 5.299267383901626882e-01
0.000000000000000000e+00 5.342342051356151894e-03 5.723113061904576693e-01
0.000000000000000000e+00 5.621269199058215142e-03 6.085264896425996994e-01
0.000000000000000000e+00 5.907293729653461008e-03 6.500796238642774227e-01
0.000000000000000000e+00 6.107595049681680162e-03 6.842876181604221619e-01
0.000000000000000000e+00 6.403320045219254228e-03 7.186307136071317103e-01
0.000000000000000000e+00 6.706036175403106391e-03 7.560810745646688869e-01
0.000000000000000000e+00 6.909121199500206124e-03 7.877822423535569829e-01
0.000000000000000000e+00 7.221006553391867352e-03 8.171905692583180114e-01
0.000000000000000000e+00 7.539776793682903024e-03 8.485072221571090534e-01
0.000000000000000000e+00 7.865431920373313138e-03 8.812497906004626014e-01
0.000000000000000000e+00 8.071460020909655003e-03 9.077594349683868469e-01
0.000000000000000000e+00 8.405646881826449660e-03 9.324871038077949814e-01
0.000000000000000000e+00 8.746612380895715105e-03 9.581454346451119264e-01
0.000000000000000000e+00 9.094356518117451341e-03 9.844767259875604193e-01
0.000000000000000000e+00 9.448879293491658365e-03 1.011282445901825477e+00
0.000000000000000000e+00 9.656416119134030029e-03 1.034034739297365890e+00
0.000000000000000000e+00 1.001872689100629342e-02 1.053669736608273233e+00
0.000000000000000000e+00 1.038771005278412395e-02 1.073657727818998708e+00
0.000000000000000000e+00 1.076336560446752334e-02 1.093861431609994384e+00
0.000000000000000000e+00 1.114569354605648641e-02 1.114195092392122000e+00
0.000000000000000000e+00 1.153469387755101834e-02 1.134537356135478126e+00
0.000000000000000000e+00 1.090608079966680485e-03 3.209850832051449387e+00
0.000000000000000000e+00 1.254394002498958761e-03 1.883193252952162888e+00
0.000000000000000000e+00 1.389847767511836031e-03 1.306555253005638129e+00
0.000000000000000000e+00 1.496376509787588661e-03 9.245206582964716757e-01
0.000000000000000000e+00 1.612490968899013598e-03 6.390250712866230032e-01
0.000000000000000000e+00 1.723654259704714793e-03 4.315038374572038871e-01
0.000000000000000000e+00 1.849418184599953838e-03 2.811011831097919855e-01
0.000000000000000000e+00 1.994978282858332792e-03 1.782195571405179313e-01
0.000000000000000000e+00 2.115674166376254901e-03 1.106704807777573046e-01
0.000000000000000000e+00 2.258992426624960217e-03 7.134485869449334883e-02
0.000000000000000000e+00 2.401311953352769715e-03 5.610221147393323893e-02
0.000000000000000000e+00 2.574668717966152685e-03 5.333060863544160368e-02
0.000000000000000000e+00 2.715766389854567132e-03 6.764993254339289608e-02
0.000000000000000000e+00 2.892214978452855353e-03 8.744390612388583395e-02
0.000000000000000000e+00 3.071022278132409973e-03 1.165866981234051081e-01
0.000000000000000000e+00 3.251869544152520899e-03 1.512333472104223642e-01
0.000000000000000000e+00 3.434438031772475437e-03 1.893480097695358355e-01
0.000000000000000000e+00 3.618408996251561757e-03 2.302640165901754243e-01
0.000000000000000000e+00 3.803463692849068465e-03 2.743428253362373281e-01
0.000000000000000000e+00 4.046436433798842811e-03 3.188753655181305602e-01
0.000000000000000000e+00 4.236240427032954628e-03 3.593628083829055186e-01
0.000000000000000000e+00 4.426278166410255004e-03 4.050541843735662173e-01
0.000000000000000000e+00 4.684316908771003762e-03 4.465510501080534045e-01
0.000000000000000000e+00 4.877722717575158282e-03 4.894579831864239727e-01
0.000000000000000000e+00 5.146418159100374194e-03 5.299267383901626882e-01
0.000000000000000000e+00 5.342342051356151894e-03 5.723113061904576693e-01
0.000000000000000000e+00 5.621269199058215142e-03 6.085264896425996994e-01
0.000000000000000000e+00 5.907293729653461008e-03 6.500796238642774227e-01
0.000000000000000000e+00 6.107595049681680162e-03 6.842876181604221619e-01
0.000000000000000000e+00 6.403320045219254228e-03 7.186307136071317103e-01
0.000000000000000000e+00 6.706036175403106391e-03 7.560810745646688869e-01
0.000000000000000000e+00 6.909121199500206124e-03 7.877822423535569829e-01
0.000000000000000000e+00 7.221006553391867352e-03 8.171905692583180114e-01
0.000000000000000000e+00 7.539776793682903024e-03 8.485072221571090534e-01
0.000000000000000000e+00 7.865431920373313138e-03 8.812497906004626014e-01
0.000000000000000000e+00 8.071460020909655003e-03 9.077594349683868469e-01
0.000000000000000000e+00 8.405646881826449660e-03 9.324871038077949814e-01
0.000000000000000000e+00 8.746612380895715105e-03 9.581454346451119264e-01
0.000000000000000000e+00 9.094356518117451341e-03 9.844767259875604193e-01
0.000000000000000000e+00 9.448879293491658365e-03 1.011282445901825477e+00
0.000000000000000000e+00 9.656416119134030029e-03 1.034034739297365890e+00
0.000000000000000000e+00 1.001872689100629342e-02 1.053669736608273233e+00
0.000000000000000000e+00 1.038771005278412395e-02 1.073657727818998708e+00
0.000000000000000000e+00 1.076336560446752334e-02 1.093861431609994384e+00
0.000000000000000000e+00 1.114569354605648641e-02 1.114195092392122000e+00
0.000000000000000000e+00 1.153469387755101834e-02 1.134537356135478126e+00
0.000000000000000000e+00 1.090608079966680485e-03 3.209850832051449387e+00
0.000000000000000000e+00 1.254394002498958761e-03 1.883193252952162888e+00
0.000000000000000000e+00 1.389847767511836031e-03 1.306555253005638129e+00
0.000000000000000000e+00 1.496376509787588661e-03 9.245206582964716757e-01
0.000000000000000000e+00 1.612490968899013598e-03 6.390250712866230032e-01
0.000000000000000000e+00 1.723654259704714793e-03 4.315038374572038871e-01
0.000000000000000000e+00 1.849418184599953838e-03 2.811011831097919855e-01
0.000000000000000000e+00 1.994978282858332792e-03 1.782195571405179313e-01
0.000000000000000000e+00 2.115674166376254901e-03 1.106704807777573046e-01
0.000000000000000000e+00 2.258992426624960217e-03 7.134485869449334883e-02
0.000000000000000000e+00 2.401311953352769715e-03 5.610221147393323893e-02
0.000000000000000000e+00 2.574668717966152685e-03 5.333060863544160368e-02
0.000000000000000000e+00 2.715766389854567132e-03 6.764993254339289608e-02
0.000000000000000000e+00 2.892214978452855353e-03 8.744390612388583395e-02
0.000000000000000000e+00 3.071022278132409973e-03 1.165866981234051081e-01
0.000000000000000000e+00 3.251869544152520899e-03 1.512333472104223642e-01
0.000000000000000000e+00 3.434438031772475437e-03 1.893480097695358355e-01
0.000000000000000000e+00 3.618408996251561757e-03 2.302640165901754243e-01
0.000000000000000000e+00 3.803463692849068465e-03 2.743428253362373281e-01
0.000000000000000000e+00 4.046436433798842811e-03 3.188753655181305602e-01
0.000000000000000000e+00 4.236240427032954628e-03 3.593628083829055186e-01
0.000000000000000000e+00 4.426278166410255004e-03 4.050541843735662173e-01
0.000000000000000000e+00 4.684316908771003762e-03 4.465510501080534045e-01
0.000000000000000000e+00 4.877722717575158282e-03 4.894579831864239727e-01
0.000000000000000000e+00 5.146418159100374194e-03 5.299267383901626882e-01
0.000000000000000000e+00 5.342342051356151894e-03 5.723113061904576693e-01
0.000000000000000000e+00 5.621269199058215142e-03 6.085264896425996994e-01
0.000000000000000000e+00 5.907293729653461008e-03 6.500796238642774227e-01
0.000000000000000000e+00 6.107595049681680162e-03 6.842876181604221619e-01
0.000000000000000000e+00 6.403320045219254228e-03 7.186307136071317103e-01
0.000000000000000000e+00 6.706036175403106391e-03 7.560810745646688869e-01
0.000000000000000000e+00 6.909121199500206124e-03 7.877822423535569829e-01
0.000000000000000000e+00 7.221006553391867352e-03 8.171905692583180114e-01
0.000000000000000000e+00 7.539776793682903024e-03 8.485072221571090534e-01
0.000000000000000000e+00 7.865431920373313138e-03 8.812497906004626014e-01
0.000000000000000000e+00 8.071460020909655003e-03 9.077594349683868469e-01
0.000000000000000000e+00 8.405646881826449660e-03 9.324871038077949814e-01
0.000000000000000000e+00 8.746612380895715105e-03 9.581454346451119264e-01
0.000000000000000000e+00 9.094356518117451341e-03 9.844767259875604193e-01
0.000000000000000000e+00 9.448879293491658365e-03 1.011282445901825477e+00
0.000000000000000000e+00 9.656416119134030029e-03 1.034034739297365890e+00
0.000000000000000000e+00 1.001872689100629342e-02 1.053669736608273233e+00
0.000000000000000000e+00 1.038771005278412395e-02 1.073657727818998708e+00
0.000000000000000000e+00 1.076336560446752334e-02 1.093861431609994384e+00
0.000000000000000000e+00 1.114569354605648641e-02 1.114195092392122000e+00
0.000000000000000000e+00 1.153469387755101834e-02 1.134537356135478126e+00
0.000000000000000000e+00 1.090608079966680485e-03 3.209850832051449387e+00
0.000000000000000000e+00 1.254394002498958761e-03 1.883193252952162888e+00
0.000000000000000000e+00 1.389847767511836031e-03 1.306555253005638129e+00
0.000000000000000000e+00 1.496376509787588661e-03 9.245206582964716757e-01
0.000000000000000000e+00 1.612490968899013598e-03 6.390250712866230032e-01
0.000000000000000000e+00 1.723654259704714793e-03 4.315038374572038871e-01
0.000000000000000000e+00 1.849418184599953838e-03 2.811011831097919855e-01
0.000000000000000000e+00 1.994978282858332792e-03 1.782195571405179313e-01
0.000000000000000000e+00 2.115674166376254901e-03 1.106704807777573046e-01
0.000000000000000000e+00 2.258992426624960217e-03 7.134485869449334883e-02
0.000000000000000000e+00 2.401311953352769715e-03 5.610221147393323893e-02
0.000000000000000000e+00 2.574668717966152685e-03 5.333060863544160368e-02
0.000000000000000000e+00 2.715766389854567132e-03 6.764993254339289608e-02
0.000000000000000000e+00 2.892214978452855353e-03 8.744390612388583395e-02
0.000000000000000000e+00 3.071022278132409973e-03 1.165866981234051081e-01
0.000000000000000000e+00 3.251869544152520899e-03 1.512333472104223642e-01
0.000000000000000000e+00 3.434438031772475437e-03 1.893480097695358355e-01
0.000000000000000000e+00 3.618408996251561757e-03 2.302640165901754243e-01
0.000000000000000000e+00 3.803463692849068465e-03 2.743428253362373281e-01
0.000000000000000000e+00 4.046436433798842811e-03 3.188753655181305602e-01
0.000000000000000000e+00 4.236240427032954628e-03 3.593628083829055186e-01
0.000000000000000000e+00 4.426278166410255004e-03 4.050541843735662173e-01
0.000000000000000000e+00 4.684316908771003762e-03 4.465510501080534045e-01
0.000000000000000000e+00 4.877722717575158282e-03 4.894579831864239727e-01
0.000000000000000000e+00 5.146418159100374194e-03 5.299267383901626882e-01
0.000000000000000000e+00 5.342342051356151894e-03 5.723113061904576693e-01
0.000000000000000000e+00 5.621269199058215142e-03 6.085264896425996994e-01
0.000000000000000000e+00 5.907293729653461008e-03 6.500796238642774227e-01
0.000000000000000000e+00 6.107595049681680162e-03 6.842876181604221619e-01
0.000000000000000000e+00 6.403320045219254228e-03 7.186307136071317103e-01
0.000000000000000000e+00 6.706036175403106391e-03 7.560810745646688869e-01
0.000000000000000000e+00 6.909121199500206124e-03 7.877822423535569829e-01
0.000000000000000000e+00 7.221006553391867352e-03 8.171905692583180114e-01
0.000000000000000000e+00 7.539776793682903024e-03 8.485072221571090534e-01
0.000000000000000000e+00 7.865431920373313138e-03 8.812497906004626014e-01
0.000000000000000000e+00 8.071460020909655003e-03 9.077594349683868469e-01
0.000000000000000000e+00 8.405646881826449660e-03 9.324871038077949814e-01
0.000000000000000000e+00 8.746612380895715105e-03 9.581454346451119264e-01
0.000000000000000000e+00 9.094356518117451341e-03 9.844767259875604193e-01
0.000000000000000000e+00 9.448879293491658365e-03 1.011282445901825477e+00
0.000000000000000000e+00 9.656416119134030029e-03 1.034034739297365890e+00
0.000000000000000000e+00 1.001872689100629342e-02 1.053669736608273233e+00
0.000000000000000000e+00 1.038771005278412395e-02 1.073657727818998708e+00
0.000000000000000000e+00 1.076336560446752334e-02 1.093861431609994384e+00
0.000000000000000000e+00 1.114569354605648641e-02 1.114195092392122000e+00
0.000000000000000000e+00 1.153469387755101834e-02 1.134537356135478126e+00
0.000000000000000000e+00 1.090608079966680485e-03 3.209850832051449387e+00
0.000000000000000000e+00 1.254394002498958761e-03 1.883193252952162888e+00
0.000000000000000000e+00 1.389847767511836031e-03 1.306555253005638129e+00
0.000000000000000000e+00 1.496376509787588661e-03 9.245206582964716757e-01
0.000000000000000000e+00 1.612490968899013598e-03 6.390250712866230032e-01
0.000000000000000000e+00 1.723654259704714793e-03 4.315038374572038871e-01
0.000000000000000000e+00 1.849418184599953838e-03 2.811011831097919855e-01
0.000000000000000000e+00 1.994978282858332792e-03 1.782195571405179313e-01
0.000000000000000000e+00 2.115674166376254901e-03 1.106704807777573046e-01
0.000000000000000000e+00 2.258992426624960217e-03 7.134485869449334883e-02
0.000000000000000000e+00 2.401311953352769715e-03 5.610221147393323893e-02
0.000000000000000000e+00 2.574668717966152685e-03 5.333060863544160368e-02
0.000000000000000000e+00 2.715766389854567132e-03 6.764993254339289608e-02
0.000000000000000000e+00 2.892214978452855353e-03 8.744390612388583395e-02
0.000000000000000000e+00 3.071022278132409973e-03 1.165866981234051081e-01
0.000000000000000000e+00 3.251869544152520899e-03 1.512333472104223642e-01
0.000000000000000000e+00 3.434438031772475437e-03 1.893480097695358355e-01
0.000000000000000000e+00 3.618408996251561757e-03 2.302640165901754243e-01
0.000000000000000000e+00 3.803463692849068465e-03 2.743428253362373281e-01
0.000000000000000000e+00 4.046436433798842811e-03 3.188753655181305602e-01
0.000000000000000000e+00 4.236240427032954628e-03 3.593628083829055186e-01
0.000000000000000000e+00 4.426278166410255004e-03 4.050541843735662173e-01
0.000000000000000000e+00 4.684316908771003762e-03 4.465510501080534045e-01
0.000000000000000000e+00 4.877722717575158282e-03 4.894579831864239727e-01
0.000000000000000000e+00 5.146418159100374194e-03 5.299267383901626882e-01
0.000000000000000000e+00 5.342342051356151894e-03 5.723113061904576693e-01
0.000000000000000000e+00 5.621269199058215142e-03 6.085264896425996994e-01
0.000000000000000000e+00 5.907293729653461008e-03 6.500796238642774227e-01
0.000000000000000000e+00 6.107595049681680162e-03 6.842876181604221619e-01
0.000000000000000000e+00 6.403320045219254228e-03 7.186307136071317103e-01
0.000000000000000000e+00 6.706036175403106391e-03 7.560810745646688869e-01
0.000000000000000000e+00 6.909121199500206124e-03 7.877822423535569829e-01
0.000000000000000000e+00 7.221006553391867352e-03 8.171905692583180114e-01
0.000000000000000000e+00 7.539776793682903024e-03 8.485072221571090534e-01
0.000000000000000000e+00 7.865431920373313138e-03 8.812497906004626014e-01
0.000000000000000000e+00 8.071460020909655003e-03 9.077594349683868469e-01
0.000000000000000000e+00 8.405646881826449660e-03 9.324871038077949814e-01
0.000000000000000000e+00 8.746612380895715105e-03 9.581454346451119264e-01
0.000000000000000000e+00 9.094356518117451341e-03 9.844767259875604193e-01
0.000000000000000000e+00 9.448879293491658365e-03 1.011282445901825477e+00
0.000000000000000000e+00 9.656416119134030029e-03 1.034034739297365890e+00
0.000000000000000000e+00 1.001872689100629342e-02 1.053669736608273233e+00
0.000000000000000000e+00 1.038771005278412395e-02 1.073657727818998708e+00
0.000000000000000000e+00 1.076336560446752334e-02 1.093861431609994384e+00
0.000000000000000000e+00 1.114569354605648641e-02 1.114195092392122000e+00
0.000000000000000000e+00 1.153469387755101834e-02 1.134537356135478126e+00
0.000000000000000000e+00 1.090608079966680485e-03 3.209850832051449387e+00
0.000000000000000000e+00 1.254394002498958761e-03 1.883193252952162888e+00
0.000000000000000000e+00 1.389847767511836031e-03 1.306555253005638129e+00
0.000000000000000000e+00 1.496376509787588661e-03 9.245206582964716757e-01
0.000000000000000000e+00 1.612490968899013598e-03 6.390250712866230032e-01
0.000000000000000000e+00 1.723654259704714793e-03 4.315038374572038871e-01
0.000000000000000000e+00 1.849418184599953838e-03 2.811011831097919855e-01
0.000000000000000000e+00 1.994978282858332792e-03 1.782195571405179313e-01
0.000000000000000000e+00 2.115674166376254901e-03 1.106704807777573046e-01
0.000000000000000000e+00 2.258992426624960217e-03 7.134485869449334883e-02
0.000000000000000000e+00 2.401311953352769715e-03 5.610221147393323893e-02
0.000000000000000000e+00 2.574668717966152685e-03 5.333060863544160368e-02
0.000000000000000000e+00 2.715766389854567132e-03 6.764993254339289608e-02
0.000000000000000000e+00 2.892214978452855353e-03 8.744390612388583395e-02
0.000000000000000000e+00 3.071022278132409973e-03 1.165866981234051081e-01
0.000000000000000000e+00 3.251869544152520899e-03 1.512333472104223642e-01
0.000000000000000000e+00 3.434438031772475437e-03 1.893480097695358355e-01
0.000000000000000000e+00 3.618408996251561757e-03 2.302640165901754243e-01
0.000000000000000000e+00 3.803463692849068465e-03 2.743428253362373281e-01
0.000000000000000000e+00 4.046436433798842811e-03 3.188753655181305602e-01
0.000000000000000000e+00 4.236240427032954628e-03 3.593628083829055186e-01
0.000000000000000000e+00 4.426278166410255004e-03 4.050541843735662173e-01
0.000000000000000000e+00 4.684316908771003762e-03 4.465510501080534045e-01
0.000000000000000000e+00 4.877722717575158282e-03 4.894579831864239727e-01
0.000000000000000000e+00 5.146418159100374194e-03 5.299267383901626882e-01
0.000000000000000000e+00 5.342342051356151894e-03 5.723113061904576693e-01
0.000000000000000000e+00 5.621269199058215142e-03 6.085264896425996994e-01
0.000000000000000000e+00 5.907293729653461008e-03 6.500796238642774227e-01
0.000000000000000000e+00 6.107595049681680162e-03 6.842876181604221619e-01
0.000000000000000000e+00 6.403320045219254228e-03 7.186307136071317103e-01
0.000000000000000000e+00 6.706036175403106391e-03 7.560810745646688869e-01
0.000000000000000000e+00 6.909121199500206124e-03 7.877822423535569829e-01
0.000000000000000000e+00 7.221006553391867352e-03 8.171905692583180114e-01
0.000000000000000000e+00 7.539776793682903024e-03 8.485072221571090534e-01
0.000000000000000000e+00 7.865431920373313138e-03 8.812497906004626014e-01
0.000000000000000000e+00 8.071460020909655003e-03 9.077594349683868469e-01
0.000000000000000000e+00 8.405646881826449660e-03 9.324871038077949814e-01
0.000000000000000000e+00 8.746612380895715105e-03 9.581454346451119264e-01
0.000000000000000000e+00 9.094356518117451341e-03 9.844767259875604193e-01
0.000000000000000000e+00 9.448879293491658365e-03 1.011282445901825477e+00
0.000000000000000000e+00 9.656416119134030029e-03 1.034034739297365890e+00
0.000000000000000000e+00 1.001872689100629342e-02 1.053669736608273233e+00
0.000000000000000000e+00 1.038771005278412395e-02 1.073657727818998708e+00
0.000000000000000000e+00 1.076336560446752334e-02 1.093861431609994384e+00
0.000000000000000000e+00 1.114569354605648641e-02 1.114195092392122000e+00
0.000000000000000000e+00 1.153469387755101834e-02 1.134537356135478126e+00
0.000000000000000000e+00 1.090608079966680485e-03 3.209850832051449387e+00
0.000000000000000000e+00 1.254394002498958761e-03 1.883193252952162888e+00
0.000000000000000000e+00 1.389847767511836031e-03 1.306555253005638129e+00
0.000000000000000000e+00 1.496376509787588661e-03 9.245206582964716757e-01
0.000000000000000000e+00 1.612490968899013598e-03 6.390250712866230032e-01
0.000000000000000000e+00 1.723654259704714793e-03 4.315038374572038871e-01
0.000000000000000000e+00 1.849418184599953838e-03 2.811011831097919855e-01
0.000000000000000000e+00 1.994978282858332792e-03 1.782195571405179313e-01
0.000000000000000000e+00 2.115674166376254901e-03 1.106704807777573046e-01
0.000000000000000000e+00 2.258992426624960217e-03 7.134485869449334883e-02
0.000000000000000000e+00 2.401311953352769715e-03 5.610221147393323893e-02
0.000000000000000000e+00 2.574668717966152685e-03 5.333060863544160368e-02
0.000000000000000000e+00 2.715766389854567132e-03 6.764993254339289608e-02
0.000000000000000000e+00 2.892214978452855353e-03 8.744390612388583395e-02
0.000000000000000000e+00 3.071022278132409973e-03 1.165866981234051081e-01
0.000000000000000000e+00 3.251869544152520899e-03 1.512333472104223642e-01
0.000000000000000000e+00 3.434438031772475437e-03 1.893480097695358355e-01
0.000000000000000000e+00 3.618408996251561757e-03 2.302640165901754243e-01
0.000000000000000000e+00 3.803463692849068465e-03 2.743428253362373281e-01
0.000000000000000000e+00 4.046436433798842811e-03 3.188753655181305602e-01
0.000000000000000000e+00 4.236240427032954628e-03 3.593628083829055186e-01
0.000000000000000000e+00 4.426278166410255004e-03 4.050541843735662173e-01
0.000000000000000000e+00 4.684316908771003762e-03 4.465510501080534045e-01
0.000000000000000000e+00 4.877722717575158282e-03 4.894579831864239727e-01
0.000000000000000000e+00 5.146418159100374194e-03 5.299267383901626882e-01
0.000000000000000000e+00 5.342342051356151894e-03 5.723113061904576693e-01
0.000000000000000000e+00 5.621269199058215142e-03 6.085264896425996994e-01
0.000000000000000000e+00 5.907293729653461008e-03 6.500796238642774227e-01
0.000000000000000000e+00 6.107595049681680162e-03 6.842876181604221619e-01
0.000000000000000000e+00 6.403320045219254228e-03 7.186307136071317103e-01
0.000000000000000000e+00 6.706036175403106391e-03 7.560810745646688869e-01
0.000000000000000000e+00 6.909121199500206124e-03 7.877822423535569829e-01
0.000000000000000000e+00 7.221006553391867352e-03 8.171905692583180114e-01
0.000000000000000000e+00 7.539776793682903024e-03 8.485072221571090534e-01
0.000000000000000000e+00 7.865431920373313138e-03 8.812497906004626014e-01
0.000000000000000000e+00 8.071460020909655003e-03 9.077594349683868469e-01
0.000000000000000000e+00 8.405646881826449660e-03 9.324871038077949814e-01
0.000000000000000000e+00 8.746612380895715105e-03 9.581454346451119264e-01
0.000000000000000000e+00 9.094356518117451341e-03 9.844767259875604193e-01
0.000000000000000000e+00 9.448879293491658365e-03 1.011282445901825477e+00
0.000000000000000000e+00 9.656416119134030029e-03 1.034034739297365890e+00
0.000000000000000000e+00 1.001872689100629342e-02 1.053669736608273233e+00
0.000000000000000000e+00 1.038771005278412395e-02 1.073657727818998708e+00
0.000000000000000000e+00 1.076336560446752334e-02 1.093861431609994384e+00
0.000000000000000000e+00 1.114569354605648641e-02 1.114195092392122000e+00
0.000000000000000000e+00 1.153469387755101834e-02 1.134537356135478126e+00
0.000000000000000000e+00 1.090608079966680485e-03 3.209850832051449387e+00
0.000000000000000000e+00 1.254394002498958761e-03 1.883193252952162888e+00
0.000000000000000000e+00 1.389847767511836031e-03 1.306555253005638129e+00
0.000000000000000000e+00 1.496376509787588661e-03 9.245206582964716757e-01
0.000000000000000000e+00 1.612490968899013598e-03 6.390250712866230032e-01
0.000000000000000000e+00 1.723654259704714793e-03 4.315038374572038871e-01
0.000000000000000000e+00 1.849418184599953838e-03 2.811011831097919855e-01
0.000000000000000000e+00 1.994978282858332792e-03 1.782195571405179313e-01
0.000000000000000000e+00 2.115674166376254901e-03 1.106704807777573046e-01
0.000000000000000000e+00 2.258992426624960217e-03 7.134485869449334883e-02
0.000000000000000000e+00 2.401311953352769715e-03 5.610221147393323893e-02
0.000000000000000000e+00 2.574668717966152685e-03 5.333060863544160368e-02
0.000000000000000000e+00 2.715766389854567132e-03 6.764993254339289608e-02
0.000000000000000000e+00 2.892214978452855353e-03 8.744390612388583395e-02
0.000000000000000000e+00 3.071022278132409973e-03 1.165866981234051081e-01
0.000000000000000000e+00 3.251869544152520899e-03 1.512333472104223642e-01
0.000000000000000000e+00 3.434438031772475437e-03 1.893480097695358355e-01
0.000000000000000000e+00 3.618408996251561757e-03 2.302640165901754243e-01
0.000000000000000000e+00 3.803463692849068465e-03 2.743428253362373281e-01
0.000000000000000000e+00 4.046436433798842811e-03 3.188753655181305602e-01
0.000000000000000000e+00 4.236240427032954628e-03 3.593628083829055186e-01
0.000000000000000000e+00 4.426278166410255004e-03 4.050541843735662173e-01
0.000000000000000000e+00 4.684316908771003762e-03 4.465510501080534045e-01
0.000000000000000000e+00 4.877722717575158282e-03 4.894579831864239727e-01
0.000000000000000000e+00 5.146418159100374194e-03 5.299267383901626882e-01
0.000000000000000000e+00 5.342342051356151894e-03 5.723113061904576693e-01
0.000000000000000000e+00 5.621269199058215142e-03 6.085264896425996994e-01
0.000000000000000000e+00 5.907293729653461008e-03 6.500796238642774227e-01
0.000000000000000000e+00 6.107595049681680162e-03 6.842876181604221619e-01
0.000000000000000000e+00 6.403320045219254228e-03 7.186307136071317103e-01
0.000000000000000000e+00 6.706036175403106391e-03 7.560810745646688869e-01
0.000000000000000000e+00 6.909121199500206124e-03 7.877822423535569829e-01
0.000000000000000000e+00 7.221006553391867352e-03 8.171905692583180114e-01
0.000000000000000000e+00 7.539776793682903024e-03 8.485072221571090534e-01
0.000000000000000000e+00 7.865431920373313138e-03 8.812497906004626014e-01
0.000000000000000000e+00 8.071460020909655003e-03 9.077594349683868469e-01
0.000000000000000000e+00 8.405646881826449660e-03 9.324871038077949814e-01
0.000000000000000000e+00 8.746612380895715105e-03 9.581454346451119264e-01
0.000000000000000000e+00 9.094356518117451341e-03 9.844767259875604193e-01
0.000000000000000000e+00 9.448879293491658365e-03 1.011282445901825477e+00
0.000000000000000000e+00 9.656416119134030029e-03 1.034034739297365890e+00
0.000000000000000000e+00 1.001872689100629342e-02 1.053669736608273233e+00
0.000000000000000000e+00 1.038771005278412395e-02 1.073657727818998708e+00
0.000000000000000000e+00 1.076336560446752334e-02 1.093861431609994384e+00
0.000000000000000000e+00 1.114569354605648641e-02 1.114195092392122000e+00
0.000000000000000000e+00 1.153469387755101834e-02 1.134537356135478126e+00
0.000000000000000000e+00 1.090608079966680485e-03 3.209850832051449387e+00
0.000000000000000000e+00 1.254394002498958761e-03 1.883193252952162888e+00
0.000000000000000000e+00 1.389847767511836031e-03 1.306555253005638129e+00
0.000000000000000000e+00 1.496376509787588661e-03 9.245206582964716757e-01
0.000000000000000000e+00 1.612490968899013598e-03 6.390250712866230032e-01
0.000000000000000000e+00 1.723654259704714793e-03 4.315038374572038871e-01
0.000000000000000000e+00 1.849418184599953838e-03 2.811011831097919855e-01
0.000000000000000000e+00 1.994978282858332792e-03 1.782195571405179313e-01
0.000000000000000000e+00 2.115674166376254901e-03 1.106704807777573046e-01
0.000000000000000000e+00 2.258992426624960217e-03 7.134485869449334883e-02
0.000000000000000000e+00 2.401311953352769715e-03 5.610221147393323893e-02
0.000000000000000000e+00 2.574668717966152685e-03 5.333060863544160368e-02
0.000000000000000000e+00 2.715766389854567132e-03 6.764993254339289608e-02
0.000000000000000000e+00 2.892214978452855353e-03 8.744390612388583395e-02
0.000000000000000000e+00 3.071022278132409973e-03 1.165866981234051081e-01
0.000000000000000000e+00 3.251869544152520899e-03 1.512333472104223642e-01
0.000000000000000000e+00 3.434438031772475437e-03 1.893480097695358355e-01
0.000000000000000000e+00 3.618408996251561757e-03 2.302640165901754243e-01
0.000000000000000000e+00 3.803463692849068465e-03 2.743428253362373281e-01
0.000000000000000000e+00 4.046436433798842811e-03 3.188753655181305602e-01
0.000000000000000000e+00 4.236240427032954628e-03 3.593628083829055186e-01
0.000000000000000000e+00 4.426278166410255004e-03 4.050541843735662173e-01
0.000000000000000000e+00 4.684316908771003762e-03 4.465510501080534045e-01
0.000000000000000000e+00 4.877722717575158282e-03 4.894579831864239727e-01
0.000000000000000000e+00 5.146418159100374194e-03 5.299267383901626882e-01
0.000000000000000000e+00 5.342342051356151894e-03 5.723113061904576693e-01
0.000000000000000000e+00 5.621269199058215142e-03 6.085264896425996994e-01
0.000000000000000000e+00 5.907293729653461008e-03 6.500796238642774227e-01
0.000000000000000000e+00 6.107595049681680162e-03 6.842876181604221619e-01
0.000000000000000000e+00 6.403320045219254228e-03 7.186307136071317103e-01
0.000000000000000000e+00 6.706036175403106391e-03 7.560810745646688869e-01
0.000000000000000000e+00 6.909121199500206124e-03 7.877822423535569829e-01
0.000000000000000000e+00 7.221006553391867352e-03 8.171905692583180114e-01
0.000000000000000000e+00 7.539776793682903024e-03 8.485072221571090534e-01
0.000000000000000000e+00 7.865431920373313138e-03 8.812497906004626014e-01
0.000000000000000000e+00 8.071460020909655003e-03 9.077594349683868469e-01
0.000000000000000000e+00 8.405646881826449660e-03 9.324871038077949814e-01
0.000000000000000000e+00 8.746612380895715105e-03 9.581454346451119264e-01
0.000000000000000000e+00 9.094356518117451341e-03 9.844767259875604193e-01
0.000000000000000000e+00 9.448879293491658365e-03 1.011282445901825477e+00
0.000000000000000000e+00 9.656416119134030029e-03 1.034034739297365890e+00
0.000000000000000000e+00 1.001872689100629342e-02 1.053669736608273233e+00
0.000000000000000000e+00 1.038771005278412395e-02 1.073657727818998708e+00
0.000000000000000000e+00 1.076336560446752334e-02 1.093861431609994384e+00
0.000000000000000000e+00 1.114569354605648641e-02 1.114195092392122000e+00
0.000000000000000000e+00 1.153469387755101834e-02 1.134537356135478126e+00
0.000000000000000000e+00 1.090608079966680485e-03 3.209850832051449387e+00
0.000000000000000000e+00 1.254394002498958761e-03 1.883193252952162888e+00
0.000000000000000000e+00 1.389847767511836031e-03 1.306555253005638129e+00
0.000000000000000000e+00 1.496376509787588661e-03 9.245206582964716757e-01
0.000000000000000000e+00 1.612490968899013598e-03 6.390250712866230032e-01
0.000000000000000000e+00 1.723654259704714793e-03 4.315038374572038871e-01
0.000000000000000000e+00 1.849418184599953838e-03 2.811011831097919855e-01
0.000000000000000000e+00 1.994978282858332792e-03 1.782195571405179313e-01
0.000000000000000000e+00 2.115674166376254901e-03 1.106704807777573046e-01
0.000000000000000000e+00 2.258992426624960217e-03 7.134485869449334883e-02
0.000000000000000000e+00 2.401311953352769715e-03 5.610221147393323893e-02
0.000000000000000000e+00 2.574668717966152685e-03 5.333060863544160368e-02
0.000000000000000000e+00 2.715766389854567132e-03 6.764993254339289608e-02
0.000000000000000000e+00 2.892214978452855353e-03 8.744390612388583395e-02
0.000000000000000000e+00 3.071022278132409973e-03 1.165866981234051081e-01
0.000000000000000000e+00 3.251869544152520899e-03 1.512333472104223642e-01
0.000000000000000000e+00 3.434438031772475437e-03 1.893480097695358355e-01
0.000000000000000000e+00 3.618408996251561757e-03 2.302640165901754243e-01
0.000000000000000000e+00 3.803463692849068465e-03 2.743428253362373281e-01
0.000000000000000000e+00 4.046436433798842811e-03 3.188753655181305602e-01
0.000000000000000000e+00 4.236240427032954628e-03 3.593628083829055186e-01
0.000000000000000000e+00 4.426278166410255004e-03 4.050541843735662173e-01
0.000000000000000000e+00 4.684316908771003762e-03 4.465510501080534045e-01
0.000000000000000000e+00 4.877722717575158282e-03 4.894579831864239727e-01
0.000000000000000000e+00 5.146418159100374194e-03 5.299267383901626882e-01
0.000000000000000000e+00 5.342342051356151894e-03 5.723113061904576693e-01
0.000000000000000000e+00 5.621269199058215142e-03 6.085264896425996994e-01
0.000000000000000000e+00 5.907293729653461008e-03 6.500796238642774227e-01
0.000000000000000000e+00 6.107595049681680162e-03 6.842876181604221619e-01
0.000000000000000000e+00 6.403320045219254228e-03 7.186307136071317103e-01
0.000000000000000000e+00 6.706036175403106391e-03 7.560810745646688869e-01
0.000000000000000000e+00 6.909121199500206124e-03 7.877822423535569829e-01
0.000000000000000000e+00 7.221006553391867352e-03 8.171905692583180114e-01
0.000000000000000000e+00 7.539776793682903024e-03 8.485072221571090534e-01
0.000000000000000000e+00 7.865431920373313138e-03 8.812497906004626014e-01
0.000000000000000000e+00 8.071460020909655003e-03 9.077594349683868469e-01
0.000000000000000000e+00 8.405646881826449660e-03 9.324871038077949814e-01
0.000000000000000000e+00 8.746612380895715105e-03 9.581454346451119264e-01
0.000000000000000000e+00 9.094356518117451341e-03 9.844767259875604193e-01
0.000000000000000000e+00 9.448879293491658365e-03 1.011282445901825477e+00
0.000000000000000000e+00 9.656416119134030029e-03 1.034034739297365890e+00
0.000000000000000000e+00 1.001872689100629342e-02 1.053669736608273233e+00
0.000000000000000000e+00 1.038771005278412395e-02 1.073657727818998708e+00
0.000000000000000000e+00 1.076336560446752334e-02 1.093861431609994384e+00
0.000000000000000000e+00 1.114569354605648641e-02 1.114195092392122000e+00
0.000000000000000000e+00 1.153469387755101834e-02 1.134537356135478126e+00
0.000000000000000000e+00 1.090608079966680485e-03 3.209850832051449387e+00
0.000000000000000000e+00 1.254394002498958761e-03 1.883193252952162888e+00
0.000000000000000000e+00 1.389847767511836031e-03 1.306555253005638129e+00
0.000000000000000000e+00 1.496376509787588661e-03 9.245206582964716757e-01
0.000000000000000000e+00 1.612490968899013598e-03 6.390250712866230032e-01
0.000000000000000000e+00 1.723654259704714793e-03 4.315038374572038871e-01
0.000000000000000000e+00 1.849418184599953838e-03 2.811011831097919855e-01
0.000000000000000000e+00 1.994978282858332792e-03 1.782195571405179313e-01
0.000000000000000000e+00 2.115674166376254901e-03 1.106704807777573046e-01
0.000000000000000000e+00 2.258992426624960217e-03 7.134485869449334883e-02
0.000000000000000000e+00 2.401311953352769715e-03 5.610221147393323893e-02
0.000000000000000000e+00 2.574668717966152685e-03 5.333060863544160368e-02
0.000000000000000000e+00 2.715766389854567132e-03 6.764993254339289608e-02
0.000000000000000000e+00 2.892214978452855353e-03 8.744390612388583395e-02
0.000000000000000000e+00 3.071022278132409973e-03 1.165866981234051081e-01
0.000000000000000000e+00 3.251869544152520899e-03 1.512333472104223642e-01
0.000000000000000000e+00 3.434438031772475437e-03 1.893480097695358355e-01
0.000000000000000000e+00 3.618408996251561757e-03 2.302640165901754243e-01
0.000000000000000000e+00 3.803463692849068465e-03 2.743428253362373281e-01
0.000000000000000000e+00 4.046436433798842811e-03 3.188753655181305602e-01
0.000000000000000000e+00 4.236240427032954628e-03 3.593628083829055186e-01
0.000000000000000000e+00 4.426278166410255004e-03 4.050541843735662173e-01
0.000000000000000000e+00 4.684316908771003762e-03 4.465510501080534045e-01
0.000000000000000000e+00 4.877722717575158282e-03 4.894579831864239727e-01
0.000000000000000000e+00 5.146418159100374194e-03 5.299267383901626882e-01
0.000000000000000000e+00 5.342342051356151894e-03 5.723113061904576693e-01
0.000000000000000000e+00 5.621269199058215142e-03 6.085264896425996994e-01
0.000000000000000000e+00 5.907293729653461008e-03 6.500796238642774227e-01
0.000000000000000000e+00 6.107595049681680162e-03 6.842876181604221619e-01
0.000000000000000000e+00 6.403320045219254228e-03 7.186307136071317103e-01
0.000000000000000000e+00 6.706036175403106391e-03 7.560810745646688869e-01
0.000000000000000000e+00 6.909121199500206124e-03 7.877822423535569829e-01
0.000000000000000000e+00 7.221006553391867352e-03 8.171905692583180114e-01
0.000000000000000000e+00 7.539776793682903024e-03 8.485072221571090534e-01
0.000000000000000000e+00 7.865431920373313138e-03 8.812497906004626014e-01
0.000000000000000000e+00 8.071460020909655003e-03 9.077594349683868469e-01
0.000000000000000000e+00 8.405646881826449660e-03 9.324871038077949814e-01
0.000000000000000000e+00 8.746612380895715105e-03 9.581454346451119264e-01
0.000000000000000000e+00 9.094356518117451341e-03 9.844767259875604193e-01
0.000000000000000000e+00 9.448879293491658365e-03 1.011282445901825477e+00
0.000000000000000000e+00 9.656416119134030029e-03 1.034034739297365890e+00
0.000000000000000000e+00 1.001872689100629342e-02 1.053669736608273233e+00
0.000000000000000000e+00 1.038771005278412395e-02 1.073657727818998708e+00
0.000000000000000000e+00 1.076336560446752334e-02 1.093861431609994384e+00
0.000000000000000000e+00 1.114569354605648641e-02 1.114195092392122000e+00
0.000000000000000000e+00 1.153469387755101834e-02 1.134537356135478126e+00
